736 0.522125
710 0.514375
755 0.537126
728 0.508967
704 0.540261
723 0.500276
687 0.501834
702 0.500554
712 0.50214
712 0.522401
406 0.508605
399 0.541662
400 0.500987
410 0.544471
384 0.500965
400 0.501665
401 0.500158
403 0.500322
407 0.500331
420 0.510514
1747 0.602591
1758 0.519664
1724 0.500412
1727 0.56578
1733 0.51642
1772 0.502094
1795 0.500819
1723 0.500262
1822 0.510785
1736 0.545584
1678 0.500577
1693 0.500203
1641 0.540322
1584 0.500143
1684 0.500167
1595 0.557956
1608 0.500238
1735 0.588423
1648 0.500301
1635 0.508232
