52 0.112247
184 0.105531
149 0.0997817
195 0.11638
125 0.0983782
133 0.109367
162 0.106512
69 0.100766
154 0.0979821
154 0.0982741
103 0.17166
117 0.0936369
98 0.0928188
115 0.0945041
86 0.0946916
105 0.0948817
96 0.0935207
151 0.0936423
82 0.0912756
93 0.0945966
296 0.143519
316 0.110671
233 0.101176
457 0.103923
349 0.108533
314 0.117622
224 0.120527
380 0.120793
395 0.10949
379 0.0860319
405 0.145649
290 0.139229
429 0.127735
412 0.105467
432 0.114684
354 0.134641
400 0.135461
361 0.13671
383 0.136948
339 0.113957
