805 0.600139
779 0.600112
824 0.60015
757 0.600172
775 0.600233
782 0.600219
822 0.60014
733 0.600149
822 0.600137
797 0.600176
409 0.600137
431 0.600146
462 0.600151
471 0.60019
463 0.600151
444 0.600247
447 0.600141
438 0.600132
432 0.600149
429 0.600103
1274 0.600179
1222 0.600165
1221 0.600151
1185 0.600165
1221 0.600169
1205 0.600122
1226 0.600143
1250 0.600177
1243 0.600132
1192 0.600187
1148 0.600154
1158 0.600165
1149 0.600109
1176 0.600181
1124 0.600103
1172 0.600193
1106 0.600133
1035 0.600119
1152 0.600099
1092 0.600094
