3660 0.502736
3469 0.500717
3525 0.500653
3640 0.500453
3950 0.500608
3820 0.501237
3880 0.50056
4090 0.500445
3920 0.500418
4010 0.500566
3860 0.50098
3580 0.500845
3640 0.538838
3460 0.526704
3800 0.500363
3700 0.502541
3770 0.501192
3650 0.500673
3846 0.50049
3769 0.500485
3930 0.500726
3880 0.500546
3919 0.500434
4009 0.500743
3990 0.500573
4120 0.507943
4000 0.500583
4040 0.516497
3770 0.507101
3939 0.50061
3870 0.500391
3830 0.500498
3730 0.50057
3720 0.500365
3830 0.500707
3520 0.515852
3790 0.501708
3690 0.50035
3629 0.500474
3726 0.501899
