124 0.144417
130 0.17786
113 0.204335
129 0.185363
143 0.175345
160 0.199715
130 0.194614
145 0.153751
105 0.159531
152 0.148239
103 0.160115
130 0.204342
91 0.19529
72 0.200109
100 0.159306
93 0.155618
143 0.16153
84 0.153983
117 0.168634
76 0.156976
711 0.190697
465 0.145649
582 0.156651
683 0.195467
654 0.163264
654 0.153971
642 0.162856
462 0.199081
643 0.16862
496 0.138867
693 0.193524
773 0.179683
693 0.202609
681 0.203979
738 0.184125
818 0.187981
782 0.188574
854 0.182816
683 0.18691
816 0.19743
