500 2500 775
11 33 26 23 16 11 34 14 12 14 24 28 38 12 26 29 29 25 19 16 18 13 28 40 25 31 40 31 13 39 38 29 16 31 31 13 14 17 35 27 15 29 39 31 27 31 39 12 15 34 35 20 20 36 27 30 14 34 26 32 34 31 37 22 22 13 13 21 14 40 26 35 26 22 32 36 28 19 15 34 16 26 40 31 34 25 40 35 36 20 26 15 37 23 15 13 31 26 37 34 38 19 17 40 19 25 33 35 34 33 22 36 38 39 23 30 17 32 38 22 38 16 23 23 28 24 40 37 25 16 39 32 11 24 23 26 24 11 33 17 11 25 18 21 18 28 34 11 12 22 39 30 39 37 35 37 23 40 27 16 37 26 38 21 34 22 27 17 26 37 11 12 24 23 17 27 12 23 26 19 31 35 33 30 35 12 31 38 34 39 24 33 12 17 11 14 35 20 12 26 34 14 24 21 23 32 15 38 27 36 20 29 27 14 39 38 15 22 33 37 37 26 24 30 15 20 16 39 24 23 32 23 15 15 30 17 31 22 19 23 16 37 24 36 16 13 14 11 26 17 19 37 26 39 31 33 38 33 31 29 26 13 26 13 25 27 13 23 29 36 26 30 12 30 29 23 12 12 38 22 25 18 37 13 33 36 19 35 21 37 21 36 15 36 22 32 40 27 36 22 21 34 14 35 37 22 18 35 12 27 23 39 25 25 15 35 23 21 27 29 11 33 38 37 37 15 29 33 33 37 24 11 36 16 22 33 18 30 40 38 39 25 36 31 37 30 35 35 34 18 32 29 32 19 13 15 21 24 21 36 17 11 21 18 35 11 13 38 26 34 28 17 17 20 20 19 15 19 27 15 36 15 32 34 30 14 34 16 20 37 16 22 35 28 29 28 16 19 35 19 20 33 31 21 35 22 32 29 29 22 11 21 37 39 32 23 19 20 20 17 22 24 18 35 22 40 25 33 12 28 12 22 14 38 35 27 39 37 32 36 15 36 14 31 17 23 38 19 26 24 26 33 17 26 26 17 36 35 34 38 27 20 38 18 22 36 31 26 31 37 25 29 11 39 35 15 32 24 38 15 35 38 25 14 31 15 31 35 22 24 38 37 17 14 11 37 37 35 13 38
1 23 16 13 6 1 24 4 2 4 14 18 28 2 16 19 19 15 9 6 8 3 18 30 15 21 30 21 3 29 28 19 6 21 21 3 4 7 25 17 5 19 29 21 17 21 29 2 5 24 25 10 10 26 17 20 4 24 16 22 24 21 27 12 12 3 3 11 4 30 16 25 16 12 22 26 18 9 5 24 6 16 30 21 24 15 30 25 26 10 16 5 27 13 5 3 21 16 27 24 28 9 7 30 9 15 23 25 24 23 12 26 28 29 13 20 7 22 28 12 28 6 13 13 18 14 30 27 15 6 29 22 1 14 13 16 14 1 23 7 1 15 8 11 8 18 24 1 2 12 29 20 29 27 25 27 13 30 17 6 27 16 28 11 24 12 17 7 16 27 1 2 14 13 7 17 2 13 16 9 21 25 23 20 25 2 21 28 24 29 14 23 2 7 1 4 25 10 2 16 24 4 14 11 13 22 5 28 17 26 10 19 17 4 29 28 5 12 23 27 27 16 14 20 5 10 6 29 14 13 22 13 5 5 20 7 21 12 9 13 6 27 14 26 6 3 4 1 16 7 9 27 16 29 21 23 28 23 21 19 16 3 16 3 15 17 3 13 19 26 16 20 2 20 19 13 2 2 28 12 15 8 27 3 23 26 9 25 11 27 11 26 5 26 12 22 30 17 26 12 11 24 4 25 27 12 8 25 2 17 13 29 15 15 5 25 13 11 17 19 1 23 28 27 27 5 19 23 23 27 14 1 26 6 12 23 8 20 30 28 29 15 26 21 27 20 25 25 24 8 22 19 22 9 3 5 11 14 11 26 7 1 11 8 25 1 3 28 16 24 18 7 7 10 10 9 5 9 17 5 26 5 22 24 20 4 24 6 10 27 6 12 25 18 19 18 6 9 25 9 10 23 21 11 25 12 22 19 19 12 1 11 27 29 22 13 9 10 10 7 12 14 8 25 12 30 15 23 2 18 2 12 4 28 25 17 29 27 22 26 5 26 4 21 7 13 28 9 16 14 16 23 7 16 16 7 26 25 24 28 17 10 28 8 12 26 21 16 21 27 15 19 1 29 25 5 22 14 28 5 25 28 15 4 21 5 21 25 12 14 28 27 7 4 1 27 27 25 3 28
1 9 6
204 271 340 272 388 223
1 20 3
267 406 370
2 5 10
382 245 239 2 41 405 141 70 406 424
1 2 2
206 70
1 9 5
499 69 116 124 199
2 11 3
257 227 417
1 11 2
487 241
5 6 8
27 96 377 172 18 361 181 154
1 9 5
469 487 363 382 495
6 10 10
480 492 416 161 378 129 26 138 470 47
2 1 6
437 183 452 449 378 239
4 5 8
184 344 179 139 12 416 271 166
4 8 8
4 366 201 316 178 181 307 54
2 14 4
359 357 460 115
4 7 6
450 278 179 181 141 246
4 10 7
494 380 27 173 381 79 418
1 7 2
346 110
2 1 3
297 129 465
2 2 9
265 494 203 130 227 223 181 31 302
4 8 7
314 135 236 194 142 203 278
2 5 4
323 490 395 172
2 5 3
345 427 467
2 19 8
460 332 389 12 282 459 472 156
3 5 7
262 73 292 25 294 169 473
2 8 5
326 13 298 161 21
3 3 8
119 391 323 184 399 162 61 267
2 10 8
15 108 148 274 320 467 171 385
2 19 5
313 412 2 273 168
1 15 7
71 270 340 494 484 112 314
5 14 8
97 104 419 407 468 300 475 57
1 16 2
47 449
6 1 10
13 477 113 294 491 58 461 478 136 248
1 8 7
100 305 384 129 2 424 454
2 5 10
45 377 207 138 38 181 285 478 427 329
2 3 8
316 178 441 64 342 84 440 165
3 9 8
412 28 421 286 361 85 278 25
2 15 8
332 308 334 149 427 118 483 85
1 18 10
315 441 314 231 113 4 18 166 371 387
1 20 7
75 170 452 339 179 373 463
4 13 6
219 53 422 457 405 13
3 2 7
417 305 183 87 450 179 434
2 14 8
71 382 389 144 396 34 332 491
4 15 10
442 342 119 174 141 130 191 70 494 60
1 7 3
215 107 104
2 8 9
356 410 198 476 222 49 201 452 32
4 1 7
27 366 364 459 342 336 397
1 17 8
393 81 412 288 88 225 226 138
1 10 4
26 138 102 296
5 4 9
448 281 86 312 254 145 226 151 305
4 8 7
124 292 55 440 240 260 126
1 20 3
254 451 332
1 10 5
160 68 267 362 114
1 20 2
428 374
4 6 8
37 109 404 467 434 180 181 476
1 17 2
294 34
1 19 2
103 294
4 8 10
28 410 21 351 122 223 210 165 196 292
3 8 5
64 7 277 439 313
4 19 9
36 158 371 61 209 57 264 10 242
1 16 4
346 492 257 70
4 16 7
217 254 430 97 183 230 458
2 6 5
124 404 286 180 38
2 20 5
341 222 467 93 439
4 14 10
39 234 267 472 43 44 71 223 186 469
5 12 10
238 476 415 37 334 408 231 274 487 489
3 3 9
465 230 203 408 331 220 439 496 428
3 7 7
433 437 69 144 459 114 29
3 14 7
442 367 84 330 451 277 428
1 14 5
435 112 39 299 318
1 12 9
46 268 11 217 317 142 37 309 476
2 17 7
125 23 66 238 370 204 309
1 13 4
263 208 177 376
3 18 7
82 331 56 90 13 296 462
2 3 3
442 260 428
1 3 6
316 164 192 356 285 139
2 3 5
334 457 225 158 374
1 9 2
272 276
2 15 3
105 375 274
1 5 2
441 482
4 12 10
271 383 45 419 290 246 317 156 24 459
1 19 4
469 179 336 287
2 11 3
139 195 433
1 9 7
90 380 112 213 302 478 297
2 7 3
422 99 405
1 20 2
122 121
3 3 6
126 202 68 37 121 181
1 20 5
185 168 144 241 440
3 13 5
27 292 274 82 312
2 16 3
341 21 25
3 13 7
483 80 243 176 107 289 55
2 10 7
233 424 458 490 229 368 478
2 15 4
137 230 13 279
2 8 3
144 421 269
1 15 2
24 116
1 5 2
411 149
5 18 10
393 242 123 263 463 316 157 270 225 482
5 8 10
267 428 77 332 126 189 445 495 1 163
2 7 4
293 388 412 478
4 13 7
419 321 313 492 326 403 389
4 14 7
229 369 272 33 431 359 347
1 20 2
466 58
3 16 5
55 490 277 491 281
2 15 8
74 36 56 350 181 42 408 402
4 12 6
295 185 100 13 128 378
4 7 10
283 380 352 174 19 211 131 245 353 29
1 9 2
24 217
4 8 9
177 442 337 352 236 233 192 380 297
1 7 8
246 375 446 460 414 124 288 110
1 2 4
404 164 361 288
4 1 9
470 100 204 101 7 388 242 374 160
4 2 9
478 94 254 207 145 212 93 281 184
3 15 7
194 187 25 136 283 453 380
1 17 7
151 353 363 27 489 382 131
2 5 3
238 236 478
4 14 6
175 145 471 82 188 5
1 4 6
297 2 166 46 182 302
6 3 9
408 490 180 162 447 458 467 254 409
3 15 7
286 485 190 257 477 47 82
2 2 3
128 141 210
3 2 5
288 75 148 381 186
3 2 6
365 107 496 76 363 240
2 17 3
223 227 186
4 17 7
343 30 291 0 344 267 308
1 17 3
82 194 64
1 12 2
236 376
1 18 4
480 162 290 126
3 8 9
364 376 397 83 167 216 264 351 54
4 13 10
350 379 249 218 31 149 258 276 225 81
3 6 7
254 425 432 39 240 46 132
4 14 8
390 87 395 473 176 248 271 178
1 7 6
101 185 175 369 351 192
1 9 4
201 28 487 198
1 16 7
183 72 85 396 455 36 444
6 7 10
473 258 371 38 323 409 300 105 385 20
2 17 5
31 346 408 386 395
4 2 7
269 484 202 281 120 43 29
1 12 6
21 82 348 347 0 218
1 7 2
294 411
1 19 3
165 401 337
1 13 4
338 199 29 391
1 8 2
15 88
1 3 3
434 470 65
5 20 10
342 313 494 447 246 1 94 395 86 455
1 2 3
452 211 91
1 3 7
454 261 196 497 117 338 485
3 16 7
101 301 60 449 157 299 325
1 1 2
448 226
4 4 7
351 202 6 163 429 201 135
3 6 6
391 272 253 456 160 411
4 2 8
275 271 60 38 167 193 3 478
3 6 7
305 420 211 458 423 17 8
2 5 3
499 18 201
2 11 4
20 394 22 17
2 13 7
157 259 177 240 219 406 348
3 18 7
415 440 286 227 460 337 483
5 9 10
38 469 317 314 195 190 111 191 303 354
3 15 9
248 273 313 379 465 3 300 83 169
1 8 3
279 82 246
3 6 8
458 62 244 483 460 206 457 147
5 16 10
95 15 141 485 302 272 416 469 458 216
1 18 2
81 124
2 17 4
272 35 445 36
4 16 7
317 491 284 220 63 158 104
3 19 8
357 433 383 497 100 464 368 179
4 16 8
38 371 399 273 41 416 24 57
3 19 7
409 18 206 231 50 273 112
3 8 7
287 64 238 458 421 379 266
6 14 10
477 385 361 189 371 434 350 348 375 220
1 13 2
150 438
4 1 8
184 497 183 113 440 45 410 465
2 17 3
380 158 181
3 8 10
240 459 281 24 146 30 204 400 343 462
3 2 6
310 81 254 429 214 354
1 7 2
159 349
5 5 8
117 116 290 114 365 412 256 351
1 19 2
220 494
1 7 7
0 163 233 74 444 188 308
6 19 10
195 322 70 85 253 118 17 24 254 283
1 20 4
108 5 9 99
1 7 8
234 271 181 405 421 175 123 438
3 1 5
13 232 277 270 280
3 9 6
391 369 279 255 308 326
4 9 10
1 194 409 69 128 58 2 498 35 455
4 20 10
107 425 352 156 259 456 387 230 25 221
2 16 5
266 478 227 103 225
1 5 7
127 437 120 454 460 446 10
3 4 10
150 376 383 122 322 153 146 396 30 48
1 19 10
392 181 406 219 309 371 17 376 416 201
1 6 4
239 16 146 487
2 20 8
73 185 127 319 211 457 389 105
1 17 2
45 162
1 19 2
89 349
1 4 3
417 267 324
5 8 8
143 484 349 100 284 263 59 231
5 10 9
253 384 218 196 365 26 51 287 466
2 9 5
168 241 73 256 15
1 10 3
123 454 110
2 12 6
86 113 83 369 60 171
4 5 6
4 302 210 492 422 418
1 1 2
187 360
1 20 4
441 310 169 347
1 16 5
484 430 36 285 34
1 2 2
326 69
1 6 4
272 93 353 210
2 2 3
31 198 156
4 7 6
293 70 224 10 206 110
3 3 6
359 485 213 173 299 393
1 8 2
247 397
3 9 9
467 75 116 329 285 154 165 455 355
2 13 10
293 59 319 437 256 326 116 368 79 474
4 13 9
53 148 238 402 289 59 375 7 244
1 11 3
75 62 128
1 4 5
370 228 482 498 468
2 13 4
90 119 429 66
1 11 5
484 37 349 135 398
4 1 6
332 205 146 339 375 436
1 17 3
464 295 220
2 9 4
393 67 382 149
2 15 8
227 193 35 339 346 475 486 279
2 17 3
293 181 255
1 5 8
408 90 201 200 167 351 276 479
1 4 9
247 61 99 227 295 150 19 117 16
3 20 5
431 362 76 324 206
2 10 3
356 422 303
1 15 8
464 453 440 117 334 289 167 260
2 2 6
38 177 1 406 368 20
2 12 3
34 382 144
1 17 10
349 110 96 456 329 402 393 0 392 40
4 8 6
312 475 495 88 339 40
1 2 2
84 272
1 15 6
265 431 122 231 172 193
3 8 6
434 83 245 456 166 149
1 9 8
377 454 145 95 92 456 42 266
4 14 7
400 319 3 289 156 342 386
2 7 7
133 6 498 474 172 205 445
1 7 4
180 229 78 442
1 11 2
276 9
1 9 8
145 53 390 239 181 379 111 149
1 11 4
67 73 283 1
3 11 10
372 5 183 488 423 155 165 478 288 202
5 8 9
226 253 177 207 87 1 280 467 137
1 17 3
151 77 81
2 8 5
402 8 50 403 466
2 20 6
278 100 113 408 31 361
2 4 10
375 354 450 371 106 141 48 260 41 347
3 17 10
270 230 423 80 379 404 255 371 328 198
6 10 9
464 487 332 452 453 408 348 456 471
1 12 4
295 307 471 430
4 14 9
314 480 320 266 485 462 21 349 0
1 19 2
72 443
1 13 8
196 302 289 9 105 115 162 322
1 14 8
316 309 57 433 227 271 284 174
4 9 10
108 301 86 214 321 154 13 152 183 239
3 6 10
428 292 218 293 76 130 279 457 194 177
6 10 9
345 21 352 466 16 435 288 335 445
3 3 7
284 489 369 122 76 213 37
3 1 5
33 408 268 386 289
1 9 5
264 410 353 90 73
1 8 2
410 384
1 11 2
327 332
2 15 9
363 460 31 43 165 96 137 131 197
1 2 3
110 123 104
1 10 5
380 240 20 361 334
3 14 5
131 343 21 78 295
2 15 5
116 223 254 92 358
4 2 10
72 192 405 103 286 351 111 89 219 148
4 17 8
296 117 287 188 494 396 327 0
1 18 3
353 230 190
4 16 6
433 468 90 443 392 421
2 2 8
62 85 370 421 199 371 417 384
3 20 7
417 265 250 81 4 331 211
5 8 8
214 478 81 438 173 54 129 494
3 1 9
397 217 430 318 6 270 332 263 495
1 2 4
36 332 487 221
3 5 8
476 143 291 422 3 243 255 442
2 8 5
232 344 301 135 467
1 8 2
98 430
2 9 3
69 101 174
4 3 7
309 486 52 99 118 45 318
1 11 8
366 34 72 338 229 138 348 137
5 13 10
147 176 487 202 430 496 400 204 150 157
6 4 10
49 264 200 4 54 55 323 420 224 379
1 17 2
198 57
1 1 7
276 106 233 329 288 179 286
4 1 9
352 406 418 244 51 148 325 339 378
1 8 8
252 335 24 5 384 471 171 329
1 8 5
335 62 487 302 184
2 18 4
423 73 87 331
2 17 7
284 80 313 378 192 468 483
1 4 3
4 415 244
1 1 2
12 189
1 14 8
192 319 4 345 196 301 321 288
2 13 7
54 333 77 13 346 300 463
1 16 7
276 18 172 114 216 5 373
1 7 8
222 228 178 384 52 148 239 442
1 9 2
373 0
5 5 8
454 402 346 202 129 307 107 439
2 17 4
467 469 162 420
3 18 6
148 422 302 473 320 433
1 11 4
495 254 433 394
3 2 8
436 28 31 240 316 266 437 497
1 14 7
364 274 148 234 30 190 320
3 1 10
246 159 335 361 103 449 39 399 293 330
1 19 8
271 192 418 362 10 359 490 371
1 12 2
23 239
2 4 4
119 352 457 389
1 9 7
271 0 178 208 474 198 395
2 11 8
297 349 107 494 143 74 13 236
1 2 6
146 246 397 304 306 355
3 17 5
73 345 421 4 447
4 11 10
499 56 156 334 124 105 285 114 344 484
1 20 2
59 425
2 5 6
198 285 141 220 86 288
1 19 4
164 457 391 476
1 11 4
392 192 266 335
1 13 4
151 478 373 201
5 11 8
473 204 360 375 20 445 58 209
1 12 8
483 162 496 474 82 131 187 429
1 1 3
26 40 485
6 20 9
343 380 184 84 431 92 435 158 309
2 17 10
434 143 305 320 362 138 144 55 146 412
2 13 6
155 90 368 191 418 151
2 2 7
340 152 140 28 382 3 308
1 9 5
17 81 145 258 321
2 8 9
420 46 343 131 154 388 406 134 421
2 9 4
9 335 495 79
2 18 5
343 437 218 94 439
2 20 3
193 465 468
1 20 3
7 197 415
2 11 10
352 360 66 266 41 224 288 112 99 103
1 10 7
181 479 314 235 384 242 132
2 16 5
467 202 395 453 162
1 5 3
12 229 446
3 13 9
475 1 200 331 188 218 416 17 276
4 15 7
65 333 126 303 167 92 63
1 5 3
26 13 193
3 20 10
378 349 49 1 312 417 460 388 479 84
1 5 4
278 466 418 261
1 14 6
80 431 300 179 341 140
1 18 9
279 454 90 271 69 335 98 371 4
1 17 8
21 232 132 249 269 139 180 148
4 11 8
482 411 55 72 36 317 450 298
2 3 3
374 406 229
2 5 9
395 240 4 213 342 479 128 31 198
1 15 5
457 251 442 0 375
2 12 4
395 409 161 344
5 11 10
399 70 236 46 73 269 412 290 168 127
1 11 2
47 492
2 1 3
136 92 306
2 10 10
431 440 281 95 116 122 345 299 160 211
2 17 7
436 222 344 235 435 38 476
3 6 8
120 102 56 69 384 95 350 246
3 1 8
230 478 200 355 178 76 363 301
1 9 3
261 280 440
1 16 3
417 74 73
4 12 9
228 291 334 444 172 296 116 364 275
4 11 7
186 431 493 91 272 17 287
4 15 6
153 255 274 301 388 256
1 7 2
56 40
1 1 3
10 139 34
4 6 10
322 341 493 86 438 248 458 361 27 442
2 14 6
420 358 499 339 335 376
1 6 2
191 168
2 6 8
204 215 49 74 237 409 429 82
3 12 5
168 452 223 481 49
5 2 8
474 419 478 165 96 347 390 452
2 10 7
341 143 362 444 172 254 83
1 11 2
426 183
3 5 6
401 10 97 484 359 333
1 12 4
231 386 345 70
3 18 6
279 269 384 300 141 18
1 1 2
252 440
2 20 3
233 222 140
4 5 10
8 66 341 361 54 331 427 56 493 385
2 15 4
241 124 218 255
1 5 2
34 158
1 8 7
17 8 355 459 49 373 356
4 20 6
310 131 363 63 87 266
3 18 5
224 439 127 408 148
2 15 3
26 417 344
1 20 5
447 2 176 451 69
2 19 4
15 118 452 18
1 10 5
207 83 488 347 416
6 12 10
149 469 17 389 275 183 214 298 166 6
4 10 10
66 224 17 361 461 417 352 414 433 399
3 18 7
264 68 288 277 489 202 381
2 18 3
4 66 196
3 10 9
449 327 147 248 99 91 274 112 271
1 6 6
261 296 298 475 187 259
1 12 2
14 390
1 17 8
262 87 159 385 353 107 214 17
3 20 7
398 45 97 104 218 289 379
1 15 3
295 33 64
1 4 4
284 471 488 15
2 12 3
448 152 327
6 4 10
136 265 299 400 119 150 354 438 263 204
1 1 2
18 429
4 9 9
498 140 30 161 460 138 230 7 491
2 15 5
343 88 141 218 164
1 11 8
80 120 188 200 378 59 2 496
2 11 8
290 144 109 419 229 404 358 122
1 16 7
390 392 333 57 450 352 497
2 4 7
16 448 236 426 4 355 252
1 19 6
264 228 211 66 428 369
4 5 9
84 330 37 421 78 154 11 428 375
2 3 9
226 100 408 423 420 399 313 493 163
1 20 4
153 308 402 188
3 17 6
73 433 9 431 104 453
1 19 3
239 472 210
1 11 3
164 118 110
1 8 2
190 120
1 7 2
108 101
2 18 7
166 388 70 170 75 136 182
3 19 8
245 198 237 483 204 434 242 244
4 8 7
34 41 15 48 248 10 354
2 17 10
307 49 488 359 168 102 177 438 155 297
4 18 9
190 336 380 151 330 283 213 146 24
1 17 7
15 499 481 378 442 120 203
1 16 2
413 324
2 9 3
316 180 49
3 2 7
179 168 479 340 460 144 6
1 12 7
290 248 429 400 0 134 475
2 5 4
103 406 226 49
2 13 5
5 250 226 142 179
3 17 8
65 279 473 202 373 434 215 470
4 1 6
105 393 119 476 468 312
4 1 8
93 239 57 292 470 14 202 323
1 7 4
493 10 435 64
1 5 3
156 61 398
2 3 7
192 221 174 172 263 301 487
1 8 6
94 347 17 491 155 379
3 17 6
465 71 407 159 83 385
2 13 6
252 217 301 431 469 38
1 13 8
399 23 298 383 373 55 410 492
4 8 8
85 297 488 148 65 408 360 275
6 8 10
171 107 422 459 458 388 475 128 491 474
1 1 8
98 59 418 23 73 135 10 288
6 11 9
226 419 483 473 111 256 78 431 294
2 9 9
494 448 18 352 190 305 129 60 374
2 6 5
474 389 343 27 178
1 12 4
265 411 396 408
3 8 7
224 449 287 103 393 114 76
5 13 8
398 234 236 449 150 20 358 412
4 17 10
140 46 92 387 20 310 199 78 362 202
4 10 6
436 262 378 440 160 1
3 3 9
266 259 244 123 470 438 362 264 216
1 20 2
477 247
3 14 5
368 320 23 146 297
1 14 3
457 303 469
3 20 7
278 25 434 20 148 264 27
1 16 3
373 118 228
1 13 6
481 146 277 64 297 53
3 4 7
395 450 112 11 294 429 331
1 13 4
17 485 202 173
1 8 6
148 225 12 489 369 499
2 19 3
351 90 32
4 10 10
340 310 204 185 221 320 170 247 0 228
3 4 8
414 425 338 62 1 78 265 424
3 13 6
473 221 293 90 222 49
2 2 7
5 312 204 254 87 305 47
6 14 9
494 182 146 57 302 442 469 62 299
3 6 5
401 47 62 52 247
3 2 8
315 468 27 413 498 329 165 460
4 13 9
291 193 299 295 298 0 490 324 328
4 6 10
162 301 33 454 499 333 385 435 57 275
2 14 5
491 214 33 131 23
2 13 4
314 15 243 153
1 20 7
120 47 79 490 276 253 432
1 11 8
411 116 73 415 206 293 230 125
2 2 5
320 429 395 214 11
5 2 9
142 86 452 104 319 298 265 173 240
2 13 4
158 108 277 67
1 16 2
278 405
1 10 4
244 265 164 377
4 18 10
68 230 447 443 180 126 173 168 267 67
3 6 7
428 247 38 52 161 493 284
2 4 5
230 437 66 456 83
3 17 5
269 324 151 270 16
2 12 8
340 161 337 252 369 333 487 399
1 9 2
203 485
3 6 8
75 213 483 123 100 173 5 256
1 6 4
89 437 441 51
1 11 3
246 299 221
2 16 5
115 281 414 408 301
2 4 3
297 428 130
1 5 8
399 374 391 239 474 345 351 15
4 19 6
416 85 285 411 413 17
2 2 4
92 475 305 208
1 8 2
259 331
2 8 5
410 69 360 22 165
5 15 9
58 406 39 312 0 375 439 298 264
1 17 2
342 122
1 19 2
364 417
5 4 10
0 2 162 333 343 315 382 170 265 466
2 8 10
168 173 456 143 309 155 282 226 166 14
2 18 3
231 78 478
2 7 9
243 487 214 47 263 350 311 400 352
2 14 4
53 163 389 181
3 2 5
85 389 177 192 436
2 3 9
434 322 205 475 246 353 273 499 64
2 20 5
435 301 264 52 311
4 4 6
289 317 457 405 39 73
2 1 3
436 467 262
4 12 10
261 471 189 3 136 132 249 77 317 307
4 8 9
83 333 222 175 253 464 496 469 347
1 2 2
33 166
1 17 2
483 498
6 2 9
256 328 384 338 483 312 23 283 51
2 20 3
339 352 68
5 12 8
63 252 70 345 220 255 68 130
6 12 9
73 354 476 32 280 325 9 450 454
1 6 6
332 156 162 45 278 483
2 3 4
356 223 126 65
3 13 10
342 476 135 158 351 347 191 406 324 92
4 18 7
486 121 256 445 321 179 18
1 6 4
319 274 267 328
1 16 2
105 6
4 12 8
85 181 296 448 289 240 100 197
2 16 5
452 345 149 111 70
2 8 7
340 139 107 479 339 402 357
1 18 6
394 55 411 240 164 39
1 7 2
9 388
3 7 10
364 432 117 105 392 35 269 147 390 10
4 1 8
219 348 98 471 440 333 390 448
1 11 3
244 34 221
2 6 4
174 284 401 163
2 17 10
165 463 31 154 160 116 187 20 279 350
2 17 5
219 292 433 97 384
2 4 8
186 404 236 498 420 413 373 88
3 14 5
350 450 257 49 377
1 6 2
286 279
1 18 2
42 433
2 10 4
97 359 355 117
2 9 4
201 54 53 356
2 7 3
312 271 37
1 18 6
473 82 334 131 81 105
2 11 4
234 57 107 8
4 4 6
267 108 69 344 75 491
2 16 10
457 104 151 447 254 306 408 445 385 201
1 3 4
340 27 117 322
2 9 3
264 119 265
2 13 5
243 469 37 297 238
2 9 4
340 29 482 355
1 1 2
210 263
6 7 10
482 307 321 149 305 408 494 241 110 119
1 19 4
75 485 423 182
1 19 3
375 244 40
1 17 5
229 112 469 150 468
4 7 8
282 269 7 163 117 131 462 337
1 11 5
119 323 415 165 409
3 2 6
124 163 264 252 330 242
3 6 10
84 71 25 342 35 402 12 197 309 73
3 1 6
120 412 159 107 26 14
3 20 5
384 134 375 473 440
1 5 2
294 233
2 5 6
248 187 320 416 376 67
4 6 6
187 20 304 377 260 161
4 3 6
37 305 11 217 242 233
3 9 7
268 440 361 380 154 348 421
2 10 4
383 327 20 110
1 7 3
240 437 148
2 14 3
117 74 270
4 17 7
369 250 277 323 83 282 355
4 4 8
258 384 80 325 254 24 456 158
4 12 7
312 429 165 395 287 479 58
2 5 4
411 374 270 104
1 3 5
200 57 281 247 296
1 4 4
347 438 255 106
2 1 5
198 63 189 99 69
1 16 3
120 94 7
1 17 2
117 81
1 14 2
236 257
2 9 4
449 1 152 461
1 14 4
165 183 417 9
1 2 6
442 191 125 66 306 293
1 20 3
318 79 464
1 11 2
67 139
2 7 8
112 155 107 159 115 497 397 382
4 13 7
199 185 425 193 219 464 244
2 12 7
162 498 477 129 69 387 383
2 19 4
220 249 358 471
6 16 10
263 128 316 399 225 492 408 102 29 443
2 13 7
266 14 410 486 402 298 215
2 9 4
105 224 161 272
4 3 8
149 440 442 486 51 432 443 173
2 17 5
67 183 31 488 400
2 16 4
398 4 345 416
2 13 7
244 293 303 162 428 99 235
4 13 6
66 436 32 229 314 234
4 1 7
333 306 328 249 32 409 150
2 11 3
164 358 370
4 18 6
99 94 290 495 302 122
1 15 4
84 143 125 461
2 18 3
40 163 84
1 18 5
149 445 364 466 387
2 14 5
412 296 94 464 428
1 16 2
12 407
2 15 8
451 206 80 385 278 263 257 90
1 14 5
61 247 406 431 405
6 11 9
341 263 296 362 232 250 376 153 418
1 6 3
312 70 306
1 7 2
66 161
2 1 3
47 319 463
1 3 4
245 66 399 272
2 20 9
337 307 482 277 100 165 319 83 460
1 2 3
389 5 267
6 12 10
46 281 119 255 166 233 6 406 404 288
2 3 7
385 348 165 279 171 148 92
1 13 6
320 445 136 399 11 484
4 13 8
437 301 450 93 475 186 288 223
3 12 10
381 362 442 231 0 237 56 365 464 49
2 18 3
30 214 83
3 10 5
412 235 201 26 40
1 14 9
435 30 304 192 115 67 362 482 496
2 6 5
180 160 206 465 132
1 1 2
18 286
4 6 10
442 205 57 146 277 151 13 211 230 288
6 15 10
296 194 172 184 150 449 495 466 200 468
4 14 7
150 287 428 149 65 426 264
3 9 8
492 200 147 474 165 308 244 8
2 8 3
424 80 299
4 18 6
196 147 430 398 19 268
1 18 2
483 100
1 2 6
68 228 71 3 307 181
1 12 3
235 189 145
1 18 3
251 255 481
3 5 9
150 4 201 493 329 247 388 179 271
1 2 4
80 294 246 137
1 5 3
469 394 2
1 9 4
404 455 476 281
1 20 2
227 281
1 20 4
96 258 84 173
2 13 10
329 485 40 273 38 154 29 446 396 370
1 9 2
242 209
1 12 2
198 79
2 14 8
172 40 119 452 105 384 274 451
3 13 6
21 329 156 268 0 178
1 1 2
274 10
1 2 9
244 368 246 172 139 175 362 204 324
1 7 8
133 61 60 149 351 26 32 411
3 7 5
149 421 110 66 122
1 7 9
6 139 225 397 141 198 71 238 133
1 2 3
321 318 212
2 6 3
324 41 471
2 13 4
307 490 445 228
2 16 3
102 140 216
1 20 9
204 473 412 217 469 103 489 368 490
4 16 6
52 397 339 164 351 227
6 2 9
75 491 35 236 56 91 185 124 469
4 12 6
157 283 446 120 139 470
2 19 5
323 428 227 315 128
3 1 6
2 190 234 308 405 12
1 16 2
417 242
2 10 3
391 389 348
1 15 4
235 35 492 25
2 10 5
298 16 84 171 297
2 8 5
24 224 97 0 475
1 13 7
222 319 219 153 499 237 66
6 15 9
225 187 24 472 319 67 127 148 111
2 17 4
143 277 158 486
1 18 2
23 234
5 12 9
322 166 359 444 491 203 301 108 53
2 14 8
57 380 302 118 228 420 491 388
5 19 8
174 248 286 443 430 352 208 317
2 20 6
466 165 342 31 12 481
2 14 8
439 284 339 137 91 114 260 26
2 15 4
433 113 276 376
1 13 4
479 96 196 373
6 18 10
21 127 280 397 411 429 67 102 240 199
1 11 3
65 29 119
5 12 10
473 328 83 498 229 411 344 218 486 58
3 16 5
14 7 55 133 229
1 2 3
354 344 169
4 17 7
381 395 184 236 415 229 427
3 6 8
222 265 182 404 166 380 464 100
3 7 5
451 412 120 236 225
2 17 6
72 298 316 429 175 477
1 8 2
258 469
3 8 7
459 160 140 98 400 104 84
3 18 8
307 38 78 79 193 5 179 306
4 9 8
84 462 108 469 304 183 91 4
2 12 6
131 390 490 32 406 237
4 11 6
369 486 27 253 233 177
2 15 3
372 31 111
1 6 9
48 398 47 9 484 94 6 178 230
1 8 5
170 37 341 443 364
3 11 8
158 476 379 265 200 241 44 465
6 10 10
292 96 384 257 368 383 74 405 221 149
4 15 7
329 380 183 163 32 373 79
1 8 7
50 480 52 289 12 307 420
1 4 2
418 122
1 10 9
397 436 351 247 146 499 225 331 479
1 8 3
276 357 382
1 5 3
448 442 382
2 19 3
44 152 290
4 1 9
163 395 64 283 458 9 346 299 249
1 6 2
217 144
3 17 7
336 289 354 172 222 198 375
2 17 10
37 238 53 160 133 455 476 311 366 284
6 13 10
222 392 200 385 415 246 53 294 470 305
3 15 10
350 459 126 481 472 381 496 399 488 220
2 20 5
382 287 116 449 237
1 12 3
207 355 216
3 7 5
396 370 362 166 293
1 10 4
275 121 169 268
5 9 8
139 225 223 125 382 48 313 447
3 6 7
446 58 462 469 245 378 286
3 4 8
176 223 121 77 238 12 376 188
1 3 7
429 163 487 309 330 329 80
4 2 7
255 459 176 437 371 269 492
1 18 4
69 138 250 332
1 5 2
376 272
4 15 6
333 50 429 483 146 2
3 11 8
257 34 365 308 359 171 234 260
3 6 9
458 435 237 380 318 319 345 356 341
2 20 8
242 225 276 221 185 250 297 383
1 15 2
217 47
3 12 8
212 241 63 233 115 74 83 218
2 5 9
174 305 39 465 394 405 351 345 350
5 6 10
242 4 69 187 86 108 30 217 196 52
3 4 8
157 293 279 489 339 129 313 380
1 7 5
189 266 35 293 27
1 17 4
458 66 278 228
1 13 2
96 378
3 5 6
70 489 433 132 20 141
4 13 10
215 439 4 168 196 292 160 92 6 204
4 13 8
349 129 433 255 398 180 36 322
1 8 3
352 403 50
1 16 5
424 257 133 342 46
2 9 10
128 111 19 371 330 403 82 38 231 281
1 2 4
150 389 5 494
4 9 8
98 493 4 381 136 7 54 403
1 11 2
380 322
1 6 2
226 474
3 12 5
437 38 292 484 413
6 9 9
423 274 439 236 26 36 375 126 286
3 1 9
179 250 367 392 460 18 209 366 462
1 1 4
428 66 198 411
2 5 4
137 239 128 331
2 1 7
134 68 485 249 343 175 185
4 6 9
321 356 399 311 26 487 82 365 36
4 14 8
180 418 13 57 48 223 166 108
1 20 4
352 237 291 430
1 12 2
288 436
2 15 3
73 359 460
2 10 6
437 287 362 244 49 298
1 18 3
164 64 57
1 7 2
261 30
5 12 10
499 119 166 232 368 382 246 379 32 78
1 3 4
396 335 25 498
1 1 4
130 121 120 126
2 6 3
442 415 299
1 2 6
491 53 74 201 298 114
4 1 10
382 18 201 45 184 491 154 140 14 41
5 9 8
414 35 389 453 52 294 411 368
1 20 6
15 45 453 450 341 148
1 16 6
488 474 332 228 428 171
3 3 5
351 278 115 175 196
1 9 8
340 409 281 270 347 134 452 77
2 19 3
342 357 169
1 10 2
402 367
3 17 7
496 222 348 374 340 404 289
2 2 3
213 191 177
1 18 4
435 415 497 105
3 5 7
269 446 309 421 74 451 164
2 19 3
68 362 350
1 3 3
95 135 80
2 6 7
451 340 330 177 252 389 150
2 2 4
436 395 344 81
1 1 5
17 18 342 336 150
3 6 5
68 289 154 403 212
3 7 5
240 148 214 339 55
2 15 6
45 74 66 82 137 91
2 2 3
385 125 205
2 17 10
297 495 375 305 343 128 250 235 135 191
2 14 7
39 293 83 430 401 413 213
1 7 7
143 382 178 244 448 369 217
1 17 8
266 101 164 162 225 345 366 257
1 20 2
230 220
2 6 5
384 33 224 305 421
3 18 7
311 316 298 382 181 375 331
3 14 9
324 110 362 434 368 315 439 219 473
1 12 2
234 384
4 5 6
43 213 353 404 172 461
1 3 4
387 367 188 181
4 18 10
327 379 364 88 431 183 405 458 294 64
5 17 9
450 316 136 273 331 430 449 11 339
3 2 5
284 333 137 210 211
1 2 8
208 268 118 382 24 350 157 276
3 19 10
19 452 84 429 56 185 412 428 196 206
1 5 2
382 177
1 16 7
56 159 196 249 390 150 75
2 20 8
287 350 212 396 115 17 218 286
4 3 6
345 245 395 20 267 355
4 11 6
216 219 214 84 178 356
1 18 2
421 353
1 10 5
247 169 211 38 248
1 17 7
142 362 260 321 14 310 377
1 8 5
243 422 208 10 65
1 16 2
408 249
1 12 8
173 158 61 326 4 94 359 35
1 3 2
394 8
1 12 10
9 403 44 106 479 215 101 278 176 109
5 20 9
26 55 262 454 165 373 314 434 364
1 17 3
52 498 372
5 11 9
334 205 412 270 374 373 36 413 153
2 18 7
94 366 352 383 262 279 240
3 11 5
17 213 13 59 379
5 6 9
69 107 351 419 472 18 439 70 48
1 4 3
147 71 488
4 11 8
76 426 37 496 68 375 321 464
3 16 7
324 475 77 375 441 250 11
2 10 3
154 114 86
2 4 3
382 66 393
2 1 3
429 121 274
1 19 10
479 122 141 224 133 433 128 400 468 271
1 3 7
98 229 407 322 94 481 476
2 14 10
331 166 265 237 74 245 379 225 233 168
3 6 8
493 258 399 499 164 284 61 276
1 20 3
212 54 46
1 5 3
379 25 463
4 7 8
248 156 124 123 204 333 492 371
1 17 2
326 210
5 11 8
257 8 322 167 79 313 182 175
4 14 6
409 437 62 130 415 229
3 14 5
338 63 485 88 159
1 2 4
229 451 306 213
3 19 6
177 332 409 286 434 465
1 7 2
432 193
2 17 4
462 386 319 120
2 6 6
487 67 441 398 423 353
2 14 7
394 162 422 318 468 13 74
4 7 7
432 51 68 400 241 266 483
1 19 6
491 384 95 42 289 105
6 5 9
51 33 143 279 98 291 288 207 496
6 13 10
148 42 266 134 27 330 460 145 418 353
1 19 2
247 451
2 18 5
72 365 367 139 46
5 19 8
9 415 241 296 33 308 467 262
3 5 10
447 20 485 324 245 4 166 467 27 221
1 19 4
16 38 355 329
2 19 5
488 291 452 14 58
1 4 2
424 482
1 13 4
469 349 74 366
4 2 6
474 248 331 491 400 396
4 5 6
454 453 228 389 345 225
2 8 3
202 434 349
5 15 8
345 496 387 71 420 76 127 298
1 11 2
387 451
5 15 9
499 393 15 421 473 494 129 321 141
6 1 9
490 332 151 268 219 77 57 5 272
1 20 4
128 291 334 91
3 18 6
474 361 334 76 217 33
4 6 10
498 46 340 148 73 389 416 315 342 127
1 10 7
19 121 261 264 489 397 53
1 19 2
216 482
2 16 3
189 234 302
2 8 7
467 142 190 53 393 312 257
1 6 5
107 2 30 350 195
1 2 3
201 91 403
2 16 3
266 364 99
5 8 9
444 385 435 395 253 229 74 416 264
3 5 6
266 78 326 147 187 9
3 10 5
435 14 274 206 444
2 11 7
6 337 282 458 363 226 283
3 4 8
269 334 360 263 142 91 456 54
3 18 5
0 412 233 174 127
1 1 3
449 271 84
2 4 4
439 84 278 225
5 8 8
180 31 173 496 479 440 452 51
2 5 4
57 22 391 484
4 18 6
214 58 449 374 386 63
1 2 6
384 412 469 105 248 428
1 15 9
132 300 56 115 276 106 109 76 362
2 19 3
465 226 8
1 12 2
495 348
1 16 2
221 148
1 6 9
476 388 230 5 401 426 136 378 307
2 16 3
354 272 411
5 15 9
67 401 68 477 132 203 205 311 324
1 11 10
291 29 190 56 199 338 7 387 368 193
3 16 9
457 453 182 28 346 139 356 493 118
2 18 3
395 351 299
1 3 3
66 157 117
3 7 7
444 465 227 101 458 329 455
3 4 5
110 6 58 196 411
3 17 9
471 348 17 28 15 112 358 329 227
1 2 2
195 238
2 13 3
93 311 190
1 19 2
398 91
2 15 8
37 334 369 428 444 229 141 33
4 16 9
437 332 99 412 86 364 310 192 486
2 12 5
94 301 348 374 83
6 10 10
301 143 209 425 482 395 120 212 205 436
1 17 4
171 116 63 205
2 13 4
306 173 437 369
1 19 2
434 73
2 9 3
140 46 429
1 10 5
175 278 281 161 67
3 5 8
167 235 156 323 30 330 473 179
4 6 7
433 401 51 443 10 397 434
1 11 7
469 251 314 192 209 306 449
1 8 2
427 401
3 12 10
460 265 327 279 217 452 69 392 117 229
1 18 3
184 272 156
2 8 8
190 347 356 33 460 479 100 341
2 15 4
253 10 113 261
2 10 4
477 157 403 106
1 19 9
66 26 463 393 132 76 251 95 345
4 2 6
65 153 206 225 255 102
1 7 6
457 73 191 77 265 299
1 9 2
10 217
2 8 3
366 95 132
4 15 6
322 28 481 206 70 131
2 15 9
233 336 448 268 35 99 242 321 220
4 20 6
63 238 291 456 314 50
1 19 8
207 36 25 321 176 105 50 29
2 17 4
152 422 158 299
1 14 2
450 328
4 14 9
224 0 82 461 155 72 123 254 187
2 5 9
287 493 298 1 393 254 490 486 83
3 17 5
448 370 272 294 5
1 14 3
51 249 288
1 1 2
449 336
3 17 5
339 201 410 350 165
1 15 6
98 434 154 216 149 205
4 20 7
63 378 130 255 156 224 409
1 20 6
100 212 208 177 465 489
4 1 6
179 337 282 16 168 8
2 2 4
466 131 450 21
5 19 8
385 473 259 361 28 435 63 203
1 18 2
276 18
4 16 7
136 154 350 17 204 371 157
3 4 5
472 474 215 32 70
4 15 6
282 277 483 17 45 95
3 3 5
120 495 427 473 263
2 2 7
58 77 246 372 133 336 411
1 14 5
336 28 40 249 354
1 14 10
169 383 75 268 36 369 38 190 226 120
4 7 7
227 147 34 490 433 30 171
2 1 9
439 299 25 332 463 380 196 17 93
1 8 2
18 17
5 19 8
147 72 65 257 390 23 298 355
1 14 5
100 365 272 186 129
1 15 5
381 22 485 374 399
4 16 6
232 23 125 93 365 488
1 10 2
445 492
5 20 10
149 374 191 363 133 76 238 118 347 216
1 4 2
408 266
4 19 9
446 116 468 238 282 361 287 249 411
2 18 3
140 472 200
2 5 8
441 230 191 317 163 64 283 321
3 14 5
99 239 404 295 271
4 17 6
54 336 467 348 262 385
1 2 4
170 295 186 470
2 7 5
193 151 306 141 318
2 4 4
498 175 184 139
3 18 9
88 58 307 65 292 484 210 461 250
3 15 7
94 496 314 47 415 87 30
2 5 4
265 297 432 404
2 4 8
378 261 41 35 438 103 284 380
1 7 7
269 451 179 484 327 58 439
1 17 2
473 2
1 20 2
100 496
3 2 8
355 204 313 471 492 123 139 75
1 3 4
395 407 252 150
5 4 10
283 199 242 357 412 491 376 140 228 157
3 3 5
443 17 315 30 348
1 11 10
294 440 306 32 321 142 116 72 464 74
1 2 2
271 244
2 13 4
6 53 304 458
2 18 9
356 114 0 49 466 481 208 358 98
1 20 6
54 39 88 253 225 63
2 18 8
360 381 203 22 318 401 395 317
1 1 3
115 186 6
4 6 10
329 155 229 286 378 67 462 321 196 474
3 1 5
272 217 125 414 150
4 19 6
191 368 178 308 52 497
4 14 7
14 262 415 347 421 233 450
4 11 8
323 441 129 485 73 151 69 406
2 1 5
429 444 19 209 156
1 17 2
70 410
3 13 7
390 3 128 341 378 430 220
1 16 3
271 88 424
3 19 6
281 306 421 52 236 153
1 13 6
15 476 454 7 114 378
2 12 4
83 231 20 382
1 15 5
441 243 413 207 381
1 2 10
345 336 47 453 214 198 169 44 435 383
5 2 8
389 293 306 121 432 484 264 408
1 19 2
498 375
6 19 10
406 298 218 499 239 139 80 66 223 375
2 14 5
370 401 449 103 467
1 14 3
389 245 179
1 4 3
397 56 399
2 6 8
275 129 82 49 464 346 39 175
1 11 3
28 217 104
1 15 7
212 127 344 255 118 339 262
5 3 10
419 338 366 288 77 16 208 287 388 145
1 17 10
127 59 252 95 213 496 393 38 7 236
1 6 5
296 267 182 381 85
4 18 8
197 182 45 394 192 377 64 358
1 7 9
364 413 263 204 157 115 246 382 24
4 15 7
475 445 182 116 498 354 480
2 9 6
425 15 287 182 97 84
2 3 8
60 286 149 379 306 17 92 205
1 15 3
180 340 455
5 20 9
314 344 218 57 394 465 390 478 484
1 6 10
124 32 319 492 280 11 377 331 366 3
2 12 8
117 54 89 421 122 327 102 389
1 15 5
394 243 405 63 283
3 13 9
152 371 77 51 1 23 194 32 468
2 16 4
337 435 374 469
2 18 3
407 33 357
4 19 8
252 439 446 72 499 112 442 63
5 5 9
145 75 478 95 121 311 113 157 278
1 3 2
181 222
4 18 9
312 110 44 355 353 106 287 308 122
5 9 9
207 410 210 159 162 352 111 383 470
4 1 7
227 403 129 177 121 341 205
1 16 4
489 447 92 214
1 19 8
297 35 187 388 83 494 282 469
6 11 9
491 176 252 141 105 283 337 405 136
3 3 5
313 171 420 416 225
4 18 8
74 164 181 354 24 465 409 23
2 7 10
347 134 392 68 372 194 184 51 261 47
4 1 7
302 119 457 332 305 429 290
1 15 2
30 214
5 7 9
70 158 444 171 320 498 440 66 197
2 18 5
137 418 130 308 346
2 15 3
287 44 388
1 19 3
390 367 2
1 3 2
250 266
1 1 10
48 47 484 376 222 462 443 348 315 54
3 2 5
55 408 218 263 25
1 3 6
324 380 307 467 496 286
1 6 2
348 152
1 4 4
378 18 418 166
3 10 6
411 30 25 302 125 289
3 15 5
457 132 389 30 262
1 19 2
227 207
3 15 7
302 236 45 343 320 499 368
3 2 10
157 9 151 203 429 496 258 8 136 313
2 5 8
285 45 90 220 193 53 460 105
1 11 2
186 372
2 6 5
427 43 113 303 376
2 4 3
474 219 370
1 8 3
21 129 333
1 4 2
133 171
1 20 4
151 153 328 263
1 9 9
149 385 169 268 307 197 107 219 398
5 9 9
108 400 243 405 17 286 432 92 172
1 17 2
133 346
1 1 6
50 101 241 38 258 148
3 17 5
333 240 184 106 335
3 11 7
35 334 121 20 302 130 237
1 15 5
433 156 411 57 364
4 2 6
160 48 63 295 256 320
1 10 3
318 367 280
3 18 7
389 332 323 316 39 258 448
2 4 9
474 198 415 85 222 177 404 371 380
1 8 6
368 162 386 458 172 361
1 9 3
41 436 290
1 2 6
14 300 384 17 270 11
1 13 8
103 390 349 199 344 320 389 417
1 12 2
382 274
2 6 7
363 435 371 194 473 15 109
3 2 5
31 218 117 246 173
3 1 5
477 230 2 316 432
3 7 6
267 469 79 375 88 238
3 4 6
299 334 26 322 119 46
1 20 3
260 151 201
6 16 10
109 344 39 405 438 407 269 396 376 313
1 14 2
353 75
2 13 3
457 496 324
4 4 10
349 40 86 182 227 46 430 85 65 480
2 13 5
80 121 436 103 237
3 5 9
443 338 408 115 417 446 213 436 381
3 4 5
294 376 414 347 223
6 8 9
389 123 444 496 124 187 235 258 405
5 4 9
346 296 59 1 42 36 90 487 139
2 11 5
287 3 113 128 0
1 17 2
78 70
1 1 2
497 231
5 3 10
329 122 438 220 386 85 316 352 342 190
2 20 4
490 74 298 24
2 14 9
489 136 115 427 124 448 302 166 242
4 10 8
441 253 245 200 283 396 355 414
3 9 5
267 88 370 198 453
2 5 8
139 71 391 156 47 310 41 114
6 9 9
228 155 48 311 75 133 43 269 394
4 19 10
212 451 22 132 176 413 363 280 390 306
4 8 9
364 109 167 381 325 328 363 260 132
3 13 6
162 115 14 106 59 368
1 16 3
191 398 111
2 18 10
401 161 408 257 285 357 400 164 46 68
1 6 6
305 207 462 336 201 253
2 14 3
29 443 427
3 8 8
340 208 428 302 113 339 201 358
3 16 10
353 19 145 264 382 482 217 383 182 349
4 9 6
287 231 297 315 182 372
1 10 4
184 359 250 126
2 2 4
291 186 328 405
1 5 4
347 427 414 167
1 7 5
99 415 71 164 450
6 5 10
483 420 131 149 227 188 319 499 105 433
1 11 7
91 76 360 156 224 83 79
1 5 2
3 144
5 8 10
267 446 211 24 101 269 436 70 332 82
1 12 3
338 241 459
1 8 2
483 376
1 11 5
323 310 337 191 244
1 9 4
484 477 95 295
1 5 3
380 392 331
1 10 2
263 367
1 11 2
285 127
2 6 4
312 164 216 150
4 18 8
241 459 124 466 320 263 100 278
3 6 8
31 447 11 45 132 165 313 423
2 8 7
348 201 465 408 480 192 156
2 20 4
306 248 317 430
1 5 4
351 148 366 142
2 6 5
427 268 419 177 251
2 5 5
14 370 241 368 31
4 9 9
2 452 472 340 233 137 342 28 94
1 8 5
143 464 256 86 228
3 7 6
310 391 256 4 494 224
3 11 10
262 179 441 137 42 138 242 0 105 12
3 10 7
87 491 217 3 156 140 28
2 20 10
29 56 183 451 230 17 490 99 476 351
1 6 2
166 434
1 1 7
350 490 296 310 403 495 170
2 15 4
207 179 36 141
1 13 4
328 464 95 113
1 10 2
249 470
5 7 8
311 114 110 145 464 317 411 193
1 13 8
256 336 169 359 96 236 190 485
2 3 3
73 132 85
5 9 8
298 272 6 402 261 300 361 299
3 10 8
487 49 277 11 491 293 276 247
1 13 7
305 28 251 283 63 459 223
4 1 10
297 317 193 407 235 405 148 261 146 215
3 9 7
220 188 89 75 296 106 443
1 4 4
271 479 326 429
2 1 10
263 139 415 54 397 315 4 26 110 37
6 12 10
266 3 294 224 87 0 99 496 89 445
1 8 7
499 365 345 274 17 449 79
1 7 3
304 418 281
3 11 7
252 366 170 392 299 175 207
4 8 8
38 71 481 238 367 352 219 376
2 20 3
171 26 257
2 2 3
346 112 189
5 1 10
316 456 113 45 498 140 385 56 278 80
1 9 6
198 226 104 34 368 427
2 17 7
421 138 240 289 130 230 45
4 14 8
304 55 484 483 395 451 68 172
5 8 9
256 497 183 86 460 482 436 156 410
3 16 8
177 115 312 86 443 172 63 95
3 3 10
246 277 232 78 230 468 350 214 133 461
1 19 2
133 29
2 10 3
141 428 169
4 7 9
236 86 358 13 448 83 386 155 264
1 1 8
332 235 421 394 178 162 296 137
3 10 7
429 308 216 485 437 130 343
1 8 3
242 36 117
6 5 10
48 234 106 396 397 314 387 486 108 181
1 10 7
59 119 55 430 223 444 89
2 11 4
109 107 228 391
1 16 3
276 169 54
1 14 2
81 55
2 3 3
100 9 175
2 1 3
88 426 63
2 1 6
118 272 394 108 53 293
2 16 3
408 336 447
4 18 6
57 108 371 124 44 130
2 13 6
334 120 324 290 326 164
2 8 4
442 319 1 366
4 9 9
88 331 251 423 184 266 50 173 117
2 7 4
467 482 220 78
3 11 8
53 481 323 80 177 98 409 351
3 3 7
424 240 112 447 282 179 393
1 11 2
109 313
2 9 8
248 217 54 320 64 176 247 222
4 7 6
249 148 487 87 23 183
1 10 2
184 176
1 10 5
197 442 299 58 39
6 20 9
106 446 413 20 63 346 116 496 150
1 7 8
108 409 471 397 54 126 427 121
1 10 4
62 112 413 253
2 9 3
61 458 413
6 11 10
78 392 425 480 10 185 458 201 409 159
2 9 10
10 163 146 44 386 344 45 383 72 183
2 17 9
496 307 390 150 7 319 23 371 326
1 16 2
134 127
4 5 6
149 435 463 226 401 300
5 19 10
242 109 162 200 479 456 274 393 294 204
6 9 9
227 343 253 310 352 12 38 46 249
1 14 2
68 306
2 7 5
423 44 397 115 451
2 12 3
61 395 104
2 9 5
304 165 201 425 248
4 2 8
310 365 475 37 192 227 151 102
4 15 6
121 250 61 24 463 347
2 6 8
382 57 419 339 12 94 88 221
1 2 6
496 321 141 97 69 494
1 19 2
451 29
1 1 2
275 67
6 12 10
249 345 127 95 111 192 201 55 178 384
1 13 4
80 198 395 340
2 5 7
398 419 266 475 356 74 200
3 16 7
97 232 344 165 444 220 240
1 15 2
3 216
2 17 3
495 438 64
1 2 7
28 253 4 117 456 49 386
1 13 2
466 439
1 7 2
193 141
2 19 9
121 214 60 27 301 13 282 255 423
1 19 3
173 240 50
1 9 3
105 216 413
3 14 7
64 212 16 7 160 366 261
3 1 9
291 236 394 49 114 152 448 187 395
4 11 6
39 416 83 62 78 126
3 7 7
83 120 382 213 112 289 6
1 11 10
113 420 302 220 119 208 184 158 365 216
2 6 5
71 254 454 24 217
4 5 6
149 240 437 218 105 344
2 15 4
153 314 389 228
1 19 8
48 251 150 353 80 378 164 257
2 20 9
77 475 37 33 441 365 345 161 403
2 9 5
314 295 131 53 244
2 18 9
367 338 194 381 328 64 130 346 340
1 19 2
304 403
2 20 5
51 472 364 351 387
4 5 7
107 8 388 454 463 490 15
5 12 10
480 27 185 7 197 414 347 280 3 84
1 2 2
153 303
1 17 4
4 483 105 197
6 1 10
288 387 434 175 274 320 299 414 168 396
2 7 5
243 375 326 274 105
4 16 6
303 385 102 128 172 331
3 10 6
429 427 249 341 166 260
1 4 10
478 228 271 475 147 276 95 395 122 208
1 5 2
135 297
5 4 8
445 22 307 418 260 152 131 34
1 1 2
124 135
3 20 8
279 4 447 161 331 330 207 495
3 8 6
354 391 100 334 311 371
1 13 8
77 458 381 20 128 96 336 196
1 15 7
311 257 41 497 177 468 77
1 14 8
169 164 137 103 246 468 187 298
1 1 4
499 77 2 65
1 16 2
76 378
2 3 6
453 342 467 442 206 62
2 12 7
56 374 176 168 285 144 478
3 2 6
289 303 51 26 380 338
4 14 8
6 420 104 246 307 483 334 70
5 5 10
65 296 426 300 96 471 120 401 253 124
5 14 10
325 20 347 302 52 242 416 91 82 279
1 10 9
245 260 274 333 345 236 29 72 217
2 11 9
71 56 253 389 251 345 50 279 452
2 9 9
96 241 104 10 277 100 451 391 193
6 2 9
142 493 5 314 53 191 56 455 238
2 20 9
153 286 209 385 240 283 74 253 218
5 17 8
140 497 406 179 13 156 291 163
1 4 2
244 475
2 14 6
444 325 203 119 47 367
3 11 8
50 135 130 103 26 182 41 470
1 3 3
118 332 352
2 8 9
321 452 492 401 342 191 40 5 72
4 11 7
206 196 432 79 262 205 247
2 2 7
377 101 463 237 424 336 215
1 9 5
18 280 378 239 465
2 12 10
386 21 269 135 417 344 42 210 394 133
3 11 7
472 335 197 437 433 83 408
3 19 10
287 260 284 425 424 401 171 207 302 198
5 1 10
321 2 64 382 416 307 467 1 383 446
4 15 10
246 463 257 458 311 359 132 79 338 207
1 10 5
129 374 314 475 356
5 1 10
427 328 337 148 296 424 31 448 67 70
3 13 9
304 6 277 3 61 231 97 439 366
3 15 8
199 492 1 488 348 495 120 425
2 4 10
91 60 367 324 149 421 148 366 435 327
2 10 3
410 98 14
1 6 2
369 294
1 13 3
325 492 68
2 14 7
205 348 441 269 89 67 363
3 10 7
480 23 498 471 158 186 439
3 8 6
181 301 485 458 58 444
1 13 5
190 268 273 373 288
1 10 2
155 257
5 1 9
301 399 163 293 11 201 91 110 52
4 13 9
80 151 423 397 150 57 431 3 490
2 19 4
321 7 150 250
6 13 10
10 342 262 460 144 145 239 399 209 403
5 4 10
276 14 66 358 258 303 172 244 221 142
2 15 3
28 13 319
1 10 5
302 104 237 447 443
5 9 9
165 355 263 64 195 469 69 41 463
2 17 9
347 96 273 391 440 326 308 102 252
4 9 10
245 248 52 277 292 437 71 345 109 434
3 18 8
240 363 362 201 149 464 204 467
3 6 9
13 147 377 268 83 223 187 222 250
1 8 3
103 450 99
5 5 10
199 368 137 341 51 169 410 54 177 125
2 8 7
428 309 202 207 73 443 122
2 11 7
143 465 397 111 265 39 336
4 4 9
213 106 394 92 331 40 346 286 158
2 12 4
254 180 292 419
3 17 5
366 306 385 263 341
4 12 7
178 327 3 339 200 237 49
1 18 6
198 103 224 96 93 270
2 8 4
309 42 10 395
1 7 2
397 151
2 5 3
360 80 4
5 9 10
95 18 346 413 468 121 304 87 225 215
1 7 6
458 165 402 495 32 245
1 11 4
33 382 302 454
3 16 6
362 75 63 312 123 91
1 8 3
300 379 474
1 7 3
440 460 453
1 9 7
301 399 394 59 221 412 27
1 6 9
59 445 487 194 353 377 68 285 383
1 3 4
315 183 170 310
2 7 6
136 423 318 87 351 38
1 20 5
344 4 484 296 78
2 17 8
483 221 403 449 176 19 201 346
5 5 10
463 489 17 177 271 267 229 192 303 235
1 4 2
311 251
4 4 8
444 179 406 471 110 66 267 271
2 3 5
106 332 109 121 298
2 13 8
270 477 374 207 491 126 489 337
2 18 3
319 489 348
4 18 10
190 364 281 67 135 310 187 238 360 23
1 4 9
378 51 342 46 22 402 148 283 4
2 15 10
19 73 460 394 444 456 311 379 36 378
2 20 4
353 489 273 21
1 13 4
499 229 490 113
1 20 4
240 440 367 59
5 8 8
45 254 409 149 480 93 60 110
1 13 6
290 291 166 66 405 408
1 12 8
227 413 481 10 499 472 215 268
1 3 5
413 451 221 331 411
1 4 7
411 358 308 207 493 91 134
1 16 2
220 35
4 14 9
496 288 356 30 28 313 232 361 212
3 10 6
350 118 266 106 287 233
1 11 2
162 321
1 19 6
390 310 292 151 53 327
5 9 9
216 491 4 494 201 165 105 230 106
2 7 6
218 181 272 27 190 338
5 7 10
302 152 332 5 61 265 257 235 422 329
4 3 7
385 333 352 387 444 29 15
2 19 3
428 228 368
2 17 7
447 229 341 114 396 458 445
1 15 9
470 88 233 56 60 21 177 189 432
1 19 2
285 491
4 14 7
58 441 133 383 237 33 217
1 11 3
204 369 237
2 1 4
469 1 199 209
1 14 2
379 314
1 5 9
21 169 384 454 418 152 109 231 333
2 2 4
42 217 84 118
1 4 2
285 151
3 3 9
206 328 78 435 468 255 360 270 264
4 12 8
286 389 270 492 275 301 182 154
5 4 8
497 11 234 387 7 195 98 314
4 1 10
311 319 309 330 78 396 472 90 449 353
1 5 8
102 210 153 329 56 25 444 69
1 3 4
413 164 316 459
3 2 6
127 167 269 423 125 184
1 9 2
100 24
2 11 3
453 52 273
3 16 5
225 403 72 494 369
1 2 5
72 283 105 224 383
1 13 5
213 6 283 359 284
2 18 4
14 193 144 304
3 16 10
88 453 445 276 246 345 256 454 119 197
4 16 9
162 223 107 253 19 422 235 270 409
1 10 7
483 9 320 342 241 162 134
2 2 8
265 350 235 429 179 461 453 384
5 18 10
21 382 496 370 9 162 40 81 248 407
5 8 8
122 481 484 472 9 498 256 45
1 19 2
401 204
3 18 9
338 270 377 35 494 413 74 378 13
1 13 8
53 388 440 299 331 458 151 176
4 7 10
194 418 406 415 410 66 75 212 391 253
1 19 6
311 27 286 162 141 386
1 5 3
138 43 8
3 1 5
485 397 44 270 293
1 11 4
348 498 499 318
5 16 10
274 87 433 55 101 22 223 156 340 407
1 18 5
404 57 192 122 236
5 15 8
312 140 460 298 489 14 65 100
4 7 6
218 64 50 312 331 71
1 10 8
482 273 129 253 169 201 245 377
1 16 8
474 169 109 29 96 141 262 167
6 12 9
8 231 126 471 206 448 199 3 322
1 3 3
367 183 24
3 10 5
266 384 179 358 407
2 18 6
240 261 488 419 413 83
3 13 7
385 118 452 391 83 98 418
4 2 7
33 450 331 285 319 411 347
1 6 2
336 278
3 7 7
454 43 259 195 214 132 104
6 17 10
88 161 495 381 97 176 258 69 304 167
1 11 3
272 368 161
1 16 2
43 33
5 8 8
114 15 403 321 179 19 201 409
2 2 5
265 28 474 353 494
5 12 10
444 218 467 334 24 484 367 476 145 115
2 11 4
213 219 353 194
1 18 2
160 133
2 2 6
93 379 205 494 208 123
1 10 5
123 452 286 1 89
3 13 5
131 21 496 173 247
4 13 10
386 420 186 111 298 90 384 455 429 282
2 20 6
90 291 82 101 175 358
2 18 4
437 477 36 180
2 15 10
266 451 390 23 416 317 474 182 465 415
1 9 3
421 107 13
2 14 6
158 250 267 351 190 33
1 15 7
137 400 42 177 152 56 395
4 13 7
216 143 128 467 392 138 489
2 9 9
22 435 234 280 83 347 358 399 99
5 14 9
77 76 281 137 25 32 256 305 391
3 2 5
145 256 190 379 48
6 1 10
349 281 17 100 152 431 156 415 491 207
1 13 4
79 136 497 21
4 1 7
116 321 404 408 42 266 490
2 14 4
116 312 64 321
2 1 3
448 124 4
1 13 5
472 331 239 306 89
2 12 4
54 115 191 407
3 13 5
361 367 283 253 481
3 17 10
11 292 19 32 6 394 42 18 347 158
4 11 6
344 15 428 437 348 287
5 4 8
322 75 43 432 231 496 474 8
1 10 3
272 289 446
2 11 9
122 171 470 212 4 371 412 11 41
2 6 7
454 494 257 354 118 2 387
1 15 5
187 153 399 390 119
3 18 8
357 348 489 274 119 250 493 325
3 12 10
96 351 259 390 147 21 239 322 153 11
2 8 4
125 179 35 8
2 5 4
333 446 341 475
3 7 8
199 441 137 163 89 430 403 443
1 11 8
95 361 85 162 493 429 343 59
2 20 3
441 319 209
1 18 2
273 243
2 17 7
13 360 161 116 0 59 95
3 20 7
348 118 82 150 44 197 63
2 15 7
143 55 256 478 245 352 490
1 17 2
244 496
3 20 9
3 159 298 137 177 211 487 65 290
1 15 2
28 363
1 16 4
478 333 195 373
1 1 4
276 192 460 274
3 1 10
101 379 1 305 302 237 459 177 254 375
2 8 3
370 86 164
3 6 8
467 498 179 69 78 434 47 192
3 19 6
211 178 219 386 425 353
3 1 7
162 459 38 104 236 220 34
2 14 9
431 397 151 154 65 28 332 249 81
1 20 2
341 244
3 13 8
158 472 185 36 381 296 176 476
1 19 6
76 102 378 409 293 42
1 11 2
126 15
1 10 7
40 146 268 82 429 462 24
1 9 9
270 417 477 166 335 295 338 35 143
1 5 5
263 324 383 247 262
1 9 2
213 225
5 3 10
172 488 4 8 384 458 153 445 108 448
1 12 7
267 164 106 365 425 206 112
5 6 9
139 95 372 25 18 122 192 353 460
1 1 8
320 225 155 229 252 255 465 273
2 1 6
58 38 486 338 468 294
1 18 5
433 258 411 373 97
2 16 8
342 397 295 112 389 61 73 283
2 12 4
465 107 125 363
1 15 2
478 464
3 9 8
18 495 124 146 49 430 283 15
4 14 7
465 114 457 369 277 164 359
1 9 8
131 345 422 94 169 18 214 148
5 14 8
104 187 388 133 452 415 194 271
2 14 10
267 100 422 166 320 475 247 134 102 143
1 8 3
476 306 435
6 5 9
7 465 483 458 78 499 334 136 268
1 3 2
383 301
6 11 9
352 45 232 493 390 37 396 30 161
2 6 7
367 238 156 496 120 217 312
1 5 9
170 117 189 187 156 295 384 24 315
1 6 6
459 121 402 340 173 490
1 15 4
341 234 263 449
2 18 6
494 426 234 467 93 209
6 11 9
83 305 189 156 145 373 76 451 191
1 20 7
397 227 201 374 309 474 134
1 15 7
214 459 150 491 499 160 419
4 10 9
289 33 227 222 460 342 447 268 140
3 18 9
473 161 82 51 147 340 315 229 414
1 18 10
493 269 285 56 392 406 214 444 185 151
4 13 7
139 470 229 328 412 36 419
2 20 4
239 238 242 255
4 20 7
250 331 182 32 80 143 15
4 9 7
82 417 489 458 202 265 201
1 14 3
171 212 6
2 8 6
33 390 206 345 331 458
3 1 6
346 57 217 160 8 90
3 17 5
56 181 241 291 28
1 18 7
128 409 174 140 65 166 262
4 5 6
274 376 70 358 411 86
2 9 6
405 447 22 206 228 292
2 12 4
472 224 384 375
5 3 9
255 70 495 462 68 8 54 336 379
2 11 4
30 387 465 432
4 10 6
59 67 360 31 78 193
2 16 5
286 310 222 178 406
1 14 2
363 66
2 7 7
147 453 125 387 262 371 432
2 17 5
351 161 193 356 108
2 17 4
62 16 115 75
3 1 10
94 163 164 133 82 474 171 52 211 230
1 12 2
26 268
1 5 2
450 243
1 18 10
0 372 269 52 320 451 356 4 367 375
1 1 4
40 190 398 494
1 6 3
39 412 478
3 5 6
43 230 169 265 81 217
3 17 8
101 31 312 75 81 128 369 36
1 3 8
242 442 113 231 315 254 183 13
6 4 9
140 290 302 312 44 81 134 491 68
1 15 2
4 273
1 15 2
358 296
3 6 5
60 93 150 240 117
3 1 10
84 86 184 216 393 67 254 458 409 11
3 3 8
230 481 54 463 103 100 291 131
3 13 8
264 270 308 140 245 5 122 247
1 12 4
20 179 150 474
1 16 10
456 433 206 275 432 361 391 71 384 395
4 19 10
426 300 284 277 468 91 486 25 322 56
4 13 10
231 298 268 256 411 120 350 333 156 494
4 6 8
216 345 352 481 450 265 484 239
2 14 10
130 11 451 400 102 428 191 407 20 264
1 13 3
475 52 186
1 11 2
288 69
1 10 3
497 491 427
4 8 9
292 405 381 15 119 454 315 105 279
1 16 3
217 358 441
6 13 10
463 94 179 422 331 44 32 443 212 241
1 12 7
96 454 380 299 186 494 312
3 11 9
116 455 325 131 225 242 479 220 203
2 12 3
498 475 213
1 9 3
88 25 496
1 20 2
201 441
1 5 7
355 33 107 54 229 59 211
1 18 8
328 88 307 164 206 353 47 270
2 11 6
67 459 479 230 133 76
3 18 6
113 224 270 398 441 298
1 20 2
460 340
1 5 2
321 396
1 5 7
439 186 130 308 343 399 223
5 16 9
488 426 183 351 388 279 213 163 350
1 7 10
312 418 76 39 160 372 325 165 297 485
1 17 9
152 82 176 3 215 405 38 75 457
5 1 8
169 85 132 258 459 203 15 159
1 5 5
81 344 483 323 262
1 1 2
33 265
1 15 6
461 291 441 360 40 184
2 1 4
236 417 210 294
2 20 10
456 391 312 453 127 95 19 194 243 274
4 3 8
425 211 258 187 464 494 497 137
1 14 2
239 232
1 10 4
42 188 445 399
3 3 7
16 174 46 137 49 452 474
1 14 4
267 11 175 472
4 4 9
71 113 39 34 318 467 208 149 140
2 8 7
420 232 179 91 237 113 441
1 6 2
195 170
4 17 6
164 12 126 397 275 163
3 7 9
476 28 426 313 472 420 33 221 235
1 15 2
456 463
1 8 8
237 414 101 213 193 343 340 31
1 19 3
269 432 156
1 15 2
365 34
6 6 10
418 11 340 398 433 477 242 386 216 149
1 6 4
206 49 142 174
3 16 6
466 476 448 61 375 66
4 6 9
50 327 107 279 389 410 308 226 326
2 12 4
125 247 483 87
2 5 5
95 190 225 120 452
4 4 6
273 486 162 136 41 68
5 14 9
241 5 420 99 205 34 162 248 287
1 5 8
99 153 228 320 252 299 111 293
4 6 10
417 420 488 264 132 286 44 183 216 386
2 1 4
352 291 307 48
4 2 8
69 345 480 216 445 481 338 390
2 12 3
445 239 191
5 5 9
80 249 84 308 479 486 14 265 266
3 20 6
128 8 249 46 152 375
3 16 8
335 44 309 385 358 113 105 377
3 10 5
69 51 232 469 253
3 9 5
291 450 229 220 388
3 18 10
436 153 18 11 307 229 72 455 214 82
2 7 6
476 77 367 32 119 312
1 2 4
459 280 205 124
1 12 7
417 3 460 250 471 273 76
3 20 7
93 450 336 499 31 61 97
4 6 6
370 198 164 319 64 234
3 12 9
60 249 10 433 119 217 392 319 465
2 14 4
329 119 435 226
2 14 4
342 114 304 0
2 11 5
62 263 192 201 430
2 4 8
47 216 164 116 50 221 24 342
1 20 5
160 261 109 176 454
2 1 4
238 108 95 253
6 3 10
234 49 490 444 478 227 410 52 299 45
2 17 4
331 159 216 399
1 6 2
462 88
3 16 5
300 36 440 491 38
3 17 9
340 429 297 64 73 253 81 223 333
1 19 3
370 169 333
3 15 7
454 143 189 228 57 259 19
1 9 2
195 169
2 13 7
497 466 83 212 370 303 304
1 14 2
468 169
1 1 9
228 205 29 188 118 406 191 482 47
1 13 2
498 351
5 17 10
60 420 51 293 464 96 84 294 306 290
2 19 4
140 57 142 383
1 10 4
116 14 218 74
3 6 5
72 318 176 322 83
5 10 9
350 486 322 477 373 464 43 218 212
3 2 6
164 97 297 441 130 380
1 20 4
248 220 51 213
1 3 4
36 145 18 403
1 9 2
136 31
2 12 5
181 197 476 387 314
2 5 6
72 42 259 176 348 128
1 13 4
277 395 354 154
2 16 4
260 328 268 76
4 4 10
323 302 0 29 177 148 250 300 488 99
2 17 3
259 217 161
2 3 4
202 148 245 309
3 15 8
143 475 108 443 371 206 94 357
1 8 7
494 368 64 489 74 29 196
3 17 8
15 341 277 482 373 30 442 415
1 1 5
283 237 358 62 302
1 19 5
134 32 232 364 437
2 6 6
207 57 95 273 427 333
2 8 4
163 468 481 458
1 4 2
279 294
2 12 4
249 324 126 431
1 15 7
462 172 123 263 3 77 206
4 11 6
9 275 91 398 402 246
1 17 2
476 332
3 8 6
493 336 100 457 12 487
4 7 10
475 194 212 392 144 129 286 380 272 181
1 9 7
185 398 470 215 280 1 426
3 4 8
165 207 214 443 194 429 2 356
4 16 6
147 356 96 117 380 466
2 20 9
296 421 494 355 246 268 52 431 72
6 11 9
218 158 304 453 359 241 273 142 307
5 13 10
241 494 273 198 265 361 299 128 172 95
1 12 6
408 288 83 138 215 242
1 9 4
117 478 437 373
4 8 6
154 110 498 411 417 461
2 1 5
416 149 117 382 332
1 4 4
145 447 248 350
1 4 3
55 131 482
3 16 9
237 230 232 168 225 52 198 208 24
1 15 3
144 344 12
1 7 8
364 81 9 316 142 95 237 258
5 9 8
75 356 372 389 282 185 287 11
5 13 10
433 140 352 161 160 373 119 108 210 267
2 20 3
6 309 141
4 6 6
455 265 332 176 413 467
2 18 8
439 286 59 174 352 269 418 90
3 18 5
392 86 202 48 360
4 11 8
201 356 488 330 102 204 366 131
4 17 9
384 69 458 418 385 243 116 482 250
4 14 6
183 472 94 228 418 405
1 18 7
264 381 226 497 379 197 149
2 2 7
364 280 447 246 68 263 253
1 17 8
249 486 276 159 456 123 79 464
1 5 4
69 202 470 408
1 19 4
40 365 433 49
2 12 5
402 390 207 324 147
2 5 10
117 488 294 259 388 213 400 298 86 410
1 4 6
190 6 98 256 309 172
1 4 3
468 421 212
2 12 8
176 29 204 211 225 316 438 277
1 10 10
209 174 481 34 386 482 354 254 68 499
2 15 4
311 193 173 379
1 10 5
381 105 281 95 90
2 4 9
340 273 200 280 468 424 22 462 278
1 10 2
427 416
3 10 6
493 197 443 323 45 239
3 17 8
401 116 398 174 411 97 384 156
3 12 9
172 206 287 408 444 266 484 257 245
5 19 9
451 296 395 79 118 298 70 263 309
2 5 4
139 135 176 485
2 10 8
494 33 480 117 430 240 194 434
4 19 7
2 195 52 92 54 328 340
1 10 8
485 180 4 411 112 423 325 496
2 17 3
270 62 24
4 18 9
429 185 468 476 279 22 273 186 136
3 9 5
315 291 498 195 321
2 7 8
102 417 36 171 143 356 9 445
3 2 9
115 471 450 460 481 368 168 385 478
3 19 7
70 433 186 471 441 212 62
2 14 3
441 494 393
4 1 7
219 438 253 268 409 212 325
2 6 6
77 38 97 260 101 393
2 7 3
341 378 34
2 14 3
37 458 411
2 6 5
230 333 490 160 9
4 7 7
223 273 461 489 440 293 37
2 16 3
491 399 338
1 1 8
328 62 233 276 257 120 425 13
2 11 9
418 128 206 459 86 60 100 30 349
4 10 6
224 359 250 115 71 472
4 16 10
404 159 62 355 303 333 186 154 389 248
6 7 10
264 359 250 16 59 372 186 125 373 231
2 14 4
442 179 269 137
2 10 4
120 418 329 136
5 6 10
248 476 481 8 37 144 436 418 337 332
2 15 3
290 347 453
3 12 8
393 400 311 146 337 377 206 37
4 7 9
234 328 184 387 297 171 398 132 346
2 17 4
158 403 170 458
2 11 3
133 203 375
2 16 4
473 270 138 403
6 4 9
112 110 123 153 243 166 375 272 494
2 16 4
190 95 89 217
3 17 6
411 449 229 405 148 255
5 9 8
292 264 386 403 353 406 147 421
1 14 6
140 99 353 474 405 186
2 3 3
441 198 436
3 18 10
393 477 144 5 274 396 114 108 39 239
3 14 8
70 498 53 62 10 14 128 252
2 17 3
145 43 296
2 4 3
478 160 358
1 10 7
355 382 315 158 395 253 76
2 2 10
51 404 421 446 444 257 133 75 314 392
1 14 2
131 329
5 20 8
163 259 327 9 57 333 178 337
5 9 10
488 99 454 344 319 290 475 332 490 326
3 11 7
207 33 72 140 283 120 480
1 18 2
245 259
1 1 4
463 394 307 4
1 18 7
220 242 404 87 68 24 453
5 13 10
141 425 145 63 74 243 236 206 356 131
1 20 4
492 382 381 489
6 20 9
33 394 64 247 397 181 488 78 251
4 6 9
374 107 30 292 371 342 147 427 43
1 1 3
374 124 233
3 1 10
493 328 129 125 271 190 117 448 304 294
2 10 6
375 427 252 15 223 443
2 13 4
363 38 341 256
5 19 9
484 316 239 447 348 215 138 12 75
2 15 3
231 79 438
3 13 5
186 232 33 103 250
1 9 6
239 138 226 455 187 238
1 11 3
130 129 17
4 10 7
207 125 320 463 78 413 12
1 20 4
443 104 401 205
5 6 8
100 44 36 6 347 148 91 268
2 15 10
485 363 149 401 137 32 269 257 342 256
1 7 2
420 236
1 16 2
355 125
2 4 7
354 429 148 415 477 71 316
1 2 9
67 444 240 201 9 81 378 383 328
3 17 8
172 191 129 283 174 17 151 422
1 3 9
251 285 403 253 379 152 70 459 50
5 19 10
67 290 339 168 463 460 196 464 151 322
3 9 8
138 437 258 390 149 155 377 303
2 3 3
190 373 169
1 17 3
126 321 296
6 16 9
173 9 427 489 59 168 193 402 477
2 7 3
104 165 291
1 18 2
340 37
3 2 5
7 68 321 323 450
2 5 9
391 182 258 30 45 184 161 413 360
1 12 6
448 33 452 390 414 415
5 2 8
481 186 406 20 237 154 347 140
4 7 8
174 493 392 97 329 211 52 64
4 19 10
344 104 164 488 323 430 321 395 42 100
3 4 9
352 268 151 437 484 10 208 199 290
3 14 7
181 270 139 14 343 451 402
1 13 3
261 70 182
6 17 10
75 43 494 356 210 445 121 307 157 165
1 9 6
167 433 75 188 411 174
1 2 9
125 332 478 215 0 92 46 345 138
1 11 6
69 330 449 81 411 73
3 15 5
139 74 2 34 205
1 10 8
214 388 327 198 233 432 182 292
4 16 7
410 295 471 231 93 56 340
3 3 6
223 89 1 94 408 350
2 3 4
207 481 320 418
3 4 7
291 18 80 20 164 264 270
3 10 9
317 34 227 285 175 213 491 304 155
4 15 7
274 295 83 128 264 138 118
3 6 10
342 55 365 269 471 328 114 477 59 351
2 10 8
76 13 226 242 232 193 105 344
3 13 7
309 210 482 17 81 207 59
2 7 3
95 199 163
2 2 3
255 293 336
2 7 7
282 478 97 254 227 333 40
5 13 9
111 374 67 157 397 472 436 183 84
2 9 4
298 2 176 424
1 20 2
353 499
2 1 10
282 248 202 214 285 247 441 354 435 173
3 13 7
19 292 287 154 149 36 234
1 5 4
298 186 443 107
1 9 8
31 241 105 206 361 50 244 251
6 13 9
31 464 243 427 447 271 372 470 200
5 7 9
444 50 227 340 15 250 418 265 270
3 4 8
257 133 36 65 444 286 279 30
2 6 5
176 118 47 139 212
1 19 2
466 92
3 5 7
246 414 424 313 50 339 13
5 10 9
64 173 355 429 474 110 143 55 141
2 19 4
463 133 429 404
3 1 10
118 246 266 477 482 61 111 323 483 171
1 1 2
498 344
3 10 10
139 160 364 224 133 72 290 182 462 435
1 14 2
113 6
1 13 6
322 470 46 320 302 28
1 16 3
85 132 345
3 6 9
181 80 445 431 254 228 454 122 7
6 8 9
140 117 0 120 220 453 107 10 255
2 18 6
207 444 317 376 331 216
1 20 4
278 357 481 100
5 10 8
321 222 133 358 83 168 314 86
1 3 4
138 42 303 463
2 1 3
101 43 211
1 3 5
43 275 440 41 165
2 10 3
202 209 27
2 17 6
231 85 252 128 148 400
3 6 5
53 251 419 451 64
1 2 8
291 259 51 422 296 488 347 454
1 11 5
481 403 312 459 425
2 12 7
192 272 76 220 111 439 10
2 17 3
400 425 192
2 6 9
8 71 369 40 70 322 497 431 373
1 1 4
274 315 18 152
3 3 9
31 308 276 240 167 87 190 203 106
2 18 7
146 42 413 0 22 44 345
2 3 5
389 192 262 193 199
2 6 3
145 19 18
3 9 7
28 18 444 387 148 366 207
6 5 10
68 371 336 116 155 487 67 435 34 66
4 3 6
260 411 439 177 118 23
2 1 5
249 427 403 456 383
2 18 8
499 343 439 451 17 69 33 173
1 19 3
11 85 268
2 8 10
35 309 173 190 366 67 205 395 332 314
3 12 6
52 217 341 324 292 293
3 10 10
276 176 28 315 103 466 162 46 81 280
5 14 9
421 417 82 233 280 336 431 420 252
4 10 7
325 268 60 62 445 218 170
1 3 2
114 250
5 2 10
1 172 424 79 456 56 8 66 88 144
1 5 7
236 176 155 103 262 87 111
1 17 9
158 35 249 81 107 211 400 402 475
1 2 7
401 388 379 193 354 419 113
3 19 6
299 263 402 345 39 454
2 16 3
193 146 436
2 15 6
352 214 228 485 479 50
4 20 6
215 410 454 462 95 464
6 3 9
290 387 48 403 473 228 34 275 136
1 7 2
97 62
4 10 8
316 282 345 13 306 469 27 247
5 9 8
73 121 486 230 333 292 463 88
2 3 3
445 33 482
2 14 5
194 363 207 67 105
1 19 2
149 324
2 8 6
11 312 275 498 74 353
1 1 2
25 16
2 10 10
189 183 443 82 352 89 264 184 92 242
2 7 4
178 469 494 46
1 12 4
36 424 351 105
3 3 8
126 217 14 240 252 339 167 259
5 2 10
401 1 457 489 179 132 211 462 251 99
2 5 9
253 39 268 162 237 104 424 3 156
2 2 8
472 89 270 405 210 194 143 141
2 12 9
313 448 264 432 216 239 472 266 170
3 14 5
341 454 351 49 453
2 13 10
385 67 182 477 323 369 56 149 200 406
2 15 4
366 132 313 40
3 5 6
452 136 275 220 366 159
2 16 4
168 191 31 456
3 14 8
433 202 204 217 21 127 267 29
5 19 10
114 229 303 391 34 315 318 54 385 425
2 5 4
439 438 477 0
2 12 3
33 180 99
1 17 8
29 324 200 210 468 403 380 179
1 3 9
91 124 434 479 250 440 314 71 441
2 13 5
136 3 415 197 254
4 20 10
486 175 257 230 258 308 470 146 491 431
1 12 5
111 454 328 263 78
1 10 6
219 442 367 84 206 326
2 12 3
424 272 308
1 11 5
213 260 339 209 126
6 15 9
406 277 366 218 332 146 436 262 173
4 1 10
196 272 184 113 202 494 391 173 195 372
1 9 7
305 227 412 202 342 487 49
1 3 2
35 70
5 18 10
404 255 143 354 46 400 438 120 407 152
3 6 9
322 215 339 211 150 480 444 210 185
6 14 9
26 90 455 307 144 377 496 350 110
2 20 4
37 26 236 306
3 16 10
361 486 392 482 377 276 103 232 171 155
3 2 7
52 429 84 5 322 338 245
2 16 8
179 378 182 261 272 415 47 360
2 15 3
444 207 453
1 5 5
409 6 21 212 193
1 6 7
379 82 499 33 357 493 105
3 20 10
307 332 366 361 133 22 52 110 28 177
3 14 7
49 129 172 23 414 456 331
2 13 5
463 20 335 472 397
1 13 10
373 261 364 236 132 274 342 271 381 20
1 18 3
10 5 239
5 1 10
217 487 62 3 365 474 39 186 198 480
2 20 9
301 321 419 227 92 434 159 314 380
2 16 5
401 61 344 261 209
1 20 2
170 261
2 9 3
390 418 59
5 18 8
193 253 129 354 96 476 45 84
1 8 4
303 206 281 477
2 15 9
442 311 88 51 331 312 447 290 304
2 15 6
121 486 136 349 329 111
4 1 7
158 388 343 373 6 169 471
2 13 9
83 435 332 471 152 14 495 235 440
5 20 8
371 454 420 391 423 36 459 464
3 2 5
313 334 465 251 265
1 4 7
54 491 305 360 120 487 219
3 8 6
287 281 318 276 104 42
4 1 6
346 268 116 362 477 259
1 20 2
52 414
2 14 8
146 190 366 159 275 141 351 350
2 15 3
219 228 394
1 7 9
403 62 239 138 244 8 35 495 444
5 5 10
236 131 475 65 91 403 182 406 402 446
3 4 7
14 425 264 320 175 499 307
2 1 10
489 289 203 369 212 22 148 202 40 311
2 6 3
362 364 62
3 1 10
339 113 267 486 156 176 321 250 257 379
3 16 7
0 225 384 287 41 395 447
2 8 4
46 211 224 464
3 5 7
375 480 75 369 256 65 115
3 2 8
457 442 54 405 263 173 177 90
1 12 2
236 21
4 12 7
494 47 325 353 60 330 202
1 5 3
481 486 492
3 19 10
64 285 123 475 106 362 248 370 372 149
1 12 4
169 136 161 78
5 8 9
81 494 237 354 315 166 84 67 80
1 18 2
329 255
1 13 4
430 120 49 143
1 20 2
249 421
1 9 3
315 236 184
3 9 10
191 435 298 472 25 301 202 338 481 36
1 3 2
265 197
1 7 2
427 347
3 7 7
409 160 16 35 372 0 424
1 18 3
432 263 121
2 14 3
443 167 16
2 8 4
467 430 201 341
2 16 3
78 348 4
4 14 6
280 178 107 424 207 432
1 9 8
491 83 464 250 98 470 356 355
5 20 10
79 370 142 138 131 189 30 461 174 302
2 13 4
420 448 153 323
1 10 6
275 196 329 173 397 208
1 15 3
50 78 76
3 18 10
203 140 2 399 76 301 86 32 173 445
6 13 9
445 458 103 270 93 476 136 273 152
5 10 8
4 352 31 142 58 153 264 180
1 4 2
187 449
1 1 4
417 230 309 317
6 20 9
385 390 495 292 202 375 83 49 288
1 5 2
350 318
1 14 7
86 91 346 103 28 265 321
4 3 6
435 415 317 205 408 208
2 11 3
442 301 387
5 12 10
39 422 246 384 143 51 224 19 123 289
4 14 9
362 30 237 54 226 131 135 3 143
2 2 3
13 286 155
1 3 7
339 62 403 221 336 31 323
3 11 7
465 22 21 495 264 250 288
1 20 4
315 265 416 439
5 11 8
140 313 303 309 39 310 251 43
1 5 2
463 249
2 15 4
196 300 124 492
1 16 2
275 351
1 13 2
380 26
1 9 2
17 321
1 5 3
33 498 168
2 3 10
437 232 283 328 352 156 215 384 113 1
1 14 8
436 361 305 168 231 101 291 368
1 7 5
222 317 369 417 359
1 11 7
149 264 20 388 190 342 372
1 4 8
343 433 283 456 194 432 16 135
2 1 8
24 291 482 473 493 177 372 380
1 7 7
336 225 203 337 436 279 182
3 10 10
79 490 488 300 412 2 207 48 278 112
3 12 9
78 2 449 105 419 465 314 411 234
3 15 9
438 154 10 290 372 386 427 257 108
3 5 10
322 93 34 229 422 165 117 421 282 55
2 11 6
28 108 33 140 222 1
4 17 9
33 214 343 448 248 361 281 170 29
4 16 10
201 180 139 472 222 314 278 299 93 405
3 11 6
226 155 37 282 337 315
6 19 9
352 80 309 238 366 57 135 145 382
1 7 2
398 463
3 16 10
93 153 439 99 380 246 204 489 240 85
2 10 6
270 96 330 120 312 79
4 3 10
483 362 41 393 443 277 56 436 242 0
1 13 4
491 461 59 19
2 6 8
222 453 174 50 469 188 207 468
6 14 9
125 323 134 375 404 447 357 96 223
1 11 3
372 40 237
4 20 8
12 188 81 98 124 117 498 374
1 20 9
268 199 473 203 48 184 132 0 241
1 7 8
46 392 336 176 256 165 148 277
1 14 2
356 402
2 16 8
218 86 68 66 383 28 209 267
1 13 3
453 17 202
2 7 6
239 128 39 59 297 144
2 12 7
251 328 472 23 155 64 453
1 2 4
479 3 78 84
1 13 5
260 229 116 405 216
2 6 4
63 70 94 371
3 5 5
241 325 85 129 247
3 2 9
301 386 440 75 165 418 439 33 324
2 4 4
175 474 146 439
2 3 4
54 209 418 79
5 14 9
404 472 307 273 93 418 90 294 165
2 19 5
399 291 407 394 309
2 8 5
169 399 330 342 101
3 8 6
423 125 497 244 295 131
4 6 7
55 440 139 163 431 482 404
1 6 2
258 294
3 14 5
419 371 153 120 48
1 20 10
382 265 112 459 81 365 367 389 231 443
1 14 3
50 305 295
2 3 4
294 187 325 311
1 9 2
182 148
4 8 6
455 36 278 272 44 373
2 6 5
94 452 478 193 409
1 18 4
273 396 371 385
2 16 4
93 17 432 401
3 20 6
333 115 180 138 226 38
1 11 7
439 40 275 377 328 63 343
4 12 6
126 313 361 22 249 316
1 3 7
431 473 408 323 482 29 196
2 8 4
266 488 306 151
2 10 4
454 166 34 133
1 15 6
96 423 139 400 446 488
1 17 8
98 135 457 19 327 10 385 200
1 6 8
276 157 387 497 50 311 124 334
1 16 7
264 166 425 91 201 52 461
3 7 5
179 317 184 5 147
2 6 3
270 366 390
2 6 6
432 219 387 99 406 424
1 9 2
243 93
1 17 6
183 374 393 407 51 310
6 9 9
289 430 89 498 97 378 401 90 283
2 18 4
230 360 8 271
4 10 7
1 473 72 310 499 97 163
1 4 2
13 376
4 19 6
239 157 38 159 269 51
4 10 7
454 162 370 295 495 466 68
2 8 5
193 206 464 374 98
2 20 5
430 214 232 100 290
4 13 8
201 373 46 292 429 233 356 424
2 6 3
464 222 357
5 10 8
311 466 199 105 390 232 82 147
1 11 6
109 150 273 450 281 269
5 12 9
84 344 321 396 481 446 383 453 181
3 16 7
333 315 327 493 87 72 239
4 7 8
273 37 242 355 269 149 477 160
1 3 3
278 431 182
2 2 5
75 242 329 232 368
3 3 10
396 407 404 155 84 25 249 133 450 72
4 16 7
26 339 280 428 484 246 275
2 4 4
40 245 233 280
5 9 10
131 145 100 398 409 264 379 263 44 309
1 9 2
195 424
1 18 2
395 31
1 19 5
225 79 429 367 377
3 4 5
445 239 333 100 237
2 7 7
261 389 228 145 444 286 407
1 2 2
325 171
2 9 3
422 306 274
3 11 5
274 383 196 420 456
1 9 8
291 480 237 448 332 242 223 406
1 5 4
469 183 263 426
3 20 6
285 127 266 318 178 465
1 14 4
142 233 465 272
6 17 9
357 105 61 484 223 154 38 293 297
2 11 4
345 173 226 354
3 11 5
345 215 348 279 173
1 12 3
105 139 435
1 2 8
476 393 313 247 197 42 11 496
6 13 10
464 381 313 252 346 463 21 176 330 358
1 14 4
256 176 438 141
3 14 8
266 377 238 51 392 413 299 31
3 8 8
17 19 211 253 383 306 149 461
3 3 5
243 473 69 451 444
1 15 5
179 483 338 468 297
2 11 8
236 172 431 119 179 362 20 298
3 14 6
376 282 186 394 353 442
3 11 6
130 115 366 485 1 241
1 19 3
490 76 16
3 12 8
460 305 440 359 456 404 137 177
1 16 3
450 217 467
5 4 9
104 110 410 370 459 148 366 7 115
1 6 4
386 130 121 246
2 16 3
78 31 468
1 11 4
83 324 425 335
3 10 8
108 72 420 181 4 297 9 64
3 18 6
454 108 76 121 119 242
1 18 2
363 269
1 17 2
324 275
1 14 2
257 324
3 4 5
491 69 427 70 306
2 8 4
478 496 12 457
1 8 7
361 3 222 331 308 492 65
1 12 6
308 498 231 5 199 364
1 4 7
275 38 264 42 495 449 452
6 20 9
343 309 66 105 308 2 480 236 183
2 17 4
318 302 187 278
1 14 2
216 78
1 10 5
454 323 429 184 51
2 20 5
77 418 295 247 308
4 19 6
66 274 248 215 203 346
2 9 6
61 176 319 219 470 43
2 16 4
446 267 142 5
2 9 3
62 326 170
2 4 9
170 175 409 277 139 148 293 198 155
1 2 3
231 322 392
1 13 2
72 434
3 20 5
376 419 409 247 77
2 20 9
442 439 77 401 299 241 386 296 41
3 15 6
81 27 310 428 402 421
1 16 2
307 452
3 11 8
450 46 190 296 268 86 143 440
1 12 4
369 140 431 197
4 4 6
55 130 131 97 240 483
1 19 10
26 218 86 61 131 260 381 163 498 493
5 16 9
12 390 110 424 496 328 366 161 187
4 19 7
111 279 8 388 289 307 402
2 4 3
492 409 480
3 3 9
226 493 497 333 157 197 10 4 308
2 20 4
19 164 293 42
2 2 4
9 266 109 164
1 17 3
149 307 452
1 18 4
429 369 391 292
4 15 6
138 380 19 35 65 128
1 14 2
225 402
1 11 4
492 35 82 73
2 13 8
44 329 257 72 281 274 218 108
1 3 6
128 476 353 254 194 99
4 10 7
44 236 71 468 208 146 180
2 15 3
291 56 95
1 16 2
183 7
3 10 8
267 222 311 252 430 218 230 88
1 18 2
118 458
1 12 7
89 471 186 279 50 168 123
1 7 10
283 374 214 209 350 168 347 494 75 41
3 4 8
75 163 132 7 255 203 5 265
2 4 9
89 153 253 20 204 444 233 387 173
3 15 5
283 480 446 368 449
1 2 6
431 30 357 325 65 166
3 17 8
5 339 497 422 137 54 344 303
2 8 3
97 360 342
1 20 7
56 490 447 180 106 122 190
1 13 6
442 244 302 56 96 55
4 9 8
210 289 259 399 61 82 355 318
1 12 2
4 484
2 18 3
414 38 41
2 20 10
343 222 358 189 331 203 52 321 225 479
4 9 10
103 175 391 3 134 475 115 463 40 384
1 9 2
119 223
2 11 10
223 454 368 229 467 288 181 322 358 112
4 11 7
84 413 15 198 164 83 145
2 8 4
201 157 456 296
3 6 7
169 187 358 232 370 399 284
2 13 3
28 494 259
2 8 3
460 491 397
3 13 9
86 168 198 177 376 246 229 95 112
6 7 10
19 207 358 144 468 247 285 92 15 455
4 11 7
185 461 226 319 441 494 253
2 17 3
471 474 140
1 19 4
100 404 429 169
4 13 10
356 281 205 191 414 402 347 441 380 279
1 9 4
376 339 318 301
2 6 4
174 138 368 299
1 4 2
104 464
6 19 9
58 369 285 159 212 179 85 183 397
3 4 5
351 217 374 130 145
1 2 6
356 60 465 17 285 260
2 12 5
424 324 239 344 472
1 8 7
75 104 277 161 33 257 292
2 19 4
69 48 331 365
1 12 7
338 371 63 495 227 167 303
6 18 10
125 464 224 148 49 271 67 267 91 311
2 9 4
328 150 117 462
2 5 3
294 466 244
3 10 9
456 24 85 180 27 236 143 203 414
1 13 2
388 233
1 3 2
472 2
1 1 3
189 67 219
3 12 7
278 393 186 6 237 485 335
5 13 8
329 217 459 62 446 240 148 229
2 16 3
468 495 9
3 8 5
80 252 147 445 197
1 20 8
217 424 103 201 456 346 372 457
1 11 9
333 55 197 330 190 349 384 286 273
1 9 6
104 476 150 21 453 158
1 4 3
349 428 241
1 4 4
416 163 324 39
1 11 2
136 78
2 16 5
215 261 247 357 139
4 4 8
348 413 285 86 148 226 270 213
1 18 4
28 272 170 37
3 3 9
136 52 7 226 138 221 255 494 78
6 18 10
364 449 276 272 114 443 398 284 478 421
1 17 6
309 308 409 447 198 450
2 20 4
324 167 87 305
1 17 6
97 247 172 190 367 304
4 16 9
334 336 271 403 196 97 243 474 381
1 4 2
190 267
2 15 3
481 355 215
2 16 5
446 132 410 323 202
2 12 4
476 202 187 452
1 2 2
351 407
2 8 6
414 400 377 61 433 368
1 3 6
337 5 124 480 20 134
4 17 8
74 447 19 277 486 249 148 102
2 11 7
262 238 8 57 492 344 154
4 19 10
319 73 208 308 216 301 241 35 262 187
5 6 9
115 360 64 66 140 302 320 35 375
1 16 8
386 221 114 103 435 6 169 73
3 18 5
419 122 362 404 100
2 15 10
236 123 287 80 241 379 50 272 84 387
1 11 2
156 50
4 20 9
16 117 179 156 482 480 399 58 48
5 1 10
165 302 178 113 346 279 412 194 348 440
2 18 3
170 357 293
1 8 2
23 447
2 19 5
170 473 301 210 16
2 3 4
462 62 495 488
1 15 7
124 106 146 363 135 266 381
1 15 7
273 184 239 471 91 463 112
1 9 3
243 215 101
1 6 3
66 216 306
1 16 2
318 90
3 3 5
145 461 321 4 355
1 19 2
111 324
2 11 10
217 365 295 86 114 239 233 398 216 221
2 10 9
244 228 37 109 197 283 99 243 390
1 19 5
389 330 217 308 288
5 12 8
376 473 0 185 174 467 203 73
5 5 10
405 139 296 126 61 64 167 370 118 442
5 9 9
276 7 17 478 255 195 285 35 36
1 1 2
48 437
5 9 9
155 170 429 280 184 273 250 301 5
1 2 4
262 457 271 448
2 8 7
304 6 75 376 67 343 330
1 16 3
348 117 162
1 20 5
1 139 431 326 318
2 2 8
188 382 214 391 353 326 275 116
5 15 9
479 6 315 207 271 47 393 249 289
2 3 3
85 170 36
2 17 8
192 424 489 481 305 176 164 497
4 10 8
55 429 86 407 352 340 319 366
3 18 5
141 251 332 206 152
4 10 9
313 118 415 334 227 495 230 276 413
1 13 2
141 461
3 13 9
227 254 40 77 222 219 321 164 132
2 10 3
207 408 407
1 8 2
163 20
2 5 3
440 485 475
6 12 10
422 315 160 176 398 167 357 459 335 419
3 12 8
336 288 286 226 159 153 290 123
1 19 3
343 277 247
1 3 5
488 447 270 313 160
1 16 4
171 340 147 246
1 20 4
99 417 455 374
3 18 5
8 317 253 328 137
6 12 10
462 478 19 111 4 26 63 300 418 133
1 6 3
252 51 382
5 13 8
147 200 486 257 406 69 452 70
4 18 7
192 379 49 359 214 150 303
1 16 6
368 72 471 34 110 165
2 19 4
333 319 243 73
2 18 5
28 12 385 158 442
4 6 8
167 193 446 267 269 190 161 210
2 13 5
409 487 263 75 373
2 13 7
270 217 351 301 132 184 302
2 14 3
254 257 213
3 20 8
327 441 235 345 283 96 218 29
2 18 4
56 141 290 366
3 2 5
288 176 197 401 26
3 7 7
73 6 83 184 240 497 384
6 1 10
77 241 30 92 143 438 84 494 157 231
1 18 2
42 92
2 12 6
476 141 358 314 41 255
3 12 8
399 417 396 327 285 176 44 394
1 20 2
331 356
1 14 9
330 352 206 227 16 80 174 411 116
1 18 9
475 354 58 384 88 402 71 421 212
2 2 10
336 291 145 332 272 376 482 323 414 269
3 2 10
68 499 476 273 221 378 14 21 348 344
1 9 2
384 390
1 17 3
270 183 402
5 12 8
192 17 434 229 492 189 78 290
1 4 4
48 42 29 399
1 11 10
37 455 463 252 160 355 79 262 386 100
2 7 9
81 111 110 419 26 99 30 47 274
1 10 4
245 210 135 82
1 16 3
421 281 159
5 8 9
184 267 410 123 69 288 205 182 64
4 9 8
464 22 497 180 50 87 52 214
5 8 10
497 309 320 422 382 261 210 113 246 3
2 4 5
453 373 200 70 496
5 11 10
188 171 204 299 2 291 18 284 117 24
4 19 10
199 120 325 274 255 302 4 152 435 127
2 11 10
327 106 12 402 158 391 428 451 29 210
3 9 9
323 200 418 86 223 5 63 120 498
4 2 7
76 128 100 148 209 415 455
5 9 8
49 480 208 215 435 211 112 298
2 8 5
273 131 335 274 150
2 7 6
147 79 96 319 64 278
1 16 7
446 306 45 212 341 231 13
1 12 6
180 422 111 14 293 450
2 5 6
163 148 376 65 58 318
3 7 8
367 84 345 121 267 163 53 72
6 12 9
471 457 287 473 472 78 198 12 42
1 4 4
162 84 230 303
2 11 3
101 384 250
2 4 8
354 205 14 104 208 173 72 359
5 17 8
214 135 389 316 153 315 352 398
1 9 3
29 312 168
5 7 8
1 336 7 255 264 346 59 68
1 4 7
159 60 324 323 482 117 399
1 9 4
100 275 296 227
4 16 9
398 479 230 205 276 190 113 79 83
1 17 4
134 4 447 239
4 17 10
371 181 51 88 426 357 370 128 265 330
1 18 2
103 247
6 1 9
308 36 71 204 364 434 441 159 258
3 4 7
128 92 253 195 237 384 10
1 4 4
146 15 292 128
1 6 6
180 23 163 367 20 234
2 16 5
120 318 74 445 91
1 4 2
337 208
2 11 3
49 204 86
3 2 7
58 236 118 21 83 284 273
1 7 3
81 421 377
1 13 3
379 291 135
3 18 8
495 273 498 491 169 453 288 198
3 19 5
4 138 365 371 100
3 13 7
275 278 290 330 227 168 433
1 10 2
107 256
1 6 10
131 349 98 394 108 380 43 268 292 446
2 10 7
51 348 127 36 161 345 136
1 16 2
21 245
2 13 4
438 86 442 63
3 6 10
377 22 360 365 274 305 155 85 340 301
1 9 2
483 150
2 7 6
110 10 350 165 336 388
2 18 8
93 404 41 372 447 230 373 458
1 2 4
388 239 128 308
1 9 10
175 498 211 30 495 182 13 357 121 391
6 1 9
99 304 352 44 495 190 58 25 341
2 14 9
322 466 64 275 428 332 60 215 434
2 7 3
423 179 69
6 20 10
482 86 140 210 414 208 329 370 153 198
1 12 5
224 74 93 206 320
2 19 9
190 169 116 103 277 487 201 425 389
5 8 10
296 241 50 400 478 87 416 338 278 465
1 14 4
192 391 370 275
1 2 7
376 92 118 370 368 10 139
1 18 2
61 266
1 2 8
135 104 56 29 467 214 54 158
1 2 2
113 419
2 8 4
154 328 413 151
1 16 2
135 127
6 13 10
89 410 77 416 115 222 238 248 102 285
1 14 5
275 85 388 130 163
1 9 2
299 341
2 13 3
459 183 85
4 10 7
166 480 405 384 216 6 148
4 10 7
3 179 84 100 193 345 29
5 20 10
385 142 395 114 276 256 183 118 462 315
2 11 3
385 443 286
5 18 9
492 75 242 204 322 423 111 236 133
1 7 2
334 42
1 5 7
298 343 376 399 49 189 244
1 6 5
257 178 69 57 80
1 14 2
273 139
2 16 7
84 235 199 432 406 270 74
2 5 9
104 206 460 178 28 436 277 56 74
1 7 3
253 156 139
4 7 7
405 490 459 495 45 170 395
1 19 2
217 232
3 16 7
478 272 498 263 43 242 408
2 3 5
384 471 279 285 6
4 11 8
169 9 208 301 314 188 317 369
6 1 9
495 230 5 176 295 202 106 494 292
2 7 5
269 109 193 294 481
1 16 2
238 76
1 10 3
192 324 354
4 11 6
132 324 10 389 239 482
2 7 5
67 288 234 422 269
1 8 2
244 43
1 19 8
70 389 187 54 35 381 230 240
4 1 7
39 90 141 443 422 99 269
1 2 4
267 188 324 367
1 18 2
328 110
1 3 5
100 281 329 430 219
3 12 9
367 225 273 369 8 277 392 175 69
5 1 9
148 220 471 187 83 166 329 478 378
1 19 10
411 152 232 116 338 398 385 215 71 413
1 7 2
363 423
4 6 8
261 62 124 482 362 89 335 60
1 16 3
454 357 383
1 8 3
67 96 354
5 6 8
171 46 134 239 30 420 88 343
1 16 3
39 107 104
2 2 3
478 499 326
6 10 9
491 452 69 456 211 213 498 113 355
1 1 3
210 32 257
2 1 6
232 331 385 75 0 20
1 9 10
462 440 464 376 89 214 8 443 228 111
4 9 9
172 462 261 496 199 44 237 205 211
6 10 10
248 443 240 394 65 251 0 142 123 38
2 10 5
262 445 120 198 496
1 1 6
361 165 413 80 322 453
5 12 9
475 448 487 364 190 267 74 353 309
6 3 9
176 453 201 154 124 260 200 381 149
2 20 9
181 364 271 167 399 76 339 114 219
1 6 7
111 165 81 117 144 269 138
1 18 2
244 232
2 7 3
311 73 467
2 4 4
84 214 349 203
1 17 6
35 344 74 158 449 112
2 11 5
214 236 322 324 485
1 20 5
252 108 290 294 146
1 19 2
11 245
3 7 5
165 272 97 358 91
3 15 7
448 52 462 163 369 215 464
2 12 3
411 329 417
3 3 7
322 235 225 222 157 36 189
1 12 5
145 154 267 226 297
1 19 8
322 15 496 482 47 277 157 257
2 18 3
47 354 249
4 10 8
358 45 219 336 95 203 310 419
1 13 4
293 470 457 230
1 19 3
104 255 359
2 15 6
399 238 377 233 15 319
2 11 7
238 329 119 417 182 403 73
2 10 8
27 205 72 288 497 468 160 264
1 18 5
292 408 388 115 422
2 7 4
471 369 391 230
4 1 8
427 89 232 468 399 130 348 14
4 7 7
393 329 494 262 296 395 306
2 20 5
412 21 80 110 228
2 15 9
115 171 440 129 482 225 1 213 403
1 17 10
169 245 378 76 414 310 352 6 256 121
1 9 6
267 97 275 250 132 165
2 1 7
434 150 155 323 114 422 251
1 4 4
336 365 293 56
3 15 8
260 269 490 122 296 421 480 441
1 13 2
184 356
1 17 2
271 339
2 1 8
243 173 484 374 359 217 129 27
2 16 3
259 21 84
1 17 4
67 316 414 172
1 10 7
255 143 48 347 31 217 429
1 4 9
497 69 357 326 423 391 241 413 337
1 9 8
419 323 18 263 45 485 256 240
1 15 6
47 60 109 176 385 142
1 20 10
43 67 170 47 288 130 417 411 357 328
2 9 3
431 265 157
4 17 6
185 363 387 307 372 275
1 16 5
317 418 17 151 90
1 8 2
22 387
1 10 7
2 423 264 416 293 283 95
2 11 5
388 305 28 396 216
1 6 9
160 491 286 390 470 284 95 124 298
1 15 5
480 209 90 3 222
1 4 7
311 483 29 274 371 195 223
3 16 5
390 268 494 371 21
1 4 8
16 182 367 90 147 452 183 396
4 3 8
227 68 17 371 329 55 486 293
1 5 6
408 434 345 36 342 335
