500 2500 775
11 30 21 34 36 22 27 24 28 37 11 13 30 12 19 37 21 12 34 14 27 12 19 34 18 30 28 24 31 29 22 26 31 30 25 12 11 24 30 32 27 27 26 25 17 21 23 30 23 36 32 25 23 14 37 33 22 22 25 34 29 19 39 13 17 35 20 21 38 14 21 31 34 25 40 37 18 25 33 22 24 28 21 23 34 39 36 31 28 32 25 40 22 13 36 34 25 15 28 14 31 38 16 27 24 15 19 14 18 27 32 20 31 22 32 26 16 17 35 33 11 20 35 18 11 13 17 40 18 16 29 29 29 38 12 11 35 20 29 32 17 36 33 39 26 36 24 27 34 28 34 30 20 22 30 18 13 26 21 11 29 14 15 25 38 36 11 39 17 36 33 14 14 26 14 32 17 39 14 13 26 18 20 11 27 32 21 33 28 27 30 11 11 33 40 15 20 19 24 21 34 18 26 18 27 31 40 14 24 27 21 24 20 40 23 18 37 26 16 33 14 28 39 35 24 31 20 33 36 35 29 25 40 29 15 19 24 37 25 31 20 25 38 20 18 11 31 15 23 28 27 19 28 32 24 16 37 36 32 37 33 34 19 38 17 12 13 19 15 37 22 21 28 20 14 38 33 40 26 11 19 25 32 20 33 22 24 15 29 34 36 37 28 38 26 33 27 24 13 22 32 23 14 13 11 21 21 23 13 38 25 27 39 32 34 19 29 16 19 37 27 27 13 16 27 37 25 12 29 21 19 24 35 13 32 20 27 37 16 25 40 28 35 11 29 13 14 14 30 23 15 35 34 31 36 34 29 30 15 38 16 39 20 39 31 40 26 13 33 27 38 17 27 26 33 29 37 24 17 17 39 18 14 35 38 13 19 16 35 13 31 13 37 26 22 30 15 16 18 17 38 40 36 34 17 15 26 35 19 40 21 22 14 16 37 11 11 26 23 33 35 31 38 28 14 27 37 33 15 14 24 32 32 35 39 20 22 25 26 27 38 40 30 40 32 14 28 24 16 34 35 12 17 18 34 18 38 32 17 22 40 12 15 23 14 13 32 30 31 38 14 37 36 23 20 14 38 32 31 20 13 28 16 20 26 22 15 30 38 27 22 35 20 33 22 33 30 24 28 13
1 20 11 24 26 12 17 14 18 27 1 3 20 2 9 27 11 2 24 4 17 2 9 24 8 20 18 14 21 19 12 16 21 20 15 2 1 14 20 22 17 17 16 15 7 11 13 20 13 26 22 15 13 4 27 23 12 12 15 24 19 9 29 3 7 25 10 11 28 4 11 21 24 15 30 27 8 15 23 12 14 18 11 13 24 29 26 21 18 22 15 30 12 3 26 24 15 5 18 4 21 28 6 17 14 5 9 4 8 17 22 10 21 12 22 16 6 7 25 23 1 10 25 8 1 3 7 30 8 6 19 19 19 28 2 1 25 10 19 22 7 26 23 29 16 26 14 17 24 18 24 20 10 12 20 8 3 16 11 1 19 4 5 15 28 26 1 29 7 26 23 4 4 16 4 22 7 29 4 3 16 8 10 1 17 22 11 23 18 17 20 1 1 23 30 5 10 9 14 11 24 8 16 8 17 21 30 4 14 17 11 14 10 30 13 8 27 16 6 23 4 18 29 25 14 21 10 23 26 25 19 15 30 19 5 9 14 27 15 21 10 15 28 10 8 1 21 5 13 18 17 9 18 22 14 6 27 26 22 27 23 24 9 28 7 2 3 9 5 27 12 11 18 10 4 28 23 30 16 1 9 15 22 10 23 12 14 5 19 24 26 27 18 28 16 23 17 14 3 12 22 13 4 3 1 11 11 13 3 28 15 17 29 22 24 9 19 6 9 27 17 17 3 6 17 27 15 2 19 11 9 14 25 3 22 10 17 27 6 15 30 18 25 1 19 3 4 4 20 13 5 25 24 21 26 24 19 20 5 28 6 29 10 29 21 30 16 3 23 17 28 7 17 16 23 19 27 14 7 7 29 8 4 25 28 3 9 6 25 3 21 3 27 16 12 20 5 6 8 7 28 30 26 24 7 5 16 25 9 30 11 12 4 6 27 1 1 16 13 23 25 21 28 18 4 17 27 23 5 4 14 22 22 25 29 10 12 15 16 17 28 30 20 30 22 4 18 14 6 24 25 2 7 8 24 8 28 22 7 12 30 2 5 13 4 3 22 20 21 28 4 27 26 13 10 4 28 22 21 10 3 18 6 10 16 12 5 20 28 17 12 25 10 23 12 23 20 14 18 3
3 17 5
43 404 315 138 316
1 11 6
182 98 188 411 163 383
1 6 4
294 430 46 170
3 4 5
157 290 464 253 498
3 11 10
8 107 237 321 82 366 491 388 225 298
1 12 2
168 239
2 7 6
400 484 276 142 171 148
1 19 8
163 446 58 199 119 408 67 242
1 20 4
101 262 318 352
4 16 6
334 122 206 51 5 17
3 16 8
242 52 439 24 461 370 495 165
1 8 7
318 442 491 313 324 60 383
1 15 2
234 351
1 12 8
100 5 130 71 270 417 168 461
1 8 5
142 149 256 458 317
2 12 3
287 313 57
1 15 2
469 428
2 14 3
430 8 487
5 11 10
266 150 267 279 485 225 219 28 221 306
1 15 2
329 380
2 17 3
269 126 457
1 8 2
235 457
1 3 5
361 440 136 141 412
2 14 6
244 280 345 37 414 184
1 13 2
163 249
1 18 2
169 234
3 10 7
265 92 216 5 416 166 17
2 5 3
352 245 135
1 16 5
60 354 476 35 273
1 5 2
264 365
1 18 2
418 366
4 11 7
344 139 283 180 480 154 438
1 11 3
66 239 122
1 2 4
436 61 85 280
1 8 4
62 99 199 438
5 4 9
279 286 188 80 340 96 214 114 148
3 14 10
439 489 378 49 379 238 178 473 233 100
3 1 9
257 4 30 170 107 96 192 91 198
1 5 3
211 53 277
1 8 3
497 209 390
2 19 5
428 450 302 480 60
4 7 9
293 146 267 209 283 144 157 406 325
6 18 9
244 97 114 319 218 479 222 417 26
2 10 4
14 392 3 291
4 9 9
451 245 68 270 464 0 408 64 230
1 8 8
61 207 89 232 410 138 324 144
2 8 4
304 421 171 151
2 9 5
325 168 371 481 149
2 19 4
235 474 315 475
4 6 6
291 270 301 350 424 75
1 13 2
397 424
2 3 6
57 252 219 0 354 389
4 18 10
333 143 344 343 437 385 263 43 29 242
2 17 5
73 176 290 67 62
2 8 4
316 10 409 210
1 20 5
153 489 467 184 162
2 10 4
322 452 266 103
4 3 10
283 321 303 487 399 120 404 330 194 378
1 5 9
102 214 395 440 311 40 183 224 4
2 9 8
268 164 431 323 61 18 318 392
2 10 3
313 50 217
2 11 3
66 363 211
2 16 3
492 122 182
2 12 4
402 160 382 39
1 10 7
31 137 474 387 355 233 72
3 8 8
174 264 72 66 388 267 53 261
3 19 5
126 397 415 61 140
3 20 5
426 452 73 53 161
1 8 6
105 455 48 242 182 480
4 20 6
238 51 271 118 185 474
1 5 3
32 242 229
2 17 5
105 172 165 279 292
1 18 9
167 420 52 206 208 254 405 272 355
1 11 2
169 220
1 11 2
401 140
4 10 7
133 281 170 286 462 86 395
2 3 4
437 379 459 477
2 7 4
273 408 103 230
2 10 3
167 28 354
3 14 9
421 477 121 258 55 224 499 339 366
1 1 8
415 373 399 460 355 148 480 136
2 2 10
322 263 135 249 130 133 456 285 92 312
4 9 8
3 326 164 497 267 494 11 167
2 14 4
84 492 209 303
1 14 2
420 64
2 7 6
137 18 238 382 193 36
5 6 9
443 28 336 208 79 331 434 445 51
1 14 5
127 169 70 351 454
4 4 9
302 236 186 467 50 282 228 419 299
3 18 5
456 269 8 303 486
2 14 10
215 386 0 112 54 262 272 212 31 10
4 1 6
122 334 307 473 273 181
4 3 8
13 258 20 271 83 152 296 445
1 20 9
105 86 350 0 469 175 57 324 376
1 10 5
65 387 61 37 288
1 9 5
13 117 265 261 182
1 14 4
205 40 37 348
3 5 6
419 471 32 12 36 171
1 12 2
342 45
4 4 7
68 444 336 4 282 255 151
1 19 4
190 291 444 79
1 16 3
162 87 49
1 15 9
223 149 64 268 89 92 112 438 321
2 19 3
418 462 202
1 7 5
365 274 447 227 406
4 16 8
134 145 164 478 396 336 338 99
6 15 9
364 468 259 62 366 265 263 180 215
3 11 7
47 290 25 211 453 384 322
1 14 8
488 137 295 83 187 280 35 181
2 3 3
284 395 60
1 1 5
219 389 286 172 7
1 4 9
420 418 342 170 434 135 274 356 406
2 13 5
96 153 310 381 258
1 15 3
53 240 334
3 14 5
380 87 384 201 237
1 19 5
438 105 312 467 184
1 10 3
12 419 278
1 16 9
143 269 499 200 496 54 84 177 286
1 13 4
162 138 468 478
1 4 8
378 75 451 158 268 15 390 58
5 12 8
393 203 216 388 143 295 8 285
1 10 3
218 110 283
5 14 9
484 353 43 265 186 364 377 18 301
1 7 4
19 494 479 46
2 14 9
154 315 72 116 239 23 65 369 325
4 4 6
230 394 0 83 84 314
1 11 3
4 251 117
3 3 9
72 498 332 20 0 183 367 80 275
1 15 5
376 163 248 422 137
1 8 3
497 473 133
1 7 2
389 344
2 6 4
461 490 102 57
2 6 10
76 84 2 317 147 96 246 34 204 258
2 17 6
317 22 83 443 446 467
2 19 4
327 134 218 371
4 18 10
499 278 458 394 242 170 27 467 486 33
4 16 8
17 235 199 42 72 495 376 304
1 18 6
349 100 116 284 323 237
1 17 6
421 239 312 386 173 499
1 14 5
333 296 369 444 379
2 1 5
334 25 242 117 489
2 6 4
159 209 386 336
1 15 2
379 147
2 8 3
199 84 406
2 5 3
121 275 55
1 3 2
70 411
1 10 4
138 411 338 473
4 5 10
159 116 311 331 36 160 119 166 271 148
2 17 3
235 66 283
6 7 10
319 290 381 11 310 353 412 145 457 189
3 1 7
333 6 451 49 173 124 309
1 12 3
137 428 60
1 18 7
423 431 368 153 470 96 192
4 3 7
19 334 166 446 53 45 459
4 14 7
450 55 101 415 159 366 209
1 5 2
83 103
4 10 6
473 283 478 394 248 212
2 5 3
83 35 273
1 10 2
138 256
1 14 8
328 345 340 232 9 31 12 74
1 2 6
92 406 461 286 23 110
1 14 3
53 210 204
1 6 2
94 200
1 2 2
32 66
2 10 4
16 195 63 64
2 16 3
242 368 337
4 1 9
143 233 313 155 412 110 118 336 361
4 16 6
89 0 166 99 87 379
2 4 5
21 468 268 344 145
1 19 4
365 21 93 400
2 9 3
475 267 401
2 4 7
292 170 498 330 199 245 319
3 1 5
187 438 402 470 30
3 14 7
290 486 31 212 268 111 293
1 9 5
48 447 77 343 147
3 17 5
59 38 112 258 149
2 11 4
491 492 258 308
4 15 6
202 48 333 206 447 312
1 10 10
188 452 18 303 407 10 274 400 443 186
1 11 2
91 496
1 9 5
439 9 299 75 457
1 2 4
195 150 450 383
1 11 3
309 467 166
2 8 4
482 124 240 269
2 9 5
411 452 149 485 137
1 11 3
366 88 232
6 18 9
36 402 441 316 112 446 319 385 468
1 6 6
90 478 251 490 365 149
1 5 4
367 461 407 247
2 8 4
369 47 482 181
3 17 6
299 63 350 425 115 380
3 13 8
99 171 218 54 292 67 479 268
2 9 9
289 453 407 253 263 91 163 138 440
2 16 4
12 335 473 108
2 6 5
271 330 386 202 446
1 13 2
230 154
4 11 8
307 367 77 217 182 200 192 174
1 10 7
434 136 316 236 383 26 363
4 11 7
484 19 228 340 491 14 140
6 2 10
37 461 252 41 248 28 181 347 281 265
1 11 5
60 445 354 28 67
5 14 8
470 475 229 182 379 71 72 372
1 20 2
326 348
3 17 7
115 219 242 480 229 95 146
6 14 10
407 293 106 479 160 491 265 59 11 204
1 20 10
351 341 112 259 118 14 117 197 98 16
2 12 9
286 485 420 81 325 263 165 192 207
3 8 10
78 250 387 121 447 346 58 170 92 37
4 10 6
456 377 120 444 453 72
1 19 2
44 129
2 19 5
320 355 452 430 5
3 4 10
74 32 263 410 435 360 52 457 271 363
3 17 6
26 85 103 49 386 131
3 14 6
86 38 44 237 138 368
3 15 9
145 453 124 383 244 89 387 174 320
2 18 3
436 422 105
2 10 6
140 345 251 79 244 10
3 4 7
246 266 45 208 436 207 185
2 18 7
281 244 236 164 322 279 408
2 13 3
392 48 260
4 18 8
192 358 188 120 128 293 47 449
1 19 4
5 284 497 344
1 18 2
64 306
4 20 6
3 143 209 310 323 256
1 1 5
446 263 378 358 260
2 19 6
263 389 61 213 133 315
2 2 6
23 249 24 469 210 43
2 6 7
293 388 227 343 491 152 107
6 4 9
82 78 388 97 485 45 293 286 417
1 9 2
136 437
1 14 2
201 384
2 18 7
54 231 465 258 47 33 111
1 2 5
308 323 409 359 259
2 19 6
215 231 66 383 393 111
2 20 5
344 92 237 204 241
3 15 7
497 273 178 246 384 292 340
1 18 2
128 46
5 10 8
62 122 339 23 40 1 374 344
2 13 4
110 103 18 154
1 7 3
450 52 136
2 13 4
159 305 347 6
4 19 7
425 52 292 305 131 372 16
5 9 10
345 388 474 219 343 43 435 274 255 129
3 2 5
176 168 455 146 450
4 9 10
302 248 297 15 163 445 454 159 264 463
1 16 8
269 124 308 59 217 157 103 0
1 12 2
179 276
3 6 6
285 302 96 401 480 464
4 12 9
148 415 244 127 239 437 64 409 485
4 17 7
7 413 370 484 101 379 39
4 17 6
417 48 81 6 410 341
1 6 6
408 229 29 86 402 202
3 1 7
97 280 408 484 187 243 395
4 8 6
93 329 227 435 71 60
4 18 6
240 388 187 470 226 79
1 14 5
19 78 187 428 214
1 7 8
0 45 265 270 387 261 71 207
3 11 7
140 157 443 341 196 442 499
3 6 7
86 496 354 442 254 72 71
1 13 6
131 104 331 171 327 412
4 11 8
436 397 428 27 48 205 421 113
6 2 10
282 242 154 421 323 402 152 406 267 381
3 8 7
70 490 334 122 246 197 91
1 17 8
111 313 103 467 219 263 191 204
1 15 2
253 116
3 16 8
336 104 48 360 269 288 370 250
2 3 5
268 214 127 65 257
1 16 2
164 305
2 6 5
391 283 179 382 334
1 18 2
54 255
6 12 9
355 80 33 38 495 273 103 473 113
2 6 5
86 235 484 361 22
2 17 4
349 251 187 393
3 15 7
67 98 104 359 367 126 490
1 1 3
343 47 92
1 3 9
311 299 176 240 470 485 351 8 66
2 3 5
472 435 71 320 188
1 4 3
123 470 45
2 14 9
85 386 464 137 146 23 306 155 349
1 7 3
24 160 451
4 1 6
47 407 489 353 129 0
3 19 5
361 199 325 86 213
2 6 8
481 334 303 211 276 148 255 240
1 11 9
379 287 119 204 344 351 100 151 294
2 14 5
206 241 332 49 15
1 6 2
315 129
2 4 8
92 82 491 478 266 387 133 239
2 6 6
314 65 260 164 218 172
2 17 3
166 496 467
1 7 7
280 329 250 69 361 384 7
1 6 4
406 434 143 146
4 18 9
16 45 473 294 81 270 261 104 115
2 6 5
365 412 68 470 460
3 16 8
31 265 305 136 32 492 412 106
1 1 5
127 411 239 404 492
4 19 6
86 379 188 321 473 442
2 14 3
446 20 87
2 17 3
206 214 162
3 1 7
166 0 487 488 316 283 296
3 7 9
397 120 377 82 97 491 217 257 143
3 5 10
121 17 190 116 402 149 378 224 159 256
1 11 6
89 347 294 300 250 213
1 4 8
326 143 258 354 55 384 388 470
6 4 10
372 380 176 44 333 110 226 411 97 448
1 10 10
183 251 462 271 433 199 214 381 458 299
1 6 4
310 473 482 403
2 17 3
428 177 4
1 13 3
477 17 134
4 17 10
150 146 328 174 457 23 70 308 58 264
2 19 9
240 83 362 159 338 232 352 140 27
2 10 10
65 397 239 62 368 93 437 392 424 402
2 5 7
278 360 108 474 91 135 222
3 17 10
329 266 398 480 70 32 296 134 249 449
2 18 3
219 472 103
1 19 2
60 492
3 8 5
28 211 405 397 153
5 17 10
216 437 27 403 180 95 466 412 410 416
1 20 2
87 23
2 14 7
453 377 315 164 170 40 270
2 4 3
397 305 96
4 9 6
323 457 34 364 53 127
3 3 5
93 53 24 310 222
1 15 8
162 384 275 118 379 354 181 274
3 13 10
64 31 212 153 29 123 199 174 197 451
2 18 10
92 334 393 56 227 314 404 171 307 41
1 6 10
376 82 268 334 397 459 100 152 461 232
1 15 3
100 445 265
1 6 2
142 20
5 15 8
40 278 405 273 402 262 182 210
1 7 6
484 469 236 474 248 210
2 14 7
371 108 58 451 281 135 498
1 5 2
138 490
1 17 2
394 63
1 19 2
36 50
1 15 8
279 99 469 67 33 1 408 436
1 14 4
68 492 487 145
3 3 7
46 151 488 340 242 243 179
1 10 2
10 499
1 20 8
188 347 338 332 98 25 393 344
2 16 4
145 120 406 488
1 12 4
336 262 298 87
1 3 4
368 494 393 142
5 4 10
363 405 157 357 2 175 214 166 135 199
5 6 10
237 470 19 281 365 242 260 418 315 413
2 6 3
332 68 240
1 14 8
41 206 255 135 211 6 411 98
2 18 3
142 474 423
2 8 4
25 353 423 285
4 2 9
43 434 198 210 32 137 6 475 98
1 16 4
378 186 261 305
3 14 10
411 410 403 493 117 277 16 197 465 402
2 10 9
33 193 22 1 110 211 435 151 117
5 15 10
491 147 73 196 93 277 468 328 21 205
1 14 6
335 135 183 311 432 292
4 17 10
74 460 453 225 228 222 30 196 286 231
1 15 3
114 223 108
4 9 9
486 43 438 311 342 264 371 406 186
4 18 7
11 146 480 250 422 398 243
1 19 3
159 132 191
2 5 6
280 175 318 94 455 328
2 17 3
450 448 404
4 2 7
71 421 302 195 169 39 484
1 1 2
489 48
2 10 4
436 482 85 360
2 2 7
387 11 476 364 401 61 286
2 17 4
157 351 121 161
2 13 9
262 48 418 269 333 236 306 47 99
2 6 3
380 325 416
1 1 4
265 309 27 415
4 13 6
339 273 128 345 322 298
2 6 8
340 471 456 400 218 72 398 330
5 3 10
189 325 148 271 65 196 436 166 328 4
1 10 4
267 385 407 83
3 7 10
268 50 19 1 30 401 365 54 73 229
3 10 7
330 429 12 454 425 395 35
2 12 6
368 72 129 212 188 105
1 20 3
317 336 258
2 1 6
112 169 375 222 118 176
1 9 5
305 332 140 79 17
1 9 7
108 447 58 10 373 86 270
1 17 6
440 217 213 190 238 175
1 11 4
227 148 260 86
6 8 10
139 331 485 211 459 185 183 8 184 32
3 12 5
169 298 363 41 409
4 2 7
264 380 483 176 243 256 215
6 18 10
371 237 275 384 442 86 16 176 274 335
2 6 8
296 364 293 427 205 221 287 180
2 12 8
419 68 96 345 218 299 367 355
4 16 7
348 411 291 134 239 243 245
2 9 7
444 161 15 312 489 484 137
4 3 7
63 80 304 310 221 437 484
1 15 3
350 385 465
1 11 2
127 23
1 8 2
458 54
2 10 7
293 486 185 332 305 298 438
1 18 2
95 351
1 8 7
57 362 477 320 187 40 344
5 9 8
25 240 158 418 256 428 424 166
1 9 2
17 203
3 13 9
384 110 177 148 335 312 489 68 245
1 17 4
255 378 336 312
1 6 3
404 339 295
2 13 8
48 283 368 351 326 308 350 111
1 8 3
405 257 48
4 15 10
258 77 8 461 413 365 30 188 313 73
2 18 4
81 186 92 488
2 11 4
325 234 21 190
2 3 5
436 372 347 37 151
1 1 4
127 433 159 143
4 7 8
99 207 447 189 212 365 399 4
1 12 2
118 114
4 18 6
137 492 205 404 357 360
4 5 8
227 195 361 494 151 459 469 180
2 1 3
403 5 311
1 9 10
13 27 495 373 308 338 65 211 490 224
5 14 10
297 328 177 308 483 450 205 238 408 187
1 12 5
333 285 291 299 304
1 3 2
20 316
2 10 9
406 305 474 426 308 19 425 208 362
4 16 10
417 318 170 226 229 166 162 474 39 395
1 4 4
197 14 93 475
1 11 2
173 233
3 11 10
188 94 412 405 125 97 37 495 99 322
4 9 9
69 443 396 452 109 105 439 441 131
6 5 10
441 480 479 474 390 363 305 118 352 489
1 13 2
160 232
3 1 6
452 129 13 174 485 472
4 7 6
135 459 96 473 176 360
1 4 8
300 174 92 97 167 112 88 233
3 18 10
126 67 433 471 76 64 61 90 98 488
4 17 6
106 145 62 177 329 327
2 5 6
388 403 29 345 331 286
1 10 10
208 418 200 345 147 21 431 225 70 111
4 17 7
243 104 142 452 69 355 291
5 4 9
265 286 35 71 191 175 170 260 7
2 3 6
317 98 270 45 266 365
4 9 8
414 379 22 367 54 380 340 100
1 10 3
8 387 488
2 2 8
187 13 202 262 349 315 263 318
5 1 9
118 386 261 7 22 103 325 159 412
1 15 10
117 372 35 31 353 225 197 125 392 180
2 15 3
246 72 477
3 12 10
392 258 374 169 469 299 276 319 251 47
5 1 8
129 9 443 189 182 366 77 26
5 15 9
8 270 249 427 123 401 192 77 12
4 2 6
405 49 84 83 78 68
1 13 3
60 374 171
2 17 4
297 491 390 154
3 12 6
74 312 429 7 42 172
4 7 10
32 472 273 357 178 133 263 234 425 308
5 17 10
444 220 251 328 18 378 474 348 71 69
4 18 10
91 327 129 499 100 30 480 432 487 486
1 19 7
448 283 390 493 406 453 23
2 11 8
41 421 169 20 300 211 125 3
1 15 7
264 179 39 463 320 52 342
1 19 9
279 51 1 341 235 157 494 343 217
4 19 9
191 297 334 299 315 182 357 270 61
1 11 10
215 89 50 477 432 242 335 84 152 498
5 12 10
7 426 84 245 18 21 260 177 110 402
2 7 5
256 72 136 419 464
5 17 8
98 65 346 252 311 471 153 76
2 8 4
240 94 237 56
1 4 4
152 394 50 107
1 1 2
41 468
1 5 5
274 139 81 301 142
1 8 3
73 156 175
1 17 6
282 20 263 66 8 185
1 3 3
373 429 98
2 15 3
338 409 245
4 8 7
367 382 251 186 192 320 262
2 8 5
467 314 464 335 265
1 10 3
323 183 442
2 20 9
281 129 244 191 428 320 297 91 333
1 12 2
400 465
6 13 9
33 181 463 15 399 486 45 279 313
1 19 7
280 488 130 433 335 301 52
1 19 4
329 212 429 222
1 12 2
295 337
1 2 2
288 270
3 14 6
18 201 360 26 269 380
3 12 7
442 352 258 69 102 412 72
1 1 6
97 108 266 149 345 326
3 11 8
32 242 262 69 260 420 124 439
4 11 10
17 288 52 333 180 433 484 468 182 151
2 17 9
146 229 386 1 475 431 213 359 442
1 15 2
114 259
5 11 9
333 315 96 147 274 319 256 337 261
2 20 3
202 355 477
4 15 7
397 161 385 31 150 135 247
3 3 8
43 443 319 414 499 191 161 7
1 9 4
376 9 81 135
1 1 9
457 263 359 383 207 339 347 367 358
5 20 10
215 287 184 305 274 32 148 242 284 245
2 15 3
440 329 337
3 15 7
267 328 156 173 344 309 152
2 18 7
19 54 110 259 69 278 320
1 18 4
30 187 413 89
4 14 9
451 371 329 365 280 237 168 442 183
3 18 10
111 137 213 496 115 114 59 204 215 307
1 16 2
190 382
3 11 5
89 190 177 369 280
3 15 10
475 346 426 162 153 259 321 435 117 472
2 9 4
415 269 153 38
1 2 2
423 285
1 2 4
150 166 228 269
2 15 3
166 99 12
2 10 9
485 284 93 83 469 294 245 412 77
5 2 9
427 382 311 36 166 138 348 296 297
1 19 2
372 73
1 7 3
248 57 180
6 10 10
173 128 36 305 2 206 50 143 494 473
1 18 8
139 32 253 386 246 148 363 303
2 13 3
440 425 451
2 19 5
12 498 486 60 228
5 4 10
276 191 109 460 284 30 267 400 369 198
1 15 4
317 202 488 381
1 20 5
13 407 454 404 365
4 9 8
309 445 286 127 67 313 343 154
2 14 3
287 401 79
3 20 5
134 212 87 333 385
1 15 9
136 389 311 447 417 455 45 262 343
4 3 8
484 78 267 84 287 364 493 256
2 3 5
288 494 450 28 499
2 1 3
395 183 484
1 19 9
205 385 233 435 417 441 160 490 264
3 15 9
170 428 290 425 416 389 202 388 133
2 14 3
267 361 246
2 18 4
241 220 114 287
1 2 2
69 21
1 7 4
165 206 339 445
1 19 7
190 162 482 288 101 485 197
2 5 3
432 186 342
2 7 4
279 316 301 53
2 2 3
479 244 343
2 2 8
276 387 310 403 302 463 151 67
1 14 2
340 76
2 9 3
40 152 260
3 18 8
20 177 341 288 331 30 40 70
2 19 5
151 13 182 243 242
2 18 6
146 388 113 41 363 311
4 20 7
28 152 17 493 452 449 354
4 16 7
205 132 372 266 427 9 42
2 15 3
101 233 44
2 15 8
72 439 37 387 27 84 208 423
1 15 2
185 438
1 16 2
265 201
3 2 5
124 42 362 487 244
3 20 6
5 347 95 82 4 305
4 8 7
82 242 264 300 489 310 401
5 10 10
310 103 498 414 183 199 444 31 299 366
2 2 3
53 245 26
1 19 2
235 348
3 8 8
461 453 121 279 424 352 414 360
1 8 4
277 16 110 437
2 18 6
287 137 173 21 66 395
2 12 6
475 431 38 302 149 380
2 14 3
376 486 436
1 11 10
142 212 363 252 124 5 364 443 282 309
5 9 9
485 352 315 227 270 228 175 131 48
1 10 2
263 99
2 15 4
157 126 428 279
1 13 3
148 77 322
3 20 5
49 367 148 76 355
1 16 6
499 453 155 489 314 300
5 16 10
194 218 214 165 418 125 55 251 260 127
6 3 10
53 247 203 157 494 248 292 378 383 291
2 18 4
450 477 299 339
4 1 10
458 106 239 345 428 492 24 208 152 313
1 20 9
146 156 130 120 458 434 451 311 211
4 12 10
317 115 320 488 288 82 235 4 30 79
2 20 7
25 403 179 32 410 382 255
1 3 5
90 81 214 49 174
1 11 2
209 177
2 18 4
121 395 269 182
2 11 6
254 438 138 39 232 78
1 3 2
68 343
1 7 10
363 242 156 128 13 226 460 416 241 113
2 5 3
129 461 36
1 5 5
280 401 475 263 380
1 16 2
364 149
3 20 5
281 86 333 389 151
3 4 5
81 50 402 388 225
3 8 9
163 274 2 275 148 429 312 411 82
1 11 2
294 209
1 9 8
400 19 160 112 91 171 87 423
2 4 5
184 492 353 139 280
2 16 4
480 154 128 433
5 9 8
479 339 455 481 94 183 467 450
3 5 7
284 219 162 53 317 493 189
1 2 2
279 230
2 18 3
204 93 470
1 2 10
375 272 123 59 262 498 451 66 212 297
3 12 6
104 134 277 135 303 96
1 6 8
77 176 349 145 99 445 314 306
5 17 9
57 18 383 137 33 458 31 392 302
4 15 8
291 121 383 281 307 104 441 388
1 8 3
85 482 348
1 18 2
271 29
5 13 10
389 259 103 362 318 498 229 280 415 483
4 12 8
196 167 86 389 210 85 59 95
1 2 4
17 255 441 241
1 16 8
310 288 20 397 139 435 99 37
5 9 9
51 191 138 476 223 38 479 390 34
1 8 3
95 329 41
2 6 8
19 400 81 127 348 319 417 433
6 7 10
142 304 73 332 343 426 419 224 210 139
2 7 3
467 355 255
1 14 6
106 36 241 426 314 126
1 9 2
482 194
4 15 6
276 113 92 212 411 442
4 3 6
444 39 167 229 237 124
2 10 5
153 122 319 326 87
1 7 6
115 311 87 38 101 328
1 16 4
89 37 362 238
1 6 3
322 189 283
5 17 8
290 11 227 366 411 117 355 71
3 19 10
169 106 57 103 168 213 424 275 200 70
2 17 9
486 149 57 446 141 52 443 325 390
3 19 8
196 182 245 146 404 5 90 400
1 5 2
493 83
2 9 10
436 68 240 358 241 148 321 393 347 186
2 11 5
454 301 181 412 346
1 17 2
216 186
1 5 2
317 335
1 2 6
262 272 39 408 370 165
3 3 5
144 138 216 10 172
4 19 7
111 287 59 470 419 271 331
3 12 7
485 190 393 176 419 40 313
1 1 3
481 493 100
2 17 5
226 431 43 16 98
3 12 10
488 494 120 115 259 0 132 360 474 473
1 10 5
452 165 326 419 393
2 7 5
67 306 116 160 437
1 16 2
93 103
2 20 10
470 495 181 26 260 356 324 106 371 189
1 13 4
302 115 59 241
2 1 4
429 10 48 178
2 6 10
88 378 471 103 91 384 151 62 469 149
2 15 3
104 224 399
3 2 6
0 274 61 140 188 22
1 13 5
112 223 377 411 477
2 19 10
72 166 24 257 88 217 305 419 152 444
1 12 2
368 390
2 8 10
110 349 27 52 133 109 2 103 35 113
1 1 2
255 264
4 15 8
345 66 79 445 70 465 81 122
1 9 3
26 429 226
2 5 4
70 379 418 57
2 16 5
198 396 18 316 348
3 20 5
305 476 323 245 241
2 19 8
413 272 377 224 210 15 186 458
2 16 4
357 355 374 18
1 7 8
227 213 276 436 97 343 117 316
2 19 8
148 78 413 59 429 398 157 25
1 6 3
372 38 7
2 15 5
308 440 473 347 129
2 4 7
240 461 382 468 427 32 320
3 9 6
198 146 98 229 145 156
3 11 6
385 426 474 421 242 13
3 9 10
242 177 472 30 436 362 234 71 102 499
1 5 2
64 462
1 14 2
123 450
2 3 7
13 59 208 440 248 305 462
1 6 3
293 182 305
6 13 9
211 328 361 383 113 410 439 423 108
2 14 7
241 461 478 12 66 95 356
6 18 10
286 258 291 56 45 235 385 166 222 413
2 12 7
424 102 426 357 472 220 251
2 10 3
448 120 221
1 12 2
158 445
2 16 10
248 235 447 230 208 174 115 233 135 217
4 8 7
119 12 416 435 391 30 83
2 13 4
368 340 488 378
2 11 4
336 144 256 21
4 9 7
103 290 318 346 282 156 249
1 16 5
261 226 190 152 96
1 17 8
447 91 155 212 198 156 297 75
4 16 9
163 67 481 174 290 457 434 147 476
2 8 3
432 117 245
1 10 3
135 400 124
3 1 6
67 279 354 371 464 238
1 13 10
448 487 54 169 243 267 170 321 59 383
1 14 10
351 363 14 406 125 168 236 243 104 146
1 5 4
338 119 80 238
2 14 8
160 115 17 498 284 144 192 200
3 19 10
351 340 321 75 0 210 326 167 249 303
3 18 9
345 310 40 241 333 34 120 28 144
1 18 2
169 248
2 3 7
253 13 302 267 173 331 118
5 18 10
344 330 174 455 413 308 380 430 201 477
1 20 4
339 381 168 219
3 17 6
105 464 221 108 20 359
2 6 8
299 194 191 83 446 45 337 57
2 3 3
460 226 106
1 16 8
400 350 130 345 486 439 139 399
2 15 3
343 197 454
4 10 6
465 270 201 423 395 81
1 16 2
111 372
4 18 8
373 418 183 377 31 29 1 462
1 12 3
379 315 342
2 12 6
104 108 5 75 451 170
4 18 6
103 254 372 221 448 82
1 15 6
28 389 448 300 347 353
1 15 10
207 62 97 179 356 438 298 296 86 228
5 14 8
139 105 319 123 356 239 268 271
1 4 2
174 431
2 7 3
13 94 473
1 1 5
154 330 71 367 125
1 17 3
183 471 20
5 18 10
471 259 359 288 488 477 8 12 473 133
4 9 8
167 259 137 102 138 62 173 44
2 2 3
313 87 499
1 9 2
106 451
1 16 4
372 452 356 35
3 9 8
116 230 243 436 470 331 383 257
1 5 4
407 258 351 444
2 7 4
292 50 317 201
3 14 7
82 218 155 11 461 179 484
2 13 4
100 418 78 498
1 3 9
381 444 95 68 142 230 387 451 87
1 5 3
388 499 477
2 8 5
119 333 318 120 385
1 7 6
236 340 424 5 448 23
1 10 4
74 97 376 101
4 17 6
118 11 496 117 12 18
1 14 5
91 476 162 440 41
1 2 9
83 272 108 162 486 389 336 298 382
1 13 6
380 251 411 66 260 3
3 9 5
389 245 66 221 129
1 16 2
365 18
5 4 9
376 463 2 26 264 302 80 90 462
3 13 10
137 47 305 126 196 116 361 80 316 364
1 13 2
233 326
3 1 9
10 45 15 96 143 212 85 392 123
4 13 9
459 35 434 441 127 338 282 328 118
3 7 9
443 38 108 408 21 400 76 115 187
3 17 9
258 40 323 314 199 338 82 284 486
2 18 10
46 359 409 177 362 69 200 313 370 169
4 16 10
424 160 382 399 394 405 473 386 476 357
2 7 4
96 112 415 354
4 6 7
372 312 197 494 384 91 188
2 7 8
20 440 142 270 93 36 109 401
2 8 6
130 424 146 26 376 137
1 10 3
24 299 70
2 1 8
404 40 178 309 193 138 418 329
3 7 7
19 177 440 44 384 481 151
2 17 3
269 303 440
1 5 8
490 131 386 250 53 441 349 255
2 7 5
406 168 376 326 3
4 8 9
35 178 0 448 342 226 391 106 4
1 3 2
493 477
1 6 2
156 176
3 14 6
142 141 436 299 262 467
3 16 5
383 52 338 250 300
5 20 10
402 385 170 248 340 190 205 240 34 228
1 6 2
364 287
6 3 9
209 311 358 269 213 244 166 66 117
3 15 5
103 126 487 180 366
6 20 9
269 56 346 476 318 26 141 409 417
2 6 6
258 75 256 111 192 150
4 20 6
221 142 33 150 494 39
3 10 10
312 444 31 453 261 382 233 5 158 177
1 9 7
171 326 476 14 150 161 149
1 12 3
349 209 94
4 15 8
339 57 255 340 83 356 131 53
2 11 5
430 237 487 171 199
4 16 6
273 7 465 162 409 177
2 20 5
194 358 374 259 470
1 14 2
55 214
3 15 5
43 364 424 47 175
1 15 3
490 470 19
2 17 3
313 19 366
2 3 4
356 376 242 136
4 13 10
280 425 146 191 71 237 192 137 347 433
1 8 7
167 84 409 193 15 161 78
2 8 4
25 343 430 169
3 19 7
117 486 341 84 58 212 220
2 5 4
312 36 96 127
2 5 3
149 51 376
3 10 7
280 176 291 225 283 116 77
2 11 6
110 305 122 117 341 192
4 13 6
419 191 454 314 115 124
2 9 3
7 458 391
2 20 10
101 435 396 436 329 181 298 287 392 407
1 6 2
482 183
1 2 7
387 496 93 385 163 50 192
6 17 10
180 18 242 200 330 454 362 287 366 120
2 13 3
338 265 484
1 5 2
91 297
5 7 9
48 414 274 43 487 456 70 395 244
1 19 2
227 196
2 3 4
415 255 80 473
1 12 4
28 423 108 223
4 2 9
416 144 253 447 169 380 7 31 220
5 10 10
133 305 149 26 391 408 108 140 490 430
1 1 3
45 141 98
1 10 5
181 286 376 331 419
4 17 8
99 40 326 478 424 457 442 258
1 19 2
367 56
1 4 7
359 255 496 392 422 304 176
2 9 3
172 260 94
3 18 6
99 346 121 348 399 39
1 2 3
424 392 417
1 17 3
131 76 254
2 8 4
57 290 470 132
2 11 3
306 386 330
1 6 5
475 104 187 299 109
6 3 9
133 315 254 475 406 288 73 405 372
2 2 7
127 435 264 167 323 444 47
3 17 10
373 271 27 211 35 216 174 94 238 314
4 1 8
482 443 378 379 472 161 408 81
1 9 7
337 125 6 412 290 62 267
3 9 6
366 5 178 77 302 164
3 2 7
134 383 14 273 292 70 174
1 5 2
300 394
3 11 10
313 7 374 496 345 215 49 81 463 29
1 14 2
328 375
2 17 7
103 296 200 337 66 354 283
3 13 5
147 13 418 456 408
1 2 7
480 313 492 129 191 148 454
4 3 9
309 460 96 347 359 93 103 237 340
1 12 3
456 153 269
1 4 8
180 482 436 273 364 362 320 78
3 14 5
425 212 455 335 297
1 2 5
87 155 33 413 363
2 4 10
62 142 196 34 268 467 41 298 411 462
2 20 6
376 353 138 171 372 125
2 16 5
16 371 24 157 250
6 3 9
128 101 363 163 35 106 142 135 228
6 9 9
120 171 329 341 410 9 312 283 200
4 19 7
90 17 405 197 335 437 290
2 10 6
101 219 170 54 106 196
3 2 8
109 43 340 221 98 433 69 134
2 7 10
135 303 22 456 54 383 163 222 493 112
1 2 7
10 412 274 106 315 317 145
3 4 7
273 443 80 405 25 238 16
2 3 8
107 178 59 372 14 425 482 115
1 7 10
437 244 273 301 412 423 76 330 24 329
1 13 9
33 264 473 196 307 227 155 43 105
6 9 10
207 289 464 204 443 36 82 166 361 216
4 13 6
326 30 383 244 151 234
1 3 10
16 455 1 72 265 277 235 396 371 339
1 18 7
384 276 212 392 310 235 247
3 12 10
489 127 213 83 157 211 124 475 481 362
2 18 8
97 333 363 210 417 21 54 66
2 3 4
448 317 490 279
2 7 10
432 416 133 490 177 478 339 225 42 99
1 4 2
294 403
2 8 5
282 495 460 425 349
2 9 4
261 189 84 359
1 16 2
192 242
2 16 4
56 390 91 114
1 15 4
43 416 322 46
2 6 6
12 358 169 176 435 239
4 8 10
445 77 363 49 150 145 213 475 180 224
1 18 8
107 244 430 49 110 307 348 44
2 9 5
331 372 240 5 368
4 2 6
450 154 12 117 330 318
2 3 9
411 274 85 313 204 40 186 232 123
1 13 2
443 47
1 20 4
364 231 40 219
6 13 9
330 217 441 225 184 108 254 120 201
1 12 3
21 45 417
6 9 9
110 348 491 456 87 137 458 288 139
3 17 8
76 61 16 298 233 217 196 197
1 4 2
255 225
1 1 7
16 354 407 404 300 294 355
3 16 6
464 488 333 208 88 26
2 5 4
473 169 315 325
4 18 7
383 181 464 196 266 214 373
5 4 8
117 72 20 286 374 70 25 60
2 6 3
282 98 445
3 13 5
287 325 145 143 474
2 5 4
406 267 378 331
2 2 5
313 135 24 400 487
2 18 5
137 8 105 336 385
1 10 5
417 4 48 149 28
1 5 2
205 446
1 4 6
144 410 114 490 125 165
6 18 9
363 188 410 211 182 497 93 423 244
3 18 5
82 96 28 467 148
2 18 6
449 223 191 450 216 446
2 6 6
375 240 288 39 448 498
3 17 5
67 32 60 59 302
3 12 10
370 439 211 499 228 363 7 131 11 59
5 6 8
363 117 172 256 114 27 472 320
6 20 9
24 359 306 282 235 44 21 152 252
2 14 4
5 152 372 38
3 9 5
154 413 435 422 445
3 19 10
373 269 374 474 256 132 173 156 126 125
1 15 4
116 156 3 95
2 7 3
191 299 85
1 3 4
328 365 461 341
3 12 8
121 18 83 219 275 367 118 470
2 1 4
462 380 12 44
1 10 10
179 454 295 365 320 73 333 311 304 246
1 1 2
185 239
3 12 5
479 121 440 438 178
1 19 4
57 267 58 450
2 11 4
470 206 361 229
3 1 6
314 259 1 85 149 313
1 1 9
212 440 383 488 21 313 493 336 43
6 8 10
56 90 323 379 274 449 390 86 252 411
1 16 2
392 415
4 16 6
63 52 243 417 442 437
5 2 8
233 316 351 33 395 366 384 379
1 16 7
365 75 38 80 455 55 91
1 17 5
430 196 327 125 9
2 14 6
421 341 271 239 441 466
2 20 3
132 388 422
4 9 8
347 143 57 387 272 18 213 94
4 4 10
150 225 473 296 36 122 395 352 389 142
2 13 7
427 130 143 80 314 71 186
2 17 4
432 65 376 349
2 7 4
498 288 172 169
1 9 2
177 289
6 11 10
446 238 379 294 72 207 467 203 179 111
2 1 6
211 460 407 409 356 151
2 5 7
44 105 478 128 389 387 89
1 1 3
59 201 229
2 3 3
248 25 326
3 20 5
64 417 461 479 186
3 10 6
456 54 182 475 389 27
1 7 5
40 97 320 439 9
2 19 8
465 44 197 485 252 304 229 83
1 20 5
390 474 238 404 104
1 16 4
263 485 418 68
2 14 4
458 218 209 112
1 15 7
191 492 462 445 266 52 115
2 13 5
231 170 146 406 392
4 2 10
150 188 337 404 389 497 88 41 33 238
3 15 5
133 140 21 298 270
1 20 3
85 120 490
1 18 3
241 210 480
2 11 5
158 376 433 268 185
1 11 7
492 254 163 413 86 226 36
2 11 5
390 97 163 245 360
5 10 10
1 399 239 447 12 283 424 87 453 445
3 8 9
38 251 430 74 128 132 302 30 92
1 10 9
409 91 233 94 76 165 259 253 346
4 4 9
74 473 295 106 274 227 485 61 60
3 4 7
444 169 125 186 232 231 470
6 2 9
65 291 365 429 460 347 356 43 97
1 4 8
307 98 477 376 488 125 399 342
5 1 9
152 284 414 300 74 359 115 124 298
2 11 3
299 464 199
1 4 4
279 266 271 282
2 8 8
29 449 205 45 179 276 227 337
1 3 6
281 294 119 130 306 115
2 9 3
374 191 465
2 7 5
192 255 497 104 266
2 18 7
386 102 121 479 404 68 162
1 6 9
195 233 409 445 171 478 79 382 373
1 11 3
373 320 217
1 10 2
147 280
1 6 4
173 273 137 417
3 12 5
19 118 185 319 362
1 9 2
80 295
1 1 4
477 487 130 312
1 4 2
244 459
2 9 4
26 69 131 476
3 13 5
335 83 396 313 257
1 3 2
438 392
1 7 2
438 207
4 19 10
436 181 25 260 498 223 315 136 27 366
2 2 4
165 28 40 81
1 19 2
75 446
1 18 2
415 147
1 2 7
234 437 442 226 358 320 160
5 13 9
455 44 341 59 449 148 156 239 202
2 3 3
400 151 117
4 4 8
114 261 216 401 22 5 170 120
2 12 3
379 176 194
1 2 6
27 306 31 186 281 282
2 2 4
197 135 447 378
3 20 5
494 33 8 64 6
1 19 5
284 391 389 251 278
6 8 10
330 477 97 338 225 264 412 124 460 485
3 19 6
464 370 266 408 476 451
1 15 5
276 34 385 251 303
1 18 2
4 178
3 3 8
446 451 164 156 321 483 15 67
5 20 9
302 226 169 13 280 374 206 87 237
1 18 10
133 279 344 356 332 194 63 110 33 77
1 15 8
433 181 239 10 345 440 288 104
1 5 5
434 84 86 21 64
4 4 8
364 363 39 124 248 258 454 220
1 14 5
308 49 26 179 324
6 10 10
209 227 306 192 296 372 184 354 160 34
3 8 6
327 171 260 208 357 429
1 17 3
485 313 202
1 16 5
200 190 395 387 425
4 6 6
399 27 76 56 372 271
5 19 10
394 261 205 388 141 7 2 381 384 227
4 18 9
231 94 129 111 169 308 166 16 262
1 12 2
52 219
1 12 2
157 322
1 15 4
139 281 78 262
1 16 3
309 450 286
1 20 2
310 108
4 7 9
265 343 58 202 172 166 384 70 378
4 14 10
335 165 25 258 204 460 299 368 208 476
2 4 4
95 40 296 134
1 11 5
392 377 424 251 291
3 15 9
265 246 43 276 286 474 337 199 144
1 20 10
205 86 125 204 161 251 132 90 416 127
2 2 4
359 293 477 93
2 14 8
334 26 412 13 390 356 33 217
1 6 2
427 435
5 4 9
368 302 497 260 378 296 80 374 114
3 6 9
467 165 117 238 359 112 99 172 108
1 11 4
304 73 77 450
1 3 3
6 497 211
1 12 2
471 483
2 1 3
266 299 290
1 5 9
410 445 102 460 166 155 392 85 54
5 11 10
183 129 444 368 492 438 9 6 0 21
1 1 4
47 320 488 402
3 9 7
64 215 345 83 363 240 461
1 14 6
482 213 413 132 129 467
1 3 2
242 164
1 15 6
87 85 198 199 355 53
4 4 9
144 29 253 160 440 335 27 6 40
1 10 4
212 471 11 428
2 16 8
451 367 475 138 37 17 278 222
2 3 10
175 86 365 206 343 316 88 104 337 50
1 9 3
400 50 48
2 7 7
147 459 304 219 485 106 282
2 4 3
489 301 62
4 6 7
146 398 349 476 451 468 138
1 2 7
78 51 170 43 179 289 270
5 2 8
307 84 488 26 498 179 207 338
3 5 9
478 429 36 493 181 428 252 128 22
6 13 9
40 197 19 431 97 175 237 130 455
1 9 8
93 113 382 359 203 379 309 68
2 6 5
327 241 142 43 495
1 20 9
328 92 40 43 290 99 454 242 35
1 13 4
169 168 22 90
6 4 9
434 205 319 484 446 437 15 73 45
2 7 3
20 32 34
1 19 3
411 193 372
3 1 9
361 5 50 398 281 342 310 373 425
1 5 9
299 95 153 374 312 173 197 225 248
4 17 6
437 102 356 418 3 242
2 19 4
321 213 117 52
6 15 9
297 494 288 129 50 393 426 248 61
4 8 7
122 287 202 214 195 213 433
1 11 5
45 19 378 39 18
1 4 2
316 495
2 18 4
473 48 432 400
4 11 7
279 32 305 489 445 237 93
1 9 5
115 450 280 451 182
1 7 3
416 329 36
1 16 2
118 100
3 20 7
438 8 330 14 5 460 107
3 3 5
156 329 398 208 479
1 11 2
21 97
3 11 6
263 297 246 113 157 125
3 13 8
57 214 477 190 159 81 351 13
2 15 4
267 162 405 303
2 5 5
367 236 303 456 416
5 5 9
333 10 398 6 224 92 189 427 369
2 16 9
98 20 350 468 455 416 280 168 392
2 10 9
180 216 72 362 55 356 439 230 348
1 13 3
360 466 173
1 11 5
137 318 452 213 355
1 16 5
310 473 109 98 14
2 20 3
489 485 244
1 9 2
398 71
4 3 6
157 106 115 380 343 15
2 2 3
146 230 3
1 18 2
258 255
1 7 6
380 124 406 332 286 235
2 19 4
47 288 180 99
4 2 7
117 439 153 294 25 216 256
4 14 6
354 425 56 220 441 25
4 8 9
488 332 353 418 151 410 456 217 199
2 12 3
251 453 321
1 19 2
124 346
2 1 3
395 256 397
2 7 5
137 261 104 123 332
3 5 10
410 412 113 83 443 378 469 196 425 7
4 7 7
16 474 421 401 198 298 492
1 12 4
299 219 65 366
4 3 10
32 23 67 486 185 13 110 2 342 100
1 9 2
36 387
2 14 7
268 207 402 114 337 493 443
1 10 4
476 161 356 218
3 5 7
175 149 364 421 481 490 384
2 2 7
272 6 427 356 466 345 354
4 14 7
464 380 119 133 277 202 172
1 12 4
77 480 10 432
2 5 3
95 422 413
1 7 4
366 479 419 473
1 19 3
379 371 71
2 13 3
114 16 370
4 18 9
2 413 361 422 391 222 154 189 206
2 18 3
410 234 293
2 9 4
465 194 59 315
6 7 10
462 177 90 3 429 309 423 149 92 82
2 16 9
68 80 484 460 37 81 318 157 65
2 14 7
442 49 96 370 458 493 351
1 6 3
226 484 363
3 4 7
226 334 117 230 337 484 116
1 7 2
464 119
5 6 10
93 247 324 298 455 240 297 1 318 237
5 2 10
466 41 151 426 4 433 359 362 438 107
1 11 5
255 390 414 365 287
2 2 9
476 335 331 421 128 192 347 104 265
1 12 6
216 149 121 496 327 76
2 1 5
256 229 91 450 22
4 16 6
254 418 219 480 263 411
1 4 3
59 40 157
2 13 3
209 352 439
2 7 4
162 402 469 405
1 1 4
234 344 70 422
1 17 2
47 149
1 3 2
79 295
2 10 6
418 234 316 199 22 398
1 9 10
164 324 339 97 241 49 159 457 498 311
1 15 7
52 119 193 104 450 462 102
6 3 10
268 78 223 156 27 187 468 395 133 188
1 12 3
41 455 450
3 7 5
287 58 413 194 215
3 13 7
477 382 343 47 83 312 35
4 15 7
492 130 8 213 475 280 331
1 14 3
155 259 102
1 5 3
35 198 458
1 6 10
146 280 444 419 425 411 297 29 131 22
4 13 9
53 441 73 190 439 492 323 108 40
1 6 5
129 210 321 303 222
5 8 9
254 229 411 312 417 68 475 16 14
4 15 8
406 143 231 342 465 232 353 354
1 9 8
459 191 11 161 184 340 397 241
1 9 3
150 448 205
2 20 3
366 144 419
1 19 6
55 272 130 61 278 432
1 14 3
187 212 101
2 13 4
492 58 362 113
1 3 2
462 360
2 2 6
146 164 217 173 241 496
1 14 2
326 208
5 8 8
137 20 339 55 492 400 280 12
4 7 7
39 245 205 361 190 93 151
2 16 5
159 301 123 14 375
1 1 3
261 492 124
2 14 4
304 48 99 357
2 1 4
82 19 358 432
3 20 8
64 2 192 180 198 484 170 326
1 19 2
34 116
2 4 8
354 275 418 293 254 334 73 423
5 11 8
24 129 230 315 294 2 378 211
1 17 2
355 460
4 9 10
304 309 471 108 55 65 208 464 154 188
2 6 6
275 94 305 368 444 401
3 9 9
285 34 121 329 269 413 174 415 439
1 2 4
372 151 71 42
2 16 8
487 359 289 71 405 476 103 394
1 6 5
253 352 141 190 290
2 9 4
360 380 462 318
1 10 5
345 420 86 283 264
5 9 9
400 377 21 491 262 273 143 280 178
1 6 10
393 304 203 76 448 341 116 209 495 390
1 10 10
157 434 492 309 499 315 254 108 187 213
1 15 2
32 478
1 11 2
421 257
3 10 6
302 447 295 497 328 14
5 4 9
138 105 341 104 407 401 74 439 479
2 12 4
409 415 108 265
1 12 10
164 127 138 53 226 493 495 163 450 390
3 6 6
281 293 469 3 324 451
4 12 6
174 170 411 10 224 292
1 3 5
203 114 451 428 467
2 2 3
223 454 469
2 4 7
287 122 258 458 159 125 352
2 1 7
137 437 237 165 376 309 302
1 2 4
422 27 92 55
2 20 3
177 419 179
6 19 10
305 136 325 111 210 128 156 451 95 473
1 7 3
366 259 267
1 18 4
97 473 213 150
1 17 9
417 447 350 100 415 439 263 157 444
1 9 3
280 295 155
1 9 4
63 278 267 424
3 18 9
402 16 235 49 441 265 277 319 247
1 18 10
14 127 47 346 248 391 142 320 280 26
1 6 4
59 78 468 462
4 14 9
44 182 326 471 251 478 27 86 222
2 1 9
5 456 444 20 133 435 296 170 388
2 12 3
224 0 348
4 9 6
301 129 211 322 285 25
1 9 6
339 221 458 151 407 142
5 5 10
50 7 328 248 486 192 61 490 140 112
1 10 10
469 174 485 242 272 335 181 86 138 194
1 5 5
268 125 457 461 392
6 12 10
122 221 157 493 177 161 413 461 232 296
6 5 9
52 72 224 484 440 260 354 425 343
2 15 4
408 381 66 136
1 8 2
314 425
1 12 2
135 213
2 12 4
80 412 250 374
3 11 8
329 170 145 237 113 13 312 434
2 3 4
223 258 158 125
3 9 8
263 258 202 106 337 353 374 56
1 4 6
335 325 60 460 384 14
2 16 6
88 455 94 29 137 139
1 20 2
86 306
1 3 8
459 325 408 243 294 236 79 171
1 4 8
375 348 201 95 161 352 184 311
1 4 3
58 6 185
2 13 8
383 132 458 16 416 395 85 107
5 7 8
187 123 233 216 115 16 98 87
2 6 3
262 467 484
1 9 5
82 171 392 117 180
6 18 9
435 76 458 95 391 18 64 410 165
1 4 9
230 192 60 180 45 402 422 316 148
1 12 5
327 311 233 244 345
6 3 10
406 118 42 497 486 211 159 96 127 106
2 18 4
343 173 378 315
1 17 2
364 389
2 2 4
162 483 429 19
2 7 5
213 69 491 293 431
2 2 8
107 13 400 155 273 373 383 220
5 12 9
406 211 330 481 112 495 257 364 254
3 3 6
275 269 326 21 331 311
3 18 5
468 196 257 153 165
1 2 3
391 11 18
2 2 8
329 444 223 481 5 421 214 63
1 5 3
248 429 497
3 5 7
455 80 86 344 292 134 313
1 8 8
453 300 374 151 286 337 3 265
1 8 7
389 36 469 297 236 186 219
1 12 8
172 380 88 348 258 152 372 153
2 14 7
485 231 444 115 103 487 308
2 1 4
127 63 86 249
2 3 6
245 32 238 332 54 381
1 2 3
489 380 455
5 11 8
61 308 152 408 149 241 197 75
3 8 10
357 192 43 20 129 12 152 208 226 440
4 13 9
291 130 440 426 135 218 221 215 216
2 6 5
86 130 429 425 1
1 15 2
32 469
3 14 8
14 242 330 416 146 432 192 230
1 7 2
107 21
1 17 8
149 155 299 142 225 429 85 456
2 11 3
473 425 378
4 10 9
303 494 149 10 4 115 431 417 18
1 7 3
485 321 143
2 8 4
36 97 253 83
2 11 10
253 469 458 18 373 275 478 296 149 89
6 2 10
405 163 398 7 484 21 178 260 317 371
1 19 9
203 400 2 106 257 129 384 33 305
5 6 10
476 442 26 205 69 241 37 293 145 159
1 20 2
111 429
1 16 2
480 456
2 12 3
19 344 59
1 2 3
456 471 491
1 8 4
266 23 146 418
5 16 10
477 85 218 148 333 281 100 273 143 11
3 3 7
139 46 493 389 380 171 182
2 1 4
468 306 274 355
1 10 5
356 167 115 211 47
6 2 10
355 4 240 304 90 251 330 173 42 6
1 13 4
314 127 362 38
2 17 6
192 328 215 470 166 68
3 18 6
223 395 420 277 266 103
1 16 6
58 60 225 187 224 40
2 11 3
368 216 276
1 16 8
218 442 280 389 245 146 46 415
2 4 5
359 424 356 315 212
4 11 7
460 16 45 199 58 453 303
2 17 6
59 377 126 296 190 415
1 11 3
351 112 8
1 16 3
450 145 225
6 18 9
319 140 489 411 199 35 371 367 13
2 7 4
447 436 35 428
2 11 3
113 497 351
3 12 5
253 73 442 204 398
3 12 10
438 417 455 319 428 46 370 463 290 315
2 9 4
439 65 222 434
1 14 10
108 354 113 336 270 77 55 432 485 492
3 13 5
186 76 487 474 111
1 13 10
260 284 76 366 40 356 385 4 428 211
3 17 6
70 433 310 367 412 293
2 13 5
218 270 210 428 135
1 9 4
43 368 367 310
2 19 7
319 4 400 150 286 292 188
1 14 10
450 451 140 343 434 83 169 70 177 150
1 3 3
189 428 128
1 4 3
371 180 404
2 17 3
272 69 467
1 11 4
73 150 296 237
2 2 3
389 493 359
5 13 10
166 308 68 392 423 468 42 100 267 335
1 2 4
331 445 297 105
5 4 8
24 165 2 311 177 88 238 161
4 5 6
275 33 201 78 79 47
3 12 7
182 236 128 10 284 139 197
4 8 7
201 399 3 412 289 337 27
2 1 3
234 377 475
1 17 2
315 55
2 1 9
432 481 123 292 385 166 175 447 485
1 12 2
74 247
1 19 2
366 52
2 16 8
261 361 215 348 170 334 288 182
3 5 5
199 50 235 247 228
1 18 8
190 361 42 403 94 91 176 231
2 7 4
73 393 200 371
6 10 9
266 368 387 121 456 167 127 115 479
4 12 10
471 293 246 183 67 158 394 420 387 262
1 8 3
97 458 469
6 4 10
349 471 257 188 414 387 89 490 212 292
2 5 3
282 446 128
2 17 3
403 355 241
2 18 6
466 480 385 431 277 380
1 1 4
411 325 202 47
6 17 10
111 89 170 330 49 186 15 12 177 210
2 11 5
491 370 209 82 197
3 4 5
349 29 403 123 35
1 14 3
25 69 366
3 2 6
97 241 323 436 394 172
1 14 2
196 427
2 12 5
9 487 92 70 446
4 15 9
470 95 79 362 12 207 14 148 241
2 14 6
115 240 201 372 87 373
6 14 9
299 473 187 63 1 47 216 209 4
5 16 10
196 445 493 118 357 380 419 106 54 467
2 9 9
354 40 292 442 217 161 169 316 58
2 15 7
462 291 240 177 392 207 101
2 10 5
382 339 456 224 10
2 15 10
120 229 240 474 456 30 381 450 210 201
2 19 3
345 268 445
4 2 9
118 290 153 379 300 4 24 112 334
1 13 3
343 421 6
2 14 3
481 38 197
1 4 5
181 246 269 263 407
2 1 6
443 242 405 481 460 277
3 16 5
243 43 471 373 252
2 7 5
158 273 132 341 331
1 2 6
91 20 382 390 18 477
1 3 8
423 315 287 327 188 346 279 499
3 1 10
466 138 176 451 273 232 141 304 42 177
3 10 5
105 177 457 82 247
1 11 7
121 76 98 244 305 86 388
2 3 7
186 8 396 68 281 60 304
3 2 8
119 488 403 435 451 314 464 190
6 6 10
233 93 314 106 479 103 306 362 498 433
4 8 10
272 250 246 469 95 294 106 259 497 55
2 11 4
180 269 426 6
2 3 4
7 335 79 331
4 6 9
25 186 224 189 65 320 26 183 339
1 1 2
29 372
6 13 10
361 102 404 79 429 110 108 294 269 354
1 3 7
116 195 50 452 369 473 363
4 20 7
217 133 303 172 478 267 150
5 13 8
70 78 166 184 254 233 125 403
1 14 3
468 127 62
2 1 4
358 52 365 71
1 14 5
91 374 396 242 65
1 11 4
48 228 108 126
5 9 8
309 459 481 91 95 499 132 191
2 15 7
202 397 15 44 155 234 180
2 15 4
204 52 141 384
3 4 7
129 76 349 411 151 445 275
1 18 2
496 251
1 14 5
495 453 50 205 336
6 9 9
413 201 490 121 382 480 385 324 86
2 5 3
144 382 8
2 4 7
486 410 103 102 48 383 29
1 9 7
200 43 444 112 161 406 186
4 10 10
303 429 457 45 70 298 337 464 391 409
1 20 3
35 450 350
5 2 9
230 448 6 2 261 462 174 84 30
2 17 4
445 328 158 48
5 14 9
443 46 346 271 61 92 335 344 219
4 2 9
62 72 44 452 328 449 235 115 390
1 9 4
383 446 421 349
1 14 2
75 225
3 17 8
23 144 381 107 32 339 215 83
2 6 5
150 295 233 325 408
2 3 5
332 158 88 400 86
1 2 2
227 190
2 19 8
287 168 42 285 458 114 50 295
1 8 6
129 447 488 423 79 266
1 4 3
236 350 319
4 15 9
477 433 228 15 473 59 245 411 225
3 4 7
320 115 246 274 441 467 284
1 12 4
279 61 306 226
4 18 7
460 287 415 253 347 133 319
1 16 5
38 34 174 323 20
2 20 4
1 439 102 386
3 17 10
195 174 314 455 163 157 276 252 208 117
1 17 3
396 39 98
1 19 6
344 463 493 94 458 405
1 9 9
285 119 248 465 468 196 47 348 481
5 4 9
358 356 436 324 198 211 21 36 95
4 2 9
471 424 266 498 329 113 321 108 335
1 18 2
123 337
1 11 8
71 21 215 498 193 486 238 241
2 5 8
424 400 422 104 387 103 453 450
2 19 3
325 298 333
1 17 2
29 266
4 8 6
35 128 311 272 285 258
2 1 4
24 334 323 272
1 10 2
149 89
1 17 2
286 72
1 18 4
95 129 225 102
2 7 4
85 247 347 59
2 17 5
39 280 81 457 76
3 18 8
87 482 162 259 16 72 460 464
1 2 2
385 424
1 18 5
294 246 256 152 255
3 8 8
485 314 336 274 315 374 440 127
4 2 8
134 421 347 439 111 386 204 188
6 18 9
188 236 436 73 49 114 154 410 393
4 14 6
69 475 209 353 412 1
1 7 3
17 210 334
2 10 4
330 45 12 328
1 16 5
309 165 197 344 209
1 1 2
490 65
3 12 5
401 90 344 319 420
1 12 4
5 107 192 259
2 14 4
405 257 315 50
1 6 3
487 362 239
1 3 8
267 22 195 282 236 206 110 75
1 12 2
382 35
1 18 6
107 464 37 448 114 251
2 7 8
441 94 302 367 108 138 359 253
2 18 7
150 227 332 386 259 345 119
4 11 10
285 245 195 235 101 46 126 317 190 198
1 4 6
91 220 476 211 191 39
3 11 6
290 469 207 315 243 303
4 18 7
458 490 133 159 198 183 301
1 14 4
332 209 62 187
6 10 10
288 427 431 391 75 311 415 269 207 426
2 18 9
32 407 302 151 379 375 491 98 17
1 19 10
258 222 78 271 174 421 278 404 265 307
2 2 4
122 202 262 191
4 15 6
467 370 256 287 490 354
1 3 4
29 132 152 117
4 15 10
248 197 117 282 116 462 115 370 487 199
1 13 9
279 141 253 254 164 211 234 196 33
3 17 10
224 165 330 64 279 450 427 258 208 370
1 4 6
413 244 164 120 77 190
3 1 5
82 272 303 435 183
1 1 4
200 263 321 347
1 12 3
152 453 278
1 20 4
343 366 436 234
5 7 9
47 87 113 207 117 497 169 431 76
5 18 8
185 344 451 32 266 176 304 182
2 2 6
433 340 61 219 298 141
6 10 9
193 406 472 29 327 310 59 286 388
2 5 4
297 482 256 275
1 18 9
266 19 140 89 50 395 136 245 259
3 13 5
290 167 225 195 325
1 17 5
65 343 50 471 385
2 6 4
259 94 429 4
3 2 8
23 184 128 88 268 18 469 193
1 16 4
265 430 223 368
3 8 8
336 369 473 328 466 364 298 354
2 6 10
231 388 251 86 492 398 335 478 131 118
2 8 7
293 415 270 148 36 470 173
6 6 10
164 251 146 484 362 49 402 143 112 314
2 8 5
441 178 112 356 25
2 4 7
232 16 24 33 424 439 347
3 20 9
281 113 232 382 383 204 111 64 175
2 9 5
271 244 488 80 412
5 14 10
369 94 237 223 189 272 449 472 197 116
1 14 5
22 299 173 478 329
1 6 7
330 164 439 146 271 310 140
1 18 10
412 191 198 256 470 420 413 292 496 201
2 19 5
36 158 218 444 141
2 9 3
345 288 71
4 5 10
46 24 373 28 305 308 207 271 136 44
2 10 4
495 346 156 18
4 6 6
224 330 296 19 105 289
1 19 4
52 218 365 392
4 19 7
77 246 472 321 497 212 67
5 15 8
178 39 433 420 188 177 54 385
5 12 9
37 219 152 103 164 334 394 358 230
2 2 8
45 135 246 240 447 16 169 178
2 4 4
234 213 103 159
4 19 9
27 128 120 336 33 124 23 434 195
4 15 6
46 191 476 386 332 118
1 6 2
200 306
2 6 3
386 469 276
1 18 5
464 391 15 208 46
1 14 2
446 429
5 5 10
229 444 172 403 237 107 104 41 290 344
2 12 4
483 185 223 371
2 4 9
305 88 35 395 340 217 114 95 234
5 12 9
474 262 233 292 431 64 374 372 293
3 3 5
35 34 485 378 388
1 13 5
192 347 272 102 492
5 10 10
151 415 480 41 438 33 489 138 350 56
2 6 7
3 202 264 175 270 158 126
2 13 5
499 301 129 86 36
1 15 4
107 323 196 77
1 17 6
179 174 95 445 126 330
1 19 2
160 84
3 18 7
14 342 421 424 246 468 480
1 16 2
461 196
2 16 3
327 8 52
2 11 8
304 342 204 197 166 10 301 389
2 20 9
169 115 272 212 161 397 382 435 320
3 17 7
30 389 331 94 266 239 247
1 3 2
329 135
4 15 10
245 442 396 398 60 23 484 492 78 211
2 8 9
283 475 161 388 466 438 491 107 434
1 20 7
156 40 99 256 78 385 426
1 13 10
183 20 401 104 318 311 314 175 123 409
4 9 6
266 128 145 415 75 420
1 14 5
215 404 88 486 354
1 2 2
142 84
1 1 6
191 212 300 230 271 135
2 4 5
202 83 316 50 262
1 7 6
329 268 274 487 133 57
5 13 8
87 304 169 24 78 301 406 85
2 4 9
442 287 57 296 322 101 453 155 1
2 14 7
132 391 410 283 434 244 176
1 15 7
307 416 402 448 106 308 42
3 20 6
189 50 334 144 147 397
1 4 2
194 62
3 15 9
312 498 155 125 352 491 335 46 391
4 12 7
231 121 21 310 462 55 421
2 4 10
467 427 251 371 485 241 14 171 254 374
2 4 3
206 156 316
2 19 5
96 309 242 153 179
2 14 6
90 281 206 442 245 341
3 8 6
328 168 301 412 433 270
1 11 2
219 223
2 7 10
155 362 13 103 239 168 240 281 462 277
5 17 8
217 70 37 247 458 269 352 250
3 14 6
60 39 142 457 56 443
4 16 7
294 182 430 477 177 156 475
4 7 10
265 474 189 178 397 53 366 410 417 149
1 17 5
85 323 144 1 119
4 20 6
45 155 480 387 240 39
3 11 10
312 409 114 154 410 377 374 475 52 110
1 18 9
357 360 285 31 391 63 421 496 446
1 9 2
128 458
1 8 8
362 432 252 140 390 242 113 78
5 12 10
99 258 426 215 346 409 246 213 432 448
1 13 7
462 16 121 47 46 205 219
1 1 3
268 120 433
1 9 7
299 359 136 451 77 113 227
2 1 4
349 493 161 295
2 20 3
146 295 333
1 18 4
209 450 293 260
1 1 8
22 20 272 103 450 367 100 347
1 6 4
433 66 473 149
1 4 3
77 382 106
1 12 2
409 215
1 8 4
96 206 418 284
4 2 8
426 316 273 449 204 451 132 86
2 16 10
174 50 117 154 71 76 387 417 308 411
1 6 2
346 116
2 1 10
142 354 475 0 13 102 134 235 279 229
1 15 2
333 170
3 9 5
259 119 152 133 333
1 10 4
395 161 427 296
2 3 8
271 451 161 26 97 361 261 345
3 5 7
138 206 221 326 104 28 404
1 11 6
209 253 338 371 323 60
3 1 5
427 235 183 299 62
6 8 9
264 365 407 394 309 378 456 390 154
6 10 10
418 220 290 179 263 151 56 199 3 71
4 6 10
323 442 445 86 310 10 154 114 365 287
1 16 2
453 223
1 10 2
474 319
3 13 10
376 1 307 181 332 325 96 443 14 467
1 18 6
321 491 325 316 424 408
4 3 8
424 95 222 238 296 39 330 243
1 3 8
367 111 294 471 130 324 201 277
2 20 5
455 417 301 89 75
3 8 9
24 408 366 52 398 127 306 104 205
3 19 6
38 402 161 216 258 420
2 18 8
12 437 223 228 54 217 496 98
2 9 3
490 123 362
1 1 7
311 106 394 60 442 19 372
2 7 9
498 250 288 261 246 298 279 46 438
1 12 7
17 24 156 367 323 72 197
4 8 10
196 450 342 247 388 391 458 407 36 126
1 2 7
17 282 199 200 69 429 173
3 19 5
22 140 104 111 492
3 18 7
76 176 140 70 78 219 307
2 1 3
78 369 196
2 1 4
432 171 330 349
3 6 5
460 55 434 342 139
1 6 3
314 143 242
1 5 4
57 59 488 454
4 1 6
66 214 300 496 489 227
3 6 5
92 261 123 6 36
3 8 8
182 282 88 80 45 187 386 358
1 9 2
289 381
2 6 5
312 197 326 395 403
1 6 3
376 224 277
4 18 10
395 189 286 21 112 285 388 160 85 244
1 19 4
211 195 42 274
3 8 7
474 248 351 308 118 482 146
2 15 6
437 42 161 23 158 95
1 5 4
346 301 28 438
1 10 7
364 360 5 23 477 58 280
1 19 4
226 276 261 331
4 9 9
264 50 39 487 289 348 17 484 190
5 11 10
128 286 223 188 103 346 454 138 244 63
1 3 5
425 479 259 162 380
3 19 5
269 343 25 282 369
1 12 8
393 160 118 496 357 462 147 124
1 3 6
197 440 97 87 65 168
5 15 8
445 409 422 200 86 415 22 180
3 4 5
97 240 73 392 21
2 5 7
348 257 242 119 289 440 109
2 11 3
238 110 331
4 8 7
165 469 189 37 222 179 339
2 10 9
371 204 108 69 253 121 116 236 495
1 20 3
389 174 364
2 18 4
203 8 16 304
4 5 7
129 291 181 290 236 361 467
3 6 9
46 152 97 311 290 443 418 128 448
2 8 9
442 18 431 195 446 206 354 374 217
1 10 2
144 247
3 11 5
495 379 193 334 119
1 4 4
32 16 212 152
4 6 8
294 261 392 249 38 117 383 412
1 2 2
109 357
1 5 2
227 107
1 20 2
315 278
1 16 4
145 434 305 210
2 12 6
225 11 199 470 166 23
3 18 5
96 207 84 489 195
3 4 10
423 473 422 478 131 206 117 411 371 68
2 13 4
76 432 161 395
5 4 8
229 331 166 53 273 326 233 267
1 10 7
307 267 309 280 494 26 432
1 14 2
60 389
2 7 4
317 199 318 136
2 15 4
222 64 407 343
2 13 9
262 52 195 305 467 154 148 499 233
1 15 7
62 345 159 122 309 464 115
5 11 9
456 87 451 214 273 259 180 337 274
6 11 10
430 345 469 448 353 175 261 83 293 76
4 18 8
238 487 351 124 184 465 76 65
2 20 6
193 341 79 451 270 423
1 10 7
107 425 22 433 487 91 338
5 20 9
455 12 411 433 365 366 464 232 339
4 4 6
161 401 0 72 441 105
2 16 3
69 232 253
1 20 4
155 264 113 274
4 3 10
8 405 421 140 149 121 281 354 450 378
3 13 6
331 319 334 72 480 343
2 20 8
380 36 451 49 406 298 322 328
3 14 9
154 397 227 228 409 372 466 351 389
3 1 5
460 369 335 368 190
1 4 4
208 383 352 418
2 7 10
281 154 491 105 107 438 391 163 26 148
1 9 10
80 494 156 115 25 168 9 343 206 313
2 5 10
292 42 267 369 385 188 314 112 410 28
6 8 9
8 66 144 199 27 9 289 429 197
1 10 10
198 319 103 224 450 427 167 189 229 299
2 3 6
117 412 202 461 107 186
4 12 7
232 194 296 416 174 313 6
2 6 5
204 171 368 362 307
2 11 4
138 420 77 388
2 18 4
298 463 456 177
3 15 8
340 498 279 62 226 333 157 171
3 4 5
1 68 69 142 22
1 16 6
472 144 16 423 138 159
4 7 10
321 395 175 177 427 397 323 196 287 420
1 8 9
397 177 43 301 419 350 58 277 457
2 4 8
172 451 327 452 44 301 186 204
4 1 7
165 227 410 340 180 107 413
4 19 6
16 368 367 191 362 437
1 11 4
454 220 70 88
5 4 8
30 305 465 304 204 92 379 189
3 19 6
435 439 324 314 305 101
2 16 3
144 234 365
5 18 10
353 203 365 206 0 319 194 419 6 129
2 16 6
488 259 296 129 102 43
1 8 2
433 408
2 3 6
471 6 438 106 187 62
1 13 2
47 405
2 4 4
234 30 301 306
4 7 6
29 338 83 390 362 321
1 5 4
445 432 200 279
2 2 5
332 452 370 122 145
2 7 6
277 487 71 222 160 174
4 9 6
63 400 326 322 69 357
1 10 6
193 469 214 335 9 388
2 6 4
84 485 311 130
2 17 6
233 54 363 236 354 430
3 18 6
127 275 374 300 52 392
3 10 8
172 242 171 151 452 59 92 340
3 17 7
20 41 44 241 83 431 285
1 5 2
242 2
2 16 3
34 396 45
6 15 9
363 311 310 484 83 419 291 82 299
5 1 8
244 138 347 215 310 339 36 372
3 4 5
48 40 226 26 18
3 15 9
334 32 139 179 103 310 330 63 375
1 7 2
338 486
2 4 6
210 72 485 12 20 87
2 12 6
410 323 198 338 333 349
2 3 6
249 19 497 233 281 283
2 3 7
419 404 140 187 296 229 295
1 18 2
483 291
1 11 6
91 101 392 23 30 384
4 16 9
432 390 349 77 53 360 14 116 89
3 13 6
460 155 177 21 436 400
4 11 8
478 256 271 455 145 243 268 304
1 17 2
22 474
1 10 3
227 76 391
1 12 2
381 202
3 20 5
162 313 445 215 434
3 8 5
9 487 484 43 189
4 20 6
198 404 384 380 398 153
4 13 6
498 355 477 493 299 238
1 17 2
323 122
4 7 9
227 366 384 317 298 389 158 432 320
3 13 6
8 341 425 164 76 403
1 12 2
133 260
1 11 7
305 4 177 270 101 31 252
5 2 9
403 174 330 491 372 201 433 150 256
1 12 5
289 152 356 307 38
6 3 9
363 299 293 195 75 409 404 34 2
3 4 7
8 330 393 209 284 327 16
1 9 10
491 293 88 198 433 236 244 212 389 226
2 1 6
473 321 242 181 382 138
2 18 7
418 67 207 377 268 470 278
2 19 4
135 293 493 383
1 7 3
333 291 246
4 12 9
136 408 56 100 324 317 477 139 79
1 5 2
473 463
2 12 6
128 91 229 499 375 356
1 16 2
114 245
1 20 2
305 371
2 14 4
286 198 318 264
4 19 6
89 49 441 147 477 6
1 6 9
388 367 114 444 339 182 445 341 123
1 9 4
325 305 215 401
5 8 8
486 220 205 397 349 233 273 433
2 19 3
323 443 458
3 6 5
76 371 351 139 317
2 10 5
482 46 430 96 120
3 10 7
4 183 115 48 85 184 241
1 20 2
353 284
2 5 5
496 451 459 54 184
1 7 2
296 366
4 15 6
335 179 357 274 414 320
2 19 7
57 144 226 234 175 240 375
2 17 7
21 92 30 343 457 397 247
1 6 4
339 242 113 76
1 18 4
426 59 391 200
2 11 9
320 332 387 499 8 172 38 130 194
5 2 9
410 30 208 172 147 81 60 113 356
1 11 2
486 138
3 13 6
198 474 476 473 91 466
4 15 8
47 490 75 191 305 41 104 194
2 8 5
102 272 43 181 22
1 10 7
427 264 177 451 478 32 202
2 15 4
359 427 74 133
2 3 3
391 242 301
1 13 4
348 194 95 162
1 16 10
130 231 147 340 303 12 32 249 137 418
1 11 9
71 8 330 129 406 296 307 93 470
3 15 10
264 308 56 304 222 14 280 50 341 41
4 11 7
431 348 441 182 165 332 96
5 16 9
311 67 59 215 45 333 327 131 68
1 19 5
384 293 284 234 398
1 13 7
488 190 89 73 378 242 160
5 1 8
349 8 48 209 424 397 4 24
5 4 9
417 45 41 98 56 267 13 59 144
2 16 5
100 85 183 222 224
1 3 7
494 269 313 95 347 38 221
1 9 8
19 124 449 242 315 72 232 35
1 19 3
376 443 447
3 6 6
300 346 234 166 391 208
1 13 4
359 12 465 436
1 11 2
372 246
1 16 4
262 146 322 386
3 9 10
309 321 235 449 336 281 383 245 15 313
3 9 5
345 441 452 3 1
2 1 5
188 80 309 79 357
3 20 9
272 480 274 8 481 275 159 224 187
5 6 9
185 402 353 75 34 88 299 444 495
2 1 7
137 417 419 59 145 111 211
5 18 9
181 480 355 251 326 136 290 166 220
3 3 10
346 386 220 276 250 81 234 193 410 246
4 6 7
234 168 219 276 438 117 145
2 4 3
10 241 109
2 11 5
214 253 397 140 39
1 3 7
438 88 218 195 398 486 144
4 18 9
67 398 281 75 274 126 292 374 262
1 17 2
401 429
2 6 3
371 263 12
3 6 5
188 243 465 270 226
3 1 7
189 51 23 84 154 143 490
1 9 3
208 125 7
2 5 5
317 41 277 394 205
2 7 6
423 9 307 260 456 206
1 2 2
464 192
1 19 7
342 62 400 394 469 407 388
1 10 10
310 255 229 371 142 313 364 284 88 168
3 6 7
353 194 55 247 364 404 9
4 11 6
491 263 167 289 143 53
2 6 10
226 452 220 264 361 259 171 13 441 290
2 4 10
242 419 84 119 148 475 279 4 395 381
3 18 9
240 22 41 164 177 70 72 230 479
5 4 8
409 479 145 40 493 315 200 414
5 15 8
31 269 458 277 373 222 62 377
3 11 5
277 393 30 66 304
3 8 6
388 314 217 5 339 136
5 19 9
471 472 199 171 404 159 448 422 396
2 18 7
18 111 187 315 297 276 449
2 1 7
42 443 490 138 100 485 159
3 4 6
271 43 98 459 97 72
3 7 7
3 135 288 143 89 129 428
1 20 9
237 462 104 146 150 459 395 3 314
1 19 2
283 373
1 6 8
65 381 284 266 453 125 239 159
1 16 2
328 5
2 15 6
451 304 51 262 95 312
2 8 4
77 13 371 246
3 13 5
49 194 296 426 356
1 19 8
381 223 485 216 344 394 398 143
1 15 2
79 271
3 16 6
459 263 430 462 366 316
1 8 3
249 321 119
1 6 2
55 356
2 17 7
124 342 91 83 79 428 60
1 13 2
171 204
5 14 8
379 52 120 265 464 79 269 339
2 9 3
175 73 384
4 11 10
147 370 37 42 458 407 434 460 389 44
2 17 4
483 130 137 303
1 9 9
279 319 261 326 214 494 181 76 236
1 9 6
287 233 204 413 465 97
2 6 9
476 421 66 249 482 261 150 185 329
1 12 6
265 350 324 394 147 307
1 7 3
386 100 138
1 7 5
22 32 102 89 445
1 3 8
411 194 308 241 248 346 85 141
3 12 5
271 335 118 209 190
3 19 6
330 164 311 462 199 440
2 9 3
247 89 391
1 18 2
370 71
6 18 10
353 398 280 453 20 449 128 325 100 349
2 5 10
447 35 300 373 204 390 256 425 202 419
1 20 3
23 448 464
2 18 10
156 254 89 370 491 396 276 50 421 429
3 11 7
151 76 469 431 292 129 135
3 6 10
78 174 206 81 450 263 21 88 318 412
2 13 4
75 119 64 272
2 19 10
4 141 96 30 498 180 188 110 313 0
1 20 8
115 144 269 89 410 70 417 201
4 15 7
45 126 121 119 418 209 194
2 12 7
476 71 235 189 318 482 83
6 2 10
365 467 202 70 118 61 169 422 273 372
5 6 8
42 380 173 431 457 275 132 140
4 19 7
409 4 316 197 438 224 382
1 10 5
233 91 113 317 165
2 8 3
3 7 77
1 19 2
398 407
3 4 5
269 79 445 439 230
1 20 5
218 183 309 176 165
5 17 8
63 283 472 154 421 101 250 387
1 12 8
61 154 390 462 43 477 125 283
2 11 7
352 20 110 19 452 292 116
1 7 3
496 358 102
3 4 5
341 483 2 450 400
1 19 7
305 152 168 360 91 277 329
2 15 5
221 306 204 497 435
1 13 10
427 120 45 438 495 80 280 74 19 376
3 8 6
438 467 248 170 319 208
1 15 5
491 325 301 293 243
1 16 3
45 52 270
3 14 8
491 247 208 253 69 411 129 82
2 13 4
144 34 331 152
2 19 5
302 440 156 370 455
4 10 6
238 200 263 387 119 26
1 17 2
93 347
1 18 8
8 415 286 25 179 414 96 144
1 14 2
268 232
1 7 5
240 296 435 309 475
2 14 9
13 219 385 113 411 299 14 194 94
4 1 7
89 18 159 183 382 220 175
2 17 6
206 113 91 105 428 197
1 5 2
74 399
5 7 8
42 130 488 25 290 150 98 80
3 13 5
498 245 181 457 450
2 12 5
27 381 42 123 255
1 10 4
110 121 135 418
4 4 7
243 37 60 350 304 354 470
2 14 5
281 43 192 489 302
1 4 10
321 320 403 477 231 390 473 476 297 13
1 3 2
221 231
1 8 3
194 162 292
1 20 2
28 138
1 9 5
301 326 397 268 235
4 2 9
154 1 424 26 271 353 18 301 421
2 14 4
57 174 379 205
2 18 5
5 105 277 357 264
2 10 6
471 30 290 270 182 85
1 20 5
331 213 97 156 309
4 17 10
400 372 416 294 58 433 460 38 364 425
1 4 5
186 224 155 200 213
2 5 4
257 381 489 144
1 4 5
257 251 398 211 235
2 5 7
69 343 377 480 191 33 344
1 16 2
151 197
1 5 3
16 423 46
3 19 5
381 439 318 419 458
1 12 6
456 216 189 444 335 215
1 12 3
493 281 392
2 10 3
317 372 332
1 2 2
203 18
2 4 6
18 451 261 359 273 295
3 16 9
239 223 26 226 59 131 148 373 116
1 15 2
487 113
2 3 4
66 260 190 139
3 4 6
15 24 85 265 58 68
6 3 9
105 253 367 257 276 480 475 321 242
2 8 8
104 406 249 68 202 378 270 18
6 8 10
472 468 427 456 357 444 315 443 82 302
1 20 8
323 457 365 91 488 146 108 240
1 17 6
497 439 83 305 148 257
1 18 8
395 258 98 492 357 404 451 200
5 3 10
418 479 353 6 69 260 116 468 13 238
3 3 5
383 21 368 118 80
6 1 9
222 402 251 308 389 336 76 283 252
4 5 7
435 295 168 412 217 279 440
4 16 9
493 418 8 135 304 323 275 421 27
1 8 2
216 282
1 1 2
120 28
5 13 10
449 8 217 212 227 92 160 138 229 119
5 19 9
267 232 261 214 70 376 236 103 282
1 3 5
107 248 445 318 109
2 2 6
117 367 85 134 305 49
2 6 5
143 214 181 102 251
2 6 9
347 254 319 375 436 263 174 479 398
1 18 3
85 206 340
1 13 2
70 113
1 15 5
182 208 234 114 367
1 15 9
385 42 252 0 303 466 128 106 427
1 8 6
457 223 373 423 86 439
1 5 4
432 474 203 121
3 19 10
387 235 335 232 205 249 229 293 338 48
1 10 2
287 418
2 2 3
12 310 105
1 18 2
404 352
4 2 9
249 313 140 424 350 439 478 322 127
4 13 10
45 272 185 158 302 246 262 311 37 303
1 4 3
26 12 419
1 9 3
387 181 272
5 15 10
220 6 157 106 289 355 128 388 48 401
2 9 4
13 415 108 351
1 5 3
42 456 8
2 1 3
141 333 335
5 12 8
228 316 188 335 346 385 327 282
4 13 9
459 34 287 319 288 185 136 169 109
1 9 4
1 128 5 0
2 18 4
453 194 176 197
2 11 4
327 393 47 84
4 1 7
316 102 122 327 285 418 486
5 12 10
283 469 393 473 151 451 104 412 141 197
2 13 6
294 0 120 352 103 179
6 6 10
400 444 286 299 395 402 202 196 194 200
3 10 5
178 232 186 320 213
2 17 6
252 351 263 488 12 146
1 2 2
448 128
2 8 4
316 361 470 323
5 1 9
226 295 276 194 417 65 168 134 21
5 4 8
36 404 123 172 279 419 376 372
4 2 9
84 369 137 239 236 173 394 397 100
4 12 7
382 15 299 193 13 50 347
5 4 9
171 311 330 378 392 374 282 41 410
4 8 8
45 75 423 181 449 36 48 220
6 15 10
250 490 1 214 431 287 258 183 181 497
2 9 9
281 328 107 130 274 491 95 53 114
1 14 7
221 141 421 95 479 437 154
2 9 6
157 69 91 185 195 138
1 20 2
297 246
6 9 10
396 62 133 23 38 3 306 174 491 96
1 6 6
365 237 178 272 147 217
1 17 9
261 187 158 270 94 63 125 105 480
1 9 8
169 29 446 130 403 192 240 52
4 10 8
210 328 69 207 356 135 273 85
6 10 10
238 411 471 23 302 170 225 295 126 14
2 10 8
342 101 30 42 201 290 59 239
5 10 9
459 196 0 357 89 198 456 121 464
3 9 5
288 148 192 331 266
1 13 4
381 267 245 350
2 8 4
451 347 394 381
1 16 2
122 418
6 17 10
445 158 378 431 481 464 304 202 36 326
2 16 4
477 130 453 478
1 17 4
405 359 188 69
4 11 9
258 265 53 86 435 301 298 292 140
3 13 5
407 35 346 37 273
1 13 3
147 207 64
3 7 6
23 285 460 227 416 387
3 7 8
168 404 94 400 6 335 264 424
1 10 5
253 487 27 492 421
3 14 9
451 159 382 351 244 72 393 372 310
1 16 7
177 310 24 51 103 327 50
2 14 5
227 488 339 128 496
3 12 6
262 463 189 165 89 322
1 10 4
321 304 94 327
3 16 9
439 121 397 417 46 99 356 158 260
3 14 10
454 152 106 496 36 137 255 72 224 191
2 12 8
164 80 158 461 225 252 238 142
1 5 10
229 227 251 261 91 260 470 471 404 59
2 1 10
322 400 166 161 485 17 97 6 241 105
3 15 6
398 314 77 345 46 118
1 18 9
104 313 464 435 72 299 141 465 468
3 14 6
432 117 94 371 392 113
3 18 7
360 438 110 136 308 249 41
2 6 10
175 165 399 77 8 354 36 43 452 390
1 18 9
315 453 195 464 285 338 359 78 52
4 9 9
182 239 208 279 318 79 111 173 322
1 9 5
129 118 275 290 191
1 1 2
4 385
2 17 7
109 75 352 425 372 229 133
2 5 5
62 412 196 169 66
2 16 4
50 496 471 185
2 4 6
173 303 140 276 334 308
4 7 6
398 382 244 375 98 205
2 15 10
434 71 351 367 130 255 402 100 362 472
1 11 4
24 452 243 210
4 16 7
381 493 158 426 343 58 9
2 5 4
118 111 7 105
2 19 7
80 49 62 198 489 119 258
4 14 7
170 286 287 472 131 147 183
4 13 8
122 138 217 54 415 230 105 101
1 11 9
329 192 172 294 361 78 392 432 240
1 16 2
271 444
1 14 2
46 220
5 17 9
323 194 371 127 346 220 354 159 255
4 3 7
120 144 380 283 41 97 321
2 19 6
162 102 391 313 209 261
2 11 3
297 459 330
2 19 5
193 111 331 96 482
2 9 8
12 293 220 289 32 394 246 495
3 12 5
316 203 462 487 277
1 20 2
338 100
1 10 2
111 394
4 10 6
345 409 470 228 462 147
1 11 3
320 374 360
2 12 3
39 171 225
4 20 9
342 350 297 270 388 130 370 327 12
1 12 4
196 263 299 317
1 16 7
436 42 474 200 437 372 69
2 8 4
184 269 50 125
1 8 10
10 232 146 47 399 266 300 427 188 326
6 2 9
423 189 350 32 110 67 497 472 153
4 16 10
262 285 141 215 381 203 81 419 477 219
3 16 10
400 370 354 357 482 299 437 490 291 30
1 12 3
60 392 173
2 18 3
58 246 363
1 14 3
381 406 408
1 14 2
251 22
3 1 5
300 281 401 23 210
5 3 8
121 258 305 254 380 137 264 245
2 12 7
105 467 241 106 127 153 34
1 13 2
479 431
2 16 8
263 295 368 469 98 220 133 338
1 14 6
412 245 181 36 212 120
1 4 5
480 29 69 201 266
4 18 6
406 301 74 409 340 435
3 20 10
70 242 220 308 460 427 239 113 462 222
5 6 8
94 280 59 303 3 141 441 149
1 3 3
414 362 204
4 18 9
130 244 132 429 370 487 165 259 413
2 11 10
421 137 468 361 266 473 129 330 127 347
2 7 5
290 438 7 218 249
1 13 5
379 83 443 267 251
1 4 5
196 63 56 380 166
1 15 3
64 89 349
1 9 4
259 153 250 171
3 12 5
256 285 413 464 336
1 17 8
325 312 1 46 476 358 153 376
3 17 6
411 495 22 176 213 111
3 14 5
110 264 453 274 88
1 1 2
27 486
3 11 6
311 116 448 254 408 63
1 6 8
238 78 336 3 85 309 81 23
1 8 8
94 282 219 341 378 271 229 452
2 20 10
404 305 15 296 32 225 389 49 338 267
1 5 10
326 106 144 257 456 270 86 343 484 74
1 7 8
312 26 486 175 482 264 249 297
4 18 9
204 127 297 362 485 490 387 117 178
1 2 5
256 111 284 161 18
2 10 7
62 467 16 305 458 96 286
2 1 4
224 397 498 276
2 2 5
105 301 401 220 290
1 19 7
4 409 150 248 376 450 90
1 10 10
458 274 228 107 9 144 151 424 79 487
2 16 3
30 231 44
4 14 9
344 303 238 272 22 290 487 210 239
1 5 7
86 131 460 77 359 160 400
1 9 6
462 336 315 353 324 317
2 4 3
366 145 477
1 15 2
209 285
3 5 7
150 437 301 383 392 63 379
1 13 5
6 14 153 223 152
5 8 10
369 373 320 192 470 269 99 365 362 246
2 19 7
276 136 434 415 3 168 250
2 10 3
357 129 371
1 2 2
63 322
4 9 8
349 402 174 494 189 85 8 178
5 7 8
388 126 81 284 339 296 443 389
2 15 8
426 147 397 329 414 381 442 18
1 10 4
434 228 490 305
5 14 10
69 498 89 196 55 395 311 191 88 443
6 14 9
394 277 405 470 102 128 312 95 261
6 12 9
490 11 332 224 473 150 227 66 110
1 18 3
0 429 133
5 3 9
117 158 464 392 197 331 208 223 291
2 17 7
279 483 80 230 295 328 437
1 20 9
45 177 273 470 214 342 260 116 462
1 2 2
228 222
5 11 9
194 16 441 214 309 490 294 400 100
1 3 5
219 485 457 354 115
1 9 4
75 410 374 404
2 19 4
240 210 97 228
1 2 2
172 127
2 8 3
391 201 93
1 17 2
493 138
1 12 3
418 1 404
2 4 5
156 343 346 12 244
2 6 3
381 387 183
1 10 3
13 498 195
1 1 2
34 110
1 15 7
322 385 302 480 138 412 72
3 6 8
190 19 375 425 291 93 21 353
2 13 3
274 340 60
2 12 3
224 86 140
1 19 2
250 340
3 6 8
77 166 350 480 358 495 272 22
4 18 9
24 135 336 452 96 137 415 30 29
1 1 4
211 57 230 100
1 7 2
211 445
3 4 8
20 76 166 36 339 63 253 189
1 18 3
53 467 180
3 12 8
216 243 36 51 37 499 203 374
2 6 5
193 348 364 467 374
3 3 6
2 373 144 3 264 318
3 17 6
269 36 346 342 59 198
3 15 9
64 220 390 283 416 418 27 382 354
1 9 2
90 24
1 16 3
260 78 434
5 13 8
497 86 446 378 109 3 351 478
2 10 4
395 151 212 475
2 11 5
144 438 231 17 62
3 4 8
464 174 226 157 74 361 397 188
5 14 9
154 485 393 76 194 66 470 375 240
1 2 2
150 306
4 8 9
222 429 323 219 69 124 7 185 129
3 4 7
221 263 220 459 464 122 298
1 16 3
390 393 251
2 3 3
407 393 292
2 1 9
197 47 106 293 42 23 284 207 138
4 8 10
35 236 480 467 381 487 101 151 120 407
2 9 6
23 259 344 9 442 380
1 20 2
186 198
4 4 6
23 20 499 270 117 398
4 20 10
311 207 133 355 145 106 391 102 226 48
1 5 4
54 475 276 263
2 17 5
58 361 0 89 388
1 4 2
419 483
2 16 4
499 10 134 474
4 2 9
51 162 452 437 261 446 456 322 56
4 20 6
50 300 410 152 339 381
3 20 6
265 453 29 171 31 461
1 20 6
451 65 127 410 37 24
1 19 7
368 226 105 482 466 365 494
1 9 7
102 435 356 150 431 299 116
5 2 10
224 412 337 448 390 9 310 385 356 465
1 3 7
168 185 159 74 4 109 152
5 11 10
335 450 105 21 373 452 40 398 290 499
4 3 8
297 366 281 197 236 174 10 364
1 19 3
14 449 457
4 12 6
303 370 345 117 183 76
2 2 9
199 96 85 161 104 262 18 298 245
3 10 7
81 382 379 172 123 22 205
1 15 2
443 211
2 7 8
312 96 393 317 457 409 52 362
1 4 8
214 258 6 68 461 245 255 32
3 11 6
158 386 111 461 68 414
2 5 3
121 387 347
3 8 6
324 149 170 148 454 413
5 10 9
492 392 222 390 288 244 373 350 448
3 5 7
260 35 187 203 10 7 217
1 11 3
348 444 2
4 1 10
318 30 172 244 294 114 342 141 209 397
2 17 3
420 1 292
3 16 8
119 485 491 243 201 324 13 275
2 13 3
251 366 179
2 2 5
325 4 330 475 153
3 7 7
378 304 485 459 219 287 302
1 10 3
250 486 207
1 10 2
482 51
2 7 10
277 321 283 417 397 322 304 376 339 465
2 3 9
417 195 309 35 89 387 492 57 136
1 15 7
110 253 323 171 152 251 34
1 20 5
353 346 322 375 249
4 1 9
377 486 498 191 30 333 48 21 91
6 17 10
98 255 462 129 487 336 106 145 14 292
1 3 9
192 72 396 250 43 441 39 278 259
2 13 10
255 98 125 376 190 147 167 204 375 128
6 7 9
256 264 180 86 288 162 187 0 196
2 17 8
192 5 91 175 106 491 153 17
5 17 8
7 245 207 479 443 484 94 89
2 8 8
267 155 34 14 160 300 491 153
3 6 8
283 258 317 292 44 140 54 23
5 12 8
124 125 138 158 186 316 260 307
2 6 4
350 162 53 113
3 10 9
40 274 48 417 35 397 337 306 278
3 12 5
79 365 190 412 247
1 14 7
136 446 186 266 77 238 134
1 16 7
335 101 242 491 83 146 408
2 19 3
290 406 415
3 9 8
79 119 162 439 477 49 426 290
4 17 8
29 137 342 91 442 228 413 32
2 11 3
104 15 362
3 1 10
279 358 7 377 13 351 388 111 413 307
4 6 7
417 399 285 14 129 476 471
1 13 4
143 151 363 445
1 7 2
75 396
1 11 6
407 434 293 305 296 485
1 16 6
165 426 22 113 480 25
2 4 3
12 424 217
1 11 4
59 335 480 214
2 3 4
417 105 433 113
1 12 2
209 105
1 12 2
168 381
3 10 5
233 358 147 10 179
6 19 9
172 126 147 129 472 301 473 264 91
3 5 7
273 377 61 423 268 101 142
3 17 7
136 350 284 246 106 39 373
2 16 3
103 155 3
2 20 5
300 465 294 460 265
6 3 9
302 186 249 409 463 406 153 347 244
4 11 8
437 357 132 494 446 107 464 307
1 3 4
366 94 391 43
2 6 4
470 441 255 46
1 3 10
83 64 394 68 350 379 355 90 459 157
2 8 8
432 316 26 428 307 431 97 5
1 16 9
241 380 137 438 145 63 330 450 422
1 1 3
171 73 4
2 15 7
183 254 94 123 386 96 325
2 7 7
88 93 183 197 165 216 482
3 16 7
142 134 180 148 223 31 52
1 18 2
59 158
2 7 5
13 256 492 292 240
2 19 5
257 221 323 179 18
1 1 7
464 498 448 67 49 439 156
1 4 2
88 332
3 8 6
476 497 288 434 200 3
1 19 2
187 419
2 7 4
232 154 130 499
2 9 3
396 8 167
1 11 8
201 404 364 14 0 359 134 247
2 18 5
366 397 31 394 32
2 1 3
410 350 278
1 10 2
1 322
4 5 8
472 351 167 168 241 485 5 358
2 7 7
36 11 222 420 74 269 430
2 1 10
417 364 424 170 232 365 492 325 449 100
1 20 4
311 168 285 363
1 1 5
49 63 73 58 309
2 11 5
229 19 368 26 463
4 1 6
160 321 455 423 418 340
1 5 2
408 307
5 11 9
0 444 319 111 201 51 131 122 280
3 13 6
490 168 379 31 419 446
4 19 9
126 493 478 309 272 325 455 225 100
3 17 6
433 152 226 359 492 90
2 9 4
285 232 187 316
2 5 3
226 455 330
4 19 6
197 145 321 369 397 116
1 18 8
250 494 182 471 420 434 160 405
1 9 9
474 385 249 493 125 274 119 270 202
1 10 6
465 480 55 157 145 425
1 4 3
224 46 160
2 10 3
166 174 379
5 17 9
293 332 378 448 5 459 47 340 205
1 9 7
464 42 258 218 478 26 490
1 20 4
431 191 215 314
1 17 6
189 132 293 428 476 285
2 2 3
1 49 109
5 16 8
320 343 102 240 418 47 486 146
2 7 9
269 363 51 120 320 489 117 324 40
2 12 4
480 310 486 454
2 16 4
190 165 192 394
1 11 2
272 225
3 17 8
29 308 74 311 488 479 226 436
6 4 10
407 97 488 359 218 231 258 267 56 58
2 10 8
279 104 178 319 444 22 60 301
4 19 8
224 53 308 199 476 366 76 109
3 19 7
493 196 92 34 388 413 352
1 16 2
205 461
2 18 9
96 179 225 489 286 277 384 356 352
2 15 3
131 455 396
2 6 5
52 366 8 191 322
1 3 2
137 69
1 1 2
460 201
1 18 2
248 52
2 16 8
360 274 210 483 161 334 157 243
1 2 2
214 245
2 1 6
295 460 470 48 378 215
2 20 8
233 258 492 320 217 40 69 267
3 2 7
248 19 81 219 239 130 43
2 1 5
475 352 283 9 299
4 1 10
46 482 477 142 399 160 355 345 348 458
1 7 2
343 291
2 8 5
19 156 383 446 239
1 19 4
174 413 17 254
3 1 6
375 135 179 142 419 463
2 20 8
186 95 183 406 441 283 374 393
2 8 3
314 334 62
2 6 3
406 115 47
1 14 3
41 440 188
1 7 5
101 123 199 484 487
2 19 3
163 188 125
3 18 7
183 459 431 316 125 104 290
4 12 9
66 497 382 493 115 89 133 128 470
2 17 3
442 396 344
1 16 6
284 1 94 5 82 244
6 18 9
393 492 241 115 329 366 319 334 454
1 1 2
233 45
1 13 3
97 25 365
2 16 5
66 358 83 197 389
3 13 10
272 95 215 480 259 87 306 100 277 91
5 17 10
123 8 202 303 474 76 427 397 461 291
3 14 8
122 362 134 388 136 27 29 18
5 19 8
80 139 169 254 192 120 310 390
2 6 9
130 408 346 254 316 434 233 340 378
1 18 5
181 345 34 426 149
1 9 7
58 317 307 138 103 308 229
1 19 2
202 92
1 5 4
120 148 159 313
1 15 8
469 430 328 266 133 457 144 402
1 16 4
469 423 193 48
3 14 6
433 344 459 231 74 88
1 18 2
328 291
4 10 9
452 259 486 199 308 191 127 391 315
1 2 4
383 452 199 302
2 4 7
118 318 381 325 479 1 485
2 5 7
5 370 78 437 337 72 346
6 19 9
195 216 447 268 108 39 338 348 89
4 16 9
187 185 322 55 215 296 297 292 325
1 9 2
427 260
4 18 9
35 166 172 247 197 129 140 402 318
3 17 10
255 243 136 71 482 146 270 431 154 82
3 19 5
405 412 134 7 301
2 6 4
437 271 93 462
2 1 5
227 475 273 159 463
5 13 8
328 437 327 53 160 499 441 183
1 15 4
316 251 331 348
4 9 6
302 185 171 401 497 156
2 13 7
315 254 420 249 455 190 90
5 1 10
409 312 248 238 17 417 91 174 371 81
2 1 8
171 271 183 366 470 97 462 111
2 15 4
439 320 435 294
4 1 6
250 256 165 147 5 94
2 18 6
99 376 377 26 93 275
4 8 10
403 228 497 436 236 85 363 186 375 495
1 4 4
343 257 131 406
6 18 9
347 399 495 22 140 98 164 183 372
2 12 4
233 96 146 353
5 11 9
91 481 282 419 71 173 254 30 249
2 8 10
56 395 241 78 191 3 197 379 14 26
2 16 3
401 445 435
4 4 6
459 56 112 118 406 407
1 7 10
335 486 319 63 180 365 471 318 246 111
2 15 7
52 167 309 324 12 159 433
2 13 6
191 339 406 451 268 235
1 12 10
385 299 200 30 451 384 156 127 368 49
4 6 10
156 53 170 233 159 64 451 268 191 237
1 11 2
399 489
1 12 2
346 454
2 14 10
50 389 346 105 59 99 256 453 139 414
2 4 7
49 317 472 286 314 180 377
1 19 4
110 65 0 214
1 16 3
418 285 403
5 17 9
310 377 173 85 7 333 163 437 10
3 17 5
154 332 397 16 418
4 7 10
369 449 375 466 328 324 143 79 114 206
6 18 10
201 105 301 293 392 330 436 62 69 360
1 2 3
165 267 315
5 7 9
346 403 3 33 148 349 18 260 382
5 15 10
432 49 96 34 385 386 431 436 449 403
1 8 2
179 291
2 16 5
153 63 181 202 128
1 19 3
41 454 387
2 4 9
374 361 488 346 156 43 19 180 309
2 11 9
404 370 382 178 48 311 383 391 263
1 13 10
209 250 125 194 407 118 265 193 297 26
1 11 7
187 227 195 252 256 477 324
5 3 10
206 252 310 379 68 367 15 339 392 271
5 3 8
248 170 258 153 16 495 3 233
4 13 10
156 202 234 313 441 336 293 310 329 296
4 20 7
304 403 360 395 45 270 475
4 18 9
113 74 304 73 17 411 435 63 348
1 8 2
483 67
4 7 10
310 134 365 325 108 61 209 91 427 409
1 12 2
352 485
2 9 3
7 122 200
5 11 8
176 61 90 361 401 96 213 499
2 20 10
134 171 495 398 135 351 99 236 458 93
2 19 5
129 209 51 17 445
1 17 6
433 241 156 2 296 462
1 6 7
364 357 482 145 130 498 146
4 8 9
354 179 245 200 445 61 373 291 6
3 18 6
296 1 129 127 318 408
1 3 2
17 395
1 15 7
184 448 170 301 351 40 204
1 17 2
189 39
2 12 3
298 174 465
1 2 2
119 213
3 5 9
421 210 145 239 11 376 90 273 299
2 1 5
226 459 368 80 17
1 18 6
309 469 116 46 24 50
4 2 8
494 48 87 145 50 393 406 249
4 3 9
141 100 28 380 61 356 49 125 330
2 4 5
157 213 116 358 101
1 7 4
67 56 346 436
2 2 5
270 86 414 15 53
1 1 5
6 410 133 363 335
2 17 3
420 177 397
1 14 5
199 25 408 187 182
1 8 2
375 215
6 17 9
50 216 129 44 278 446 256 37 471
1 3 5
452 146 408 485 444
4 10 8
222 347 117 345 292 497 409 189
1 8 5
12 364 192 463 483
5 15 10
494 62 498 322 166 159 50 88 243 329
2 20 10
406 220 489 347 39 240 58 407 414 278
1 5 3
238 300 374
2 4 3
449 141 105
1 5 2
111 242
1 20 5
210 176 350 234 424
2 20 5
397 124 347 355 15
4 13 7
83 324 259 124 264 250 126
6 11 9
198 491 428 68 150 22 270 27 377
1 17 3
218 156 66
5 2 9
250 371 80 63 303 413 161 295 465
3 10 6
483 376 311 423 418 84
2 2 4
220 105 292 291
3 19 7
379 433 96 35 287 345 75
2 20 3
443 205 164
2 6 4
196 414 385 271
2 10 4
462 293 427 250
3 17 5
428 459 203 439 186
2 6 4
431 298 399 116
4 2 8
97 207 116 399 77 37 303 356
1 18 2
12 98
2 15 10
150 381 275 322 426 197 335 154 398 189
1 6 3
300 454 343
2 10 9
51 333 322 111 229 420 316 19 67
3 20 7
412 120 439 391 492 103 480
1 19 4
332 415 303 413
5 16 10
349 219 55 227 306 370 308 183 357 215
1 6 8
210 430 263 320 232 440 390 431
4 16 10
60 242 353 49 289 216 435 74 399 301
1 4 2
57 4
2 10 3
16 281 2
4 17 9
371 239 304 251 466 35 343 3 129
5 7 10
123 229 375 391 250 362 451 244 253 170
2 18 3
87 259 456
4 12 8
339 94 302 434 7 255 284 277
3 6 6
284 106 296 392 409 400
5 5 8
278 262 122 194 472 424 70 257
1 9 2
472 125
2 9 5
193 272 411 75 498
1 4 4
160 169 20 36
1 17 8
64 122 446 105 324 448 172 317
1 20 4
363 50 411 317
3 9 5
132 301 286 192 288
2 14 7
132 397 4 126 396 252 206
3 19 6
35 53 60 402 421 426
4 18 8
87 325 425 495 65 5 223 33
1 13 2
298 354
2 3 7
177 317 449 439 83 375 428
1 3 2
413 285
1 17 2
412 413
3 19 8
260 443 208 234 468 491 374 31
5 11 10
86 360 236 402 240 492 483 21 279 82
2 6 3
362 174 155
2 5 4
136 125 425 272
4 9 10
102 170 53 249 15 328 262 472 11 442
1 14 4
316 192 200 318
2 4 3
493 56 307
1 6 2
495 262
1 11 2
103 377
2 18 3
118 464 438
1 12 9
270 145 416 370 356 352 119 244 122
2 10 4
324 232 464 370
2 6 3
263 494 425
