500 2500 775
11 26 17 34 21 37 38 28 28 35 35 24 31 12 33 18 32 35 29 33 25 37 25 39 37 36 37 35 12 18 22 25 28 37 11 36 27 13 18 33 37 29 39 11 18 19 18 13 20 19 24 39 24 23 31 24 19 13 35 17 19 40 17 27 13 27 14 12 13 32 15 19 24 25 21 16 22 39 38 11 22 17 33 34 40 22 21 20 33 12 36 15 29 17 23 24 40 13 25 30 36 17 37 35 36 22 28 26 18 40 30 19 36 12 26 20 36 26 27 39 30 31 39 13 17 17 17 22 34 14 22 26 11 20 15 28 38 27 21 26 14 34 25 40 21 19 20 33 31 38 17 39 33 24 12 33 21 30 13 14 33 39 18 26 31 22 21 34 23 37 32 19 22 25 26 33 35 34 40 12 15 13 32 35 27 20 18 15 12 37 40 19 38 30 34 13 23 34 12 16 40 29 18 25 31 34 15 38 24 25 13 18 31 21 21 32 31 29 13 16 15 21 28 38 28 38 31 39 40 11 26 22 18 18 27 22 39 27 38 24 31 39 21 22 21 30 39 28 28 36 22 12 20 34 37 11 40 26 16 20 15 24 37 17 31 24 13 21 30 14 18 28 26 17 22 27 24 30 40 16 12 16 13 16 40 30 37 32 21 25 30 15 13 21 34 19 39 22 18 37 35 12 39 22 30 37 26 40 14 36 21 40 20 16 16 23 15 20 26 23 32 13 34 27 19 28 21 25 21 23 17 13 36 25 31 35 27 16 39 35 16 25 33 32 28 14 26 25 23 38 16 12 18 12 33 15 19 39 12 19 31 29 34 25 20 35 17 33 16 35 30 12 28 14 15 28 29 35 20 17 22 25 13 16 19 36 26 11 26 15 29 27 20 31 34 19 33 23 17 30 12 16 32 13 11 37 37 40 20 12 30 19 11 15 37 40 26 12 26 29 15 14 20 34 29 40 39 40 23 27 37 31 12 30 30 36 13 39 11 27 36 31 30 24 22 29 20 36 20 32 29 27 37 28 19 17 22 29 19 21 17 31 17 35 28 12 19 30 36 15 15 18 13 22 26 37 11 21 36 35 17 19 29 11 16 18 19 14 29 25 22 26 24 12 38 16 34 15 23 35
1 16 7 24 11 27 28 18 18 25 25 14 21 2 23 8 22 25 19 23 15 27 15 29 27 26 27 25 2 8 12 15 18 27 1 26 17 3 8 23 27 19 29 1 8 9 8 3 10 9 14 29 14 13 21 14 9 3 25 7 9 30 7 17 3 17 4 2 3 22 5 9 14 15 11 6 12 29 28 1 12 7 23 24 30 12 11 10 23 2 26 5 19 7 13 14 30 3 15 20 26 7 27 25 26 12 18 16 8 30 20 9 26 2 16 10 26 16 17 29 20 21 29 3 7 7 7 12 24 4 12 16 1 10 5 18 28 17 11 16 4 24 15 30 11 9 10 23 21 28 7 29 23 14 2 23 11 20 3 4 23 29 8 16 21 12 11 24 13 27 22 9 12 15 16 23 25 24 30 2 5 3 22 25 17 10 8 5 2 27 30 9 28 20 24 3 13 24 2 6 30 19 8 15 21 24 5 28 14 15 3 8 21 11 11 22 21 19 3 6 5 11 18 28 18 28 21 29 30 1 16 12 8 8 17 12 29 17 28 14 21 29 11 12 11 20 29 18 18 26 12 2 10 24 27 1 30 16 6 10 5 14 27 7 21 14 3 11 20 4 8 18 16 7 12 17 14 20 30 6 2 6 3 6 30 20 27 22 11 15 20 5 3 11 24 9 29 12 8 27 25 2 29 12 20 27 16 30 4 26 11 30 10 6 6 13 5 10 16 13 22 3 24 17 9 18 11 15 11 13 7 3 26 15 21 25 17 6 29 25 6 15 23 22 18 4 16 15 13 28 6 2 8 2 23 5 9 29 2 9 21 19 24 15 10 25 7 23 6 25 20 2 18 4 5 18 19 25 10 7 12 15 3 6 9 26 16 1 16 5 19 17 10 21 24 9 23 13 7 20 2 6 22 3 1 27 27 30 10 2 20 9 1 5 27 30 16 2 16 19 5 4 10 24 19 30 29 30 13 17 27 21 2 20 20 26 3 29 1 17 26 21 20 14 12 19 10 26 10 22 19 17 27 18 9 7 12 19 9 11 7 21 7 25 18 2 9 20 26 5 5 8 3 12 16 27 1 11 26 25 7 9 19 1 6 8 9 4 19 15 12 16 14 2 28 6 24 5 13 25
3 3 5
380 275 374 129 122
3 15 5
492 378 205 158 210
1 6 8
310 50 82 277 187 168 301 269
1 10 8
468 260 359 178 91 129 293 302
3 9 8
164 394 214 418 64 201 130 103
1 5 3
386 369 426
1 20 4
70 74 477 117
1 4 4
141 187 80 422
3 15 7
221 251 121 335 296 359 313
2 11 9
65 174 380 33 171 152 471 16 118
4 15 6
300 153 327 419 61 367
2 17 9
332 262 458 165 358 303 363 5 17
3 18 6
363 206 190 244 179 177
1 12 2
339 140
6 4 10
110 7 65 457 3 199 71 155 8 17
3 10 7
223 200 281 9 210 321 415
1 3 2
76 128
1 2 2
411 98
2 4 7
427 471 488 142 399 117 7
1 17 4
408 269 305 135
4 3 7
499 476 253 264 279 327 135
4 12 8
435 285 198 139 29 103 361 179
3 20 6
389 277 4 23 438 479
2 3 6
133 336 170 403 130 173
1 2 6
122 493 120 231 12 365
1 12 3
381 205 289
3 1 5
340 268 426 71 122
4 13 9
418 207 42 401 465 360 353 107 213
2 5 5
326 127 422 239 479
1 16 2
269 266
4 14 8
382 374 87 264 304 234 89 319
1 12 5
180 280 488 10 12
4 14 6
60 213 290 228 382 153
1 6 3
471 489 28
3 6 6
36 352 362 292 276 365
4 18 6
395 146 222 360 452 461
1 16 5
84 121 17 51 230
1 17 6
8 492 96 147 359 40
1 5 10
456 193 16 359 58 273 86 347 257 243
1 16 2
163 135
1 7 7
151 25 394 45 9 216 255
2 5 9
188 443 240 69 430 227 369 480 11
1 17 2
182 400
2 14 4
278 390 169 456
2 6 3
111 142 195
4 14 8
432 233 378 328 347 387 143 130
2 16 7
436 116 78 242 244 115 254
2 16 6
290 5 286 214 159 328
5 13 9
328 140 389 183 390 35 87 373 114
1 9 3
429 80 343
1 5 3
64 490 272
2 8 8
282 211 358 208 272 432 484 11
2 6 4
7 287 246 90
1 14 4
67 447 141 269
1 18 4
87 439 363 337
3 5 5
28 149 121 265 400
3 13 7
51 53 14 215 315 309 373
2 18 6
341 312 68 67 66 231
6 10 9
95 392 202 273 185 49 415 422 299
3 3 5
495 380 452 176 201
2 11 5
379 487 296 380 350
5 9 8
240 27 211 375 88 212 107 411
1 1 2
52 382
3 9 9
49 106 101 274 129 28 63 302 391
2 10 5
328 323 261 416 102
1 8 3
77 430 175
4 1 8
123 242 10 51 130 365 63 122
1 12 2
406 193
3 10 7
232 269 276 342 115 357 103
4 1 6
392 107 26 399 236 320
1 20 7
354 350 109 130 427 347 89
1 3 4
143 465 317 66
2 19 4
154 232 54 290
3 20 10
458 492 338 361 345 25 160 59 240 346
4 2 6
131 383 382 122 116 283
1 17 8
183 423 174 115 58 186 199 465
1 11 2
134 458
1 1 4
150 387 326 452
6 7 9
114 223 118 322 61 86 10 1 148
3 7 8
21 121 41 455 187 324 48 291
2 8 3
272 275 296
2 11 5
436 283 117 128 457
1 17 3
304 311 72
1 15 7
180 220 444 326 48 391 385
3 9 10
323 219 208 418 48 480 254 158 130 101
6 19 10
492 71 53 225 327 84 35 11 382 172
3 8 7
424 269 22 138 280 154 449
1 6 10
349 58 91 254 323 438 219 78 460 329
3 20 10
47 10 431 385 128 480 125 189 270 278
6 6 9
97 120 213 74 174 315 435 151 250
2 20 3
103 98 75
2 11 6
47 480 190 398 22 45
4 15 9
365 60 334 196 287 5 443 77 421
2 8 3
439 354 24
1 5 2
24 286
1 12 4
371 186 178 404
1 8 4
401 318 394 379
2 8 5
254 287 194 113 343
1 14 3
249 240 259
1 8 7
284 310 458 68 213 397 101
1 18 5
267 492 98 357 178
3 1 5
271 278 248 140 473
4 20 7
464 338 387 246 4 18 36
3 15 5
256 375 183 249 57
1 4 8
304 41 368 212 478 198 448 474
3 13 6
320 393 78 385 295 460
2 14 3
3 164 168
2 2 5
117 365 151 451 355
1 3 2
258 434
3 12 7
108 133 307 217 262 351 381
4 16 10
103 31 414 397 337 121 307 460 211 134
1 6 2
494 99
2 1 3
313 377 95
2 14 10
336 402 431 185 168 453 314 417 318 182
2 18 5
308 335 319 472 221
1 16 6
274 107 376 321 79 264
4 14 7
441 202 117 465 314 354 310
3 9 5
44 381 85 239 417
4 16 6
438 74 280 16 146 477
3 11 6
289 336 356 304 182 171
2 8 10
115 153 257 74 480 479 159 262 486 313
1 7 4
479 12 465 76
2 7 3
417 215 247
1 9 3
110 323 338
5 10 10
148 371 76 129 240 234 223 475 45 430
1 10 3
311 382 394
1 16 9
153 298 453 207 127 359 266 101 295
4 12 6
35 415 274 175 343 53
4 6 9
455 90 457 36 486 282 242 41 104
1 10 5
93 321 79 207 463
1 1 2
105 394
3 4 10
297 402 33 474 145 1 219 386 22 499
5 6 8
392 138 173 113 259 394 3 84
2 8 3
8 369 477
2 9 3
490 455 178
4 1 6
41 187 194 485 85 2
1 20 4
181 313 336 258
1 15 4
219 167 262 287
1 10 6
491 94 47 227 48 288
1 7 3
137 203 7
5 5 9
105 264 311 245 150 312 466 37 225
2 13 6
220 429 378 160 38 233
4 15 8
471 133 334 371 38 73 391 123
2 10 4
135 294 288 474
5 9 9
378 142 279 140 196 334 211 201 366
5 13 10
448 260 147 60 388 316 46 467 27 73
1 4 3
227 111 43
1 8 8
55 201 411 282 251 468 170 335
1 16 5
478 499 406 140 351
3 4 9
251 499 89 397 253 42 262 208 284
3 14 10
417 39 23 339 129 289 304 273 419 132
1 18 2
299 289
1 12 2
471 4
1 9 2
498 16
1 20 2
107 443
1 18 10
406 438 341 104 4 17 364 493 291 86
4 13 6
497 3 351 297 147 76
1 1 2
221 214
1 19 8
487 341 473 96 439 69 139 482
2 12 10
277 175 344 17 370 422 306 188 94 196
2 19 5
19 61 134 428 220
1 6 4
83 109 164 201
1 11 10
196 368 138 69 184 167 299 116 179 96
1 16 2
145 84
6 11 10
352 44 149 27 361 473 445 180 477 104
3 1 10
496 307 313 311 79 343 364 185 277 6
2 8 7
82 379 415 101 367 396 389
1 12 4
167 388 153 32
2 13 8
295 262 233 210 454 412 453 325
2 8 8
464 403 43 359 125 111 47 88
1 2 6
13 4 416 300 489 478
3 19 8
192 290 81 276 399 201 213 162
2 19 8
434 350 456 72 330 333 331 40
3 12 5
96 466 161 12 44
2 4 4
457 181 348 150
3 11 10
474 143 151 228 149 289 107 215 227 12
3 2 5
30 185 254 74 62
1 1 4
457 311 192 322
2 9 6
274 213 319 238 282 72
1 20 6
144 177 147 39 378 25
1 17 2
105 328
1 7 7
333 228 212 167 380 477 45
2 10 3
23 84 64
1 19 8
310 205 473 399 300 162 306 335
1 5 6
456 90 360 151 274 357
2 8 6
269 223 84 424 329 138
2 10 4
178 403 399 254
3 17 5
40 375 4 326 479
2 18 10
208 141 274 95 200 17 289 255 140 153
2 19 4
146 44 282 96
2 19 4
166 117 405 223
2 10 5
231 200 194 129 462
1 4 4
218 134 140 301
2 1 7
246 61 55 222 349 467 324
2 19 3
264 490 367
2 20 3
282 61 157
1 7 3
79 384 455
6 10 9
290 113 268 100 221 52 234 110 306
3 11 5
221 334 109 295 34
3 8 6
313 75 365 125 488 70
2 16 9
107 114 380 31 200 323 332 472 222
6 11 9
281 398 36 83 70 17 254 333 218
3 11 8
271 98 469 197 1 214 353 430
3 17 7
345 267 288 113 469 458 193
1 1 3
206 462 122
2 7 3
74 228 323
1 9 9
357 268 358 330 399 482 50 393 44
3 17 5
179 150 380 37 68
2 6 5
253 324 110 342 480
4 8 6
458 468 387 143 12 116
3 13 5
286 135 458 409 322
3 5 8
124 156 496 13 172 214 318 457
2 6 3
352 88 188
5 3 10
220 430 228 13 340 164 15 375 5 435
1 1 5
248 316 328 124 360
1 5 6
250 86 490 23 457 98
4 9 7
130 146 108 200 397 490 464
3 15 6
132 329 496 289 423 25
5 16 8
143 32 224 166 403 417 438 499
1 17 3
334 467 451
2 6 3
365 2 116
2 18 4
351 263 308 150
4 10 7
412 37 105 345 491 364 3
2 13 8
396 362 205 263 69 188 216 467
4 13 7
278 161 100 26 335 381 282
6 10 10
380 399 77 73 80 74 461 67 473 19
5 10 10
79 456 443 247 297 407 416 200 141 157
1 5 8
181 308 30 451 210 243 300 344
4 20 7
30 69 497 45 479 364 436
4 16 8
194 378 260 280 350 426 263 347
6 16 9
406 397 3 43 394 252 112 186 83
3 10 10
22 461 285 289 149 279 167 329 348 83
1 5 3
388 96 80
1 6 7
481 365 108 429 140 124 92
5 6 8
395 26 224 62 425 93 132 37
1 2 8
232 244 428 256 317 125 131 104
3 16 9
412 154 44 80 350 55 86 496 288
2 6 3
275 294 131
1 10 2
26 290
5 17 10
412 13 458 334 460 420 135 22 321 330
2 5 10
113 79 37 464 97 152 90 173 219 121
2 13 3
94 102 228
1 9 7
462 57 398 212 272 323 144
3 7 5
31 412 181 122 304
2 5 8
29 243 275 65 486 463 74 61
3 14 9
425 16 343 455 73 148 441 369 365
2 13 3
392 170 69
1 8 3
140 438 23
2 14 6
80 380 283 85 477 181
2 10 6
290 111 175 385 133 235
3 20 10
14 172 169 75 282 278 430 405 110 320
3 1 5
405 61 413 92 228
1 20 5
46 381 180 481 196
3 11 8
251 49 378 190 229 23 37 220
4 20 6
61 346 415 90 194 113
4 18 7
58 87 3 236 375 154 439
2 10 7
358 276 320 278 337 335 120
1 14 4
205 367 27 291
4 11 8
241 260 41 34 176 248 456 14
1 8 2
401 237
1 19 3
392 110 156
6 2 9
91 306 355 393 484 249 339 408 460
3 12 6
138 161 455 195 419 2
2 16 5
13 381 360 431 336
4 1 6
143 345 282 379 160 328
2 13 10
71 388 199 361 185 256 9 301 424 286
1 11 4
268 451 117 134
1 13 7
492 82 382 160 437 282 126
3 10 6
370 70 361 381 118 308
1 1 7
483 464 312 392 244 368 417
1 19 2
193 268
2 8 4
19 302 292 108
1 17 4
49 80 36 491
1 8 9
147 57 124 261 80 152 58 258 443
2 19 4
334 473 310 53
1 16 3
429 58 406
1 15 5
360 409 45 314 275
1 20 5
373 469 123 465 384
1 20 10
399 77 20 274 260 92 477 442 453 171
3 20 6
208 224 20 63 393 215
6 17 10
256 236 241 227 192 214 301 265 384 457
3 16 5
281 80 214 426 57
4 8 7
293 0 191 188 234 135 352
4 11 10
245 436 258 491 357 381 23 90 345 54
2 2 6
348 42 107 19 57 437
1 10 4
424 373 474 188
4 18 7
393 362 341 193 330 220 160
4 20 10
214 360 491 105 254 461 170 393 60 227
3 19 5
98 472 135 150 179
1 17 2
263 448
5 7 10
35 276 170 195 270 77 208 254 348 455
1 18 4
493 380 345 228
2 7 8
273 342 409 480 17 120 64 69
2 1 7
68 183 496 427 387 251 400
3 7 5
168 27 327 436 397
4 11 10
148 379 224 167 195 315 111 390 304 497
2 3 5
99 107 454 21 305
3 1 6
370 200 459 415 331 288
1 16 2
330 270
1 4 5
28 45 121 188 73
1 19 2
474 364
3 5 6
275 200 113 117 386 468
1 15 2
128 384
1 4 8
409 486 336 483 334 463 289 6
1 12 6
220 297 197 160 76 211
6 9 10
336 460 187 125 341 102 190 438 399 219
1 4 8
375 311 79 410 493 136 285 352
1 11 3
448 81 492
1 18 3
6 373 318
5 9 9
337 293 15 317 54 469 160 416 64
5 15 10
325 482 388 162 324 103 199 431 91 112
6 4 10
108 301 248 172 429 213 233 235 308 467
1 20 9
87 453 336 415 28 90 459 409 219
2 18 8
21 494 493 237 295 495 145 111
1 18 2
437 160
1 15 8
427 408 358 480 91 425 273 457
4 9 8
220 140 238 303 84 70 272 262
4 3 7
156 183 347 131 223 224 288
1 3 8
32 223 240 262 154 152 29 181
4 4 8
189 287 84 444 416 149 134 301
3 4 7
423 294 491 230 311 63 88
2 13 5
180 60 254 102 303
6 9 10
155 81 265 434 315 205 167 261 195 410
4 2 7
270 481 55 401 234 209 431
1 10 2
109 398
2 10 5
446 298 392 269 157
1 2 4
384 387 299 361
3 13 6
78 480 228 334 205 174
2 16 8
162 433 61 32 488 484 95 257
2 1 7
454 497 442 469 477 266 260
1 19 3
347 132 150
1 3 4
436 468 308 141
1 1 2
37 35
2 10 3
495 385 227
1 19 7
476 383 432 267 31 10 151
1 5 5
190 411 212 268 243
3 16 6
57 269 334 267 467 20
1 5 8
171 414 384 380 60 103 239 162
2 10 7
396 137 80 464 97 348 387
1 11 6
164 355 47 60 203 200
1 14 4
333 283 67 90
3 1 5
173 133 488 110 166
3 6 5
388 314 302 338 83
4 5 9
399 324 245 275 31 136 393 205 409
2 13 9
201 154 234 434 166 36 119 134 24
2 8 7
217 349 130 358 481 421 422
3 18 10
356 4 382 190 429 482 430 226 220 370
2 6 4
24 414 411 165
4 9 6
190 381 40 354 126 125
2 11 9
155 14 110 45 141 126 29 132 406
3 4 10
434 3 38 405 83 407 388 118 282 59
2 1 3
153 134 321
1 10 10
171 2 456 310 438 326 398 402 255 342
1 9 8
65 409 301 471 432 334 389 451
1 4 9
227 348 14 338 76 46 419 72 112
2 15 3
63 282 80
1 7 10
160 405 379 478 214 61 69 130 432 332
2 16 9
211 324 103 339 466 114 360 308 361
4 19 8
118 361 436 390 393 324 394 451
4 20 6
329 489 149 47 190 332
1 14 2
384 248
2 2 6
23 266 181 229 92 392
3 16 10
10 235 52 313 464 120 99 173 240 110
1 3 2
153 62
3 6 6
84 188 435 430 85 355
3 16 10
10 152 448 90 195 320 188 279 276 417
2 19 3
178 118 38
3 12 7
68 490 70 412 333 58 272
2 19 5
391 306 406 270 152
1 5 4
439 261 361 268
1 2 2
450 306
4 10 6
469 12 113 149 132 294
3 8 5
275 315 17 258 380
3 12 10
48 241 354 399 421 106 211 135 226 198
2 17 10
141 97 467 153 70 81 249 199 362 138
2 17 3
352 140 216
4 18 6
41 458 237 204 127 186
4 3 6
300 488 13 250 481 458
1 17 7
266 474 109 89 425 8 479
1 12 5
191 452 185 301 359
1 6 5
221 424 249 333 100
2 20 3
446 217 8
4 6 6
367 429 390 454 137 397
3 4 6
247 396 484 188 429 192
1 3 6
117 394 375 373 240 362
4 1 7
436 217 82 378 465 71 201
2 1 8
136 44 199 366 242 282 25 152
1 9 4
226 126 264 472
3 10 6
297 175 453 161 205 90
3 6 10
416 76 175 265 219 158 490 137 361 434
2 10 4
293 229 8 400
3 15 10
392 153 369 379 246 185 389 343 331 4
1 1 5
125 99 23 220 133
3 18 9
97 79 201 101 357 396 198 444 371
2 10 3
397 333 86
4 8 10
455 422 62 38 446 431 189 454 310 23
3 13 5
491 87 425 350 374
1 20 4
270 497 468 406
4 11 9
363 152 155 124 217 355 404 280 300
2 12 7
396 215 114 22 151 329 370
4 10 9
188 3 474 145 449 120 190 258 13
1 9 9
10 422 135 170 251 88 63 188 432
2 8 5
244 126 17 442 235
2 8 5
42 204 184 495 403
2 11 6
244 277 454 194 94 76
1 16 5
421 145 72 208 435
1 14 3
473 439 213
1 10 9
125 354 443 116 380 19 236 198 416
3 13 8
237 358 67 422 162 495 254 125
1 1 6
467 264 293 226 64 266
1 20 10
478 286 1 308 169 401 264 191 208 323
2 18 5
308 172 382 217 391
2 14 6
34 160 41 146 65 268
4 9 10
470 326 409 494 199 175 337 385 197 3
4 4 9
350 265 424 231 29 364 186 142 246
1 3 2
23 134
3 14 9
323 158 227 41 377 24 103 306 213
4 14 10
297 79 126 406 322 462 125 205 113 29
5 13 8
204 30 158 216 244 262 29 117
2 16 9
216 140 43 32 125 391 153 42 229
1 14 3
376 213 469
1 15 5
365 273 340 364 424
4 8 6
437 286 249 11 126 449
1 1 2
224 100
1 20 5
151 209 255 128 378
6 2 10
44 466 250 212 291 319 67 77 120 30
4 19 8
59 155 188 337 239 191 433 279
1 20 2
262 345
3 17 8
192 307 224 63 269 285 390 24
4 14 9
232 41 247 366 308 52 0 50 102
1 6 2
336 412
1 20 6
300 44 147 65 382 223
1 6 2
87 269
3 5 6
289 125 229 319 98 373
5 20 8
489 294 412 280 426 52 23 315
3 12 7
368 135 286 298 179 28 214
1 20 2
311 264
1 13 2
55 427
2 1 5
70 334 487 420 6
1 15 3
71 324 207
1 18 10
308 441 186 190 58 359 86 77 426 104
1 16 6
416 326 106 392 356 58
1 16 3
306 359 244
1 3 2
258 189
2 3 4
399 28 473 276
1 18 4
226 78 143 465
1 5 4
69 277 19 435
4 18 6
123 78 45 307 154 188
2 8 6
492 242 24 466 95 217
3 17 10
301 381 130 7 183 149 478 288 330 169
1 5 3
30 337 248
2 6 4
39 51 286 112
3 17 6
294 437 256 236 72 432
3 11 6
152 189 190 419 99 166
1 15 5
227 310 242 157 486
1 1 4
270 428 22 300
3 7 9
127 110 226 451 299 135 17 77 321
3 14 8
407 221 193 184 350 422 333 260
1 16 2
160 84
2 6 10
465 392 318 10 407 301 424 343 396 427
2 18 4
23 123 484 353
1 9 4
372 444 312 459
3 12 6
270 48 63 448 18 1
5 2 8
32 218 4 437 346 188 382 228
2 16 3
193 20 342
1 13 8
234 239 425 313 489 395 446 274
1 1 2
462 80
3 18 8
465 175 241 381 83 286 422 193
1 20 4
296 69 248 243
3 14 5
241 7 271 126 377
1 9 8
31 280 4 401 76 478 297 380
2 6 7
470 277 76 389 11 111 83
1 18 2
464 454
3 13 7
329 35 296 316 327 257 245
1 14 3
90 264 461
2 3 3
179 192 418
3 19 7
174 62 493 478 376 393 374
1 18 5
472 64 499 208 424
2 12 8
394 217 218 129 140 434 436 9
1 5 10
293 488 35 119 397 372 125 467 347 351
4 14 6
142 242 326 343 296 8
1 13 7
76 200 210 67 265 400 271
4 1 10
77 318 36 103 135 144 477 302 466 481
1 17 8
201 35 214 270 104 138 295 157
2 7 3
367 108 244
4 9 7
202 223 349 390 394 444 436
1 19 9
315 481 201 299 456 355 361 162 152
6 8 10
78 465 208 13 28 437 69 96 379 470
3 16 8
476 98 392 496 115 475 344 21
1 15 2
22 440
1 10 9
241 203 269 141 227 288 428 361 34
6 20 9
82 318 465 309 253 359 100 70 444
2 9 4
108 247 124 138
1 17 2
313 266
1 16 3
387 45 422
1 2 10
196 177 372 456 323 492 47 360 112 297
1 15 3
477 461 353
1 2 4
216 85 72 469
2 19 3
226 412 6
1 6 4
196 118 380 203
4 17 8
229 471 381 440 32 451 3 142
1 19 3
352 131 444
2 18 7
207 183 12 410 494 200 311
1 6 4
222 203 279 320
1 8 2
379 330
2 7 9
369 40 266 291 328 421 457 129 448
2 5 8
123 438 121 254 151 446 182 113
2 2 9
25 332 13 367 57 35 346 399 194
2 16 5
217 409 473 472 121
1 15 4
102 249 352 405
1 9 8
462 105 26 316 35 171 291 225
1 18 2
100 79
3 13 5
415 99 63 106 391
1 8 10
286 462 50 305 412 328 10 187 309 443
3 7 5
60 127 458 437 398
1 5 2
295 216
1 5 2
314 402
3 2 8
179 309 389 495 2 377 387 332
3 13 8
369 53 80 464 408 373 489 389
5 1 9
235 177 442 180 253 190 210 299 64
2 8 9
318 25 153 497 180 80 211 171 431
2 2 6
253 372 13 129 51 164
1 2 2
83 414
1 1 2
67 73
1 18 7
233 270 350 433 416 310 202
3 4 10
244 290 344 29 56 399 136 50 283 382
3 5 5
112 170 71 133 482
3 6 7
152 248 110 124 198 410 480
1 13 10
468 439 245 264 256 111 307 166 322 31
4 4 7
210 24 218 130 239 378 277
4 4 10
447 356 36 304 291 267 187 56 128 276
1 12 3
406 73 290
2 4 9
472 75 85 469 173 462 365 244 245
1 5 4
449 363 186 302
3 14 9
275 255 68 447 391 84 126 6 482
1 3 7
370 39 499 53 131 118 211
2 10 3
498 268 79
3 14 6
250 316 131 224 244 329
4 20 6
332 96 469 249 436 10
2 13 7
395 318 317 136 351 85 460
1 17 3
190 368 263
3 20 9
154 222 317 352 485 14 439 278 230
3 9 5
3 21 79 14 227
2 12 3
303 360 302
4 2 7
327 481 436 201 389 352 259
3 5 8
330 106 66 75 62 315 479 117
2 13 7
198 89 302 414 43 425 238
1 15 2
217 463
1 10 9
7 459 250 456 484 271 415 133 446
2 15 3
238 394 359
2 20 5
130 63 402 477 35
4 4 9
334 108 421 59 94 148 96 290 243
1 17 2
293 210
1 19 2
295 169
1 4 4
222 159 193 314
1 16 6
449 159 364 421 428 349
2 2 8
76 192 321 162 208 399 189 4
2 20 3
219 277 268
1 17 2
150 340
5 3 8
76 357 382 149 33 7 8 92
1 3 4
250 364 319 353
1 16 3
185 162 317
4 15 10
337 438 150 261 188 154 242 408 128 15
1 18 2
494 111
2 20 6
39 111 389 302 440 356
1 12 2
419 344
1 18 6
30 342 377 53 346 130
5 5 10
340 291 267 305 179 314 480 297 209 368
1 14 9
457 294 256 446 150 111 167 360 210
3 3 10
456 127 484 441 8 102 223 442 209 197
6 15 9
51 54 324 122 331 146 105 491 286
1 4 6
55 307 16 383 293 324
3 11 8
55 81 365 281 230 27 163 421
6 5 9
30 272 295 91 438 138 248 271 452
2 1 3
3 122 155
1 16 3
443 437 319
4 1 9
289 422 294 310 101 124 375 54 438
2 10 3
260 266 352
1 19 3
62 157 15
1 3 10
467 360 341 479 10 100 45 60 314 391
1 3 5
369 381 193 423 392
1 18 2
255 211
1 18 4
235 77 382 25
1 9 8
26 306 133 227 82 215 387 79
1 9 2
318 188
6 15 10
161 183 79 449 160 180 328 125 201 55
2 18 4
105 407 217 226
2 1 6
377 394 347 496 396 279
2 5 9
302 206 406 124 93 246 110 1 262
1 4 7
75 270 296 360 175 400 258
2 20 9
402 398 114 34 300 30 416 378 174
5 2 10
273 352 462 111 312 15 203 233 416 155
2 7 3
15 201 121
4 3 7
448 149 219 420 172 375 104
3 17 9
222 117 308 154 427 330 350 251 420
3 6 8
195 243 261 33 91 451 157 484
2 3 8
261 427 212 317 302 326 394 292
1 14 5
151 291 443 374 41
3 13 6
92 334 169 409 320 480
3 5 8
172 228 287 335 32 78 24 51
4 19 6
65 123 266 200 330 132
2 2 7
425 266 276 176 289 244 488
5 19 9
57 165 476 4 455 246 438 272 62
3 5 5
403 257 170 6 398
2 10 10
448 56 358 433 40 293 196 85 486 72
2 7 4
498 154 50 36
2 17 4
379 125 52 74
1 13 6
394 238 356 119 172 406
3 18 10
190 283 241 38 451 134 400 263 405 245
2 13 3
483 197 215
1 16 6
142 352 226 315 366 37
5 3 10
162 260 188 412 207 352 408 35 455 184
2 6 5
435 6 270 193 62
5 11 10
394 418 260 216 440 281 467 145 447 144
4 5 8
27 275 244 329 11 90 411 465
1 1 5
200 371 117 145 337
3 7 10
10 430 141 245 385 379 364 162 402 490
1 11 5
270 214 260 19 393
3 10 5
191 135 153 114 455
1 17 6
350 48 289 475 85 68
2 5 6
455 221 244 13 48 171
2 5 4
484 76 421 51
4 14 9
355 452 481 484 193 73 423 477 160
3 17 7
237 79 67 299 36 285 489
3 11 6
344 449 117 242 296 432
2 6 5
289 326 328 156 204
2 11 4
366 12 47 451
1 9 7
245 72 454 462 109 55 443
2 1 5
298 173 280 283 5
2 20 8
206 216 276 288 228 429 461 25
1 2 10
251 21 78 143 342 278 276 389 269 2
4 10 7
367 21 387 6 360 138 222
2 7 4
333 185 88 270
4 15 9
151 137 197 126 166 77 234 302 69
2 3 5
2 89 297 101 97
3 17 9
454 344 463 240 409 285 426 250 334
4 18 7
78 179 352 92 410 23 202
1 2 3
100 202 297
4 8 6
409 140 268 498 252 484
5 17 9
84 324 112 481 353 158 408 161 139
2 12 3
198 113 243
2 3 5
326 402 395 104 26
2 13 5
276 112 382 350 320
1 12 2
399 221
4 4 7
70 271 386 285 476 360 299
6 15 9
203 386 368 452 136 330 340 115 433
3 4 9
128 401 267 247 431 13 370 189 61
2 6 7
38 435 99 416 438 307 79
1 13 3
235 37 439
1 18 6
231 440 390 141 343 199
1 19 8
210 272 433 218 108 483 284 200
1 17 2
51 484
2 14 5
43 276 237 374 243
1 2 6
396 383 453 479 143 335
1 18 6
193 268 455 235 261 331
1 9 2
206 434
1 3 2
323 182
1 2 5
205 328 274 119 458
4 20 7
429 167 41 253 490 199 301
1 20 4
383 119 422 334
1 17 2
454 481
1 13 9
104 399 291 454 244 125 341 268 492
4 7 7
282 205 427 373 99 68 11
4 13 9
34 478 269 460 444 418 85 76 157
1 7 6
10 40 456 351 425 116
4 19 7
468 154 102 350 145 149 326
2 14 4
496 483 287 178
4 16 8
113 369 492 383 339 10 467 102
1 19 4
487 43 330 274
2 3 3
482 16 400
1 20 3
276 233 179
1 4 4
358 165 191 456
2 14 3
228 274 14
1 9 8
170 239 473 38 172 63 9 201
3 15 6
345 282 171 54 239 263
3 5 6
32 446 72 168 117 285
2 3 3
11 457 3
3 2 7
479 384 70 243 28 349 382
2 2 10
251 76 150 468 406 275 125 185 101 475
2 3 4
201 431 152 273
6 18 9
22 486 281 239 318 168 99 28 394
3 4 9
86 248 19 485 335 189 244 74 272
1 18 6
391 446 492 232 174 32
2 11 7
87 335 341 378 407 196 355
2 1 7
147 290 248 27 241 102 57
2 18 6
61 357 74 179 199 228
3 18 7
60 166 208 359 149 410 464
1 2 4
176 109 22 414
1 2 2
370 274
3 11 7
222 364 180 392 436 262 413
4 18 8
358 257 174 5 244 76 45 476
3 16 8
54 172 401 124 26 51 96 114
1 12 4
353 393 487 313
2 9 10
497 194 260 84 39 446 432 196 329 268
1 6 8
78 133 254 414 311 61 205 193
3 11 7
17 434 261 437 177 127 279
1 19 7
401 256 175 178 358 384 151
2 15 3
76 73 186
1 8 3
235 50 271
2 17 3
30 161 278
3 9 6
358 213 54 366 431 415
1 11 4
220 52 193 299
6 11 9
383 18 388 31 309 246 428 379 49
1 17 4
27 47 206 80
1 20 2
377 274
2 17 4
353 297 429 252
5 9 9
391 402 460 497 18 218 252 318 408
2 7 3
273 8 211
2 14 3
220 270 11
2 20 6
41 368 186 89 331 71
2 17 3
76 368 467
2 8 6
74 153 284 190 230 239
1 13 7
463 49 234 103 210 408 495
3 5 9
120 6 51 327 435 494 283 280 395
2 15 4
318 164 1 170
5 2 10
108 201 110 213 464 3 316 478 139 318
2 3 3
355 414 268
4 10 7
29 488 399 274 482 417 385
3 3 5
126 45 69 345 492
1 5 4
127 269 40 463
2 8 4
385 440 225 68
5 7 9
221 386 298 464 192 45 98 96 413
2 12 4
433 154 52 15
3 9 5
329 478 419 499 480
1 20 2
50 358
2 3 3
31 86 452
3 6 5
210 415 365 265 114
3 4 8
162 84 74 361 99 165 221 238
1 6 2
104 366
4 17 6
71 364 328 21 374 92
2 12 8
166 395 39 171 476 363 356 491
2 19 3
461 286 352
3 11 5
256 269 298 126 272
2 16 8
256 436 22 216 485 498 210 306
2 2 4
342 289 114 384
1 15 8
89 117 86 493 373 462 52 372
2 1 5
160 233 92 175 319
1 4 2
114 349
3 16 10
136 404 281 419 268 12 5 260 375 305
3 15 6
318 161 146 140 335 96
1 3 2
345 392
1 3 2
30 386
2 3 4
378 422 215 407
1 11 7
55 255 75 438 480 164 421
2 8 5
352 217 404 5 6
4 5 8
409 234 318 462 475 358 349 454
2 17 10
311 412 217 90 316 232 54 117 394 386
1 7 2
309 216
2 15 9
311 197 13 99 242 434 157 354 394
1 7 7
364 474 294 153 256 373 415
4 12 10
269 311 334 8 64 70 187 397 0 492
1 3 6
377 360 114 295 120 346
1 3 2
255 347
1 13 3
128 245 189
6 12 10
357 223 57 419 125 278 145 393 63 60
2 12 4
285 386 372 112
6 14 10
170 89 44 420 199 187 382 108 293 138
1 19 2
186 366
1 17 5
499 448 287 188 102
5 17 9
10 21 187 63 496 11 233 147 477
3 14 8
207 280 426 181 80 453 161 433
1 7 2
294 156
1 17 2
81 344
2 8 5
114 200 368 146 106
1 11 3
234 356 378
1 18 5
83 309 235 401 383
2 7 3
145 193 57
2 12 4
290 468 398 294
2 17 4
21 154 84 467
3 7 9
99 363 422 411 277 352 65 35 332
6 5 9
278 159 440 15 39 253 341 363 286
1 13 2
0 221
1 1 2
277 36
1 15 9
88 201 321 339 103 400 476 277 323
5 16 9
203 387 314 153 252 96 119 9 269
2 9 4
24 137 156 9
6 1 9
58 8 388 371 166 160 40 197 43
3 19 5
120 265 36 336 401
4 3 8
486 115 263 327 467 410 22 480
1 18 2
28 165
2 6 3
420 316 306
4 17 6
219 126 412 76 277 438
3 9 5
247 123 250 363 496
4 14 6
189 204 169 209 437 128
2 13 9
308 239 290 237 34 377 235 476 295
1 1 2
90 66
2 2 5
50 257 3 181 51
1 16 8
267 424 348 99 214 262 432 438
5 20 8
278 310 263 28 355 82 455 470
1 3 4
403 428 455 180
1 6 2
497 80
2 19 5
4 281 426 370 324
1 3 7
20 252 318 467 79 416 188
1 11 8
29 77 43 64 446 87 233 187
5 14 10
356 385 482 122 376 63 389 313 235 75
1 13 6
137 252 425 308 55 91
2 3 4
236 152 98 285
4 19 6
262 25 72 18 142 247
1 14 4
33 441 3 225
2 3 6
341 427 139 94 271 220
1 5 3
90 276 314
5 15 10
47 80 493 353 208 327 328 262 142 452
4 15 10
394 208 489 280 31 164 340 38 432 401
1 3 2
374 196
1 18 6
180 299 332 161 239 449
1 20 10
289 95 316 75 234 70 133 413 211 460
2 3 9
176 40 51 36 29 440 33 349 314
1 2 4
321 340 417 367
1 3 6
490 99 354 210 280 215
3 6 9
413 287 309 92 274 475 387 321 196
3 11 10
432 292 35 352 243 143 60 65 383 106
2 6 5
107 183 127 295 441
1 17 7
423 147 35 478 88 127 403
4 11 9
305 263 127 2 486 145 437 418 225
1 19 6
224 4 119 112 6 301
1 1 4
360 127 252 394
3 14 9
372 196 6 39 158 5 85 28 377
2 17 4
408 443 185 409
2 13 8
306 408 65 316 300 458 35 479
1 11 3
20 119 269
2 11 4
58 497 434 204
2 1 4
23 29 271 318
1 14 5
94 66 311 390 288
2 13 3
74 129 35
1 2 5
251 115 355 357 64
5 7 8
61 365 48 346 266 489 443 255
2 9 3
195 339 390
1 7 4
10 212 130 36
3 19 7
59 196 348 62 464 103 93
3 18 9
210 361 315 366 287 328 420 260 492
6 6 10
427 152 96 63 140 312 249 189 367 400
4 4 10
152 262 232 484 251 11 221 32 339 226
3 11 9
270 170 93 56 354 4 363 115 100
1 19 3
30 359 455
2 6 4
5 134 462 493
1 14 2
312 270
1 17 2
65 472
1 3 8
457 39 405 17 3 237 5 66
1 12 4
462 464 147 11
3 20 10
322 171 452 487 277 377 268 193 60 215
1 12 3
360 493 456
1 20 7
175 244 438 318 411 341 375
1 8 9
373 5 224 328 433 261 85 476 158
1 14 6
378 131 221 90 82 410
1 20 3
60 432 462
3 8 9
197 125 33 170 458 254 1 55 331
4 17 8
6 222 212 72 159 364 98 327
1 5 3
262 219 291
4 6 7
99 106 353 294 157 463 8
2 13 4
465 89 291 206
2 18 4
446 71 198 346
2 1 10
284 161 113 381 121 184 144 124 74 72
4 6 7
438 363 175 133 63 123 35
2 4 3
355 225 311
1 11 4
333 427 489 108
4 19 6
456 380 438 315 493 163
2 3 4
313 492 272 277
1 15 3
188 469 192
4 2 7
68 266 81 460 62 380 339
2 16 3
154 293 376
1 1 8
492 433 382 441 23 260 285 12
1 7 2
157 225
1 18 2
324 263
1 12 8
153 468 164 251 437 246 373 242
2 11 3
210 100 436
1 18 6
362 408 221 147 18 22
1 15 2
75 411
3 18 5
112 228 5 443 125
4 5 9
154 441 242 11 315 188 390 363 284
1 14 7
238 119 274 193 154 83 437
2 14 3
104 368 301
1 19 3
350 6 106
1 11 4
314 235 172 179
1 11 2
141 470
2 12 3
295 269 30
4 7 7
176 476 282 0 201 186 447
1 11 7
489 227 308 282 310 7 83
5 15 10
216 463 84 288 164 141 342 374 200 227
4 3 6
396 30 202 118 37 38
1 17 10
152 265 4 7 119 272 208 33 71 188
3 16 5
355 181 31 67 253
2 7 4
143 350 4 177
1 19 6
324 230 107 20 33 51
4 14 10
144 372 281 425 28 178 287 208 104 261
1 5 3
175 343 125
6 8 9
416 312 275 403 24 484 406 42 175
1 19 4
190 437 243 193
1 20 10
59 187 58 268 122 141 230 36 434 10
1 3 2
431 254
5 17 8
440 243 230 253 384 232 449 338
6 2 10
421 167 13 254 148 318 128 22 231 465
3 15 5
44 243 283 262 163
1 12 6
243 437 294 273 272 190
2 8 3
483 161 487
1 19 2
429 444
2 10 4
49 286 396 373
1 10 3
320 490 494
5 11 10
294 130 241 299 466 197 430 224 451 391
2 2 3
289 370 369
5 15 10
108 207 144 101 150 39 68 380 309 214
1 15 5
147 261 101 418 473
2 8 3
10 165 455
4 18 7
42 191 279 498 239 286 172
1 19 7
168 76 456 18 435 352 337
3 12 5
446 300 210 166 219
4 7 9
116 232 104 75 90 237 188 216 151
4 4 8
9 361 186 111 419 123 353 233
1 14 10
173 96 239 485 42 277 385 225 10 270
3 14 8
25 275 47 37 60 88 228 0
2 8 4
119 95 476 307
1 15 4
336 14 111 399
1 13 3
359 46 251
5 4 10
136 420 498 138 293 56 222 326 104 341
4 8 8
264 72 267 70 47 160 179 37
2 19 5
348 122 469 311 8
3 3 7
464 176 102 280 490 425 196
1 4 4
226 242 428 483
2 19 3
19 84 395
2 13 8
72 346 62 85 406 301 441 206
2 14 8
483 83 357 396 214 423 88 485
3 14 10
95 289 253 124 191 207 100 345 364 19
4 14 10
250 459 8 261 241 446 48 64 349 425
4 3 10
238 322 53 330 130 439 374 242 307 251
4 10 9
469 381 113 435 65 135 265 454 297
5 9 10
3 256 136 428 146 54 202 89 498 479
3 2 7
261 99 135 356 30 476 110
2 1 6
199 256 396 179 498 373
2 10 10
276 223 167 400 27 432 161 417 455 114
3 9 6
294 416 456 240 71 469
5 13 8
193 446 342 492 76 170 164 310
1 18 9
233 217 132 264 128 13 167 117 342
5 6 8
200 360 233 136 160 42 192 307
2 18 5
206 162 157 341 371
5 10 9
448 11 2 242 459 58 457 98 477
1 1 5
44 8 247 136 60
1 2 5
202 144 198 309 48
5 3 8
322 314 173 430 70 270 211 105
2 3 8
373 335 329 266 303 331 146 268
4 7 10
9 218 322 313 415 401 370 466 160 122
5 18 9
445 378 312 461 447 234 462 400 258
6 18 10
83 145 354 357 444 175 387 133 302 39
4 2 8
61 12 370 159 291 199 62 304
4 16 8
269 209 340 247 355 20 205 497
3 13 8
374 84 482 92 167 185 22 352
1 12 5
452 142 402 81 464
4 16 9
477 410 447 172 252 209 33 181 208
1 13 2
3 144
2 20 6
421 310 217 216 440 203
4 15 8
212 400 412 0 252 311 469 159
1 12 6
208 71 444 182 129 387
2 8 4
195 117 426 233
4 5 9
230 191 345 231 53 289 478 333 499
2 2 5
99 362 75 489 368
1 13 3
325 297 484
4 20 7
256 221 7 388 177 69 289
3 16 10
212 256 99 392 264 87 486 351 385 281
3 4 8
341 362 18 359 0 90 258 228
1 17 4
337 372 22 374
3 6 6
288 397 75 495 34 244
1 18 2
83 396
4 5 6
155 448 67 64 314 237
1 8 2
302 401
2 14 3
382 207 325
5 16 9
132 406 261 106 287 458 349 298 310
1 3 2
154 321
3 14 5
326 276 151 376 140
4 17 7
358 359 37 415 234 193 233
4 17 7
94 99 281 226 413 249 124
2 18 5
90 429 73 242 441
1 16 3
68 293 320
4 9 6
116 64 347 201 444 147
2 12 6
474 499 118 219 438 3
1 3 3
323 249 23
1 19 2
178 154
3 1 6
38 462 84 453 359 313
1 10 5
452 418 365 121 180
3 7 8
32 308 464 287 421 139 325 397
1 7 2
106 458
1 7 7
106 390 316 47 273 368 335
3 20 5
392 140 334 200 435
3 5 7
127 481 380 363 90 25 362
1 10 2
167 398
1 16 5
119 105 275 485 313
1 14 2
9 93
2 3 4
279 82 388 95
4 17 9
180 20 96 472 208 444 334 420 13
3 20 8
493 317 179 156 150 477 94 30
3 17 10
391 21 91 22 53 70 258 45 345 33
1 18 3
2 18 87
2 9 4
276 338 414 92
1 12 4
153 483 185 95
2 7 7
74 141 409 375 470 135 150
2 18 5
163 252 401 483 253
2 6 10
38 220 311 428 420 145 160 275 469 37
1 8 2
147 65
4 10 10
394 124 447 0 35 168 325 265 63 392
4 4 6
75 3 197 198 420 126
2 20 4
194 459 164 364
1 7 4
271 105 226 237
5 15 10
283 244 402 113 229 73 275 232 237 144
2 3 5
333 315 214 417 290
1 19 2
484 306
1 3 5
90 376 452 438 223
3 17 10
292 324 429 177 458 274 355 302 133 312
1 13 4
58 118 482 23
2 5 3
199 155 249
2 12 6
331 70 353 288 226 340
2 15 3
215 140 430
4 1 7
260 330 78 434 175 57 464
1 2 6
204 397 479 85 180 19
1 17 5
61 446 279 495 179
3 12 6
468 283 452 273 228 191
3 16 7
95 60 177 393 275 353 142
1 10 2
371 432
2 13 3
19 375 28
1 3 2
385 159
3 4 8
424 126 228 104 79 236 444 441
1 17 3
289 359 110
1 4 3
193 389 226
4 10 7
78 193 139 270 95 178 488
6 15 10
22 456 250 494 384 398 98 441 194 92
3 19 9
319 291 455 113 314 245 70 93 211
1 5 2
1 152
5 19 8
294 144 170 182 442 311 369 380
1 14 3
44 128 6
4 18 6
475 199 273 59 23 298
2 20 8
115 287 266 96 100 496 299 229
4 19 7
369 249 240 338 232 195 245
5 6 8
492 146 382 481 361 57 254 247
1 16 5
412 107 453 92 187
1 12 5
368 105 33 482 215
1 19 7
476 91 313 306 356 439 194
5 9 10
17 101 328 69 344 484 277 254 435 409
1 2 2
343 15
2 12 7
477 310 62 85 100 39 237
5 17 8
122 108 353 439 277 356 177 303
4 8 8
485 126 316 202 303 309 394 383
4 5 9
79 213 386 237 169 476 385 207 493
2 9 5
442 415 238 439 337
2 19 3
121 29 1
1 18 8
46 469 338 204 288 22 270 419
2 12 4
112 2 212 477
2 13 4
382 430 176 457
2 20 9
204 401 314 61 215 119 122 321 105
1 4 10
227 52 401 174 257 232 252 439 164 86
1 6 3
228 178 134
1 3 4
101 115 311 481
1 18 4
117 92 483 270
6 18 10
466 355 19 233 352 399 95 411 384 309
1 8 4
411 9 291 438
2 11 8
156 293 349 87 99 225 374 497
1 20 6
327 277 198 390 334 350
2 13 5
178 313 131 65 264
3 16 5
355 246 292 164 151
1 18 2
247 308
1 20 6
298 430 263 399 481 294
2 18 5
23 271 75 367 199
1 6 2
252 359
4 14 7
8 329 449 295 201 315 471
1 6 2
183 452
2 9 4
425 291 83 462
5 4 9
440 168 9 303 205 365 148 85 218
1 13 8
181 335 158 263 356 265 196 233
1 2 8
237 10 475 94 339 454 194 457
4 4 10
187 215 33 315 329 179 170 162 67 423
4 17 6
147 286 478 13 107 199
1 11 3
257 271 322
3 13 7
317 8 263 313 47 225 436
1 20 2
240 51
4 1 8
136 131 305 282 432 183 256 130
2 10 5
214 224 279 69 242
1 8 7
348 295 369 189 359 375 402
5 15 9
101 454 193 329 252 192 339 499 140
2 9 5
410 89 46 58 258
1 4 2
414 271
2 11 7
79 368 462 444 185 335 264
2 15 5
316 465 61 29 243
3 16 5
395 137 252 211 172
3 15 5
77 239 162 102 261
1 8 7
209 334 3 230 403 225 182
1 15 3
301 110 339
3 8 6
488 438 126 248 482 275
1 11 6
224 49 5 390 470 250
1 20 4
497 452 433 337
2 19 6
40 42 436 382 277 421
4 5 10
17 484 413 230 74 51 23 15 7 180
2 19 7
448 53 316 367 4 79 114
3 19 8
347 328 400 4 264 151 194 339
1 18 2
92 408
3 4 9
134 488 315 38 475 168 392 182 55
2 5 9
322 97 463 485 1 66 460 428 344
6 5 9
353 474 488 356 300 204 257 51 275
1 3 5
346 270 263 259 233
1 7 2
480 33
1 18 2
221 495
1 13 2
115 271
3 17 6
277 429 422 433 0 411
5 1 10
50 468 211 320 35 498 478 430 257 154
1 8 3
220 283 415
2 18 10
31 446 193 52 138 171 211 122 205 456
2 17 5
94 214 389 432 140
2 16 8
459 71 388 186 323 97 355 213
3 17 5
87 223 236 290 55
2 17 7
237 226 418 392 276 304 325
2 1 3
278 279 41
4 4 7
490 307 137 250 52 401 89
4 15 10
236 342 458 346 268 1 475 280 69 392
3 10 8
206 4 229 226 410 414 110 305
1 11 5
128 56 491 88 90
1 1 6
451 242 306 468 205 377
2 5 9
443 198 245 451 195 276 182 379 146
3 5 6
224 342 356 160 126 485
2 17 6
262 44 225 476 108 196
1 1 2
416 231
1 6 3
214 397 40
1 9 2
64 52
1 13 2
82 384
4 7 9
206 249 331 62 268 480 334 390 295
3 3 7
340 495 425 188 211 55 157
3 5 6
228 417 327 64 128 181
4 13 10
45 319 227 310 21 393 217 258 382 348
5 6 10
441 382 478 110 193 309 489 196 427 392
1 7 8
210 40 481 402 419 193 301 451
2 12 7
208 90 465 44 70 345 170
1 4 4
490 65 29 87
5 16 8
303 328 131 404 291 474 275 278
2 19 7
49 140 465 471 126 266 95
3 10 10
378 131 0 288 454 126 6 483 320 474
3 20 5
287 88 305 154 308
1 4 9
157 442 298 185 15 112 497 74 485
3 3 8
141 234 287 275 428 371 87 159
1 14 2
317 98
2 20 4
58 339 163 243
2 1 4
187 471 36 485
5 13 9
186 185 261 391 62 303 252 146 246
2 3 4
290 187 313 22
4 12 6
141 81 221 222 374 173
1 16 2
341 154
1 2 10
425 352 257 447 482 290 194 196 79 407
1 9 4
36 14 157 496
3 4 5
461 483 353 27 313
2 7 5
311 166 422 106 290
1 19 2
271 300
1 12 10
413 65 14 458 334 154 83 274 288 493
3 18 6
401 246 117 307 468 413
1 5 10
111 159 265 11 19 197 270 414 307 204
2 8 3
496 297 142
1 14 2
22 439
2 5 4
70 240 91 140
2 17 4
443 317 261 277
1 1 9
403 305 376 444 479 357 478 332 381
1 4 2
440 15
2 3 4
330 272 71 463
4 3 7
392 405 242 3 146 364 162
3 4 5
52 494 392 352 82
6 14 9
59 83 243 97 217 329 144 199 367
2 12 4
194 403 492 14
6 18 9
125 24 130 357 455 181 470 365 310
6 15 10
104 410 281 411 340 198 401 399 449 71
1 8 2
266 93
2 2 9
250 270 404 352 373 430 207 391 81
1 13 4
42 84 6 282
1 6 2
210 280
6 20 10
13 265 347 363 119 241 326 6 490 430
4 15 7
412 233 94 168 329 334 108
1 13 5
263 134 348 109 278
2 1 5
434 225 272 311 86
2 5 8
297 493 44 240 2 11 444 293
2 20 9
296 339 23 239 426 16 311 435 240
1 14 8
58 240 184 18 40 483 435 343
1 13 2
217 106
3 17 7
162 170 145 459 251 416 388
2 13 3
360 7 11
2 10 4
416 443 458 196
2 9 7
110 230 301 497 6 396 76
3 20 7
200 273 306 38 106 421 60
2 9 4
122 409 261 267
1 17 4
409 58 198 152
1 20 2
262 391
2 1 4
297 240 46 466
4 16 10
403 165 256 259 301 143 448 9 373 16
1 13 9
258 427 328 0 211 77 132 162 386
1 5 7
405 428 478 54 18 123 191
1 13 2
0 301
2 2 7
487 471 455 464 301 207 373
2 1 10
240 84 488 452 192 239 342 460 319 178
1 10 2
335 145
1 15 5
108 496 142 202 173
3 15 10
63 354 457 264 261 216 59 225 87 327
2 13 3
251 3 352
5 6 9
442 199 261 317 134 55 244 449 461
2 1 7
130 32 118 36 37 480 132
2 19 5
61 437 130 397 286
2 9 5
57 279 423 273 212
2 3 7
143 468 381 361 0 167 370
2 5 5
57 211 29 194 72
2 1 3
447 438 346
1 7 4
34 424 86 346
1 5 4
283 216 192 334
1 20 9
197 289 95 419 25 37 251 11 132
2 16 3
392 293 208
2 4 3
47 482 53
1 17 2
105 497
1 12 10
430 297 474 78 387 305 219 128 463 269
2 8 4
65 221 313 233
3 2 5
272 122 117 131 198
1 13 3
103 240 462
1 16 3
427 266 33
2 13 3
491 370 56
3 14 7
335 493 459 452 260 254 78
1 5 9
495 239 73 20 153 118 54 498 478
4 3 6
379 282 341 247 269 234
1 4 4
99 49 420 439
4 15 8
357 342 480 219 422 120 54 2
1 8 4
305 15 352 346
3 6 8
481 160 239 60 283 414 427 300
1 7 5
469 390 305 58 180
1 2 9
141 467 92 299 223 388 198 451 378
1 7 8
266 40 113 422 383 27 207 179
1 18 10
64 379 285 471 380 226 158 376 15 477
1 6 10
56 129 163 133 239 228 375 385 466 223
2 16 5
196 303 184 436 382
2 16 5
335 98 377 181 144
4 6 9
356 253 227 235 289 63 231 177 270
2 2 7
92 436 13 435 477 291 425
2 3 10
381 373 456 402 147 279 304 50 186 362
1 14 7
167 421 122 392 64 436 125
5 16 10
83 487 343 359 254 214 108 267 496 53
1 4 3
314 42 365
1 19 3
400 322 183
2 11 4
91 157 383 336
4 8 9
391 178 46 41 181 249 129 485 448
2 19 5
274 326 64 32 492
2 9 8
292 71 47 170 368 180 279 96
4 4 10
386 199 295 408 16 287 195 497 112 248
4 7 6
275 270 202 374 116 253
2 4 7
392 301 303 105 410 490 163
2 9 7
463 257 68 460 279 363 420
5 5 8
202 46 72 190 256 263 107 220
1 6 2
167 368
4 1 8
169 147 103 414 22 225 226 45
1 16 6
81 37 36 123 90 54
1 5 2
478 148
6 16 10
361 159 437 294 447 480 401 44 184 79
1 19 2
274 61
1 17 6
97 118 223 499 273 130
5 12 9
139 344 46 174 90 283 274 59 10
1 8 2
188 116
1 7 2
80 414
3 1 5
72 67 236 134 356
1 7 4
303 99 277 316
1 14 4
335 213 29 443
1 12 4
123 72 234 268
1 4 7
47 111 287 320 218 384 309
2 10 8
209 222 234 363 464 197 273 113
1 9 7
339 34 171 237 121 159 266
2 8 3
304 282 69
1 13 8
50 128 282 47 405 22 201 120
1 8 2
277 392
1 17 2
379 199
1 16 5
103 140 59 216 420
6 20 9
207 415 493 418 286 394 24 365 179
1 14 3
192 230 45
3 2 5
334 19 187 393 253
3 8 9
331 351 308 302 268 383 48 111 301
1 19 3
298 124 88
2 3 7
154 431 452 484 486 123 446
5 20 10
436 58 264 227 30 492 421 260 245 367
4 17 8
316 208 377 430 323 14 161 125
4 6 6
342 54 455 345 423 431
1 7 5
265 234 35 470 481
1 20 2
233 51
2 16 4
270 481 220 68
1 7 3
478 50 189
1 17 8
302 400 111 79 33 3 395 476
2 11 8
408 230 296 380 24 386 8 64
2 20 4
401 45 158 354
1 10 2
276 340
2 14 4
145 28 342 333
4 4 8
328 251 216 132 211 292 246 217
2 19 10
48 494 485 355 392 375 344 101 323 136
1 4 7
32 269 393 411 442 317 94
1 15 3
399 412 223
1 15 3
23 46 1
2 19 4
158 312 483 260
2 17 4
143 416 27 472
1 8 2
426 125
2 8 10
369 153 192 445 474 462 251 362 176 70
4 11 9
84 440 435 245 262 227 7 307 167
1 13 5
179 408 132 337 378
4 1 7
232 0 71 252 441 70 308
2 11 6
78 349 342 274 492 27
1 11 5
364 214 116 115 355
3 18 9
132 72 484 469 452 470 66 38 430
1 11 5
160 347 466 114 249
2 8 4
395 70 441 316
1 19 9
352 169 351 449 37 243 319 151 450
1 15 2
475 43
2 13 8
193 88 141 118 212 343 351 329
1 4 3
376 254 443
2 13 10
109 211 166 83 60 130 383 75 336 290
1 15 5
265 477 2 221 198
5 1 8
236 234 35 259 126 111 228 400
3 13 8
5 114 335 42 459 34 356 47
2 19 5
334 381 402 121 310
2 12 3
394 119 26
2 8 4
140 332 375 278
2 15 6
305 279 105 151 231 381
1 3 4
179 291 180 271
4 4 8
433 312 226 233 450 491 422 471
3 11 5
271 320 256 356 169
3 18 7
2 348 455 20 470 14 211
5 13 10
200 249 413 383 438 175 326 491 224 478
4 2 10
377 329 391 464 404 435 295 235 378 483
3 4 8
209 414 50 136 144 437 161 267
2 10 8
97 363 422 132 369 23 115 148
2 8 5
209 124 33 17 320
1 16 4
117 199 399 324
1 18 5
183 484 261 359 216
1 16 3
314 130 114
2 5 5
344 130 302 210 13
1 1 4
408 14 484 291
2 4 7
274 362 488 482 177 84 181
5 19 8
25 274 68 438 101 243 460 16
1 8 5
344 397 244 424 129
1 7 5
493 140 379 294 227
1 19 2
127 359
2 7 3
422 362 47
1 16 5
462 193 405 19 256
3 20 7
273 151 248 289 138 306 34
1 13 10
18 455 405 253 155 156 184 301 95 313
1 9 3
175 297 486
2 19 5
121 39 420 490 222
1 5 2
70 314
2 15 3
8 388 380
3 17 5
151 353 257 223 281
1 20 9
411 202 36 282 314 61 331 1 420
1 1 6
400 62 165 17 274 329
3 15 5
482 101 299 234 431
1 4 6
231 364 55 5 485 329
4 15 10
324 496 150 32 387 296 276 190 298 167
2 11 9
50 5 9 114 326 210 108 425 398
2 11 3
301 390 465
4 16 9
346 28 447 353 91 457 157 112 474
3 6 10
401 101 201 395 123 382 472 442 48 376
4 20 8
385 483 167 55 380 293 444 251
3 16 6
395 310 18 71 251 120
2 4 4
353 404 8 390
2 9 4
317 42 290 89
2 1 3
111 338 247
1 14 6
399 105 52 117 139 170
1 10 4
281 143 61 156
4 10 7
495 412 154 492 191 111 409
1 7 10
402 252 340 29 203 153 172 193 144 399
6 5 9
354 412 97 177 410 369 70 191 124
2 7 9
87 275 432 178 348 269 140 206 226
2 20 3
436 422 116
3 10 5
51 133 366 350 353
2 7 7
184 470 400 441 67 333 35
2 4 10
274 270 455 166 461 140 453 392 483 123
3 18 5
258 283 178 382 315
1 9 10
199 69 332 408 203 422 125 230 392 442
4 15 10
378 276 339 148 319 235 48 49 282 43
1 4 5
272 398 196 249 189
1 10 8
130 256 461 431 257 190 468 367
1 13 2
388 245
2 3 4
358 4 255 456
3 2 5
490 149 324 122 367
4 4 9
275 289 472 319 449 459 381 368 61
2 15 5
201 481 157 134 394
1 6 3
274 173 174
4 9 10
412 17 496 422 201 287 129 34 2 265
1 6 9
86 324 429 59 362 107 110 400 90
1 17 8
398 147 187 316 28 456 53 154
1 6 3
39 366 275
6 19 10
460 205 112 276 341 404 191 7 217 25
4 6 6
40 0 176 255 151 246
2 10 10
99 168 354 362 223 296 460 25 125 336
4 17 7
267 239 264 308 163 484 350
2 1 4
260 447 140 311
3 7 5
198 475 13 188 109
1 7 2
39 58
4 3 7
82 437 170 219 152 294 458
1 9 5
381 382 132 67 25
1 15 4
100 452 371 240
3 20 5
263 39 418 444 372
1 4 4
153 232 148 25
2 16 7
159 167 447 213 492 421 31
1 6 9
194 60 297 278 270 451 184 124 400
1 6 4
11 130 201 154
3 4 5
59 149 161 447 142
1 18 8
180 423 228 48 413 236 27 169
2 10 4
454 221 260 174
2 2 3
376 276 352
4 14 9
485 313 85 455 267 272 353 73 202
3 20 6
296 32 11 65 365 469
3 8 9
90 364 344 332 353 3 425 122 356
3 16 7
363 367 483 47 337 356 114
2 3 6
223 87 151 442 136 108
1 17 3
474 447 442
2 8 9
133 321 59 376 273 78 494 381 269
4 19 10
94 147 178 390 110 143 118 360 443 160
2 9 4
267 74 116 337
3 12 6
69 446 74 83 299 345
2 7 4
124 47 471 251
3 7 5
41 307 22 405 282
2 11 6
83 467 264 235 63 191
1 14 2
69 109
2 17 3
273 301 179
2 6 6
365 80 13 369 420 53
5 14 10
161 471 413 101 37 330 328 122 394 327
5 1 8
341 219 388 384 488 244 293 238
1 10 2
378 322
1 3 5
248 398 341 368 264
1 6 8
380 488 386 465 30 23 320 39
5 4 8
384 492 301 367 188 129 144 46
2 18 8
380 359 225 413 144 15 118 179
2 3 4
236 252 316 237
1 5 4
455 389 464 20
1 19 6
419 362 289 135 318 238
1 13 2
276 76
5 3 9
438 56 51 230 357 131 300 440 318
2 6 5
331 174 28 167 240
4 3 8
46 93 248 128 4 220 489 352
2 5 3
394 415 225
1 10 6
309 445 324 40 30 247
5 5 10
414 378 326 402 58 182 73 276 90 429
3 10 5
180 455 230 384 472
1 7 2
389 295
2 2 3
5 265 45
2 15 5
443 406 307 3 220
2 11 7
108 362 309 138 4 424 134
3 10 9
475 490 33 219 145 48 367 374 287
3 5 5
41 106 1 186 448
1 4 2
394 358
3 17 10
14 131 101 414 70 332 135 429 301 452
2 16 4
332 370 280 38
2 19 7
23 2 132 336 331 157 468
1 5 3
429 468 153
1 5 5
426 103 152 265 455
1 17 3
366 348 330
4 13 6
48 192 248 256 66 241
1 6 2
485 90
2 19 6
219 87 14 428 342 23
3 3 9
147 419 30 162 326 281 321 450 220
2 10 9
256 301 290 210 49 334 390 95 121
2 4 3
33 124 417
1 2 5
180 364 82 422 29
3 7 9
46 168 209 205 261 471 221 347 379
1 9 5
236 443 2 350 111
2 8 4
117 389 93 174
4 15 6
170 253 231 364 129 319
3 1 10
209 148 219 372 400 422 268 116 264 120
4 14 6
439 162 460 104 481 461
2 14 9
157 117 289 124 185 448 274 482 43
1 5 8
483 485 337 320 391 168 237 406
2 6 10
426 445 393 122 39 372 451 160 463 188
3 8 10
341 293 317 117 403 265 106 320 69 176
4 3 7
495 302 491 314 129 325 120
4 12 10
63 61 152 488 133 196 169 489 390 448
4 12 8
4 405 457 471 462 258 290 402
2 15 4
120 170 102 206
1 2 4
337 456 147 30
4 2 6
483 456 177 150 384 374
3 13 8
337 299 85 30 264 480 257 436
1 8 8
39 476 429 233 477 47 412 391
1 12 7
131 62 489 340 108 40 359
1 20 2
78 191
3 7 8
94 300 266 421 465 352 489 12
6 3 9
2 279 480 17 321 36 446 111 326
2 5 4
1 230 263 468
2 20 4
49 311 44 214
1 5 3
98 348 72
2 17 5
98 297 268 326 293
3 6 8
301 143 120 134 87 166 0 111
1 3 3
23 305 362
1 9 4
195 264 498 340
3 18 6
174 460 10 383 384 479
2 17 5
409 363 343 354 74
1 4 2
236 91
2 7 10
135 495 163 197 494 373 221 249 134 27
1 10 2
328 282
1 7 6
393 103 330 333 231 406
1 5 3
257 444 442
2 1 9
60 137 455 19 187 75 264 495 333
6 11 10
173 50 431 492 468 301 418 258 226 311
1 6 2
282 248
4 17 9
392 286 14 62 297 163 378 105 404
1 10 4
236 240 424 163
1 10 4
484 43 291 382
6 12 9
442 190 127 154 30 175 312 364 161
4 8 9
146 432 65 14 356 368 407 281 131
3 1 5
354 467 334 461 40
3 14 5
376 69 277 122 266
3 15 7
226 420 484 213 284 446 84
3 10 5
384 70 121 171 319
1 15 2
199 123
1 6 2
279 400
2 15 4
82 424 412 249
2 7 7
67 464 496 32 421 3 224
2 9 3
492 77 194
3 18 6
120 124 442 400 199 480
2 2 3
468 475 55
2 13 7
246 125 118 203 162 431 352
1 7 5
481 473 442 31 233
4 8 9
81 251 48 377 497 40 451 175 231
2 12 8
440 330 149 299 431 226 357 111
2 10 9
122 97 455 416 497 143 118 475 251
1 12 6
190 44 29 432 3 31
4 16 10
92 258 352 57 366 126 369 3 449 302
1 17 3
278 217 223
3 5 5
239 42 94 122 298
2 18 8
397 425 445 433 404 273 323 225
3 15 5
335 347 268 277 470
2 19 4
92 144 158 30
2 17 10
307 54 363 297 241 239 375 390 492 278
3 7 5
249 323 288 476 306
3 13 9
493 202 19 11 378 1 410 161 468
1 13 3
222 92 58
6 7 10
301 153 159 75 66 179 158 485 71 332
3 11 7
114 458 205 244 311 167 293
3 1 5
380 135 446 401 203
2 16 3
17 234 425
1 4 7
487 266 12 470 142 452 193
1 17 7
264 111 87 498 386 122 265
3 8 9
197 350 303 57 423 305 418 73 42
1 13 4
418 456 143 213
4 13 7
339 276 317 158 193 169 126
1 16 3
125 109 167
2 1 4
88 158 144 458
4 2 9
227 425 403 429 108 6 177 114 131
1 20 3
101 120 264
1 16 8
95 265 45 92 317 243 267 289
1 5 5
117 148 418 85 344
1 7 2
33 411
1 10 6
328 85 428 222 90 62
4 6 8
85 350 36 126 332 16 414 148
1 1 3
153 136 432
4 4 10
382 195 483 158 32 284 207 446 54 255
2 3 4
33 382 175 265
1 13 2
429 380
2 9 7
395 449 67 366 437 346 372
3 12 5
306 245 99 186 455
3 13 6
233 398 433 22 34 357
1 17 8
110 346 275 281 351 384 445 14
5 7 10
275 47 181 455 3 213 215 173 445 356
3 1 7
443 58 213 399 226 237 245
5 14 10
445 192 300 264 482 155 366 336 65 409
1 12 9
144 378 188 112 104 163 356 38 37
3 13 9
331 357 433 163 197 40 8 389 348
1 10 2
135 54
2 14 10
82 125 315 175 285 43 33 317 220 1
2 19 5
490 337 223 189 206
1 16 4
153 105 172 221
1 18 8
225 414 483 212 478 49 417 390
4 7 9
227 107 327 12 229 46 447 303 129
2 19 9
336 82 484 281 199 317 83 445 482
2 5 4
171 383 388 39
1 10 2
291 234
3 18 8
423 203 284 2 373 426 222 145
4 10 6
199 120 132 111 247 49
3 2 6
188 337 343 323 166 321
1 4 4
40 429 200 468
2 8 8
462 350 1 9 301 336 494 471
4 3 9
389 19 282 430 95 319 194 84 419
4 13 6
34 83 113 308 109 371
2 14 5
461 136 118 341 288
3 5 6
442 416 433 114 266 355
4 3 10
327 169 443 318 79 112 70 110 454 490
3 17 8
309 5 406 253 95 379 260 178
1 17 5
460 458 34 226 323
2 1 4
136 463 414 350
3 3 7
111 338 303 478 432 389 400
5 4 8
381 444 349 86 99 128 462 328
1 3 2
351 154
5 17 10
411 22 225 184 346 205 226 490 485 434
1 4 2
479 45
1 8 7
252 277 388 401 81 64 106
3 13 6
163 429 439 10 274 76
5 11 8
322 342 241 3 176 481 246 212
5 15 8
267 224 202 235 234 119 210 378
1 2 6
103 11 467 455 291 370
1 5 10
470 305 88 5 297 349 299 6 58 66
3 1 5
354 246 203 167 454
2 6 8
216 422 450 41 394 3 478 67
1 10 6
36 424 77 450 105 193
2 14 7
181 376 33 34 111 144 204
4 10 6
178 448 418 52 293 372
6 7 10
192 468 156 126 492 387 269 65 434 146
1 11 4
64 282 36 217
2 17 5
458 494 179 368 161
2 19 8
323 221 61 122 100 145 381 292
4 20 8
210 499 55 203 484 478 176 243
4 16 10
42 238 95 172 277 297 355 426 199 178
1 12 7
432 88 286 458 140 234 162
1 10 2
9 148
4 4 8
317 76 395 243 108 202 68 255
4 11 6
96 247 300 184 293 395
3 14 6
220 234 153 143 151 392
2 14 6
359 73 87 149 356 141
4 11 6
432 349 104 173 319 437
4 18 6
271 147 188 491 270 351
2 13 8
211 366 457 309 303 180 165 287
1 4 2
400 370
1 5 2
438 21
1 18 10
2 257 265 67 139 193 267 301 254 93
1 7 4
223 14 344 128
3 17 7
247 213 118 279 16 421 232
1 7 7
92 191 273 120 195 275 335
6 4 10
452 226 463 16 425 336 41 148 376 404
4 20 8
410 57 440 123 98 414 132 158
3 3 10
346 150 369 178 324 89 201 79 455 104
1 3 10
228 406 477 20 433 48 422 215 494 164
2 9 4
239 260 202 166
2 7 5
474 386 223 411 231
2 9 10
13 320 109 165 490 323 22 142 33 453
4 11 7
321 107 115 236 148 15 27
5 8 8
249 229 106 206 263 409 84 396
1 20 2
256 352
3 11 5
454 279 464 224 367
5 3 9
380 258 224 166 207 418 486 120 154
1 8 2
280 275
2 10 9
447 302 490 253 264 17 400 290 478
1 12 4
150 251 343 316
3 5 5
239 490 94 71 390
2 6 3
396 419 16
2 1 5
16 206 344 266 311
6 9 9
458 422 194 358 177 485 425 274 444
1 11 10
174 58 426 217 151 384 130 330 115 155
1 13 5
202 462 80 85 30
3 3 9
208 478 447 191 362 307 132 315 294
5 9 10
234 98 262 175 268 209 339 61 378 17
1 7 3
369 436 472
3 5 5
105 202 384 127 98
2 5 5
378 102 186 66 478
3 12 5
322 8 306 47 196
1 10 3
202 21 440
1 9 2
14 98
6 8 9
278 404 376 256 191 295 90 184 44
3 13 5
246 411 385 44 85
3 9 10
66 261 343 103 487 324 442 70 110 135
4 20 6
482 480 17 193 15 359
2 14 4
223 471 335 135
2 4 6
43 247 34 26 167 273
3 7 5
419 78 454 113 399
1 15 4
64 20 305 475
2 3 3
269 139 227
2 11 7
454 119 309 425 492 495 146
1 1 3
295 340 173
1 16 3
408 227 340
2 6 3
260 2 312
5 7 9
92 251 41 64 12 209 216 450 397
2 13 6
75 301 352 155 251 236
3 1 8
255 153 458 351 53 210 307 98
4 19 8
272 408 419 370 248 314 481 132
3 3 10
414 268 206 96 350 426 173 35 288 29
1 18 9
100 444 132 29 466 101 499 372 345
1 5 3
8 198 457
2 1 4
357 481 252 403
4 12 8
100 373 8 203 42 489 30 474
3 2 9
120 171 19 480 452 181 167 493 24
2 13 5
333 492 398 483 476
1 7 5
286 428 238 153 134
2 13 4
162 378 253 226
3 10 10
146 333 383 219 499 305 457 424 200 390
1 7 5
383 163 198 304 118
3 1 7
431 277 492 100 285 67 192
2 2 8
281 160 140 413 32 217 440 109
4 16 8
370 36 217 182 476 465 492 186
1 7 4
169 327 148 143
5 7 10
459 343 351 216 16 496 201 30 27 36
2 2 7
42 222 138 381 274 107 292
3 10 9
54 228 482 315 291 9 53 210 105
1 16 4
162 445 273 130
6 7 9
183 7 192 79 198 285 359 306 22
1 5 2
48 420
1 10 2
484 476
5 12 9
90 485 188 146 39 166 351 319 238
1 18 9
208 305 57 79 190 485 139 211 332
1 10 9
471 82 170 197 204 375 245 163 5
1 7 4
337 191 323 148
3 19 7
187 272 411 305 485 332 91
6 16 9
442 55 470 166 477 116 153 309 202
1 13 2
407 349
1 10 2
173 346
1 7 4
319 334 360 284
1 10 4
489 185 289 339
2 4 9
488 431 122 189 226 222 483 148 68
4 8 8
109 372 139 230 300 470 272 133
4 10 8
487 229 101 131 435 245 406 157
2 14 10
67 227 285 446 92 422 444 343 204 118
6 16 10
283 166 486 66 399 129 413 256 495 330
2 20 6
428 356 240 197 396 461
2 5 8
28 132 371 190 179 290 222 7
1 15 5
304 162 86 3 235
2 9 3
137 219 485
3 15 5
270 345 133 352 115
4 6 8
308 267 368 121 200 109 37 424
6 6 9
52 321 427 420 362 149 102 340 363
2 10 3
411 439 369
3 7 7
484 388 491 269 256 65 274
4 6 7
360 78 411 86 138 42 217
4 11 8
409 154 372 381 86 47 424 410
5 12 8
424 99 301 127 327 107 345 87
1 5 2
457 70
1 7 4
439 310 324 160
2 1 9
40 124 128 24 178 400 89 373 467
3 13 5
83 239 337 118 279
4 11 9
12 471 317 484 151 202 333 449 69
1 2 2
293 258
2 2 7
259 16 144 174 467 51 454
2 2 3
142 17 72
1 1 8
484 464 0 461 329 264 168 188
1 10 2
361 485
4 10 7
157 55 216 349 424 486 113
2 6 4
293 114 419 36
1 5 5
259 440 325 496 254
1 4 2
276 338
2 18 8
437 31 472 418 197 324 161 95
4 16 10
130 219 64 220 84 235 233 423 358 73
2 19 5
449 371 235 82 349
2 4 3
414 63 224
1 20 8
95 221 473 219 450 145 80 470
3 11 6
450 257 10 78 123 245
1 8 3
88 24 482
1 7 2
52 164
3 8 8
146 446 191 52 339 436 149 284
1 12 3
182 46 411
1 7 10
61 52 245 347 377 489 103 378 371 226
3 3 7
156 13 104 241 493 279 471
1 15 7
102 457 231 28 332 340 394
1 20 8
149 198 107 373 380 123 481 439
1 8 2
202 352
3 15 10
68 289 141 430 107 372 380 243 90 176
2 19 9
13 22 253 338 100 354 12 267 318
2 12 7
60 400 16 19 17 378 224
2 15 4
313 237 372 64
3 9 9
122 233 114 448 221 272 346 36 10
3 20 7
49 341 71 229 184 58 90
2 1 9
324 192 46 461 10 334 329 346 71
3 4 10
356 253 38 302 5 431 464 374 351 308
2 4 8
488 171 319 92 227 413 205 297
2 20 3
35 377 306
1 1 6
439 50 190 288 441 100
3 9 6
237 387 147 471 422 391
2 16 4
324 495 80 306
3 14 7
323 275 283 438 47 155 379
4 4 7
400 405 491 285 267 11 454
1 10 3
396 114 88
1 8 3
33 260 335
1 18 4
339 399 2 485
3 9 9
238 458 265 386 247 431 269 222 240
4 12 9
426 407 177 375 465 295 251 216 494
1 4 5
228 441 289 260 497
2 6 4
331 20 61 216
1 15 7
452 14 364 479 213 493 163
1 15 10
462 295 84 410 353 320 210 432 187 477
2 13 5
181 265 379 220 10
1 5 10
365 6 398 274 355 350 338 306 93 278
3 17 6
198 68 301 498 47 481
1 9 3
66 397 151
6 12 10
181 426 215 9 21 105 415 379 242 315
1 9 9
148 180 195 480 303 170 398 15 198
2 15 5
94 117 280 269 86
2 19 3
158 378 390
4 4 10
401 182 348 171 121 36 339 292 439 246
1 18 2
186 49
2 4 3
296 353 351
4 19 7
375 219 242 342 225 55 257
1 9 5
11 43 69 21 286
3 20 10
24 472 363 463 425 237 366 424 140 76
3 17 9
147 241 250 24 275 195 449 341 164
1 5 10
164 245 219 124 75 355 61 498 287 224
2 3 8
166 222 441 437 83 13 152 195
2 19 4
235 93 375 80
1 19 7
229 300 415 227 367 387 224
3 4 7
372 102 2 353 441 145 491
2 9 10
95 1 269 153 215 75 367 79 468 308
4 17 9
14 192 267 315 249 95 356 379 104
4 11 9
290 260 78 181 228 79 21 197 280
5 16 8
422 451 129 404 317 152 413 158
5 19 9
392 112 257 411 129 46 286 330 223
2 6 5
158 261 430 308 127
4 11 7
366 336 373 171 488 255 469
4 16 6
316 310 231 78 67 327
1 12 2
348 137
1 10 2
174 256
1 5 7
303 286 407 177 299 213 265
2 2 5
49 386 25 313 185
1 12 2
16 384
1 9 7
67 348 290 30 122 362 38
4 9 7
43 161 426 417 319 235 450
4 18 8
367 162 147 353 5 285 183 23
1 10 7
191 54 81 450 127 388 468
1 2 7
394 385 211 153 9 273 357
1 7 8
226 328 318 329 296 426 415 47
2 14 6
230 347 430 486 151 91
4 13 7
59 350 148 42 40 81 135
4 5 9
75 380 86 341 249 361 465 426 388
1 6 4
102 279 366 149
3 17 5
417 262 218 321 159
2 8 4
133 142 106 268
3 18 9
483 27 445 397 452 283 252 310 415
5 3 8
313 166 216 190 343 14 242 209
1 18 7
263 151 486 40 468 231 488
1 1 9
136 475 19 214 129 465 15 403 171
2 3 8
334 406 144 44 175 35 361 46
5 5 10
364 212 349 211 164 491 342 347 390 122
2 15 3
159 172 345
1 15 5
478 33 225 369 389
1 7 5
115 495 71 499 45
6 17 9
450 234 373 253 389 62 284 309 453
1 10 3
90 226 13
1 5 4
9 180 30 361
1 17 3
7 134 167
2 4 5
228 413 271 397 468
5 20 8
7 139 154 239 482 189 345 369
1 13 10
176 406 378 4 400 45 242 92 285 334
3 19 10
301 170 399 297 86 251 206 323 374 122
1 9 6
396 128 123 43 244 248
3 13 7
376 432 406 332 95 288 283
1 3 5
216 315 334 43 427
2 16 5
395 180 59 265 166
2 20 6
374 42 218 228 286 69
1 6 2
335 493
1 6 2
294 234
5 11 10
371 361 375 46 73 189 441 233 247 158
5 17 10
467 206 478 23 229 363 315 328 422 250
1 5 9
203 184 399 4 468 20 483 344 150
1 7 2
94 364
1 16 2
180 196
1 7 4
6 113 215 370
2 17 5
265 254 103 42 409
1 4 3
210 423 83
5 20 9
82 118 423 404 491 470 236 77 334
2 11 4
483 247 242 103
3 13 8
382 471 476 121 195 395 141 287
1 5 8
293 274 356 360 144 188 418 158
2 9 7
141 206 217 487 54 258 455
2 6 3
137 91 95
2 20 10
432 393 225 249 274 35 288 340 362 82
1 15 7
236 258 331 121 333 433 492
2 14 5
126 121 446 10 36
4 1 8
179 459 172 108 49 350 64 267
4 20 8
71 248 336 419 183 291 13 342
4 15 9
332 174 204 418 56 271 414 209 259
2 16 9
421 116 109 337 498 120 54 39 294
2 9 5
373 138 42 404 261
2 12 3
211 301 385
1 4 7
335 403 143 91 349 497 201
1 9 2
441 238
4 15 6
303 94 203 336 319 328
2 17 4
103 144 118 11
3 2 6
490 119 404 157 95 366
4 8 9
331 462 333 394 340 378 4 216 469
1 11 4
410 33 391 444
6 20 9
317 480 316 212 14 291 227 230 434
1 19 2
204 17
2 5 3
302 20 50
2 5 3
289 66 316
4 14 8
241 76 393 233 293 371 190 236
1 10 6
286 165 376 151 135 184
2 9 6
236 99 31 104 257 434
4 15 8
25 456 459 483 166 149 284 108
1 11 3
442 278 213
2 12 3
261 359 418
2 20 4
40 127 321 362
1 1 10
187 406 277 240 107 402 28 280 235 134
2 16 3
137 446 200
5 6 9
81 427 402 463 251 332 22 315 21
2 1 3
257 480 488
3 8 5
388 202 434 370 118
3 2 10
142 232 180 335 348 472 463 34 43 456
1 4 5
162 327 155 15 404
1 1 4
146 453 41 1
2 7 5
476 260 127 470 400
1 10 3
331 378 475
1 1 2
441 257
1 5 3
255 86 404
1 17 5
356 141 461 340 159
1 6 10
101 266 268 188 49 358 477 443 98 225
1 15 7
297 215 401 272 410 296 34
1 19 8
154 219 54 98 281 482 21 264
1 10 2
412 84
1 2 8
342 278 109 200 168 360 29 427
1 8 9
379 382 141 195 259 99 322 170 257
2 17 3
244 255 451
3 4 7
124 178 384 349 210 321 256
1 18 3
468 248 309
1 19 6
45 221 409 96 260 497
3 3 8
8 151 441 359 362 402 257 99
4 19 8
88 490 375 237 253 133 10 425
1 7 2
53 55
1 6 2
362 8
4 2 8
48 212 158 347 34 15 113 328
1 7 6
97 431 263 170 253 420
3 7 8
358 366 394 102 36 249 306 472
1 17 3
262 388 35
4 5 6
344 261 241 255 193 365
2 13 8
117 361 384 362 481 365 180 190
1 1 8
70 9 487 229 346 218 463 92
1 9 5
107 374 372 431 152
6 13 10
470 450 381 122 395 246 28 468 66 400
3 6 8
16 445 457 120 419 264 207 404
1 18 4
403 29 369 22
2 17 5
165 251 480 104 211
1 13 10
21 426 169 460 314 287 471 137 208 103
1 9 5
156 203 281 169 355
4 17 7
274 231 232 425 424 194 401
2 7 9
209 61 8 31 491 453 214 164 192
3 8 6
427 176 352 71 407 142
3 15 8
130 358 470 370 287 406 356 97
3 7 7
293 168 23 126 333 237 245
1 20 3
334 467 156
5 19 9
430 471 346 117 394 252 201 17 367
1 8 3
388 153 490
2 13 5
475 285 121 6 31
3 19 5
140 473 43 79 50
1 2 2
73 240
3 9 6
401 126 77 475 499 41
3 15 10
169 383 69 110 35 429 353 22 45 93
1 9 4
90 368 16 145
2 13 3
253 353 102
5 20 8
34 316 296 143 376 148 20 210
1 4 6
176 280 51 231 35 255
4 6 10
13 337 117 494 45 59 298 204 180 311
5 7 8
268 220 448 297 37 138 336 250
1 6 2
136 75
2 17 9
496 308 430 467 421 296 219 13 401
6 15 10
187 464 111 472 297 92 394 439 220 82
3 13 8
270 206 99 433 321 457 111 279
4 18 8
29 406 339 142 238 58 398 446
1 15 2
497 120
6 9 9
164 309 486 499 116 387 198 13 130
1 13 10
173 65 58 453 45 151 366 450 312 379
2 15 10
243 77 132 317 348 4 124 91 213 447
3 18 10
393 308 424 20 28 93 315 282 383 316
1 3 2
348 329
1 11 5
477 215 355 269 86
1 3 7
297 486 143 270 153 409 499
6 15 9
191 107 16 96 141 98 314 348 377
2 12 10
27 192 302 146 223 377 447 105 359 338
4 14 6
134 315 193 267 93 59
1 18 2
218 59
2 14 4
93 133 397 78
1 13 9
137 353 223 89 392 299 102 472 432
2 10 3
57 454 213
3 12 9
288 417 450 209 457 442 467 357 265
3 14 6
310 123 41 74 444 201
1 9 2
401 56
2 1 4
165 250 371 325
4 5 6
122 286 426 422 41 369
3 18 7
161 468 182 261 287 469 307
1 19 5
66 453 413 458 130
5 19 9
147 498 210 242 15 445 114 327 450
1 5 2
26 325
5 5 10
115 294 401 182 175 22 198 281 204 47
1 18 8
202 42 77 277 470 452 443 343
2 15 3
4 39 295
1 8 2
149 309
1 2 3
368 17 215
4 10 7
236 206 173 399 363 245 336
2 18 4
365 214 259 258
2 13 10
453 160 32 272 240 470 94 40 20 354
1 3 10
128 83 78 267 305 421 227 62 141 435
6 16 9
334 254 45 330 136 235 446 491 103
4 5 9
106 440 247 127 164 323 356 490 392
1 14 2
209 399
3 6 10
125 65 440 267 86 449 21 461 50 42
3 2 10
344 170 320 346 59 94 496 408 252 137
2 18 7
87 345 239 49 191 406 297
1 3 3
185 17 233
1 20 7
409 217 14 410 191 495 101
3 1 10
242 87 57 323 124 449 385 450 296 444
2 7 3
435 472 441
3 10 5
364 195 183 389 80
3 15 7
165 322 352 167 231 193 427
1 3 10
353 137 147 135 111 19 191 368 474 296
1 7 2
319 421
6 6 10
321 359 269 448 175 11 153 31 37 214
3 3 6
470 346 56 189 242 116
3 17 9
169 55 65 498 484 349 4 447 363
1 16 5
89 427 182 67 112
3 14 9
272 467 287 296 357 385 450 376 475
4 9 8
214 303 161 421 14 144 323 127
3 6 9
280 358 404 420 331 4 283 97 428
3 18 7
444 295 328 433 11 338 493
1 1 9
480 170 282 47 180 196 371 112 115
2 15 7
243 205 421 65 86 38 439
5 17 8
463 207 97 169 469 124 380 189
2 3 5
28 396 47 257 267
1 10 9
499 41 479 375 377 462 420 164 421
1 13 5
436 455 421 288 310
4 5 10
39 304 133 470 212 125 8 449 303 416
1 7 5
418 399 102 475 440
3 15 5
254 335 155 338 38
4 5 6
372 217 240 464 100 119
2 7 5
270 406 309 284 409
2 8 4
179 365 168 30
1 14 3
316 318 52
2 19 6
392 411 318 186 47 258
1 19 6
29 234 182 240 148 272
3 14 6
307 123 347 71 440 134
1 7 9
350 294 51 276 113 416 4 94 58
1 6 8
272 311 251 128 137 293 175 235
1 1 2
70 217
2 3 3
187 410 465
1 18 5
222 351 186 27 418
1 14 4
424 133 74 308
1 17 2
276 337
1 19 4
390 225 102 210
1 8 10
477 322 406 60 353 437 231 153 62 493
2 12 3
330 270 399
2 19 4
145 340 12 364
2 18 3
133 327 158
1 11 8
292 310 455 481 326 329 199 426
3 3 7
53 248 359 150 421 111 92
1 14 8
456 176 237 442 145 409 5 137
1 6 2
422 258
1 15 8
464 221 326 150 313 115 307 265
4 12 9
11 333 51 296 282 169 391 30 221
2 13 8
77 480 42 226 427 91 86 112
3 5 8
493 443 255 400 422 480 279 375
3 6 9
222 174 465 445 439 424 80 454 330
1 6 2
240 171
1 9 3
441 227 467
4 13 10
481 132 196 340 202 84 459 117 391 161
1 12 5
395 110 266 43 322
1 2 3
258 93 454
2 19 8
285 476 170 273 291 215 407 24
1 18 2
357 411
5 12 10
325 206 21 174 248 49 48 39 23 19
1 20 4
298 471 307 68
2 1 9
308 452 287 182 313 354 261 246 279
2 8 7
326 441 409 16 366 176 362
5 18 9
126 290 71 197 320 229 477 27 484
4 15 7
319 219 418 460 344 110 122
5 16 8
440 353 34 95 380 485 209 160
3 18 5
233 159 267 240 278
1 13 3
0 121 6
2 16 5
93 339 327 40 356
5 4 9
2 31 432 297 60 189 469 316 212
2 16 3
92 52 343
2 9 4
182 226 245 4
1 1 7
194 115 428 397 216 270 391
2 20 3
242 335 439
1 14 2
286 251
4 9 6
107 364 380 330 299 184
2 1 4
89 341 91 467
1 9 2
121 29
1 9 3
185 93 378
1 19 2
185 409
1 1 2
165 185
1 8 9
404 333 323 229 348 385 74 105 259
1 13 6
260 438 313 341 123 130
5 6 8
165 281 193 94 176 416 233 119
1 2 8
385 110 153 492 327 221 285 255
1 11 7
150 119 134 197 50 84 200
1 13 2
498 289
1 9 10
421 57 208 43 10 137 212 223 142 211
1 2 8
246 65 134 195 279 32 135 241
2 6 10
356 378 193 222 379 0 447 116 108 459
4 19 6
35 224 250 229 39 209
2 9 4
214 111 42 437
2 14 8
394 153 471 252 467 214 322 205
1 18 2
94 281
5 4 8
142 471 411 59 304 212 118 432
2 16 3
226 452 272
2 2 3
318 122 465
3 10 7
293 487 451 317 396 65 30
5 7 8
14 345 328 310 257 482 349 432
4 2 10
320 291 285 49 334 396 192 241 388 141
1 16 2
296 246
4 15 9
302 283 228 436 376 348 406 114 8
4 16 7
166 19 50 442 275 185 100
1 19 3
35 166 139
4 11 6
56 44 30 473 149 305
3 6 6
495 287 420 25 82 370
5 10 9
273 110 22 310 320 285 120 149 360
5 1 9
404 14 273 494 405 314 315 317 407
1 6 7
462 248 170 219 44 174 328
1 13 2
447 322
1 16 9
432 82 59 256 221 76 110 459 400
1 14 3
123 276 314
1 1 4
424 113 83 230
3 15 6
225 48 325 495 112 173
1 20 3
363 440 472
2 15 10
49 107 125 74 130 186 463 303 135 20
2 2 5
265 45 407 483 143
2 5 6
281 291 195 197 434 375
3 16 8
452 441 193 129 369 222 220 192
2 10 10
94 158 489 190 211 136 282 239 180 171
3 17 9
384 415 79 252 274 53 90 461 190
1 19 4
177 233 306 249
2 5 4
26 163 33 287
3 20 8
2 371 163 167 473 130 60 267
1 5 2
499 254
1 18 5
147 42 275 191 84
1 7 6
21 193 203 420 282 152
2 12 4
227 7 346 212
3 2 7
233 432 442 117 242 312 376
3 6 6
362 471 330 350 281 298
2 1 4
469 203 375 352
2 2 3
14 342 23
2 14 4
208 225 105 88
5 15 10
282 93 362 131 387 292 117 43 468 0
1 6 5
340 344 416 96 91
2 17 9
216 406 289 333 350 313 280 247 326
1 10 2
257 408
5 6 9
222 230 468 242 261 83 246 472 332
3 20 6
255 311 308 44 45 465
1 3 2
432 407
2 3 6
488 249 261 302 290 1
1 16 5
267 329 153 376 194
1 18 3
159 207 150
2 2 4
420 480 277 239
1 9 5
141 339 357 165 284
3 12 7
70 256 301 269 494 451 1
5 15 8
70 273 10 345 453 49 274 249
3 2 9
210 185 413 344 358 177 467 287 71
3 15 9
278 274 467 84 151 148 327 349 495
4 5 6
421 237 304 312 224 343
4 6 6
366 229 395 450 478 474
5 20 8
111 92 456 438 73 452 183 32
1 13 2
318 200
2 3 8
181 477 150 386 412 114 377 245
1 18 3
202 495 265
4 7 10
367 442 460 392 304 429 242 238 363 240
1 2 10
351 171 284 228 17 362 360 294 150 123
4 2 6
50 138 97 288 377 213
1 13 10
497 165 354 327 260 490 13 487 349 419
2 10 6
453 358 393 134 155 149
1 1 2
264 206
3 4 7
1 259 495 338 3 371 42
1 19 4
235 200 237 331
1 3 2
182 174
1 3 4
363 428 365 442
2 8 4
381 498 134 14
2 14 3
496 227 129
1 6 6
26 17 99 4 135 346
2 3 3
350 249 38
2 2 7
152 8 81 132 307 2 166
2 16 4
434 33 333 229
1 7 4
210 348 333 371
2 4 5
336 113 491 35 176
2 13 7
127 444 90 188 442 476 220
1 16 5
265 4 218 370 173
6 10 9
484 434 262 85 24 121 479 450 64
1 17 8
28 483 420 21 3 320 293 487
1 4 3
399 224 245
1 5 8
34 201 360 77 30 50 289 411
2 8 5
26 172 234 233 391
2 11 3
182 389 434
1 12 2
395 293
2 10 3
173 271 193
5 7 8
406 351 311 140 498 358 270 285
4 18 10
77 461 435 378 18 318 401 289 47 69
2 16 7
375 97 195 205 115 201 66
1 10 8
474 41 480 319 345 164 392 124
1 3 7
204 239 147 186 20 313 148
1 7 7
345 174 432 251 346 142 133
3 10 10
217 411 184 479 379 129 278 77 375 443
2 18 3
283 66 101
1 10 2
192 115
2 9 5
1 0 463 280 91
2 5 6
206 333 296 266 301 120
1 2 7
458 134 96 265 199 270 35
6 15 9
158 451 100 263 275 31 282 63 43
2 15 6
329 161 246 360 69 27
2 19 3
436 186 442
2 7 8
16 211 212 67 451 149 83 208
4 8 10
400 220 64 490 388 436 347 407 82 394
5 4 10
432 93 487 419 168 333 34 304 27 22
3 10 8
339 20 33 57 148 39 237 8
1 10 2
266 325
1 9 6
24 417 473 9 200 169
1 8 2
90 432
4 10 8
234 12 22 43 337 419 116 281
3 11 10
361 246 105 128 33 459 50 7 336 283
1 7 4
127 384 272 475
2 12 5
322 426 31 68 0
1 8 8
212 110 294 47 496 219 321 337
1 19 3
485 52 461
1 7 8
25 400 471 67 97 113 214 185
2 6 8
384 323 266 226 400 401 373 279
1 20 9
86 120 338 102 450 315 145 245 139
2 4 10
67 420 62 318 270 250 392 494 468 284
1 1 2
226 209
1 6 3
291 252 282
2 18 4
347 221 98 256
5 16 10
162 390 58 144 342 468 240 430 180 312
2 5 6
359 385 375 266 93 368
3 7 5
160 114 320 219 96
6 1 10
179 311 385 136 174 184 453 183 178 247
4 4 10
106 210 99 145 361 280 32 456 303 364
3 15 9
473 259 418 158 28 377 116 282 303
1 16 8
416 429 9 11 138 216 455 367
3 20 6
125 261 87 172 407 208
2 1 6
160 446 0 317 495 143
4 17 9
378 125 52 361 465 217 245 163 219
3 16 7
383 154 473 409 272 269 472
1 10 7
213 175 297 431 136 23 358
1 4 2
205 456
1 14 6
282 374 345 292 353 332
5 19 10
58 257 173 95 269 23 189 204 412 279
3 2 5
215 104 224 423 127
4 6 9
115 438 31 144 179 416 125 233 468
1 18 2
170 252
1 12 2
291 278
3 17 10
57 190 341 175 478 179 13 420 172 199
1 3 2
322 64
1 18 4
318 435 395 260
4 11 8
365 105 314 224 10 113 246 454
3 19 9
51 447 211 175 249 174 114 279 285
2 11 5
62 484 458 264 339
5 19 10
8 492 73 237 443 415 185 247 410 30
1 8 2
450 145
6 12 10
389 99 174 473 31 451 341 164 38 13
4 20 10
342 200 201 380 399 305 254 431 229 267
2 17 10
339 5 378 11 273 451 348 116 75 244
1 15 2
247 454
1 13 4
14 162 413 127
1 4 5
74 25 482 198 235
1 8 3
13 72 112
3 19 9
386 29 22 277 291 327 134 98 219
1 5 3
267 282 433
3 2 10
107 2 301 353 283 86 4 458 69 416
2 8 6
208 312 452 240 198 151
2 2 7
376 173 367 58 217 24 497
2 8 10
460 12 375 436 432 116 240 20 176 356
2 2 9
265 163 417 287 470 278 160 354 171
1 15 5
421 108 434 492 469
2 18 3
223 387 102
6 16 9
111 348 496 468 215 372 208 407 483
3 8 6
141 160 244 5 271 236
3 2 5
338 440 75 456 193
2 13 6
54 30 188 341 239 249
2 7 3
55 210 180
2 8 6
102 449 75 327 435 482
2 15 10
487 444 325 373 46 21 219 260 57 316
4 19 10
220 1 347 54 150 126 493 299 412 469
3 8 7
293 31 347 44 324 221 387
4 20 9
72 489 73 168 420 161 434 187 431
2 3 4
214 289 325 318
1 13 7
472 456 76 453 261 139 371
3 18 6
80 8 423 353 435 45
3 1 10
333 377 5 239 75 288 6 219 151 258
3 4 7
101 63 232 215 219 51 84
1 3 2
435 205
1 19 2
7 197
1 10 4
471 375 458 157
4 19 8
434 232 425 270 261 392 443 415
1 8 3
166 360 392
3 17 10
56 46 352 462 490 364 485 359 192 366
1 2 2
337 265
1 1 3
465 438 210
4 2 6
341 52 167 461 40 247
4 8 6
268 127 67 69 480 216
1 18 2
18 101
3 1 5
364 252 467 383 310
1 1 2
252 317
2 8 3
467 14 488
1 6 7
40 61 426 80 236 215 362
1 12 2
22 404
1 7 4
85 350 215 426
1 5 2
58 226
1 3 3
75 313 421
2 13 7
383 394 161 188 165 248 104
4 17 9
202 7 379 200 303 463 480 369 0
2 15 8
78 319 459 280 266 399 295 4
2 5 10
431 289 374 197 227 147 92 364 373 204
1 15 10
47 424 267 195 14 465 87 200 259 250
1 6 4
325 373 249 160
6 18 9
492 205 398 221 437 273 34 277 85
1 4 4
134 6 384 135
1 10 7
474 15 80 365 312 461 346
2 12 7
229 447 269 72 20 162 336
1 16 2
380 418
4 15 6
475 19 235 481 177 441
1 16 4
366 175 311 88
1 12 3
263 51 348
2 4 6
113 205 124 123 56 226
1 18 4
222 66 370 466
1 13 2
355 241
4 20 8
316 159 209 312 145 17 404 489
1 14 5
270 61 275 43 423
4 4 6
92 264 393 289 86 139
5 8 9
406 196 101 447 414 134 254 16 364
1 7 5
139 26 229 113 162
4 2 10
167 325 142 402 318 474 138 417 90 283
3 7 7
187 385 333 142 255 272 193
1 10 7
15 346 258 405 62 151 422
2 13 4
182 11 218 404
4 10 7
111 349 180 106 61 422 297
2 15 10
47 208 33 235 174 73 186 158 148 154
3 6 9
164 8 305 146 157 60 17 152 12
1 3 2
302 337
2 4 3
438 117 321
3 2 5
397 10 189 487 236
2 4 10
35 205 101 56 78 185 482 60 152 224
1 8 3
463 243 405
5 16 10
376 428 398 343 409 321 72 320 34 149
2 3 4
375 409 21 302
2 17 3
30 175 109
2 19 7
211 389 288 31 48 340 291
4 5 6
359 69 192 175 96 252
1 10 3
254 80 361
2 6 8
385 249 420 284 261 182 296 188
5 13 8
37 192 377 210 339 74 151 196
3 13 7
203 326 423 250 444 495 242
1 4 10
317 200 406 161 51 306 311 262 261 158
2 3 6
279 359 427 363 85 260
2 20 9
431 437 311 344 36 66 129 31 248
1 15 2
145 169
1 18 8
343 350 489 358 138 224 326 447
2 5 5
36 275 38 193 252
5 18 10
499 366 31 197 159 312 47 40 187 253
1 7 5
204 195 445 258 312
5 3 9
391 384 55 480 40 296 102 94 455
1 19 4
484 476 74 63
1 8 2
137 135
1 16 6
40 226 461 221 149 155
1 1 3
107 402 250
6 12 10
240 8 498 221 374 428 489 83 418 322
2 15 3
121 263 307
1 2 2
236 321
1 3 5
17 431 177 187 496
1 8 2
285 336
2 7 10
255 71 481 210 485 103 220 171 150 279
1 15 4
156 375 416 380
3 9 10
117 444 302 43 32 128 390 45 16 25
1 2 8
337 127 375 126 408 228 433 320
1 11 7
36 340 263 241 393 58 394
1 3 2
250 187
4 2 8
58 87 433 233 127 77 102 236
1 18 2
286 17
3 18 6
176 134 66 231 336 297
4 12 8
17 460 212 171 247 34 58 242
1 4 5
356 50 368 89 174
2 10 9
286 449 253 371 290 441 99 240 488
2 17 3
353 357 373
2 4 3
109 482 322
5 18 10
458 183 36 126 371 343 188 17 108 397
1 20 8
138 202 418 428 95 350 473 165
5 6 10
412 47 178 496 353 357 27 478 41 438
1 4 5
363 338 391 59 360
2 13 4
348 150 476 347
4 11 7
14 488 34 152 2 166 318
4 12 6
342 139 399 4 70 172
5 3 10
27 74 216 47 106 124 7 349 377 297
1 10 2
166 252
2 14 3
272 216 119
4 17 8
78 222 171 157 274 406 159 395
1 3 2
194 59
4 8 8
265 129 149 25 281 476 9 62
1 16 5
42 326 339 398 38
1 1 9
139 357 192 103 55 389 17 157 66
5 5 8
215 259 482 169 499 135 460 390
3 8 5
220 226 16 182 340
2 17 5
434 322 65 131 158
1 17 9
377 279 175 102 268 326 242 415 101
1 12 10
224 364 124 125 123 349 491 229 174 52
2 18 9
132 21 218 172 362 23 427 264 211
2 15 3
385 19 223
1 20 5
297 226 419 39 317
1 4 5
158 281 484 53 455
2 1 6
466 5 148 464 150 402
1 10 2
313 199
1 11 4
327 314 212 361
3 11 6
430 194 496 454 67 490
2 18 9
164 420 361 234 57 286 371 362 219
6 2 9
93 132 278 258 348 283 197 207 391
1 16 4
308 177 333 318
3 6 6
106 354 139 433 234 452
2 10 9
18 204 410 331 203 393 499 488 262
1 6 4
275 73 39 469
3 10 5
196 128 392 189 267
1 4 5
324 48 50 270 125
1 13 10
225 464 433 51 312 288 30 272 265 461
2 18 6
365 148 196 418 302 414
1 15 2
454 348
1 20 2
16 228
3 12 6
35 296 160 55 312 238
1 2 9
295 346 33 367 422 253 441 430 463
3 1 5
11 422 176 143 445
1 14 7
422 323 392 458 370 20 457
1 18 2
290 413
1 18 3
290 101 274
2 5 4
246 164 65 411
1 10 5
285 276 282 228 48
2 9 6
36 4 253 100 113 468
2 9 4
342 185 414 38
1 4 4
29 412 226 332
1 13 8
320 400 489 284 236 86 258 5
1 15 8
283 478 325 211 69 149 424 59
1 7 10
315 370 264 414 203 1 0 409 246 135
2 11 7
267 213 458 141 139 445 74
1 15 7
361 316 17 67 495 151 100
2 10 4
182 190 124 349
3 7 10
457 97 447 427 229 41 422 271 30 224
1 18 2
485 15
1 12 6
168 65 11 449 20 162
4 13 8
437 343 357 217 251 264 144 299
1 11 10
294 81 304 406 345 276 297 128 498 190
2 10 3
57 226 229
2 16 4
134 324 373 400
5 2 10
162 485 56 395 416 136 465 393 0 155
1 9 3
194 10 123
2 12 7
240 481 101 97 321 448 257
6 15 10
409 479 19 351 202 76 326 263 183 130
4 4 6
297 176 174 187 353 161
4 1 7
447 263 86 223 169 312 31
1 4 8
114 76 18 78 381 449 214 184
2 11 4
79 316 300 362
2 17 5
9 288 160 206 67
2 17 9
305 291 269 271 123 33 467 93 148
1 3 8
325 268 92 301 433 496 95 18
2 17 9
463 238 490 340 471 162 338 253 191
6 9 10
100 379 461 439 396 328 257 146 124 269
2 2 4
410 199 291 188
2 7 4
347 188 68 273
3 15 8
474 99 55 365 176 290 25 415
2 12 7
247 107 258 321 134 200 395
2 15 7
337 241 397 30 307 295 435
5 13 8
186 493 53 141 426 66 102 252
1 15 3
54 496 292
6 6 9
283 194 98 84 408 440 62 483 136
1 20 2
462 92
2 4 4
224 402 91 284
4 5 8
414 71 141 243 227 323 23 408
1 2 8
295 147 428 209 8 344 178 365
2 2 4
160 326 240 376
2 20 8
14 353 69 163 179 79 61 132
2 14 3
224 132 330
3 3 7
311 245 289 238 411 91 247
6 6 10
21 268 180 430 55 433 37 67 389 123
5 16 8
64 434 318 212 386 14 135 57
2 12 9
163 207 403 116 269 410 270 386 451
1 19 10
386 106 126 230 300 272 252 257 175 170
6 15 10
106 59 81 48 156 251 324 44 40 121
1 13 7
303 11 235 431 495 436 234
1 1 6
59 140 368 101 13 47
1 16 8
331 8 429 349 383 379 418 455
4 3 9
199 281 371 381 100 262 151 387 446
2 7 9
240 239 86 280 365 220 394 473 384
2 7 6
15 440 315 430 98 345
5 14 9
426 140 38 264 6 307 402 117 219
2 17 5
79 228 173 179 401
2 8 3
308 284 434
1 9 9
340 112 259 426 28 18 414 114 432
2 17 3
130 316 337
2 20 4
294 95 266 67
1 11 3
294 186 59
1 16 6
394 116 352 473 391 305
1 9 7
398 469 273 154 375 367 103
4 7 6
109 235 312 203 421 79
1 16 7
242 169 270 100 454 334 249
5 11 8
154 423 298 371 320 50 287 202
1 17 5
116 488 498 143 207
4 20 10
385 450 398 124 281 345 118 231 279 423
3 3 5
59 143 363 21 237
4 16 7
251 218 335 263 487 210 215
2 18 4
142 158 304 347
2 4 10
248 400 346 1 24 478 8 90 96 399
3 13 8
52 316 445 286 400 478 82 336
5 11 10
70 52 53 88 332 414 391 381 149 118
1 11 8
284 55 127 78 315 92 411 356
3 13 7
66 13 241 392 133 114 454
1 1 4
323 261 118 42
6 17 9
20 196 97 308 369 287 405 433 399
1 12 8
281 76 244 11 446 163 392 81
2 6 5
385 444 360 380 161
4 7 9
80 320 176 400 260 248 417 426 468
3 20 5
62 95 396 238 278
1 1 5
231 168 212 377 101
1 6 4
459 193 420 476
5 3 8
452 37 426 437 429 98 292 28
1 19 4
468 299 183 51
1 16 3
479 292 204
3 20 6
87 223 135 478 175 134
1 10 4
406 487 21 76
2 9 7
29 293 346 483 398 6 275
2 2 3
8 117 112
3 3 10
2 19 61 89 492 361 35 34 25 86
2 9 6
263 379 325 301 265 412
3 2 7
284 257 492 76 246 149 367
2 4 7
239 234 280 334 342 270 120
1 11 9
438 246 303 170 182 243 57 126 336
2 8 4
219 30 384 220
3 10 9
181 284 173 206 97 134 454 18 362
4 6 8
154 311 340 239 431 423 420 49
2 18 7
273 262 85 347 78 479 24
1 18 7
246 375 198 301 400 75 466
1 9 8
377 363 440 304 267 227 20 113
3 16 10
371 184 233 29 154 53 19 479 109 490
3 18 5
79 321 390 323 369
3 8 9
52 466 220 152 470 73 69 486 133
1 3 5
461 473 0 176 475
4 15 7
96 150 416 43 115 243 228
2 9 5
432 94 463 445 29
