500 2500 775
11 15 25 17 20 33 16 22 17 35 16 32 39 19 25 24 28 33 11 15 20 27 13 30 14 14 19 27 25 16 13 15 14 40 13 17 34 12 35 21 28 27 21 16 39 21 36 40 34 29 22 35 35 40 32 16 30 35 39 14 17 16 32 28 22 39 16 39 36 22 36 23 15 34 26 21 36 11 35 25 38 20 23 34 23 36 21 29 39 22 12 17 37 39 15 33 39 16 19 20 11 40 28 36 31 36 17 21 27 28 23 25 15 27 36 16 19 36 13 11 23 22 33 17 26 32 39 38 34 32 21 40 16 15 29 19 11 35 30 40 18 26 14 11 40 29 37 38 20 25 27 23 29 39 11 20 38 24 31 25 14 20 20 29 22 26 28 18 20 28 25 34 31 39 17 21 14 11 20 35 12 12 33 11 17 29 34 23 25 19 23 38 39 18 39 14 34 39 16 39 34 14 21 29 37 29 18 16 19 31 27 22 27 38 22 37 40 23 37 29 26 23 16 40 29 20 39 25 27 16 37 15 33 36 20 29 16 11 18 29 36 39 18 21 11 25 20 24 30 27 15 31 26 20 36 34 21 30 25 23 11 29 18 31 28 37 39 22 22 22 19 24 21 13 37 25 18 31 36 37 36 31 32 36 36 23 28 18 15 13 39 22 37 40 35 36 29 33 18 28 31 22 25 19 16 34 16 13 28 14 36 28 36 16 40 29 17 39 22 12 11 24 30 34 23 17 31 23 15 39 17 32 23 30 19 25 23 11 34 34 35 21 17 33 32 13 15 19 23 30 22 35 20 11 14 20 28 13 24 17 30 30 30 28 39 26 13 30 40 38 24 31 22 21 15 17 38 12 26 11 34 29 35 15 15 15 18 17 29 29 40 22 29 15 12 38 15 37 14 33 26 31 23 33 29 20 15 39 18 28 38 40 31 21 12 40 23 18 24 22 11 39 22 35 38 15 15 16 27 28 34 36 16 36 34 16 20 19 33 30 26 28 19 11 17 36 38 38 25 19 34 23 36 37 17 30 30 26 16 24 29 20 37 14 12 16 21 34 25 32 38 27 30 21 40 40 15 34 25 11 11 38 35 12 25 11 27 27 24 22 23 20 12 33 32 32 11 39 26 13
1 5 15 7 10 23 6 12 7 25 6 22 29 9 15 14 18 23 1 5 10 17 3 20 4 4 9 17 15 6 3 5 4 30 3 7 24 2 25 11 18 17 11 6 29 11 26 30 24 19 12 25 25 30 22 6 20 25 29 4 7 6 22 18 12 29 6 29 26 12 26 13 5 24 16 11 26 1 25 15 28 10 13 24 13 26 11 19 29 12 2 7 27 29 5 23 29 6 9 10 1 30 18 26 21 26 7 11 17 18 13 15 5 17 26 6 9 26 3 1 13 12 23 7 16 22 29 28 24 22 11 30 6 5 19 9 1 25 20 30 8 16 4 1 30 19 27 28 10 15 17 13 19 29 1 10 28 14 21 15 4 10 10 19 12 16 18 8 10 18 15 24 21 29 7 11 4 1 10 25 2 2 23 1 7 19 24 13 15 9 13 28 29 8 29 4 24 29 6 29 24 4 11 19 27 19 8 6 9 21 17 12 17 28 12 27 30 13 27 19 16 13 6 30 19 10 29 15 17 6 27 5 23 26 10 19 6 1 8 19 26 29 8 11 1 15 10 14 20 17 5 21 16 10 26 24 11 20 15 13 1 19 8 21 18 27 29 12 12 12 9 14 11 3 27 15 8 21 26 27 26 21 22 26 26 13 18 8 5 3 29 12 27 30 25 26 19 23 8 18 21 12 15 9 6 24 6 3 18 4 26 18 26 6 30 19 7 29 12 2 1 14 20 24 13 7 21 13 5 29 7 22 13 20 9 15 13 1 24 24 25 11 7 23 22 3 5 9 13 20 12 25 10 1 4 10 18 3 14 7 20 20 20 18 29 16 3 20 30 28 14 21 12 11 5 7 28 2 16 1 24 19 25 5 5 5 8 7 19 19 30 12 19 5 2 28 5 27 4 23 16 21 13 23 19 10 5 29 8 18 28 30 21 11 2 30 13 8 14 12 1 29 12 25 28 5 5 6 17 18 24 26 6 26 24 6 10 9 23 20 16 18 9 1 7 26 28 28 15 9 24 13 26 27 7 20 20 16 6 14 19 10 27 4 2 6 11 24 15 22 28 17 20 11 30 30 5 24 15 1 1 28 25 2 15 1 17 17 14 12 13 10 2 23 22 22 1 29 16 3
5 4 8
428 34 491 259 367 405 179 376
6 9 10
416 53 327 415 76 272 121 122 196 138
3 20 7
101 184 36 155 402 302 177
4 1 6
317 122 269 214 77 323
2 6 9
354 179 12 362 229 27 72 134 323
1 14 2
407 153
3 10 5
90 232 166 273 423
1 5 7
192 374 255 356 80 186 149
1 19 9
237 81 77 175 213 116 324 316 328
3 12 8
310 51 276 490 441 125 58 140
3 8 8
108 251 262 370 96 146 337 162
2 15 6
402 332 333 262 221 175
4 1 7
483 332 26 494 138 265 338
1 13 4
485 46 158 130
2 5 4
188 207 380 213
1 9 7
114 356 256 371 271 433 166
1 17 2
79 177
1 11 2
267 97
1 16 4
120 180 109 131
1 15 5
144 381 83 37 112
1 15 2
118 212
5 8 9
414 483 36 424 452 102 478 410 211
3 2 7
112 273 333 294 382 250 265
1 13 3
101 369 229
3 5 10
168 137 117 30 276 73 216 249 269 390
6 1 10
267 187 441 488 249 16 0 235 440 427
1 11 2
275 104
3 7 10
432 53 310 180 51 348 197 414 496 419
1 16 3
253 8 365
4 11 9
238 405 51 169 125 181 275 116 180
3 13 6
297 498 295 470 488 156
2 2 3
129 325 76
3 2 10
466 144 437 317 57 125 171 65 324 271
1 6 2
188 94
3 5 6
5 44 223 439 479 492
1 8 2
401 107
2 17 4
4 19 444 125
3 4 6
12 145 445 384 451 303
1 4 10
285 217 287 398 124 375 402 483 356 175
2 19 5
482 497 403 389 332
1 7 2
252 18
4 9 10
121 2 417 419 475 466 380 405 442 68
1 11 2
385 36
3 10 6
399 459 454 50 161 305
2 16 6
125 263 313 389 483 271
1 12 4
345 76 230 324
2 8 7
447 273 5 422 459 269 397
2 14 4
179 497 55 148
3 19 5
2 134 249 331 95
2 11 4
475 427 123 248
3 13 7
471 461 442 268 13 321 237
1 15 2
240 184
1 19 3
225 457 108
5 9 8
20 31 456 463 461 271 130 217
3 18 5
88 190 335 263 455
1 16 2
463 220
2 17 7
136 499 267 137 207 494 302
2 11 5
177 72 160 80 39
2 12 6
132 432 345 204 322 168
1 4 3
182 133 349
4 17 9
491 293 499 46 213 64 94 388 343
2 12 5
213 28 182 361 366
5 13 9
177 6 159 394 313 381 48 281 413
1 2 2
457 89
3 7 5
16 427 297 85 142
1 18 3
53 234 404
1 18 3
229 66 255
2 2 10
232 364 415 367 219 29 385 345 327 206
2 11 3
313 51 327
1 5 4
258 292 133 390
2 2 3
476 364 410
2 16 4
21 233 171 64
4 14 6
39 420 183 119 442 236
2 2 3
244 80 465
6 10 9
324 203 371 92 431 178 322 319 18
2 14 7
168 188 65 158 192 448 14
1 20 3
151 141 271
2 2 5
276 204 121 461 42
3 11 8
152 413 427 82 198 61 271 104
3 4 10
444 10 255 35 119 418 178 335 203 9
2 17 4
302 212 378 469
1 11 5
167 357 300 233 24
3 4 5
180 74 87 436 330
3 12 10
471 401 492 442 184 48 283 304 455 164
4 2 7
165 390 341 266 393 344 357
5 6 8
306 391 405 350 428 447 23 86
2 6 5
492 184 308 116 337
1 11 8
109 409 485 266 137 298 95 83
2 3 3
173 302 408
1 18 4
263 429 130 226
6 14 10
341 364 88 138 226 369 470 415 495 195
2 10 3
326 211 109
6 9 9
21 115 344 291 446 106 372 190 305
4 15 10
275 100 435 364 95 28 135 34 229 373
2 16 10
172 156 242 428 270 97 413 268 65 304
1 6 5
421 464 63 366 361
2 1 7
58 474 383 18 271 199 284
2 11 4
271 71 260 89
2 12 3
290 1 269
1 4 3
136 183 306
2 16 4
220 11 240 116
1 15 4
296 116 481 444
1 6 7
230 373 171 245 395 468 144
1 4 2
377 230
1 9 5
54 75 19 448 481
1 2 9
447 126 139 91 340 219 480 339 105
1 9 9
381 419 326 493 319 231 311 83 310
2 1 4
10 494 111 6
2 19 7
168 464 396 275 182 68 428
1 12 2
172 407
1 7 4
460 171 23 102
2 1 6
230 198 98 439 280 288
1 16 10
187 313 476 244 318 305 438 331 66 261
1 14 4
236 53 368 279
2 20 5
238 439 86 457 90
3 13 9
430 471 411 164 239 186 1 462 375
1 6 5
137 218 402 205 428
1 17 6
166 307 465 176 61 327
2 11 4
166 328 43 63
2 13 6
103 461 88 358 354 330
1 13 2
14 20
1 3 8
71 301 431 302 315 248 434 390
3 14 8
358 354 121 169 154 119 454 268
1 9 2
197 165
2 16 6
368 359 196 153 461 87
3 14 7
339 114 474 56 32 107 290
1 4 10
171 76 187 255 25 136 22 371 69 264
2 4 10
288 340 140 86 423 485 116 168 178 488
4 1 8
27 442 496 394 29 464 374 58
6 1 10
337 493 399 331 92 172 297 272 99 168
2 1 10
193 423 212 238 24 440 19 430 331 343
1 13 2
422 435
2 5 5
382 188 130 179 406
3 20 5
231 220 485 420 281
3 11 8
496 233 15 342 85 475 445 238
4 6 7
456 105 53 409 266 5 240
3 10 5
145 464 317 6 414
5 15 10
338 95 44 497 112 453 131 14 468 221
4 10 9
214 467 126 295 272 85 429 396 127
1 20 6
281 392 487 374 168 138
3 5 7
272 162 288 86 286 71 32
3 10 10
65 144 3 246 433 33 284 305 68 471
1 5 2
261 31
1 7 2
278 195
2 15 4
189 141 198 423
1 9 2
481 327
1 8 2
374 131
2 9 9
270 185 309 249 137 248 381 23 150
5 20 8
24 64 126 333 230 296 70 77
1 8 4
183 133 73 124
1 10 5
91 57 498 276 250
1 7 2
293 127
3 2 8
133 499 61 366 32 430 453 172
1 16 6
285 296 126 188 139 32
2 7 5
242 269 487 425 491
4 15 10
444 122 496 54 170 329 310 20 39 147
1 20 4
181 91 324 466
6 9 10
308 458 12 98 488 359 275 378 261 221
4 17 7
308 357 406 295 299 354 212
1 6 4
374 256 344 451
2 1 5
494 225 439 80 217
1 1 5
51 23 323 260 19
3 12 7
41 420 12 4 219 322 252
5 12 9
126 420 168 365 207 380 379 262 484
2 10 3
416 388 493
2 14 7
313 314 224 81 378 133 382
2 15 5
17 191 421 73 24
3 11 5
392 439 59 284 415
5 2 8
115 162 146 183 243 419 319 32
3 6 10
220 105 201 331 3 456 249 198 122 134
1 9 5
168 381 238 44 242
2 11 5
45 217 198 201 423
1 2 2
188 1
1 13 5
160 459 239 55 306
6 14 10
489 250 139 8 365 456 189 185 287 408
2 8 4
440 55 339 211
2 10 4
152 111 123 421
1 12 2
61 152
2 17 5
477 288 430 497 258
1 4 5
246 151 462 192 144
2 12 4
97 142 400 1
1 7 6
18 121 415 426 464 230
4 19 10
372 267 106 484 217 413 294 391 396 364
1 6 7
438 90 313 132 345 261 146
3 10 9
225 100 70 479 397 218 357 427 484
4 12 8
265 131 210 111 464 176 407 95
1 6 2
62 416
3 5 8
405 374 98 245 443 334 166 55
1 16 6
85 302 430 317 71 356
5 13 9
67 53 58 48 251 493 393 183 425
1 4 7
54 214 167 471 313 277 302
2 1 3
233 232 477
2 16 10
67 120 184 128 467 396 386 144 390 264
3 18 7
258 187 12 230 421 314 353
1 9 6
401 309 429 252 26 238
3 17 5
446 308 382 218 83
1 3 2
469 240
1 17 2
230 151
2 20 4
375 468 85 153
2 4 6
24 344 196 260 346 315
4 4 7
41 433 79 382 156 109 337
2 4 7
300 345 269 107 371 382 466
6 18 9
240 454 21 177 188 422 90 427 357
1 4 2
104 139
2 3 4
52 459 270 443
4 8 7
28 259 319 320 0 339 440
1 6 2
291 384
5 3 10
50 406 23 30 42 447 478 352 299 27
4 2 9
276 8 307 471 144 2 293 393 350
2 13 3
407 462 177
3 8 9
499 124 360 1 345 4 358 170 404
1 3 2
36 278
1 20 3
70 320 475
1 9 2
353 161
2 10 4
303 26 403 188
1 2 6
175 161 86 308 49 385
2 2 6
100 417 247 242 7 338
1 6 7
128 246 130 224 405 22 314
1 2 5
408 452 103 64 367
4 11 6
329 312 355 248 7 277
4 8 7
414 482 41 17 166 276 127
4 16 7
156 152 82 423 280 333 226
1 20 2
116 222
3 3 6
110 344 205 261 9 30
3 8 6
91 465 166 357 89 143
1 4 7
30 316 186 98 375 110 423
1 16 2
306 444
1 19 5
195 260 444 386 402
2 8 8
41 340 480 307 381 130 153 24
1 17 8
125 336 255 337 236 157 33 98
1 4 9
209 38 358 278 460 95 303 274 182
1 3 5
435 48 7 108 343
1 14 2
118 493
1 12 3
267 216 345
2 8 6
162 473 471 230 295 139
2 13 4
146 284 165 386
4 20 8
243 408 463 327 218 24 170 25
5 2 9
476 319 227 434 199 80 416 414 431
2 20 3
239 175 257
2 13 4
74 248 246 368
3 19 5
240 53 40 126 372
1 2 3
235 263 494
4 20 7
184 376 151 86 51 264 25
3 3 5
279 420 168 176 165
1 6 10
396 359 124 278 55 383 313 306 470 197
1 11 2
193 341
3 20 10
81 15 400 44 307 171 86 491 91 10
2 2 3
322 61 351
1 8 2
470 318
3 5 7
207 38 333 164 320 18 374
1 3 5
273 470 464 390 84
1 15 2
218 274
2 3 4
204 144 434 287
1 7 7
280 186 140 240 30 387 455
4 8 6
427 39 205 172 231 284
1 9 4
413 2 294 22
1 19 3
229 329 25
1 13 2
420 327
1 20 2
46 186
3 13 6
339 8 238 217 204 151
3 1 9
296 54 184 49 132 68 87 461 50
1 17 3
152 340 482
2 12 10
34 191 117 83 410 209 23 443 244 169
2 17 4
231 199 218 307
2 1 9
229 272 452 56 221 234 38 29 30
1 1 7
282 211 270 494 165 189 199
2 11 3
46 128 487
6 19 9
270 471 230 83 339 410 135 265 321
1 15 2
237 55
2 18 7
449 256 249 313 454 469 413
4 6 6
409 13 449 480 82 386
2 14 4
256 6 123 51
3 10 7
147 46 414 348 128 48 478
4 15 10
400 380 12 53 157 268 214 38 436 371
1 16 9
98 485 268 221 74 164 317 22 420
2 3 7
453 24 393 162 342 87 326
1 3 10
417 231 326 460 485 193 377 6 282 229
1 18 2
44 295
1 6 9
197 322 342 315 364 393 188 480 31
4 1 7
271 293 168 241 169 242 487
1 10 6
266 425 313 120 56 434
6 12 10
461 396 492 456 126 475 275 164 367 245
2 9 7
180 319 77 193 74 201 464
2 9 4
464 79 490 20
2 16 9
381 314 248 62 144 151 260 438 261
6 19 10
439 309 446 462 468 287 21 440 84 44
6 16 10
14 473 211 376 441 351 249 196 382 491
2 1 5
259 369 407 398 282
1 6 10
55 208 149 449 494 278 498 460 267 311
3 16 7
352 278 286 129 95 182 241
1 20 4
421 217 198 160
3 15 5
407 430 64 494 456
1 1 10
423 52 15 387 44 185 392 491 471 74
3 9 6
463 362 238 47 276 428
4 10 6
48 273 333 403 196 153
1 9 2
431 370
1 11 6
258 489 302 368 275 437
3 1 7
455 375 98 51 394 147 332
1 10 4
27 341 128 102
3 6 7
293 396 391 24 157 350 460
1 18 7
377 382 452 375 126 19 467
1 19 6
322 309 367 478 443 498
1 20 3
431 153 147
1 17 8
310 394 100 320 67 268 284 367
3 8 7
187 269 354 223 246 196 4
2 3 7
423 84 287 13 459 494 124
2 19 9
152 350 163 383 125 440 230 40 299
2 2 6
2 403 119 241 166 295
3 13 8
142 72 426 115 421 36 304 439
1 13 2
376 463
2 9 10
264 235 328 492 151 394 430 141 123 408
2 6 4
330 127 480 112
1 2 8
115 420 88 414 398 408 319 304
2 10 6
296 184 349 461 490 58
1 20 2
169 357
4 7 6
451 364 498 188 3 445
2 11 7
459 127 181 154 437 76 280
1 9 7
35 328 197 97 185 71 483
1 7 6
456 39 227 40 265 256
2 15 6
419 470 218 233 235 366
4 8 6
156 446 145 405 208 320
1 10 9
17 111 282 58 287 175 25 168 380
2 10 5
385 7 212 147 415
3 19 7
289 172 391 29 384 31 263
2 3 3
468 123 6
2 14 7
271 169 93 7 247 426 113
2 10 6
229 7 223 365 160 189
2 18 3
132 158 200
1 11 3
53 260 227
1 9 2
471 94
2 3 3
411 414 234
2 18 9
422 493 412 458 348 113 382 281 12
6 13 10
409 99 271 251 121 269 363 73 462 431
1 5 2
484 195
4 2 10
174 483 8 64 340 268 189 420 376 481
2 12 3
340 239 309
4 6 9
390 69 191 46 484 106 231 77 61
3 3 7
247 130 201 51 483 307 244
4 16 8
264 219 374 10 215 310 376 134
2 9 5
123 371 467 468 36
2 13 9
454 122 22 337 358 484 478 433 338
2 12 3
82 276 190
1 17 6
143 144 169 105 258 159
1 5 9
479 7 369 2 165 89 478 227 149
2 4 3
244 443 265
6 8 10
480 366 464 134 403 81 374 296 46 322
6 18 10
368 200 385 232 359 350 243 165 292 183
2 2 10
333 287 63 450 217 438 223 313 92 246
3 1 6
89 252 388 285 491 331
1 5 2
222 126
4 20 10
232 360 322 0 144 254 344 29 436 286
2 20 6
230 139 410 188 142 310
1 12 4
309 121 313 62
2 20 7
32 51 148 108 280 278 352
4 19 8
297 170 220 281 348 246 159 19
3 19 6
479 50 468 221 142 179
4 11 8
360 323 137 305 68 429 367 136
1 20 3
256 145 68
6 11 10
12 167 411 376 110 303 13 342 246 39
5 6 10
42 295 487 359 201 270 182 163 445 265
1 14 4
234 351 40 146
1 7 2
145 489
2 5 9
293 119 85 175 59 442 203 487 75
2 20 7
9 301 294 209 115 106 485
3 5 5
100 283 86 138 62
3 1 6
5 250 323 310 158 167
4 16 6
60 29 202 20 429 483
1 7 3
97 157 261
1 3 5
256 401 337 212 391
4 14 7
51 142 249 217 3 436 394
1 11 3
463 86 350
3 19 6
16 361 158 339 492 79
1 8 4
465 469 231 200
2 5 3
309 78 372
1 19 2
278 0
3 20 5
422 479 142 114 237
2 13 5
410 149 496 46 313
3 15 10
447 386 105 264 64 423 233 278 437 387
3 9 6
477 321 180 108 491 168
1 20 8
449 405 273 19 461 258 182 401
2 9 4
42 332 445 369
2 18 8
416 458 298 273 285 12 411 262
2 6 6
11 23 495 335 398 214
2 8 8
179 215 205 436 41 208 229 437
1 18 7
3 358 431 334 163 4 349
1 15 2
309 180
2 12 4
64 82 44 323
3 5 5
244 155 25 17 113
4 19 8
179 282 24 264 107 152 157 202
4 1 6
158 228 22 407 410 365
1 10 2
257 205
1 10 7
326 384 316 340 266 421 138
2 7 4
66 28 250 195
4 8 6
222 148 438 471 50 217
1 20 9
177 197 123 287 21 415 92 168 310
1 9 3
480 123 345
1 6 3
153 425 170
2 17 4
117 126 325 425
3 18 8
15 455 499 216 440 195 109 335
1 12 6
259 260 33 421 352 315
3 10 5
124 327 422 152 477
2 15 10
10 388 329 444 240 78 379 301 123 126
2 8 7
238 366 93 22 40 337 464
1 20 2
82 200
2 4 4
313 150 441 25
1 2 10
41 492 142 215 282 423 69 104 163 482
1 12 5
324 152 288 118 97
1 11 8
141 285 480 471 402 498 345 395
2 11 7
406 429 384 65 237 47 186
3 18 5
24 407 289 262 333
6 14 9
54 400 301 124 296 139 397 181 493
3 16 7
379 372 323 227 174 139 375
1 18 4
221 372 228 488
1 15 2
422 471
1 20 10
120 183 48 485 167 310 298 437 499 223
5 3 10
242 448 118 153 393 422 270 383 303 181
1 16 10
105 402 405 108 439 24 266 273 212 53
2 9 5
424 433 207 233 194
1 12 8
77 112 130 119 60 280 25 399
1 10 4
452 203 292 429
1 19 10
193 68 266 183 245 42 449 213 457 470
2 3 6
454 297 77 427 455 47
2 18 7
60 321 138 180 470 173 33
1 1 2
57 233
5 13 10
380 486 364 331 219 81 284 370 421 159
1 13 2
221 337
6 6 10
135 274 236 253 14 315 231 93 384 166
2 17 3
495 235 411
1 6 2
146 21
2 13 6
344 251 256 53 165 450
3 18 7
470 375 453 437 447 89 115
2 11 4
43 247 297 257
2 2 4
342 245 114 361
4 11 10
235 190 207 273 216 114 62 176 306 379
2 4 9
355 89 339 310 452 333 433 79 31
4 8 6
301 188 425 66 201 197
3 13 10
1 370 102 195 121 4 371 316 269 477
1 7 10
489 187 357 265 300 356 332 467 398 81
4 5 6
6 73 419 429 183 112
6 7 9
212 23 256 194 244 20 303 279 198
1 3 2
447 448
1 9 3
47 423 321
2 15 5
239 186 118 424 12
4 10 8
163 42 19 278 140 394 20 385
5 9 8
441 404 168 434 298 66 487 97
2 1 7
404 496 262 127 254 215 232
5 12 8
140 63 313 446 99 381 305 449
4 12 7
34 98 385 483 334 306 171
5 14 9
497 159 252 404 165 311 396 73 99
1 4 3
33 160 185
3 10 7
302 167 406 92 243 285 472
1 4 5
55 347 29 297 203
3 4 9
484 155 27 347 145 37 160 117 394
2 7 8
299 341 220 9 326 183 159 488
1 15 4
412 117 359 128
4 5 6
100 229 438 384 443 315
2 15 8
367 398 158 138 209 204 80 420
1 9 4
90 152 455 331
1 16 5
107 306 329 27 142
1 11 3
304 199 458
1 7 2
248 205
3 18 7
152 16 128 282 37 305 6
1 15 5
119 331 83 135 349
2 11 4
419 431 63 398
3 12 7
301 415 38 420 27 254 264
5 10 9
163 296 131 25 73 347 202 404 125
2 14 3
397 32 466
4 9 8
6 448 260 329 492 156 459 345
2 2 5
450 205 479 351 469
5 8 10
82 482 191 75 461 468 386 193 450 416
1 15 2
66 460
2 15 10
13 144 42 246 431 363 108 280 437 301
1 19 10
319 13 184 217 6 242 199 164 11 118
3 8 5
440 252 178 27 117
2 12 9
144 67 141 109 13 42 125 480 111
2 3 3
276 152 78
1 20 2
424 494
5 3 10
485 236 348 35 207 26 27 223 198 201
3 20 6
283 240 461 366 95 133
4 14 6
296 315 186 147 204 88
4 17 9
348 30 408 218 184 88 336 138 422
3 3 5
485 439 22 139 33
4 12 7
372 168 39 262 282 44 341
2 9 3
385 1 476
4 9 7
144 382 435 486 54 347 327
3 12 6
292 19 237 294 244 271
1 7 9
44 462 409 36 125 290 291 51 296
1 14 3
116 75 179
4 19 6
111 321 186 176 405 306
4 12 7
257 351 365 98 450 419 463
3 12 5
317 30 88 295 449
4 17 7
73 240 120 232 403 113 159
1 17 2
345 172
1 4 5
51 72 482 398 391
1 13 8
336 418 209 47 497 412 214 232
1 6 3
487 145 340
4 12 9
26 214 321 403 235 300 152 117 85
1 8 8
42 361 413 99 73 336 268 302
2 16 4
446 419 97 258
1 17 2
80 81
3 13 9
188 154 485 324 57 311 488 430 393
1 3 6
3 259 394 97 216 456
4 19 7
30 467 165 471 469 311 35
1 16 4
299 453 39 243
2 13 3
342 367 183
1 2 7
112 368 479 54 331 103 381
2 6 7
398 440 175 449 442 1 159
1 2 6
225 190 117 188 54 474
3 17 7
2 270 422 404 374 215 285
1 9 4
322 172 279 462
1 18 5
132 487 193 466 19
3 9 10
117 343 493 412 273 446 196 182 257 336
6 1 10
236 294 342 345 360 311 304 286 26 168
4 5 6
2 213 164 31 479 312
3 8 9
416 37 485 415 453 125 210 67 408
1 17 6
19 103 6 149 352 14
2 6 3
84 201 109
2 6 7
190 38 14 315 385 368 193
1 6 3
178 92 93
2 15 3
334 193 227
3 20 7
499 425 148 290 362 409 25
3 20 5
276 367 7 85 404
2 7 4
482 333 2 484
1 1 8
382 260 73 44 148 333 68 421
2 16 6
321 171 35 285 419 209
1 1 2
87 51
2 20 3
326 443 187
2 8 3
392 238 30
2 19 4
29 363 317 423
2 7 3
120 169 379
3 19 5
329 323 54 207 145
1 5 6
53 478 375 13 140 143
1 12 6
307 182 198 246 127 154
3 2 10
435 460 336 447 122 269 27 67 170 343
2 7 8
489 270 496 440 365 320 126 203
4 14 9
210 315 28 54 69 128 480 440 88
3 9 8
439 465 402 397 344 118 155 28
5 3 9
491 440 71 180 178 143 4 208 489
2 16 5
363 354 419 239 349
3 18 7
185 200 298 203 269 392 196
1 5 4
410 341 230 469
6 10 10
182 449 200 271 427 453 241 436 470 82
5 9 8
327 256 149 40 461 191 257 166
2 18 3
83 375 474
2 14 10
165 204 89 169 424 0 78 267 194 344
1 8 5
39 98 453 498 206
1 19 6
180 417 445 431 77 64
1 16 8
238 135 480 329 177 136 173 228
5 10 9
424 62 402 130 469 417 412 21 12
4 13 10
132 390 199 382 467 224 188 15 477 227
1 4 3
437 10 243
2 15 3
89 455 417
3 9 5
329 468 55 419 254
1 17 2
154 405
4 17 7
182 141 18 452 110 264 124
1 7 2
45 426
1 20 2
289 69
1 16 5
377 336 233 95 74
2 4 7
366 261 80 301 205 467 234
1 6 2
269 322
4 6 10
427 33 219 25 10 77 486 98 170 190
1 3 8
455 150 127 495 128 191 28 87
1 18 6
377 275 94 116 70 214
1 11 3
272 43 493
1 1 2
458 220
3 9 9
313 369 216 301 97 338 432 306 264
5 3 10
27 348 184 55 292 31 228 91 107 297
2 5 5
24 349 29 367 146
1 20 2
460 409
2 10 6
185 224 446 304 443 295
3 4 7
14 217 108 293 155 273 311
1 5 10
30 226 93 74 141 318 134 331 173 232
1 15 6
62 379 180 145 283 231
1 8 10
334 199 5 103 214 417 130 41 217 343
4 17 9
177 181 190 101 349 471 367 60 307
1 6 8
102 177 286 57 61 284 350 312
3 7 9
152 218 223 5 217 127 271 174 131
2 19 4
349 395 66 317
2 1 3
2 115 399
3 17 5
253 237 285 405 255
2 1 7
380 413 122 446 11 304 169
2 19 5
183 383 202 466 92
3 1 6
215 218 344 419 199 329
4 11 6
382 286 222 414 472 457
2 2 3
474 417 2
3 8 10
176 137 375 482 265 404 217 82 299 80
4 16 7
419 104 81 487 67 422 14
5 14 9
316 335 499 384 289 202 3 245 366
1 19 4
122 159 362 164
5 12 8
394 288 234 31 158 321 71 325
2 8 5
302 370 362 148 399
1 16 2
315 335
2 10 7
281 84 111 240 404 351 453
1 4 8
245 354 411 352 479 377 280 33
5 14 10
74 491 291 406 456 451 363 57 280 40
2 8 3
438 21 38
5 20 9
390 391 449 451 53 275 460 29 360
1 3 4
42 462 86 471
4 8 10
109 55 188 391 478 288 200 227 71 413
2 9 3
468 43 299
1 9 8
253 184 310 154 41 14 397 334
1 4 2
227 292
1 18 2
306 1
2 12 6
180 425 172 125 483 474
2 14 10
215 490 120 78 474 194 273 239 159 343
1 1 2
486 86
5 7 8
324 384 167 438 109 449 381 74
1 20 3
346 492 64
3 13 7
270 40 278 462 235 151 149
3 12 6
309 259 326 244 239 78
3 6 6
474 406 496 4 299 451
1 18 2
35 158
1 1 3
349 174 190
3 20 5
367 465 222 161 187
4 19 10
157 85 480 127 422 175 387 78 2 225
1 10 3
162 68 323
2 3 5
181 218 117 371 127
1 14 9
272 20 426 214 474 465 335 154 188
4 20 8
311 431 148 420 448 246 4 2
1 4 5
439 368 54 431 365
1 19 4
178 11 388 362
3 11 7
104 162 91 362 42 176 201
1 8 10
360 304 168 74 157 408 421 23 311 283
4 3 7
229 458 408 93 65 264 404
2 6 8
316 204 207 447 203 489 407 15
3 17 5
352 127 79 269 248
2 9 9
169 399 372 232 155 129 202 353 145
1 17 8
100 53 187 317 227 42 452 73
2 10 3
357 91 254
1 9 4
43 20 390 255
5 7 10
477 215 65 177 118 367 62 70 6 218
4 17 6
65 237 491 400 152 254
1 15 4
288 23 369 252
1 14 9
190 269 116 149 34 296 4 77 274
2 20 9
56 497 278 283 51 423 387 402 229
2 16 10
104 211 170 297 435 108 458 333 153 141
3 10 7
393 159 106 98 97 274 66
2 6 5
412 31 407 423 483
3 20 8
489 66 460 250 200 184 342 285
2 5 8
276 223 43 121 33 463 9 147
4 16 6
261 404 132 55 81 293
1 15 7
359 116 379 241 70 321 32
1 20 2
322 425
2 13 10
297 144 319 54 496 437 349 201 219 17
4 19 6
236 423 40 0 431 48
1 10 2
118 178
2 5 3
354 4 280
1 4 2
204 386
4 14 6
193 389 286 462 88 103
5 13 8
296 324 477 40 436 11 277 235
4 10 9
238 310 199 314 309 346 116 464 98
1 6 2
325 396
5 9 9
340 458 204 376 150 331 123 68 467
6 8 10
373 18 451 148 15 326 487 341 90 275
2 2 10
223 196 254 164 182 268 291 366 409 12
3 14 5
382 206 384 25 174
1 3 5
86 463 262 372 198
4 9 9
261 49 412 432 304 82 306 136 429
1 14 2
398 125
1 20 2
268 351
1 17 4
22 231 355 301
1 10 5
57 191 427 231 441
1 19 2
43 445
4 6 7
281 243 22 171 33 377 448
4 18 8
499 341 333 103 36 478 35 10
1 9 5
148 234 197 352 104
4 16 7
295 43 493 141 174 152 193
4 18 9
405 395 182 78 341 255 209 381 490
4 8 7
103 219 276 329 238 24 195
2 1 9
304 282 497 18 311 322 53 161 409
2 14 3
443 90 165
1 20 6
467 465 196 293 222 156
1 12 5
369 184 353 258 164
3 18 5
151 331 136 95 373
3 11 6
113 129 402 478 181 366
3 15 6
189 247 233 458 242 456
3 13 5
42 36 176 493 33
2 7 7
305 219 151 458 473 341 492
6 13 9
222 398 433 169 450 496 18 221 195
1 3 6
377 265 132 373 278 389
4 3 6
126 17 33 486 43 102
3 1 7
251 116 40 123 9 384 392
2 20 7
463 126 102 154 264 379 99
2 10 6
421 139 101 381 179 353
1 8 3
496 375 472
4 13 10
127 117 80 337 473 31 173 119 383 376
2 18 3
481 264 383
2 16 4
363 203 134 48
2 4 9
402 395 494 455 466 33 301 231 155
4 8 9
392 174 183 85 206 384 364 348 117
1 9 8
333 201 32 217 154 214 146 196
5 20 9
296 227 12 94 479 366 119 146 247
2 10 5
121 480 177 329 23
3 2 5
413 15 450 433 214
1 8 2
221 360
3 4 7
293 348 295 442 229 354 133
1 14 2
266 85
1 20 3
76 150 173
3 10 8
478 372 58 90 182 133 334 338
3 6 5
62 68 105 322 166
1 5 2
57 259
2 2 6
214 146 294 153 121 174
2 14 6
315 70 371 38 435 346
2 3 3
320 141 184
1 16 9
257 321 191 19 229 361 137 384 213
5 4 8
1 487 48 86 8 145 242 470
6 5 10
73 175 338 360 260 171 261 123 151 430
2 4 6
35 436 82 84 499 197
3 13 7
280 241 496 326 108 434 392
2 20 7
214 256 282 44 385 289 6
2 15 5
130 118 270 350 440
3 10 8
442 67 105 435 301 323 13 483
2 2 7
141 214 414 251 172 340 447
3 5 10
114 326 401 375 70 480 243 20 359 481
1 2 3
50 302 362
6 14 9
329 462 400 237 208 449 213 4 149
3 2 7
391 187 181 319 230 9 284
2 11 6
432 255 304 406 210 226
5 1 8
36 219 191 313 45 458 466 217
1 8 3
462 143 202
2 14 3
69 463 149
2 9 5
352 496 368 488 468
3 19 5
296 101 118 485 130
1 1 2
428 196
3 13 10
195 156 375 186 68 146 324 278 337 456
6 1 9
431 162 136 250 83 236 107 321 48
1 10 6
315 139 432 287 330 497
5 18 9
138 240 238 496 214 254 158 370 57
4 4 7
11 475 279 464 167 96 441
2 9 3
66 19 103
3 2 7
243 60 241 397 445 38 294
3 13 5
152 406 125 381 41
3 1 8
434 146 252 59 141 338 276 127
1 2 10
304 95 351 410 105 395 220 385 331 166
2 2 3
377 207 313
2 2 3
53 375 200
1 3 10
148 453 462 230 440 243 14 339 331 369
2 5 5
236 217 227 16 458
2 14 5
416 456 418 424 129
3 7 8
484 93 35 480 303 51 442 84
2 13 9
4 57 213 113 97 169 488 23 458
1 4 2
396 27
6 20 10
271 110 129 289 330 220 138 193 80 381
1 20 2
120 202
3 1 9
13 306 340 297 134 263 376 426 432
2 8 10
228 372 4 123 497 316 390 298 356 35
1 2 5
134 169 454 144 129
4 6 8
67 473 268 277 409 377 102 283
2 5 3
7 140 422
2 15 5
331 456 258 29 356
1 10 3
188 349 68
2 6 4
295 71 402 59
2 18 4
368 182 469 353
1 3 6
475 249 468 389 142 286
2 4 4
144 93 395 170
2 20 4
99 283 129 300
5 2 10
482 31 344 208 374 30 283 46 239 299
4 1 10
447 64 320 369 296 324 192 327 90 437
3 7 8
163 277 449 439 71 168 4 155
3 3 6
180 365 153 444 201 340
1 9 8
74 125 67 283 76 167 411 297
1 12 4
457 222 442 318
1 10 2
87 346
1 2 10
209 439 497 238 247 345 153 440 328 473
1 4 8
50 419 57 28 1 400 373 290
1 12 9
352 353 119 163 177 321 103 370 24
2 8 7
66 401 175 76 161 35 407
3 8 7
150 259 284 262 440 447 101
2 2 6
274 127 373 398 168 109
1 6 4
450 307 140 408
4 9 7
319 408 328 458 423 335 264
4 8 9
71 487 183 360 451 170 304 250 204
1 11 2
492 174
5 9 9
499 310 214 296 17 334 165 173 251
1 10 2
241 483
2 15 5
307 21 298 83 350
2 2 10
398 202 169 414 410 238 330 4 424 53
2 16 4
94 488 22 177
4 4 7
386 440 152 180 409 417 60
5 6 9
316 478 151 483 66 198 497 350 387
2 7 3
291 345 446
3 14 8
448 22 147 315 418 314 254 264
2 15 3
109 337 440
1 20 3
302 108 42
2 16 4
486 381 455 162
2 13 4
241 14 429 276
4 5 8
99 409 477 474 246 270 413 86
3 13 9
349 332 45 157 0 382 197 305 246
2 4 4
413 80 49 201
4 5 6
350 485 259 418 430 383
1 13 2
225 189
1 3 6
141 217 122 479 443 355
1 3 2
94 337
4 10 10
229 301 197 14 116 356 395 75 127 378
3 16 8
169 341 356 257 440 58 477 96
4 2 9
332 383 76 196 130 347 165 462 253
5 8 8
376 418 141 383 407 167 463 172
2 15 8
33 4 25 416 111 167 81 304
3 11 6
118 35 86 247 443 205
2 20 3
71 261 192
1 14 7
217 176 208 438 279 160 458
1 5 10
301 355 70 422 456 72 77 330 397 239
3 9 5
10 402 49 294 73
3 13 6
143 46 198 280 365 368
3 5 7
251 133 214 418 92 312 465
4 4 6
276 51 420 336 273 470
2 11 9
264 480 66 323 275 230 112 354 238
2 15 4
421 303 181 338
3 5 5
16 444 87 125 257
1 6 2
230 312
2 13 3
118 219 446
1 3 2
329 100
2 5 5
63 34 283 249 107
2 17 6
117 94 140 3 164 180
4 2 6
219 125 454 47 146 28
2 7 6
61 246 143 76 251 10
3 2 5
157 115 287 10 114
1 12 2
96 403
1 7 5
207 473 15 162 360
1 3 6
51 236 464 60 499 81
1 8 3
239 218 430
3 4 8
397 123 288 490 7 249 330 234
1 5 2
320 194
6 12 9
202 25 212 192 472 293 486 283 407
6 18 9
489 16 115 174 11 172 413 491 98
3 7 5
435 315 210 28 125
4 20 7
271 32 481 336 438 295 293
1 6 2
227 0
2 8 10
327 75 370 64 496 297 133 289 286 93
1 12 2
479 102
4 20 9
282 279 238 488 186 478 144 63 98
1 16 4
367 50 124 170
1 3 2
483 443
1 7 4
24 374 352 5
2 9 7
313 247 466 164 378 278 113
1 2 9
339 262 231 269 400 156 382 290 335
4 5 6
162 422 115 6 403 487
1 19 5
238 59 147 264 408
1 9 3
458 63 460
3 4 8
446 287 400 242 239 365 311 168
2 11 8
125 436 193 4 89 67 439 477
2 12 9
480 78 182 208 413 270 343 420 134
1 20 2
220 266
1 9 2
179 257
1 13 5
321 380 458 174 307
1 11 2
322 465
2 9 7
426 147 243 239 134 478 68
3 13 5
195 407 290 224 364
2 6 6
325 458 479 197 239 297
1 4 3
428 251 319
6 3 10
477 159 44 109 478 227 366 251 472 316
1 8 5
122 235 392 336 164
6 12 9
108 491 319 117 466 140 258 7 439
1 19 2
329 257
1 15 2
88 369
2 8 7
296 128 418 252 94 453 26
1 17 8
21 466 479 385 270 237 232 355
1 20 4
67 92 86 431
1 15 3
347 323 164
3 11 5
208 20 443 382 458
2 5 5
299 361 328 443 55
1 6 2
388 427
1 2 2
66 147
1 13 10
394 151 28 346 42 490 466 190 107 428
3 2 6
153 404 326 499 182 220
4 1 10
454 448 262 37 368 428 142 273 29 108
3 19 8
149 52 116 126 190 355 499 360
2 3 4
355 21 412 342
1 20 7
169 98 461 422 431 309 245
5 5 10
176 87 409 113 427 372 257 255 308 27
2 9 8
134 424 380 140 64 267 452 66
1 15 2
455 312
3 10 8
321 231 430 282 165 136 111 50
6 7 10
254 131 71 8 317 310 325 15 392 73
1 8 2
452 220
6 8 9
148 358 146 297 458 365 45 499 14
5 12 9
115 255 307 360 39 56 291 300 432
4 17 6
450 224 444 79 323 381
2 2 4
0 379 229 45
1 11 2
68 43
1 14 2
482 348
2 15 8
356 391 97 380 183 413 216 251
6 15 10
246 465 431 235 115 91 459 89 120 113
3 6 8
308 93 145 64 195 57 428 447
2 20 3
154 378 407
4 16 7
474 34 181 60 297 13 211
3 6 7
158 252 230 154 183 18 401
5 8 10
51 246 201 357 252 189 206 349 468 228
3 9 9
111 115 140 309 314 263 13 325 192
1 11 2
191 260
1 7 2
449 146
2 11 6
312 12 28 283 25 232
5 15 9
444 56 42 364 226 283 382 184 135
1 6 5
160 137 316 339 71
3 15 5
335 361 413 330 136
1 7 2
215 207
1 17 6
498 362 171 61 48 463
2 15 10
12 409 189 230 180 139 336 96 18 63
2 19 3
147 29 150
2 18 9
196 469 210 317 413 283 80 343 57
1 1 4
323 37 13 489
5 1 9
427 12 263 406 206 150 200 424 133
4 5 7
345 76 387 173 240 220 251
1 17 4
259 71 331 267
1 1 4
218 373 454 442
1 16 2
365 149
1 14 6
340 343 8 195 390 147
1 8 5
373 238 416 90 146
1 11 2
147 124
5 9 10
288 305 444 149 146 436 280 216 144 193
2 4 6
107 462 288 465 454 471
4 4 6
200 131 358 203 411 261
2 20 4
70 396 103 404
1 13 2
272 8
1 16 3
426 405 313
5 9 8
29 308 411 460 191 281 444 428
1 15 6
118 178 85 390 488 468
1 6 2
30 493
4 15 6
81 89 35 140 170 122
1 14 10
317 254 343 188 288 214 443 372 281 351
1 18 6
58 117 195 198 265 381
2 16 4
86 81 150 131
3 1 9
373 117 259 458 204 178 46 450 110
4 13 10
49 356 65 285 353 424 273 471 78 223
6 4 9
131 189 93 282 174 399 382 49 215
4 10 6
211 5 411 307 9 304
4 2 10
307 242 477 280 172 272 392 328 182 266
1 13 4
427 389 324 71
4 12 7
147 232 170 324 139 291 150
2 3 5
185 196 313 411 307
2 2 8
251 254 275 177 366 376 222 283
1 3 2
434 189
2 1 7
25 71 150 468 11 337 242
2 6 5
393 65 488 238 347
1 13 4
140 210 117 262
2 6 9
130 421 174 430 125 433 425 141 219
2 5 5
369 104 246 319 218
1 12 4
378 167 257 335
2 18 5
458 169 444 75 215
1 17 2
365 496
4 6 9
220 357 169 45 223 199 428 206 474
2 15 4
345 121 276 143
1 18 3
117 401 492
3 20 6
350 332 19 453 356 457
1 8 9
32 20 451 346 234 245 90 210 26
1 4 7
42 144 405 249 313 141 119
1 3 5
472 218 5 14 160
3 14 9
142 327 150 144 335 11 417 141 148
1 15 3
104 186 316
2 2 8
23 31 128 260 456 29 413 430
1 10 3
103 257 488
1 17 2
469 46
1 16 10
233 65 488 289 485 407 427 332 203 412
2 4 4
115 440 236 10
1 14 4
432 91 296 487
3 9 6
490 17 262 382 385 472
2 15 5
161 74 64 194 442
6 18 9
263 71 487 51 120 159 384 358 269
6 8 9
142 186 314 116 356 58 359 344 461
2 1 9
211 368 459 326 473 445 495 246 110
3 2 9
498 333 140 350 179 124 437 181 2
3 16 5
9 289 315 138 113
2 14 4
367 471 240 33
2 4 3
470 316 55
1 2 2
392 442
2 14 8
155 64 248 353 2 112 207 131
4 16 7
190 118 265 212 249 188 272
3 3 5
223 314 485 170 180
2 18 8
3 224 268 56 336 229 55 53
2 13 8
63 59 220 260 408 79 211 432
5 11 8
142 176 109 333 214 282 127 194
1 16 2
352 250
4 7 7
262 277 82 440 33 118 267
6 14 10
267 284 177 368 167 376 39 307 199 310
5 10 10
116 232 27 297 487 411 161 215 263 147
1 19 2
118 211
1 6 3
249 272 285
1 5 5
160 94 253 157 23
3 15 9
116 140 222 219 467 431 205 481 115
6 4 10
267 333 248 422 210 287 162 326 268 145
4 13 10
148 101 28 320 139 284 203 109 96 351
2 15 4
186 458 279 184
1 12 9
483 199 50 380 499 150 249 102 469
1 1 3
331 9 211
2 2 6
184 54 199 231 292 264
2 6 4
488 276 385 259
6 4 9
197 11 338 86 166 83 493 127 124
2 9 9
189 180 5 443 389 326 282 132 238
1 6 2
131 406
2 13 3
300 120 13
1 1 4
457 19 198 27
4 19 10
112 489 371 387 331 185 83 29 238 23
1 6 2
65 258
2 10 4
97 414 231 58
6 20 9
216 481 438 186 124 295 23 337 264
2 1 6
215 466 87 463 263 60
3 16 10
113 461 431 483 355 349 23 277 322 5
1 10 7
443 296 441 102 130 381 162
3 12 7
42 410 263 339 259 203 465
1 5 2
342 154
1 11 2
121 166
1 18 2
168 488
5 18 9
274 250 271 365 249 486 477 311 375
1 17 4
18 317 203 153
3 14 5
380 85 437 105 370
2 18 7
322 337 454 368 392 14 133
3 8 6
107 400 259 74 429 236
2 20 4
241 304 486 131
2 9 10
497 262 184 212 479 385 185 254 337 289
4 1 8
160 388 227 92 449 346 139 457
3 16 5
71 321 99 364 24
1 1 2
212 183
2 4 3
211 229 342
5 4 10
207 318 177 313 24 245 86 247 276 149
1 14 2
286 308
4 12 9
1 145 358 76 350 176 195 99 388
2 12 4
480 64 371 317
1 19 7
35 16 499 100 357 420 316
2 9 3
477 239 38
1 7 3
13 301 446
1 17 6
486 284 92 243 6 199
6 12 9
499 221 378 359 97 151 274 145 12
1 13 8
177 224 239 205 271 229 195 109
1 20 3
122 204 239
3 14 8
354 441 268 480 338 425 74 29
1 19 3
495 3 355
1 13 2
199 331
2 14 6
137 332 449 133 427 335
4 4 7
373 156 328 4 314 320 339
3 11 6
349 48 374 480 164 61
1 19 3
370 368 400
1 19 4
303 412 447 308
1 8 2
71 157
1 9 3
84 376 77
2 3 8
103 208 145 228 345 90 101 56
2 13 9
0 496 252 248 283 489 63 213 186
3 5 7
0 410 145 250 295 129 463
1 9 2
169 391
2 8 4
213 277 178 221
3 5 8
256 491 463 169 297 338 35 66
5 20 9
172 452 451 73 478 386 101 374 270
1 11 3
4 223 198
1 11 6
105 53 493 349 95 394
1 4 4
423 232 53 227
4 3 8
66 49 30 476 47 4 228 374
2 13 4
307 168 176 177
5 8 10
295 318 90 338 369 43 298 52 309 267
2 1 7
394 84 431 363 430 319 208
1 3 2
86 127
1 3 6
76 145 189 429 0 56
1 8 2
6 330
2 1 3
340 72 415
2 2 7
186 276 342 158 147 278 1
3 6 6
431 442 302 84 135 338
1 4 3
168 184 261
2 3 3
418 361 435
2 6 6
295 447 446 431 89 265
1 11 8
133 234 174 359 127 483 452 117
3 4 8
394 83 409 163 397 172 441 273
3 10 8
328 149 107 221 88 225 77 82
3 13 5
11 83 165 88 203
1 19 3
448 480 456
1 4 2
474 6
1 4 3
101 472 355
3 5 6
460 130 262 395 381 179
1 11 2
159 176
1 12 2
36 26
1 8 5
294 77 429 24 151
3 8 5
246 360 58 26 196
2 18 6
49 165 386 305 44 474
1 11 2
391 194
4 16 7
127 89 339 326 7 110 154
6 11 10
357 153 181 163 217 311 276 279 176 323
2 10 3
146 372 219
2 15 8
321 465 497 360 165 47 265 41
2 14 10
459 341 386 229 482 381 85 227 58 217
6 19 9
3 366 37 52 81 113 316 18 84
1 18 4
281 461 244 426
1 16 4
245 107 210 391
2 6 10
104 428 159 285 115 409 429 215 105 315
4 20 7
467 185 165 296 433 288 499
1 8 8
489 468 7 70 85 444 192 244
1 2 3
29 433 260
1 4 10
395 135 249 16 420 123 106 139 32 124
5 19 8
226 161 228 401 423 284 406 225
1 18 2
83 58
2 9 4
174 238 275 343
1 5 2
274 267
1 6 5
298 330 354 492 183
1 2 8
381 66 297 260 159 379 3 101
1 19 2
414 498
1 10 5
271 109 150 226 308
1 4 10
220 371 447 119 72 69 188 455 33 498
1 6 2
23 328
3 1 8
41 396 431 153 158 38 305 307
3 17 5
393 279 382 322 321
1 18 5
225 365 484 400 129
6 7 9
215 374 74 205 357 113 69 229 133
4 16 7
339 404 375 387 416 210 111
1 15 7
218 69 179 21 150 44 381
2 11 4
65 183 82 189
1 6 7
297 51 443 164 256 226 168
2 1 10
29 209 78 305 460 158 0 156 345 298
3 4 7
467 254 397 409 225 388 303
2 1 4
426 309 81 344
2 16 8
355 75 60 102 126 412 54 298
2 14 5
156 67 436 245 93
2 2 4
347 167 67 407
1 17 8
137 148 149 402 324 320 302 400
2 6 10
450 214 341 167 422 360 41 318 451 116
1 8 8
7 222 400 345 219 386 230 116
2 19 8
439 76 480 426 267 227 468 58
1 15 2
172 373
2 15 5
478 495 291 14 272
4 14 10
88 407 295 96 132 199 450 467 11 462
4 9 9
321 375 420 404 30 113 333 276 324
2 10 4
71 407 413 114
1 6 2
264 52
1 2 3
257 433 435
4 1 7
452 102 234 81 306 279 210
1 3 10
445 5 400 259 467 395 417 114 320 39
1 11 4
0 316 389 232
3 17 9
63 495 30 328 358 13 282 426 209
1 3 3
174 157 154
2 18 4
403 454 153 183
2 4 5
241 323 221 263 162
2 4 8
11 294 312 179 318 4 440 323
4 14 7
468 69 8 204 171 396 11
2 7 6
231 33 123 376 319 166
1 6 2
276 45
2 4 10
12 336 466 361 264 24 157 442 437 372
3 3 7
451 366 137 380 78 480 440
4 6 8
436 40 218 184 98 200 243 368
1 18 2
257 351
2 17 3
179 318 468
2 15 7
223 377 208 133 275 61 292
1 4 3
155 493 434
2 1 10
391 276 374 222 278 103 421 375 297 330
1 10 3
432 54 304
3 12 10
207 142 136 315 329 331 433 404 190 9
1 19 3
476 21 341
5 8 8
167 138 44 486 225 439 165 466
2 12 9
202 132 16 62 323 349 395 474 5
2 18 3
448 66 425
1 17 3
3 456 315
1 2 6
82 54 286 93 167 29
2 8 6
262 110 230 283 69 408
2 17 4
434 35 379 276
1 8 2
126 178
2 2 3
363 399 126
1 9 10
134 493 253 325 80 393 164 481 166 231
2 5 6
252 51 277 212 468 190
5 11 10
259 158 423 63 125 431 51 499 17 310
4 20 7
458 258 24 286 233 82 373
1 19 2
337 443
5 10 9
415 85 320 226 276 170 307 340 337
1 14 3
180 61 296
3 5 10
363 261 38 427 476 47 297 43 424 5
1 19 5
476 162 461 27 273
3 3 10
362 153 495 458 380 488 407 454 397 102
4 19 6
247 62 386 361 283 464
4 14 7
4 437 368 434 327 1 212
2 3 5
26 473 440 411 239
1 4 2
484 448
1 18 9
257 445 74 147 134 400 55 341 171
4 7 7
104 454 285 184 414 177 385
2 13 3
156 387 32
4 6 6
104 11 479 204 97 250
1 15 4
325 24 194 67
1 16 3
254 85 63
1 1 3
179 162 430
5 14 10
1 357 56 113 270 249 351 364 231 180
3 12 8
369 281 396 179 432 170 461 311
2 7 4
102 24 447 332
2 16 3
314 244 287
3 17 10
19 370 169 30 387 357 14 156 361 315
3 4 7
459 177 113 233 469 426 492
3 10 6
424 64 410 363 364 243
2 9 8
6 490 466 188 189 465 110 395
1 9 3
406 382 199
1 20 3
428 18 222
1 14 8
57 368 436 311 320 269 97 371
4 17 7
355 247 323 469 195 387 399
3 1 10
389 495 321 416 18 265 415 3 94 275
3 7 8
284 265 446 70 247 390 125 406
3 16 5
225 7 357 147 168
1 3 2
220 268
2 19 8
199 28 382 157 490 411 17 412
2 11 5
346 242 384 137 205
1 10 3
133 374 418
1 2 2
285 367
3 16 5
437 173 397 331 102
1 16 4
449 265 443 253
1 4 4
162 163 361 369
1 9 9
86 22 27 137 268 34 138 115 432
1 2 2
220 450
1 16 8
474 414 455 228 415 345 176 138
4 7 7
434 164 281 266 477 28 333
1 3 10
470 50 280 239 140 83 271 228 250 281
2 7 4
468 136 210 435
1 20 2
263 116
1 3 2
455 340
3 10 5
405 327 159 384 117
1 3 6
360 272 479 260 315 14
4 10 8
78 282 158 129 63 335 151 385
2 5 5
214 252 186 112 128
3 8 7
345 434 464 71 177 317 169
2 2 8
453 24 80 65 177 300 91 253
1 9 2
398 57
5 20 9
346 275 497 430 192 181 112 442 441
6 12 9
443 145 100 489 447 377 222 295 217
1 17 2
222 484
4 12 6
355 167 214 211 114 32
2 6 4
351 370 357 149
5 17 9
299 472 218 268 296 64 465 175 367
4 2 10
83 303 480 9 281 133 441 81 492 194
1 3 9
87 102 214 143 256 25 341 415 16
2 19 3
478 268 374
4 1 9
239 73 8 59 369 242 362 409 157
2 16 8
489 155 170 15 119 422 56 418
4 2 7
167 399 119 388 192 269 185
2 18 5
65 383 120 17 159
2 11 4
407 262 346 371
2 18 10
348 30 430 317 336 283 396 447 112 148
4 4 9
298 415 53 287 321 152 142 475 433
2 11 8
197 112 142 176 337 458 473 336
2 14 3
132 328 497
3 3 9
436 322 458 309 346 109 38 83 245
3 2 10
467 434 418 442 44 53 272 472 7 483
1 10 10
442 464 187 164 156 123 475 272 101 265
3 7 5
14 38 395 139 435
1 18 2
24 354
3 17 5
203 261 223 113 318
4 9 6
45 494 275 448 438 265
1 9 4
441 155 348 396
5 1 9
96 448 371 248 46 481 296 346 328
2 7 3
147 20 195
1 14 10
481 491 91 18 194 183 109 437 93 355
1 1 8
137 83 289 352 355 37 455 259
1 11 5
78 182 5 358 323
1 17 4
499 214 337 22
1 7 2
162 89
1 19 2
491 337
3 15 6
18 252 408 278 275 68
1 1 2
90 54
1 15 2
410 124
6 11 10
271 0 272 171 263 350 168 59 360 292
3 17 6
399 294 182 301 169 175
2 1 5
210 16 492 356 42
2 15 9
15 413 160 367 212 148 277 155 84
3 11 8
13 85 460 195 16 319 68 203
1 9 10
422 75 406 353 367 486 84 259 49 324
1 15 9
385 469 384 456 402 41 61 351 161
2 9 5
115 419 129 16 264
2 20 3
33 291 25
5 2 10
71 44 55 310 164 67 399 447 222 302
3 5 5
185 346 95 405 33
1 1 3
155 8 10
2 13 4
13 396 438 193
1 8 2
331 494
2 4 7
415 333 274 118 321 163 242
4 8 8
329 462 422 220 353 289 174 426
2 10 8
20 390 50 458 444 393 215 39
2 2 3
176 274 369
1 15 4
110 1 304 426
4 14 6
358 421 490 441 163 62
1 1 4
424 286 256 182
1 20 9
112 256 144 164 326 429 161 95 8
4 4 6
267 300 368 162 115 499
3 10 7
315 37 343 230 449 168 389
4 13 6
309 225 215 54 184 323
1 4 3
278 262 182
2 10 6
117 466 360 236 313 435
1 2 2
178 55
1 17 2
152 456
4 1 6
255 460 140 22 179 234
2 14 4
258 316 442 251
1 13 6
342 417 200 406 19 244
1 19 7
36 257 45 456 85 150 40
2 4 4
192 171 426 309
2 12 9
77 251 217 355 404 46 142 277 311
1 10 6
196 373 239 90 53 251
1 20 4
392 378 24 156
2 7 7
131 455 424 358 194 482 494
4 17 9
395 289 119 306 454 137 442 145 211
3 9 6
56 448 435 316 365 417
1 15 5
76 79 473 242 373
6 8 10
420 499 153 477 220 202 338 280 373 48
2 5 6
355 245 479 472 471 434
5 18 8
382 336 98 230 409 207 365 487
4 1 9
486 271 425 155 56 82 88 337 108
4 12 6
254 367 308 457 324 261
3 13 6
420 231 95 38 316 244
1 10 4
389 462 222 299
2 4 6
198 494 28 465 216 308
4 9 10
311 36 427 362 25 378 270 61 38 436
2 2 4
266 290 297 369
2 20 8
340 137 151 90 61 226 497 365
1 15 9
243 437 471 309 480 124 388 411 433
2 17 8
17 246 73 424 149 255 101 386
1 2 7
202 131 349 72 466 489 110
2 11 7
116 56 355 409 299 447 78
1 9 6
385 83 466 426 356 353
1 13 2
385 327
1 12 2
409 226
6 2 10
376 434 319 52 208 6 195 261 486 226
1 13 4
390 338 54 235
3 7 9
176 429 108 470 375 200 75 240 120
1 13 6
393 448 475 311 23 157
1 14 3
65 259 242
1 6 9
106 61 94 402 91 186 114 268 399
4 7 7
423 82 305 83 42 307 357
1 11 6
326 427 483 249 180 471
2 13 7
139 196 465 485 55 421 484
2 17 10
445 175 208 182 273 465 311 429 47 118
1 3 2
202 263
3 12 6
274 165 227 258 398 66
5 16 8
7 259 177 424 432 427 58 471
2 14 7
231 242 478 492 414 234 185
6 12 10
475 171 274 452 65 114 61 450 54 152
2 1 4
188 4 351 109
3 13 5
303 12 5 152 289
1 10 4
333 320 464 497
1 7 2
362 434
6 7 9
401 108 92 137 71 90 433 1 122
1 13 6
250 358 115 45 425 409
1 16 4
32 491 257 467
1 19 2
178 273
1 4 2
336 32
4 15 10
66 253 438 215 293 164 122 39 18 72
2 7 5
166 473 438 407 408
4 2 6
83 115 173 463 343 193
2 17 3
161 492 217
1 2 3
395 252 413
3 9 7
479 7 368 135 452 282 16
2 17 3
258 205 85
3 20 6
33 219 271 382 361 210
1 2 2
70 92
2 10 7
112 393 271 60 482 127 226
1 17 2
435 377
3 17 6
487 124 198 396 319 268
2 5 9
323 227 47 160 97 485 404 221 466
1 3 3
115 380 265
1 20 2
312 86
5 4 10
245 54 35 453 213 439 6 228 167 134
4 15 8
135 439 294 211 241 417 66 286
2 2 7
233 473 190 138 198 278 104
2 6 10
368 252 370 221 214 177 56 399 113 449
1 6 3
308 60 13
5 10 8
116 393 472 445 259 129 37 410
3 4 8
240 134 184 405 484 428 87 381
1 7 2
38 208
4 1 8
311 153 251 34 347 265 273 165
6 5 10
179 292 466 352 293 204 211 84 351 102
1 7 4
425 248 403 303
6 3 10
79 383 260 127 234 301 454 131 163 110
1 5 5
17 24 158 453 328
1 9 2
365 184
2 10 6
188 307 109 336 477 451
1 17 3
271 63 139
1 7 4
92 395 296 127
2 4 4
196 301 362 192
1 14 6
311 421 122 256 202 161
2 19 6
96 8 143 302 155 75
1 10 3
282 475 80
2 18 7
213 37 279 468 471 55 33
4 6 7
83 399 422 409 93 297 459
4 3 10
216 62 318 453 6 277 281 305 141 227
1 4 8
353 54 226 432 499 71 362 410
3 19 5
82 498 472 209 170
1 20 9
2 63 98 307 8 292 89 219 308
2 11 4
177 443 331 58
4 17 6
461 177 391 151 26 400
1 18 2
484 318
6 4 9
432 117 327 143 332 420 166 151 373
3 16 10
63 107 46 202 431 289 206 346 460 494
1 11 2
388 29
1 13 4
373 388 402 102
2 8 8
497 259 283 333 330 285 47 363
1 12 6
99 322 211 161 324 116
3 8 5
93 234 61 126 83
4 12 7
430 110 208 256 387 119 200
1 5 2
402 0
3 15 9
204 96 53 485 105 399 29 318 379
3 19 5
354 325 24 450 374
1 7 4
350 2 443 422
4 16 6
76 226 350 255 360 206
1 14 2
138 367
1 19 3
429 183 265
1 2 2
359 9
1 8 10
484 223 28 343 323 317 151 126 121 214
1 16 2
297 195
3 1 9
277 494 319 55 413 341 478 178 173
3 13 8
341 173 461 68 92 489 80 471
4 12 10
60 5 413 126 214 148 153 96 34 467
2 8 9
25 119 445 257 189 310 197 344 295
1 15 2
374 17
1 20 4
348 270 392 305
2 9 8
84 437 28 258 209 16 212 300
1 4 2
382 184
2 20 4
8 144 363 341
1 6 3
270 20 333
1 20 9
368 104 313 255 287 89 70 32 393
1 13 2
422 490
2 5 4
453 225 372 176
1 7 7
2 319 372 368 310 489 51
5 20 10
186 63 417 152 354 96 126 480 469 309
1 6 2
411 372
3 18 7
394 432 132 3 283 263 465
5 17 10
14 482 393 390 232 85 327 77 56 134
4 2 9
244 414 400 272 233 198 302 279 131
5 20 9
403 142 368 486 365 463 269 440 139
2 14 4
249 68 4 342
1 16 2
258 377
2 20 4
153 228 292 188
4 16 7
10 7 209 426 127 471 33
3 16 6
478 182 438 47 392 447
2 10 5
364 478 43 210 81
3 13 10
33 423 359 368 41 438 300 226 231 369
1 7 3
123 62 411
4 8 10
409 21 403 165 384 334 222 87 135 153
4 7 6
143 182 335 341 472 342
1 20 7
96 244 447 307 461 164 210
1 18 2
200 361
1 13 5
314 252 250 336 147
1 2 6
484 78 304 373 99 15
3 8 6
151 228 141 495 116 214
4 14 6
423 419 124 34 475 212
6 4 10
456 335 252 446 288 377 185 487 385 414
1 20 10
168 124 88 287 434 476 20 181 423 188
1 18 4
365 260 401 270
4 10 9
99 51 118 202 230 279 39 299 426
6 14 9
29 415 231 237 200 79 126 183 268
4 18 8
158 493 467 46 205 497 157 161
2 11 3
339 415 263
1 18 9
158 316 477 168 461 349 116 148 60
1 7 2
193 292
1 15 3
391 110 149
2 2 6
151 471 155 16 238 114
2 8 7
386 128 149 303 458 213 134
2 4 7
258 287 489 14 114 482 157
3 13 6
119 7 341 201 489 123
2 19 4
161 427 165 191
1 2 2
488 424
3 7 6
400 377 368 112 161 70
5 14 9
334 406 136 29 70 181 483 42 374
3 12 6
407 105 223 250 478 75
2 9 3
303 385 349
1 17 5
463 243 78 123 365
3 17 7
70 86 5 314 484 382 272
1 6 9
379 336 95 163 57 362 33 256 77
1 11 3
0 474 431
5 2 10
43 116 124 200 213 76 464 347 199 478
3 3 7
174 293 85 226 123 187 180
1 9 2
14 252
1 14 2
446 452
1 14 2
413 466
1 8 2
360 27
1 5 3
103 394 257
3 2 6
142 275 280 31 375 104
2 6 6
86 270 151 174 57 476
2 1 3
380 3 28
3 14 5
422 89 285 112 417
4 7 7
354 442 77 65 135 169 238
3 15 6
169 220 242 497 310 164
1 8 10
342 248 15 212 475 13 86 455 221 182
2 18 3
157 115 487
3 11 8
402 349 338 253 0 249 240 71
4 18 7
425 160 47 141 129 376 241
1 1 6
67 5 488 448 152 165
1 10 5
363 160 104 447 283
3 3 9
390 347 70 99 155 318 202 482 380
1 7 4
37 435 463 70
3 9 10
365 300 139 247 269 45 46 306 488 25
2 3 7
198 389 322 111 157 331 317
3 6 9
135 117 145 118 449 186 293 418 155
5 20 8
321 310 77 149 124 273 289 254
1 18 3
253 48 108
2 12 4
348 232 479 381
1 11 5
250 23 65 88 466
3 6 8
370 317 110 46 243 456 123 198
1 15 4
291 474 375 203
2 17 4
166 267 356 497
2 19 6
282 255 259 291 128 397
4 5 6
457 112 0 125 266 228
1 8 3
135 335 268
4 14 6
350 161 114 87 204 476
1 14 3
400 372 464
1 3 2
3 264
6 11 10
40 64 386 257 463 226 397 411 331 128
1 5 5
274 173 117 322 184
1 8 2
133 124
1 12 4
411 498 438 317
1 10 2
335 220
2 6 4
185 19 393 264
1 16 2
474 497
1 4 4
439 415 408 156
2 13 8
32 368 171 294 324 123 180 387
1 15 5
223 281 257 416 251
1 20 7
177 1 87 29 346 314 70
2 8 7
144 143 482 150 447 377 154
4 11 6
51 384 163 169 264 316
2 17 6
144 497 386 360 265 470
1 11 4
220 224 13 122
4 15 8
342 374 292 389 462 131 385 426
3 6 5
458 171 53 301 163
1 1 2
367 331
3 7 6
72 154 434 397 214 81
6 5 10
379 392 149 49 483 46 475 181 277 10
1 8 6
220 67 34 215 408 146
2 9 5
295 47 388 255 299
1 3 2
38 223
4 18 8
79 445 342 231 455 377 339 154
4 10 8
246 464 381 344 155 135 152 374
4 14 10
172 82 477 415 393 197 337 482 152 164
3 6 9
171 428 7 133 2 79 324 320 195
1 9 2
479 229
4 6 6
111 157 331 421 258 437
4 2 7
321 446 78 209 365 219 417
1 8 5
415 395 125 32 398
1 9 2
70 12
3 2 6
451 441 200 158 89 489
1 19 2
32 104
2 7 10
405 108 355 271 315 469 109 359 382 252
3 5 9
354 129 355 460 407 349 182 6 61
2 20 10
96 366 400 87 478 162 302 130 163 416
4 16 8
66 471 77 227 63 365 76 55
1 5 8
89 226 488 416 419 343 172 465
2 12 3
209 458 40
5 4 10
454 19 123 141 165 191 20 149 152 424
1 6 6
427 374 455 46 112 185
3 20 5
306 384 144 279 424
1 16 2
45 228
1 8 2
254 457
4 10 8
58 237 345 277 330 284 158 251
1 11 7
101 395 25 464 227 330 283
1 12 8
4 168 134 50 169 254 267 380
2 1 3
402 253 446
2 1 3
272 311 257
3 8 7
483 21 147 96 362 471 381
2 9 10
284 281 49 190 14 368 215 222 139 54
1 7 2
183 161
2 3 5
201 321 67 23 452
2 20 3
87 267 163
3 10 8
286 16 18 329 203 464 277 323
1 14 10
373 31 11 95 344 282 342 110 88 437
4 18 8
318 252 329 173 348 324 305 451
1 10 2
123 323
1 13 4
323 421 454 132
1 10 7
246 360 87 36 135 62 277
1 13 5
129 213 158 263 81
3 15 9
243 473 54 278 196 329 345 333 235
3 9 6
188 47 262 368 128 445
3 2 6
338 280 435 433 114 123
3 4 8
56 268 169 495 473 217 460 397
1 9 4
370 47 446 151
6 8 10
469 36 333 220 29 137 301 443 103 9
2 8 6
449 203 174 150 192 82
4 9 9
428 471 5 63 43 319 57 385 11
3 2 7
284 94 95 127 165 13 294
1 6 2
232 84
2 9 7
332 117 4 150 133 477 90
4 1 6
467 289 488 230 102 335
4 7 9
278 350 250 408 163 289 34 262 442
3 18 9
12 266 373 323 249 387 426 211 256
4 15 7
282 359 88 358 92 465 91
5 11 9
291 98 138 157 92 421 142 20 71
2 19 3
57 236 426
1 6 8
210 498 154 327 251 292 46 41
2 5 4
158 275 129 140
3 16 6
16 330 499 252 303 34
3 12 10
211 412 288 5 200 460 374 164 150 175
1 18 3
308 479 136
1 7 2
77 216
1 14 4
145 138 338 199
4 12 10
201 152 60 194 198 350 182 148 69 236
2 10 5
139 57 21 483 44
1 17 4
200 463 322 487
3 3 6
370 499 236 4 297 364
1 15 2
36 469
6 17 9
200 197 72 160 161 434 426 213 70
3 11 6
164 286 382 202 127 419
2 2 4
453 441 378 1
2 3 5
384 139 121 57 282
2 3 3
187 193 201
2 5 3
182 40 86
2 19 5
335 475 374 367 324
3 12 8
264 437 496 30 172 319 351 440
3 4 9
413 44 401 234 354 102 349 45 63
2 11 9
289 399 160 109 272 152 306 141 147
1 13 10
136 135 349 309 298 335 299 105 354 150
1 5 10
13 333 131 209 479 393 335 10 178 478
5 18 8
146 12 277 348 376 127 183 462
6 3 10
338 223 442 23 24 210 105 9 296 188
5 9 8
73 35 268 230 298 223 17 3
1 15 5
132 402 345 315 295
4 20 10
187 252 365 316 299 90 60 310 117 354
1 2 2
362 297
1 15 10
346 261 246 299 147 324 209 468 265 359
3 19 8
457 400 422 76 439 359 52 175
2 17 4
358 466 441 328
1 10 3
392 152 203
2 10 3
100 290 440
4 4 7
103 451 445 317 438 233 315
3 5 8
286 121 354 4 120 318 46 166
1 15 2
495 101
2 4 5
170 438 498 364 241
2 17 4
300 377 336 247
5 10 9
334 13 205 424 369 352 421 137 499
1 12 5
401 275 101 332 288
1 6 7
100 423 2 194 245 434 286
3 8 7
50 426 48 105 399 376 283
2 2 4
118 472 54 286
4 11 10
20 281 35 103 159 228 93 332 143 208
3 18 5
302 439 240 266 112
1 14 4
125 370 338 158
2 1 3
282 126 174
3 8 10
358 215 128 332 17 47 34 85 240 472
1 2 3
341 372 408
2 6 4
181 492 177 472
4 2 9
166 56 287 343 238 271 8 110 58
1 10 2
396 393
1 15 9
6 141 241 289 328 474 53 340 2
2 18 4
18 356 27 422
2 12 3
379 356 92
4 3 9
158 53 494 327 202 464 15 165 357
2 9 9
58 308 59 289 169 28 395 333 78
3 8 6
323 118 387 166 221 262
1 2 2
381 27
1 4 7
361 94 40 253 439 498 220
1 13 2
139 398
1 16 4
441 268 471 141
1 15 5
306 102 477 34 144
2 12 4
261 38 133 33
3 14 5
88 403 110 387 180
4 19 9
329 116 162 385 193 437 443 27 199
1 1 2
41 423
1 11 2
46 361
3 11 5
221 398 1 55 38
4 10 9
372 345 494 164 123 387 368 93 322
5 8 10
190 173 415 22 206 101 349 213 31 115
3 5 8
288 356 36 85 419 306 8 159
1 19 3
427 19 79
4 18 6
341 107 392 182 158 495
1 12 2
341 149
5 16 9
156 57 277 402 269 127 298 222 234
4 15 7
148 23 377 346 156 213 384
3 14 10
213 185 219 158 223 177 201 23 106 15
1 19 5
79 460 105 130 425
1 18 2
323 326
4 12 7
372 73 270 484 76 21 124
1 3 10
257 216 97 158 57 365 72 32 446 151
2 19 3
271 465 315
2 20 4
417 158 15 114
3 8 9
35 374 174 402 184 266 10 165 33
1 16 5
392 221 22 191 35
1 13 2
264 403
3 4 8
192 184 380 400 409 152 180 348
1 12 2
381 212
1 12 6
152 325 270 430 320 229
3 16 10
98 181 480 370 382 60 176 66 246 302
4 14 6
43 168 439 489 277 440
4 5 7
481 155 453 102 94 113 71
3 20 10
181 340 89 7 224 335 425 373 360 177
1 5 9
131 51 15 229 448 420 439 70 3
1 13 4
204 21 298 487
1 2 7
387 16 83 70 346 108 227
2 8 5
304 3 311 342 340
1 9 7
262 199 177 190 140 281 326
3 16 9
428 425 214 49 453 83 308 406 480
1 10 2
21 148
1 2 6
168 25 346 282 130 362
2 17 4
366 138 333 429
1 14 6
461 372 69 92 78 368
4 16 7
420 464 298 86 71 37 39
1 4 8
447 202 198 80 188 365 167 157
3 13 8
34 487 397 224 451 184 380 88
3 15 6
340 365 238 447 55 250
4 8 9
434 95 437 174 441 471 380 56 236
1 15 5
8 397 242 171 446
1 8 3
88 85 464
1 8 2
269 456
1 1 2
90 109
2 5 8
189 135 137 132 428 275 437 304
2 2 8
266 115 9 75 262 242 394 385
2 20 3
215 161 23
1 13 4
234 74 39 355
5 15 8
158 257 321 137 229 343 260 71
1 17 2
165 450
4 12 9
95 78 357 373 435 442 173 92 414
2 15 9
34 42 188 100 222 440 1 432 0
1 11 7
203 186 461 88 451 207 263
3 4 7
67 245 319 266 451 161 476
1 14 2
437 91
2 7 3
11 275 361
1 3 9
489 400 190 145 434 5 137 478 259
4 13 6
193 168 24 477 267 360
2 19 7
257 138 404 277 247 408 164
4 4 10
157 224 343 494 465 154 141 428 138 366
3 4 10
125 475 18 38 311 89 372 135 410 227
1 9 3
202 349 107
2 2 5
369 466 78 227 220
1 15 2
255 268
1 13 10
1 294 271 7 377 496 227 251 333 379
2 9 8
145 330 313 73 172 220 371 486
2 16 3
257 457 451
5 10 8
83 7 265 361 466 97 276 408
1 12 3
421 120 462
1 20 4
403 238 102 169
1 11 8
352 370 320 112 214 357 106 123
3 13 10
388 311 421 153 340 144 258 456 73 276
1 13 4
7 496 228 324
1 9 5
242 435 483 443 118
1 19 3
309 12 181
3 19 8
46 152 148 210 240 107 75 408
2 8 3
373 488 26
2 16 8
195 438 374 325 326 480 450 256
3 11 10
55 13 196 467 204 171 266 27 285 270
1 15 3
33 321 106
1 6 9
0 167 389 333 42 243 183 163 398
4 14 10
400 470 80 211 21 339 476 441 306 302
2 16 4
57 485 109 431
5 8 8
375 250 132 283 205 436 69 158
2 2 7
474 312 328 175 216 336 240
2 20 9
335 406 9 290 274 164 120 282 256
1 16 4
142 78 422 11
2 18 3
249 180 191
4 4 8
477 50 36 39 447 257 40 9
4 6 8
411 85 281 318 258 241 352 65
3 12 7
36 327 102 218 114 446 374
1 18 9
17 399 138 132 187 321 481 64 117
1 1 5
181 50 173 108 341
1 10 2
321 177
1 1 8
391 46 16 478 76 220 285 368
2 20 7
356 307 29 481 43 483 41
1 18 8
372 86 127 216 360 132 31 365
1 8 6
130 120 145 134 469 5
2 11 9
132 479 273 355 351 329 231 87 482
2 5 6
75 59 242 110 217 143
1 7 7
387 366 432 86 345 68 283
2 8 4
99 373 234 184
1 3 2
262 43
4 3 7
134 114 315 369 83 95 34
1 4 2
8 230
1 17 3
406 324 421
3 16 8
140 291 122 213 341 370 479 482
1 8 2
374 182
2 7 4
455 384 435 367
1 3 5
461 314 190 86 473
3 7 8
481 215 176 308 151 318 147 196
2 20 6
381 340 118 339 383 190
3 3 7
263 99 238 23 353 191 62
6 8 10
316 459 482 129 124 262 285 227 332 295
2 20 10
417 467 390 466 82 109 17 357 227 55
5 4 8
73 353 151 207 411 170 259 397
2 7 3
18 191 232
6 15 10
404 380 293 337 158 347 115 94 419 103
1 16 2
250 180
5 19 10
321 278 249 245 160 429 376 370 13 163
1 17 4
50 301 36 261
2 9 3
119 359 96
3 7 7
202 4 336 445 206 179 151
2 8 4
130 147 53 343
2 19 10
140 481 304 298 349 111 252 293 125 247
1 4 3
347 337 238
1 18 2
385 126
2 6 5
489 267 144 301 383
3 11 10
336 285 185 426 66 468 462 490 83 126
4 16 7
296 254 127 234 79 369 390
2 10 4
220 182 33 337
6 11 10
426 228 240 12 26 369 434 385 377 481
1 14 2
402 87
1 11 2
45 199
2 14 4
402 161 122 70
3 10 9
395 282 163 440 75 12 81 195 331
1 6 4
409 462 396 397
4 3 9
366 140 166 250 492 392 201 53 70
3 4 6
333 357 274 435 310 170
2 7 5
402 115 384 3 85
1 20 4
404 349 57 15
1 15 3
12 226 96
2 15 10
254 192 393 134 6 203 68 384 356 208
5 2 9
390 180 461 192 416 3 429 456 45
4 6 9
491 475 116 155 43 151 273 8 11
1 8 3
416 63 486
1 19 4
490 44 51 433
1 6 3
479 173 287
2 14 10
319 445 242 229 333 210 431 441 91 0
3 14 7
447 492 56 288 396 122 251
1 4 2
88 19
4 8 6
118 308 283 218 301 338
2 11 3
274 369 281
1 2 2
287 385
3 3 5
422 294 195 335 295
5 17 9
58 398 11 69 127 320 342 63 22
2 2 4
261 142 350 65
1 20 6
337 297 319 310 115 151
4 12 9
469 343 443 395 4 165 69 29 75
1 10 3
401 138 308
3 16 8
143 315 437 15 7 13 147 55
1 9 2
45 53
1 10 7
474 432 190 175 261 44 379
3 19 5
221 18 55 4 332
1 5 7
360 268 175 29 35 284 80
1 16 7
217 231 157 434 310 154 340
4 11 8
182 495 300 484 141 319 179 327
1 12 2
336 35
4 5 9
26 405 60 349 70 284 15 298 96
3 17 5
196 171 201 242 94
2 11 3
35 459 460
2 5 8
284 487 324 293 212 12 337 180
1 12 4
453 21 442 238
1 3 5
483 46 468 177 451
2 12 8
263 452 398 217 247 309 314 328
3 3 8
148 372 416 423 499 285 158 156
2 9 8
200 455 78 119 210 344 227 359
6 13 9
52 454 318 370 29 28 333 224 75
3 19 6
112 13 83 227 322 76
4 4 10
227 417 268 51 93 356 390 297 200 424
4 1 10
450 191 35 264 53 457 60 165 460 124
3 11 5
436 413 219 296 358
4 13 6
136 185 238 477 33 423
2 12 5
34 377 264 151 358
2 7 4
331 101 429 254
1 13 3
152 248 125
4 17 6
3 49 358 380 397 403
2 4 6
410 361 455 16 17 93
2 5 5
114 352 54 66 489
4 3 8
30 347 489 337 222 116 448 499
2 9 5
99 34 436 424 131
6 3 10
498 410 432 87 107 452 414 211 12 206
3 3 7
15 20 290 44 375 175 434
3 18 5
446 471 481 168 497
4 10 10
38 371 493 494 33 162 497 299 399 462
1 3 2
117 9
2 11 5
164 213 275 76 78
1 17 4
123 379 456 428
2 12 9
3 422 284 311 119 419 286 352 256
3 4 6
442 438 353 422 93 180
2 8 10
443 318 385 60 1 115 61 248 39 164
1 7 4
477 72 110 203
2 12 6
384 449 311 268 147 297
1 2 5
271 70 388 387 286
1 10 10
97 93 248 105 476 335 451 149 429 236
1 6 5
249 166 269 256 490
1 15 9
294 235 457 252 339 405 42 72 270
2 6 3
266 483 211
2 6 3
205 254 67
5 3 10
343 210 171 104 90 105 279 496 463 315
5 8 8
197 53 209 320 28 472 252 460
1 14 2
112 228
3 3 7
201 116 196 306 129 22 234
1 14 2
8 479
2 13 3
232 193 234
1 4 4
190 261 361 326
1 19 3
281 185 5
2 20 7
217 64 311 8 426 189 234
1 15 2
386 466
2 2 4
456 202 377 366
1 6 2
458 213
2 1 7
76 168 107 174 244 475 337
4 19 10
81 311 268 289 202 326 135 54 294 278
3 14 8
187 378 404 494 489 82 481 321
4 19 8
6 190 284 493 259 175 158 457
1 15 5
158 12 460 143 406
1 10 4
357 229 109 135
5 15 8
4 434 85 478 246 9 444 18
2 14 7
176 61 15 216 130 224 293
2 20 10
415 423 283 498 406 168 2 175 434 435
5 20 10
2 96 409 108 255 464 86 180 447 399
4 11 8
231 129 14 54 496 132 453 413
1 8 5
287 373 249 273 350
1 1 3
183 317 391
1 5 10
188 226 127 40 23 196 96 205 113 262
4 2 9
293 243 320 120 354 283 217 91 308
2 2 7
111 470 211 51 33 275 405
1 12 5
291 164 497 187 235
5 18 8
362 251 237 45 446 442 284 27
2 16 6
258 472 185 296 33 13
6 18 9
105 381 80 253 210 476 394 131 125
3 17 5
103 270 112 210 87
6 9 10
23 86 277 426 12 161 6 81 329 490
2 8 10
57 456 368 488 418 103 352 219 229 167
2 19 7
423 133 37 162 424 229 81
2 18 8
106 216 441 487 191 233 498 364
1 19 2
456 458
1 6 4
194 285 291 227
1 19 3
78 469 410
3 5 5
377 372 96 69 41
2 9 3
420 35 70
2 3 7
181 409 190 8 304 160 57
4 20 6
146 139 1 343 427 57
1 2 5
469 239 297 208 472
5 16 10
401 269 205 481 483 296 274 69 331 492
2 8 6
331 109 104 225 91 272
1 5 3
326 217 292
1 15 2
401 493
3 20 10
64 101 80 387 146 489 29 25 354 121
1 2 10
493 486 63 160 283 52 76 455 105 480
1 2 2
230 36
2 9 3
207 58 79
4 1 10
224 191 109 340 493 264 453 471 180 277
3 5 6
186 461 44 104 167 292
5 18 9
48 425 60 423 307 494 462 499 240
1 17 2
496 316
6 4 9
135 222 350 294 355 262 30 328 305
2 16 5
271 145 353 426 87
1 12 3
281 77 375
4 10 9
18 323 277 19 472 64 83 469 58
1 8 2
120 458
1 1 2
114 49
5 1 10
333 331 111 115 94 341 105 418 60 365
3 9 9
40 404 12 337 240 306 149 228 293
1 16 8
411 245 186 365 453 272 431 124
1 16 2
146 478
2 12 7
62 86 370 204 498 122 221
3 12 8
111 222 418 391 319 121 251 194
3 7 7
441 255 399 470 85 349 13
6 7 10
4 333 222 423 367 251 418 136 123 389
4 11 9
56 33 248 66 415 476 79 149 263
2 3 3
458 37 486
2 12 3
213 61 190
2 6 3
1 27 299
1 18 5
411 15 68 277 146
3 8 8
170 172 103 361 262 315 182 203
2 11 8
452 210 473 486 411 45 198 415
2 14 6
53 303 220 327 193 187
1 8 2
425 288
1 6 8
112 216 111 245 4 171 471 341
5 9 9
375 280 490 444 24 354 259 381 442
4 19 8
420 91 221 231 138 32 36 74
4 19 7
313 124 13 449 432 414 212
2 20 8
262 399 201 352 285 148 12 153
5 14 10
319 412 459 266 369 143 192 183 392 9
1 1 5
327 132 281 0 172
2 1 5
442 135 325 168 235
3 6 7
59 40 454 31 116 267 20
2 5 8
94 138 338 11 393 234 246 350
2 16 4
279 48 406 35
1 18 2
252 383
2 5 8
265 388 405 328 215 419 292 485
1 10 7
368 91 77 491 358 423 50
2 8 8
2 135 12 358 404 433 302 259
1 19 7
484 419 442 325 491 108 299
6 14 9
402 430 181 46 188 301 161 160 63
1 15 4
385 255 308 164
1 8 2
220 229
2 17 10
91 167 243 78 483 379 302 380 41 347
2 11 4
75 246 130 119
2 5 3
165 179 304
6 16 9
363 200 406 89 464 314 28 477 346
2 8 4
297 69 56 257
1 17 4
498 192 145 185
1 16 2
392 231
2 6 9
411 113 137 414 212 356 485 476 324
3 12 10
157 47 421 496 341 51 131 322 277 140
2 4 5
297 447 420 94 288
2 9 4
273 431 294 434
1 16 7
376 361 21 391 80 462 306
2 20 5
329 93 357 147 332
2 1 4
98 325 377 351
3 6 9
244 132 282 369 40 267 152 67 0
2 11 4
230 100 317 264
1 17 3
192 367 81
6 1 9
283 261 422 293 404 362 485 390 161
2 18 6
145 17 220 414 6 288
3 11 6
20 337 149 372 79 56
4 4 8
245 230 64 338 79 251 74 112
3 8 9
486 37 470 374 340 439 41 254 156
4 7 7
248 427 349 295 95 93 58
1 12 5
366 196 11 494 206
2 18 6
204 130 97 188 250 378
1 18 2
435 457
4 1 7
122 150 161 171 248 298 261
4 8 9
141 305 132 212 51 110 236 329 147
1 8 3
308 16 90
2 18 5
271 188 448 111 61
2 18 4
301 388 385 342
1 17 2
219 318
1 1 3
272 75 214
1 3 3
477 482 392
3 10 5
6 243 237 370 68
3 18 6
137 284 483 2 245 204
2 1 3
60 139 213
4 9 8
337 457 96 160 17 346 132 177
1 7 2
192 454
4 9 7
220 414 289 27 40 205 480
2 3 5
103 265 62 129 224
2 6 3
362 354 160
1 19 3
228 300 348
6 3 10
365 224 488 439 482 3 396 257 106 362
4 1 10
264 6 358 480 321 168 67 280 235 281
4 5 10
19 308 376 268 24 175 274 478 361 362
5 12 8
29 111 425 70 373 294 296 410
1 19 2
171 490
2 7 5
270 472 182 127 344
3 3 7
249 401 77 412 491 448 32
3 3 5
133 43 168 416 440
1 7 2
401 389
1 8 3
280 470 24
1 15 4
287 493 485 47
1 9 2
73 66
1 11 4
341 266 293 439
3 17 6
358 139 23 419 38 124
4 7 10
97 395 372 69 176 314 471 315 187 417
1 16 3
81 404 318
2 6 6
346 205 290 423 20 195
1 18 7
385 327 23 133 177 474 143
3 6 7
206 334 496 249 134 378 285
2 13 3
181 158 55
1 12 7
277 146 384 221 247 298 176
1 13 4
352 234 449 71
6 9 9
222 471 357 378 381 22 88 42 143
1 13 2
372 437
2 9 7
446 328 427 300 98 456 198
4 9 9
488 159 214 421 42 1 248 395 148
2 20 8
342 215 107 349 45 206 448 320
4 14 8
112 197 363 193 266 493 88 128
2 5 9
476 303 78 258 378 382 299 164 475
3 1 7
175 438 449 258 193 67 408
4 15 10
388 52 307 172 190 159 55 488 468 227
5 1 8
277 367 337 361 153 325 13 202
1 10 3
165 229 104
3 10 5
254 274 22 428 85
4 6 9
147 331 346 309 169 185 98 129 81
1 10 4
163 263 219 100
5 5 9
263 38 97 46 201 124 393 447 418
2 3 5
421 100 457 96 247
1 17 4
90 358 320 122
3 17 10
242 100 291 83 191 279 130 41 235 198
3 5 10
352 480 446 251 166 302 52 19 374 417
2 15 10
242 378 171 11 376 222 293 33 106 337
1 15 8
189 420 371 52 133 477 292 398
2 17 8
235 355 462 60 183 213 91 159
2 19 3
283 397 101
1 16 2
8 346
1 15 10
351 97 50 10 369 154 355 139 263 484
1 12 9
318 195 272 469 19 38 247 232 456
1 7 4
141 208 359 274
1 3 3
274 131 348
2 3 6
401 73 497 335 48 164
1 1 6
177 140 197 411 93 97
3 17 7
490 237 179 73 305 285 370
1 9 10
39 274 34 166 65 278 220 384 482 405
4 4 7
162 300 472 272 33 109 431
1 13 2
17 326
3 3 6
389 141 265 61 123 247
3 19 9
9 262 347 181 286 130 176 107 418
2 16 4
209 37 36 77
2 18 5
214 208 110 15 454
2 18 6
295 417 412 61 71 352
1 13 7
253 414 196 139 21 55 393
6 12 10
301 291 70 66 450 89 443 94 92 314
1 12 4
157 97 466 144
2 18 5
4 311 305 136 208
5 5 8
19 309 498 25 445 257 69 134
4 5 8
180 314 234 217 435 301 386 344
1 9 4
442 359 132 261
4 19 8
476 335 39 460 232 375 33 317
1 19 2
230 308
1 9 2
7 327
1 17 2
88 163
1 4 3
223 386 425
1 13 8
204 412 462 433 281 280 488 375
2 2 4
404 406 196 262
4 13 9
132 61 176 207 113 444 462 292 58
1 18 3
7 81 80
5 8 10
152 295 366 140 365 237 226 233 415 399
3 13 8
468 101 47 396 167 333 427 381
1 6 9
31 145 100 160 230 53 33 351 290
1 10 5
460 118 35 125 7
2 3 3
210 123 370
1 20 3
3 67 25
2 2 3
243 261 317
1 2 2
226 64
1 6 2
95 333
1 8 2
107 28
1 8 3
298 455 277
1 17 2
235 348
3 2 6
67 429 59 23 85 421
2 1 7
166 145 51 77 205 472 208
1 10 5
230 402 439 175 318
1 19 2
118 424
2 14 4
215 167 293 283
1 13 8
302 25 264 336 400 197 85 317
5 17 8
269 298 81 262 293 407 225 419
1 3 10
390 435 348 341 197 470 496 487 437 464
2 3 3
87 266 121
3 3 5
256 132 178 489 307
6 5 9
334 180 142 326 10 131 370 382 184
3 8 9
366 222 233 227 36 5 12 452 479
4 20 6
374 144 292 105 281 302
2 7 3
284 302 359
1 20 2
304 264
2 8 4
180 478 172 165
3 5 8
300 428 174 128 191 60 72 168
2 3 6
346 118 116 100 426 362
3 12 9
74 276 463 195 222 487 47 402 452
4 11 8
92 302 459 485 178 1 95 132
2 17 3
404 484 348
1 4 2
193 129
1 14 4
309 429 78 75
6 4 9
87 249 120 240 81 263 238 272 168
2 4 4
14 287 276 476
2 18 9
254 295 278 93 465 232 434 193 107
5 2 10
308 324 11 305 416 323 137 486 301 494
1 6 4
97 327 190 133
1 16 3
41 205 337
1 17 2
345 336
1 16 4
348 438 129 128
2 19 5
71 332 470 24 446
1 18 2
290 55
3 14 8
313 6 158 337 303 383 203 101
2 11 4
237 231 262 399
2 14 3
391 224 308
3 20 5
367 135 309 133 278
3 7 8
117 464 21 413 342 362 107 262
2 2 4
13 105 96 452
5 18 9
425 360 73 176 450 334 15 369 260
1 20 3
148 92 324
3 17 5
210 325 110 34 341
3 1 7
374 296 148 446 462 161 0
3 6 8
377 425 4 208 297 289 328 83
2 14 5
130 401 253 260 54
1 20 2
426 279
1 18 8
162 319 416 303 268 430 199 138
2 14 5
131 442 89 12 394
1 15 2
285 20
1 16 7
386 466 165 112 429 251 42
1 15 3
101 21 30
3 9 10
441 226 41 462 152 222 129 29 419 63
1 8 4
208 12 165 318
1 4 2
317 44
5 15 10
352 320 251 327 262 73 156 310 88 225
4 18 7
106 387 336 176 69 178 460
3 4 7
265 456 200 306 489 261 349
1 9 6
337 98 419 106 465 234
4 14 7
103 104 425 324 471 416 383
3 13 6
73 29 100 379 361 186
2 12 7
88 299 259 79 340 444 346
1 17 3
247 460 246
4 14 10
249 389 295 374 94 33 356 360 476 459
2 7 3
204 211 405
3 3 6
268 270 75 124 9 180
2 18 8
246 47 382 426 175 115 231 254
5 4 9
302 396 275 421 325 446 460 194 232
1 2 2
113 354
3 11 10
65 107 9 227 421 459 439 147 242 278
2 6 6
340 438 58 486 121 498
1 4 3
67 155 144
2 4 8
65 137 138 26 248 402 175 464
2 9 7
417 465 468 359 270 219 178
1 9 4
32 161 46 85
1 19 2
484 426
1 10 2
265 4
3 18 7
123 15 248 169 368 19 489
1 20 7
152 168 356 359 318 494 296
1 12 10
33 69 382 445 383 303 439 477 286 140
1 5 5
23 14 161 76 104
2 16 10
437 455 470 164 219 443 195 370 407 237
2 2 7
196 355 81 279 396 168 460
2 14 6
471 195 309 143 353 390
2 10 5
448 62 366 447 164
3 2 10
388 248 443 359 434 200 465 324 175 207
5 6 10
460 112 492 51 399 195 471 482 56 284
2 7 5
348 327 153 62 132
2 2 4
474 364 244 462
4 1 7
78 280 233 471 300 333 256
4 15 7
87 259 229 426 369 57 386
4 10 10
288 339 168 46 469 222 317 180 482 68
2 1 4
130 462 33 365
3 16 9
399 230 254 163 427 64 482 343 328
2 12 4
326 132 294 481
6 19 9
19 0 155 107 393 347 281 451 357
1 15 8
196 205 246 492 240 362 150 60
2 13 4
133 201 386 250
2 14 9
392 60 219 213 440 272 187 282 27
1 14 3
422 314 293
1 15 2
104 470
3 13 6
50 277 365 275 163 99
3 14 9
403 215 272 493 240 342 325 375 492
1 18 7
399 366 247 241 391 124 8
4 2 7
122 259 309 442 124 461 136
3 8 5
337 299 487 290 254
3 18 6
123 376 447 292 277 313
2 13 10
420 89 423 195 412 226 493 141 354 499
5 4 10
445 173 496 377 486 105 19 21 217 9
2 6 7
63 437 24 188 292 259 98
6 13 10
6 297 379 493 446 366 62 104 188 221
1 1 6
337 97 17 75 447 127
3 19 7
299 486 490 263 108 163 75
1 6 2
314 428
2 2 6
313 488 238 193 423 23
1 4 2
176 22
2 3 4
103 346 75 123
1 17 9
442 109 453 258 17 270 391 493 419
5 16 8
187 248 84 376 433 123 379 278
1 8 6
148 202 69 91 375 248
1 11 3
68 268 84
1 14 6
261 0 320 248 107 265
3 17 7
327 405 114 85 366 119 336
4 8 10
203 36 424 499 449 73 303 294 114 106
1 2 3
241 129 435
2 18 5
269 321 404 478 31
1 7 2
349 166
4 3 8
412 371 15 231 151 260 323 491
6 18 10
425 1 324 401 422 414 195 247 67 73
1 20 2
52 95
2 7 8
346 474 22 88 466 427 18 64
4 5 7
275 116 66 421 23 318 322
2 2 4
176 121 95 128
1 6 7
448 378 425 439 101 473 15
1 7 3
87 102 434
1 9 5
228 179 215 427 475
2 12 6
162 272 225 15 150 65
3 10 6
21 132 303 238 320 175
2 6 6
378 488 2 456 380 324
1 11 4
410 6 326 350
1 13 7
192 323 190 401 257 226 478
2 15 6
76 57 152 260 257 174
3 3 9
62 279 223 460 310 219 199 122 265
3 12 8
237 175 383 434 103 16 188 300
2 18 8
23 496 74 18 222 378 418 397
2 2 6
176 163 75 472 53 59
2 11 7
347 404 436 134 346 175 258
4 10 8
408 307 233 382 322 20 131 218
1 11 4
185 282 462 292
3 7 5
492 497 148 39 113
1 5 2
191 306
1 12 8
154 58 269 64 293 139 453 223
4 10 7
324 132 416 473 238 373 426
1 8 4
404 177 86 198
2 9 5
430 56 184 441 240
2 19 10
133 405 205 309 61 344 364 465 299 185
4 8 7
120 224 59 351 10 379 70
4 8 8
454 98 240 189 9 113 484 274
1 1 3
477 423 149
1 5 6
318 390 485 113 13 50
1 7 3
281 431 335
4 4 7
384 223 364 54 161 412 109
4 3 9
224 404 93 330 289 449 89 252 80
1 9 2
136 402
6 6 9
252 186 86 395 51 425 349 222 94
1 7 3
299 334 245
1 18 5
416 213 126 393 383
5 2 10
219 46 166 413 174 202 485 252 190 425
2 11 7
93 351 48 163 186 435 353
1 2 5
231 309 51 72 30
3 3 10
344 462 476 289 381 103 264 243 299 186
4 17 7
197 407 298 262 152 341 364
1 15 4
393 9 25 367
1 15 2
101 143
3 10 8
208 437 379 292 13 388 253 165
2 10 4
161 40 172 487
1 9 4
462 233 206 473
1 4 6
6 443 184 291 67 222
2 4 8
79 110 373 99 246 341 123 365
3 14 6
331 197 435 179 71 428
3 13 8
408 324 20 278 265 203 135 336
3 10 5
433 279 357 375 403
2 6 3
410 240 469
2 13 3
452 458 465
2 19 4
116 198 438 247
1 3 8
496 78 128 36 317 495 466 244
2 15 8
405 158 306 149 140 280 489 274
4 1 10
373 150 420 101 301 422 465 100 265 393
2 7 8
188 335 131 411 433 5 402 381
3 14 6
417 81 87 147 382 406
1 19 6
408 11 36 272 363 325
2 5 4
22 341 175 301
2 19 10
4 325 207 201 236 350 232 468 280 3
4 1 6
328 350 217 405 422 433
3 7 6
303 470 181 52 485 26
2 14 7
409 490 71 46 232 482 468
2 13 9
171 264 239 485 463 74 176 477 182
1 4 4
251 474 98 234
3 5 9
123 361 494 72 78 393 202 257 178
2 2 6
472 464 217 1 144 241
2 16 5
197 78 63 210 24
3 20 5
218 452 175 403 487
3 12 10
216 284 194 391 458 49 319 82 328 166
5 15 8
171 117 273 97 374 332 211 81
2 5 3
246 438 339
6 12 10
11 367 284 183 133 408 139 374 310 325
3 14 6
239 256 291 301 83 18
1 10 5
49 255 187 208 456
5 2 8
21 175 221 360 80 9 471 291
2 3 3
265 109 402
1 1 2
82 186
1 7 2
319 290
3 15 9
280 9 188 236 4 433 244 420 240
1 6 5
412 247 12 299 315
3 10 8
191 185 405 176 233 258 355 329
1 1 2
145 272
3 20 9
72 361 50 97 395 79 257 385 147
1 7 4
72 241 59 124
1 13 4
267 102 462 435
1 3 4
28 74 444 88
2 10 10
280 272 131 311 12 48 55 111 409 413
3 1 5
225 313 456 189 364
2 18 5
176 302 174 5 439
2 9 6
239 184 454 395 18 242
4 6 6
227 396 164 458 460 258
2 9 8
44 481 403 298 398 58 150 198
1 1 4
4 302 398 279
1 19 2
215 75
1 16 2
288 260
2 15 4
52 256 172 333
2 10 8
108 304 376 445 41 291 18 440
2 16 5
305 230 301 24 348
2 16 5
307 9 475 444 233
2 12 5
333 199 416 40 360
1 7 4
60 461 493 322
2 15 5
183 402 447 344 310
1 5 6
356 244 435 448 154 250
3 2 8
141 307 67 95 484 449 120 134
5 6 10
97 155 255 373 19 441 437 495 323 417
3 2 9
377 204 269 61 140 293 238 252 372
1 12 2
377 201
6 15 9
277 118 66 307 320 361 484 332 49
1 3 4
350 107 376 117
4 17 9
43 36 482 330 63 309 462 252 250
5 9 10
370 92 191 442 315 212 74 54 404 43
1 17 2
167 365
3 7 5
281 467 464 489 274
1 2 4
426 61 453 243
1 13 6
330 109 355 306 276 12
2 19 6
123 232 496 229 94 46
2 3 8
39 168 347 82 173 208 48 42
5 13 10
83 243 155 483 463 281 457 222 169 299
4 1 9
317 70 424 123 61 40 488 267 323
2 14 6
390 264 29 344 304 411
5 19 10
350 69 391 411 498 226 424 455 215 115
1 19 5
188 426 60 83 161
4 17 8
405 475 78 228 37 362 489 50
1 11 4
433 466 87 21
4 14 8
167 55 185 261 294 437 36 12
5 8 8
467 267 474 361 320 483 3 393
1 8 2
452 248
5 17 10
99 37 254 161 117 140 138 211 374 296
2 13 5
264 382 185 226 211
2 2 10
305 351 424 240 263 459 8 369 375 344
3 18 8
316 120 201 370 431 290 227 483
6 4 9
121 139 259 304 418 456 270 360 184
1 15 4
108 350 22 66
2 3 4
50 120 161 123
1 8 10
288 435 231 459 343 307 201 347 236 45
2 2 4
451 215 466 276
1 1 2
304 72
1 18 3
7 4 284
3 8 8
416 403 184 414 336 155 428 354
2 13 5
412 145 273 410 461
2 17 4
46 113 142 215
4 12 6
405 131 117 169 29 246
2 6 4
445 195 165 422
1 18 4
464 245 451 317
1 14 2
483 423
1 20 3
333 376 137
1 14 3
206 46 279
6 16 10
247 337 170 352 334 47 233 290 316 475
3 17 5
318 440 482 254 257
1 10 3
34 179 129
2 12 4
15 399 472 419
4 17 7
305 340 56 99 302 321 414
1 18 10
137 42 371 387 365 169 435 75 242 449
1 5 2
127 65
3 7 6
87 81 200 318 317 113
1 20 3
244 220 464
4 15 6
285 426 76 298 111 443
4 6 10
228 217 178 315 240 27 60 462 468 245
5 10 8
211 133 13 407 421 425 175 339
1 14 6
59 341 1 307 25 241
3 17 5
393 218 369 130 328
4 8 9
237 475 438 6 328 315 51 22 26
4 10 9
339 47 244 239 429 334 385 383 5
4 10 7
306 347 242 254 251 67 119
3 18 9
107 184 245 85 32 447 377 312 452
4 10 9
29 153 353 496 478 443 99 133 163
1 6 8
26 390 256 305 0 145 355 137
3 1 6
247 481 429 446 1 402
4 14 10
325 102 171 309 186 423 36 458 273 415
1 9 2
376 385
1 3 2
34 193
3 17 10
226 29 384 263 282 169 430 187 393 261
1 18 5
163 374 359 488 41
4 14 6
192 311 349 407 322 386
3 18 6
346 203 285 106 155 270
3 6 10
58 44 333 63 9 463 65 313 123 221
3 4 7
168 371 28 441 0 330 474
4 19 6
146 428 134 492 470 321
2 10 6
352 299 177 218 410 359
6 8 10
167 215 135 196 39 235 330 326 154 402
1 6 2
138 185
1 16 6
355 351 129 310 486 314
1 5 3
177 432 330
1 1 3
497 289 468
1 8 4
395 427 84 494
3 11 5
452 465 394 241 77
3 17 5
254 238 76 303 361
5 20 8
172 225 30 46 443 442 235 8
1 6 6
220 352 360 17 399 6
2 5 10
319 397 469 312 293 208 110 90 394 405
1 2 3
59 172 49
2 18 4
103 65 219 105
2 14 8
66 45 380 163 420 473 35 316
2 11 4
433 224 370 134
3 12 5
340 45 393 450 220
1 6 10
476 180 149 62 423 138 189 102 37 110
5 8 10
41 402 227 124 32 351 454 25 196 242
3 14 9
152 322 172 50 306 20 414 265 368
4 20 6
164 431 285 201 304 19
1 8 3
302 490 361
2 13 6
476 105 264 232 193 466
1 8 2
243 202
1 2 8
370 2 224 341 275 90 170 401
1 13 3
21 380 58
1 10 7
357 6 25 93 228 421 231
1 19 10
323 460 382 369 19 360 374 87 396 440
3 3 5
476 276 101 26 219
1 11 2
57 471
3 7 5
168 133 207 234 271
1 8 3
179 391 32
3 7 6
49 212 103 377 152 398
2 17 4
143 491 336 453
5 5 8
336 417 434 353 296 161 170 356
5 13 8
69 273 397 74 479 399 100 408
3 5 8
345 251 228 402 499 380 496 24
4 8 9
385 386 431 343 459 236 56 225 475
5 16 10
67 191 51 426 54 385 473 401 200 317
3 2 8
128 17 263 69 206 460 267 79
2 14 10
173 424 461 133 417 235 334 92 325 255
4 20 9
447 116 155 11 120 38 47 151 34
6 4 10
394 10 14 468 463 281 357 34 350 117
2 8 6
179 275 162 302 305 178
2 5 4
175 282 278 321
2 20 4
1 325 112 270
2 16 3
199 207 417
4 8 7
498 55 135 271 420 324 463
3 18 6
370 185 403 274 430 117
2 1 5
314 462 49 302 467
1 14 2
137 457
1 3 3
17 456 246
1 7 10
228 158 63 7 53 339 185 264 230 301
1 3 3
324 125 19
2 9 8
348 401 154 389 402 390 108 292
2 19 5
346 416 101 102 337
1 14 3
43 213 186
2 5 6
428 349 168 271 458 239
1 13 3
101 487 413
3 6 5
350 440 376 479 31
3 3 7
378 2 16 133 21 117 256
1 14 8
332 257 79 16 8 215 450 190
4 7 7
459 256 323 250 164 495 440
1 20 8
397 356 318 485 86 475 494 492
5 2 9
325 235 266 373 237 119 252 260 367
1 5 3
68 440 315
4 15 7
301 303 437 317 384 486 78
4 9 8
436 316 165 394 416 270 386 269
2 8 3
417 361 183
1 14 2
8 191
4 1 8
296 66 491 417 336 208 428 219
1 5 5
291 70 422 315 106
4 8 6
276 82 377 216 280 343
4 18 10
453 98 470 128 454 93 42 437 25 192
2 20 4
335 407 154 464
4 17 6
285 24 385 184 312 356
1 20 5
53 305 36 373 327
2 15 10
203 417 374 259 141 302 174 300 204 255
2 11 4
243 437 150 259
6 9 9
82 282 79 429 123 232 45 48 486
3 8 6
78 444 60 326 276 142
2 8 4
394 303 492 108
1 16 5
75 259 0 420 427
4 12 9
45 358 315 412 371 246 485 174 265
1 8 2
201 397
1 17 6
176 47 152 79 16 379
1 4 10
438 165 76 209 327 377 0 32 364 499
2 15 4
489 385 134 142
2 9 3
319 172 98
2 5 4
95 316 401 471
3 9 6
310 140 59 484 474 371
3 18 9
291 66 10 86 85 390 475 438 249
2 3 5
262 27 182 202 212
6 3 10
379 26 339 362 387 322 116 462 427 447
1 14 2
112 24
1 6 7
460 347 63 227 216 467 98
6 17 10
340 292 381 302 80 383 208 477 151 145
2 11 3
191 479 23
1 6 6
304 39 216 113 442 173
3 15 5
411 102 446 35 205
3 12 9
139 353 157 94 42 341 220 264 56
2 5 8
275 388 335 153 477 478 121 215
1 2 5
190 7 239 372 116
1 14 2
437 34
1 17 2
218 249
2 1 3
117 127 320
1 10 3
124 249 134
3 13 5
164 115 86 246 420
2 9 3
72 446 386
2 15 3
464 439 212
