500 2500 775
11 17 18 11 39 27 34 21 30 34 38 23 40 38 18 30 39 21 30 36 13 21 27 37 14 17 14 30 27 14 35 19 27 12 11 16 12 32 34 35 33 12 19 24 21 29 11 13 31 26 20 38 30 21 22 21 28 22 24 35 29 17 39 18 24 17 33 22 24 35 30 37 39 24 34 28 37 11 16 28 23 25 15 24 14 30 24 29 21 35 33 31 20 34 11 27 30 40 22 32 32 14 31 17 27 40 20 20 12 37 26 13 15 22 23 28 37 32 15 36 15 22 14 22 28 20 26 14 11 32 11 40 19 37 39 33 32 33 14 20 40 30 38 30 20 29 23 25 17 30 20 38 26 18 38 35 28 27 30 20 16 40 28 36 14 28 23 12 29 20 15 39 33 19 31 35 11 12 37 36 35 32 15 29 33 19 27 28 14 32 19 28 16 19 40 38 23 21 22 39 12 16 40 30 29 13 13 20 38 28 21 22 26 34 17 40 16 21 14 39 14 21 16 36 18 39 23 11 30 40 39 17 37 24 35 32 15 31 18 40 21 28 39 16 18 39 20 16 26 29 35 31 14 24 32 34 22 26 40 27 28 14 39 13 33 33 12 14 11 13 35 34 17 13 32 12 34 11 15 21 31 21 16 14 32 37 15 21 12 35 12 32 22 26 40 25 38 22 22 14 13 16 40 24 19 28 40 25 40 23 23 34 14 27 27 28 15 32 39 34 18 40 36 13 32 15 13 39 22 29 28 30 35 18 21 13 30 26 16 30 36 22 34 20 26 20 17 22 39 23 27 17 27 14 12 24 33 25 13 32 33 22 17 24 26 31 16 17 36 24 21 17 38 11 37 28 18 16 30 24 20 22 20 40 26 38 23 27 39 26 22 16 27 18 35 28 37 14 36 11 35 26 17 34 36 31 21 33 20 21 22 11 14 34 34 34 22 23 29 24 28 15 25 15 13 16 36 17 18 27 21 14 24 16 15 11 27 13 36 13 31 33 34 28 11 35 15 23 18 37 14 17 39 25 19 30 36 14 22 36 29 16 20 25 37 22 13 35 34 11 11 13 24 13 12 36 23 20 12 37 18 14 39 37 11 18 34 17 27 18 21 40 17 36 34 22 34 33 25 32
1 7 8 1 29 17 24 11 20 24 28 13 30 28 8 20 29 11 20 26 3 11 17 27 4 7 4 20 17 4 25 9 17 2 1 6 2 22 24 25 23 2 9 14 11 19 1 3 21 16 10 28 20 11 12 11 18 12 14 25 19 7 29 8 14 7 23 12 14 25 20 27 29 14 24 18 27 1 6 18 13 15 5 14 4 20 14 19 11 25 23 21 10 24 1 17 20 30 12 22 22 4 21 7 17 30 10 10 2 27 16 3 5 12 13 18 27 22 5 26 5 12 4 12 18 10 16 4 1 22 1 30 9 27 29 23 22 23 4 10 30 20 28 20 10 19 13 15 7 20 10 28 16 8 28 25 18 17 20 10 6 30 18 26 4 18 13 2 19 10 5 29 23 9 21 25 1 2 27 26 25 22 5 19 23 9 17 18 4 22 9 18 6 9 30 28 13 11 12 29 2 6 30 20 19 3 3 10 28 18 11 12 16 24 7 30 6 11 4 29 4 11 6 26 8 29 13 1 20 30 29 7 27 14 25 22 5 21 8 30 11 18 29 6 8 29 10 6 16 19 25 21 4 14 22 24 12 16 30 17 18 4 29 3 23 23 2 4 1 3 25 24 7 3 22 2 24 1 5 11 21 11 6 4 22 27 5 11 2 25 2 22 12 16 30 15 28 12 12 4 3 6 30 14 9 18 30 15 30 13 13 24 4 17 17 18 5 22 29 24 8 30 26 3 22 5 3 29 12 19 18 20 25 8 11 3 20 16 6 20 26 12 24 10 16 10 7 12 29 13 17 7 17 4 2 14 23 15 3 22 23 12 7 14 16 21 6 7 26 14 11 7 28 1 27 18 8 6 20 14 10 12 10 30 16 28 13 17 29 16 12 6 17 8 25 18 27 4 26 1 25 16 7 24 26 21 11 23 10 11 12 1 4 24 24 24 12 13 19 14 18 5 15 5 3 6 26 7 8 17 11 4 14 6 5 1 17 3 26 3 21 23 24 18 1 25 5 13 8 27 4 7 29 15 9 20 26 4 12 26 19 6 10 15 27 12 3 25 24 1 1 3 14 3 2 26 13 10 2 27 8 4 29 27 1 8 24 7 17 8 11 30 7 26 24 12 24 23 15 22
1 14 4
367 415 111 465
1 31 2
403 418
3 18 6
194 335 227 271 54 466
2 15 7
212 143 476 284 125 72 452
1 26 3
308 202 103
2 15 5
473 286 213 7 409
4 25 7
296 242 424 136 491 476 436
2 19 4
110 485 391 270
2 24 4
297 131 342 118
1 10 6
328 147 441 53 149 291
2 17 5
227 121 187 483 206
4 22 6
154 390 171 216 67 112
3 25 5
440 461 365 72 115
1 10 5
222 7 248 353 364
1 11 5
331 408 303 447 260
3 13 9
16 41 347 153 71 465 300 427 77
2 24 3
193 1 195
5 21 9
377 387 20 95 262 13 386 224 171
2 23 4
211 63 62 311
4 22 6
434 23 245 21 92 273
2 31 3
6 119 417
2 10 10
451 90 275 333 33 82 251 281 426 320
4 24 6
16 64 182 6 413 200
1 19 3
61 271 498
1 11 6
373 490 427 459 74 499
2 20 5
359 124 308 246 101
4 20 6
88 342 165 418 424 128
1 7 10
116 153 282 377 341 183 471 467 281 380
2 16 6
26 498 308 488 177 48
1 15 4
189 241 350 11
3 26 5
88 455 100 230 172
3 19 5
461 458 217 202 424
1 10 7
467 493 237 190 486 173 166
1 21 3
483 192 157
1 6 10
309 246 412 126 384 348 430 299 428 139
1 15 4
458 221 208 402
2 27 3
249 62 439
4 15 10
287 26 3 173 270 475 397 160 76 204
2 12 8
165 196 481 213 44 429 293 486
2 9 10
83 87 330 317 216 3 51 447 320 454
1 11 6
144 416 368 95 83 30
2 14 8
412 37 195 25 109 262 450 206
2 10 9
71 181 402 156 110 287 198 470 31
3 21 7
290 76 64 134 151 47 468
1 25 2
32 419
2 10 9
15 352 158 395 224 430 192 27 178
4 26 6
414 58 109 329 107 291
4 20 6
270 328 426 29 20 273
2 25 3
274 451 75
3 16 6
433 180 338 462 209 412
3 13 8
77 373 110 139 79 60 57 347
1 4 10
376 34 498 113 379 188 153 481 454 286
1 10 6
340 169 108 337 104 201
2 12 9
59 321 114 351 47 69 128 56 185
2 20 4
464 146 410 406
6 19 9
78 98 249 243 421 392 91 400 402
2 10 10
462 17 482 27 122 370 202 224 26 43
3 15 8
462 499 378 147 326 292 269 38
4 21 7
161 15 73 188 63 387 75
1 16 4
304 117 331 234
1 28 2
240 368
3 16 7
55 15 224 278 83 156 459
5 18 8
81 24 498 413 489 362 88 422
2 20 3
355 11 26
1 7 7
401 488 211 473 364 347 436
6 20 9
463 367 243 354 432 443 193 327 438
1 8 9
405 442 271 251 455 365 324 131 19
2 21 5
324 494 473 75 388
2 11 8
201 270 3 246 372 286 428 82
2 29 3
449 291 448
2 13 6
107 458 212 324 218 457
2 13 7
81 160 496 299 474 236 449
2 27 3
220 69 276
2 17 5
247 314 263 184 337
4 23 6
400 197 449 405 167 261
4 19 7
280 210 65 363 314 112 189
3 20 5
322 132 328 108 259
3 13 10
321 381 193 115 338 273 395 173 114 171
1 9 8
272 122 486 264 414 243 308 108
5 19 9
183 472 400 249 74 453 68 310 350
4 25 6
374 9 303 132 258 128
3 25 5
286 155 10 45 429
3 20 6
404 412 288 304 383 212
2 19 6
262 311 140 225 221 77
1 19 4
154 36 202 205
1 7 9
143 212 394 70 80 303 344 146 499
3 17 5
3 293 139 370 207
1 10 4
252 325 67 480
5 19 9
3 405 195 57 361 309 28 343 441
3 13 10
88 416 48 228 367 306 389 300 446 234
1 11 6
187 53 449 35 137 472
1 9 4
366 55 153 268
2 10 10
332 117 421 61 23 367 362 375 495 378
1 12 6
431 360 415 195 174 94
3 19 6
293 275 190 172 239 82
1 11 7
418 10 8 264 294 123 165
3 26 5
133 20 349 230 365
2 17 6
203 182 250 175 90 300
1 32 2
149 342
1 12 5
294 326 268 345 476
1 28 2
58 254
1 9 8
190 383 452 175 499 174 468 261
2 9 10
186 291 381 206 112 138 22 430 184 466
2 17 6
323 274 427 425 452 468
1 14 4
446 378 418 61
1 7 9
48 393 89 251 274 317 197 408 351
1 16 4
99 478 152 74
2 17 3
152 299 205
1 19 3
129 205 95
3 16 8
421 314 172 479 447 456 267 424
5 20 10
296 456 199 113 440 175 197 429 218 26
3 14 7
88 280 2 310 273 304 337
2 26 3
28 436 344
2 13 8
238 227 164 37 276 12 448 138
2 20 3
130 132 85
1 7 10
469 431 324 305 91 264 332 199 123 343
3 23 5
260 398 487 120 403
2 12 6
240 236 3 346 224 59
4 17 9
290 49 184 373 347 317 271 404 273
2 30 3
494 7 119
1 22 2
273 440
1 33 2
105 352
1 10 7
292 438 248 316 196 407 270
2 23 4
440 406 283 131
2 17 4
454 435 56 11
1 20 3
315 104 100
4 19 7
385 363 449 275 188 448 347
1 24 2
53 104
3 13 10
33 460 344 93 74 254 300 236 414 100
1 12 4
256 425 249 462
3 13 8
47 60 180 439 224 292 312 447
2 14 6
390 413 41 103 143 333
2 26 4
155 99 149 302
3 18 7
204 105 25 232 490 190 82
2 19 4
49 112 237 345
2 32 3
56 96 142
6 22 10
56 183 479 71 142 337 63 268 284 350
1 15 5
199 380 475 58 277
1 23 2
205 90
4 21 7
412 121 0 68 499 348 342
2 25 3
70 298 463
6 19 9
196 112 390 479 237 362 268 354 344
1 7 9
92 484 481 398 213 188 466 278 267
3 16 7
21 84 336 467 371 35 359
3 13 8
363 47 408 124 236 211 152 104
1 8 6
222 424 240 181 454 299
1 7 10
351 329 167 150 31 479 341 158 133 352
1 31 2
321 416
1 7 10
165 442 109 172 335 112 332 368 279 359
1 19 3
73 45 165
1 12 6
180 121 314 14 154 387
4 16 8
447 369 391 418 377 422 191 333
1 20 3
73 427 374
2 17 5
214 328 264 237 226
1 12 4
369 393 453 333
1 19 3
6 68 200
1 14 4
154 103 101 246
1 13 6
28 62 58 334 32 308
2 11 9
30 91 59 42 490 46 100 268 186
3 16 8
5 370 220 406 110 247 262 142
3 25 5
258 37 49 287 165
1 25 3
475 16 221
2 30 3
368 333 19
3 15 7
399 175 419 425 226 231 114
1 9 8
201 360 483 218 223 176 292 388
1 16 5
415 97 81 218 202
2 22 4
490 340 174 177
5 21 8
360 15 166 486 87 458 84 421
1 10 6
428 248 354 191 222 319
3 17 6
303 102 465 104 492 246
3 17 5
104 86 128 357 471
1 7 9
326 299 462 90 407 103 418 99 210
2 31 3
180 488 497
3 21 5
356 57 5 25 429
1 9 8
300 161 5 264 205 157 365 31
2 15 7
414 133 95 193 261 496 219
1 10 8
48 265 231 202 172 347 229 379
3 13 9
218 303 499 367 326 80 428 266 171
3 19 7
161 442 391 401 286 347 438
1 16 3
36 82 356
1 18 2
61 173
3 17 6
325 329 454 335 240 178
3 16 8
260 373 375 287 450 27 225 483
2 16 6
437 147 372 65 179 86
1 12 6
116 413 338 322 423 419
1 8 9
251 330 183 268 293 215 358 374 384
3 27 5
153 62 452 139 133
6 22 9
20 106 344 166 39 116 327 393 428
2 16 5
241 483 33 78 231
2 28 4
319 131 21 491
1 13 6
308 261 91 369 51 140
2 12 8
26 78 88 290 327 496 358 432
4 19 9
225 356 141 42 210 212 20 265 483
3 18 7
68 31 419 264 162 158 394
1 28 2
4 2
4 19 8
320 230 236 74 499 477 486 266
5 18 8
34 370 250 468 153 358 466 86
3 19 7
383 289 316 246 1 308 94
2 30 3
291 197 396
3 11 10
323 193 269 66 160 75 405 227 335 489
2 29 3
334 324 438
4 21 6
429 75 491 46 122 256
2 17 6
4 153 426 43 254 162
2 22 5
348 423 103 404 340
4 21 7
438 163 260 424 263 380 37
3 22 6
189 187 66 95 451 452
2 17 6
489 53 73 374 407 250
1 30 2
83 116
3 16 7
420 186 278 180 263 41 309
2 22 5
351 459 178 452 117
2 27 3
360 252 119
3 18 7
126 387 134 61 214 277 459
1 7 10
433 135 100 251 375 14 464 150 413 380
4 21 6
104 371 164 102 105 326
5 23 8
175 237 295 404 314 114 69 64
2 11 8
180 439 42 24 57 84 212 91
1 16 4
442 17 287 136
4 17 10
219 479 191 290 289 334 128 291 412 210
6 19 10
313 341 99 357 18 416 10 373 470 83
4 15 8
163 133 112 29 446 437 217 439
3 27 5
274 182 38 72 136
1 13 4
295 386 460 82
2 12 8
298 80 7 191 425 232 116 32
2 20 3
53 211 304
1 10 7
133 219 268 156 468 298 418
3 9 8
379 277 267 41 462 273 362 411
1 25 3
72 355 133
1 10 6
148 422 248 31 434 30
1 9 8
461 366 275 443 403 380 203 12
4 18 7
481 121 243 92 15 398 57
2 14 5
63 190 324 50 279
1 9 8
361 13 84 135 56 466 442 96
1 24 2
157 465
4 17 9
92 73 467 335 101 96 40 332 275
2 13 6
16 25 94 173 57 17
5 20 8
421 42 82 168 297 146 184 289
2 15 5
368 150 354 349 108
5 16 10
301 61 192 253 340 179 335 251 371 469
3 15 8
430 453 162 214 251 209 473 332
3 15 6
472 57 448 299 91 238
3 20 6
424 431 109 184 395 233
2 11 7
487 271 247 228 252 243 185
2 9 10
494 393 251 47 147 31 82 145 165 473
2 21 4
331 390 382 317
1 25 2
350 447
6 24 10
245 39 87 171 34 23 369 252 78 116
6 24 10
484 169 221 199 10 225 89 289 483 128
3 15 9
452 362 261 367 466 74 71 307 80
4 22 8
276 398 140 456 130 407 163 420
2 10 9
99 166 288 300 310 345 407 248 185
4 22 7
221 420 102 80 254 105 275
2 13 6
38 492 481 333 104 78
3 15 10
308 325 219 385 404 408 161 234 194 47
1 14 2
326 192
4 27 6
96 60 215 197 28 142
4 18 10
305 172 321 225 52 13 473 145 333 40
3 15 8
328 255 428 54 387 373 98 154
5 17 9
20 454 389 130 337 259 112 363 250
1 13 4
425 92 81 104
1 12 6
63 93 171 137 103 378
6 18 9
334 14 123 186 196 376 183 344 454
6 24 9
230 422 295 400 437 376 233 415 219
1 9 8
374 379 195 60 34 345 267 446
1 26 2
253 75
2 11 9
303 288 7 204 280 93 259 418 258
1 33 2
291 39
1 9 8
363 11 175 356 97 95 116 90
1 9 8
384 33 339 193 270 434 389 449
2 15 6
252 371 364 209 313 19
2 11 10
393 421 332 289 178 255 476 406 219 40
4 21 7
355 327 347 42 81 387 413
2 10 10
409 136 165 109 413 441 260 351 44 372
1 13 4
238 147 86 22
1 15 4
479 301 98 146
1 22 2
460 82
5 21 8
366 107 80 219 341 62 410 204
1 12 6
83 182 291 194 466 165
4 25 6
250 283 340 326 119 274
1 8 9
168 392 203 220 199 141 318 140 56
1 10 3
182 300 286
2 13 8
348 287 253 276 414 129 24 365
2 9 9
91 448 304 485 8 191 156 36 278
3 23 5
80 302 458 305 49
1 9 8
288 470 217 51 31 94 294 370
1 15 2
431 366
1 13 4
480 189 193 50
2 13 5
471 312 426 424 427
2 22 3
472 85 478
2 13 8
92 290 360 254 297 345 163 19
1 23 3
217 449 213
1 14 5
40 232 190 357 288
3 15 10
7 445 294 155 333 226 15 131 334 432
4 11 8
412 113 218 247 391 484 196 282
3 12 9
439 423 393 303 10 267 478 241 304
3 18 5
126 128 406 354 280
2 19 5
381 213 235 174 66
1 27 2
95 191
6 17 9
401 311 431 478 107 18 130 423 371
2 16 5
128 253 498 65 48
4 15 9
167 337 240 268 23 355 41 416 365
5 17 9
498 35 179 279 315 335 26 467 41
6 18 9
300 167 495 54 333 178 358 382 96
3 23 5
37 319 406 412 87
1 13 4
237 299 7 366
3 14 10
27 29 481 373 49 139 66 71 322 255
2 21 5
195 127 155 164 467
4 16 7
406 431 278 233 297 474 223
3 15 5
312 3 473 245 128
4 13 8
187 182 44 173 287 263 188 153
3 23 5
467 217 257 403 379
4 17 10
178 4 441 226 313 255 152 363 216 30
2 24 4
223 225 303 185
1 7 9
90 401 279 466 349 198 149 57 408
3 20 7
18 435 109 100 180 234 16
1 10 7
483 417 402 40 398 451 41
4 17 10
49 180 13 434 442 175 324 153 401 3
1 12 4
269 382 224 75
4 26 6
17 161 359 377 398 181
5 22 9
10 388 358 172 293 368 316 149 462
1 7 10
108 435 327 139 164 479 218 461 343 37
1 20 2
490 380
2 22 4
82 143 449 287
1 14 4
389 143 170 1
2 14 5
94 46 177 162 468
2 11 6
307 256 65 362 122 198
2 13 4
267 196 338 227
4 18 8
409 63 9 339 302 68 20 67
2 16 3
0 375 444
2 12 8
218 315 167 176 213 119 381 166
4 18 8
417 299 4 37 455 41 53 421
4 25 6
7 242 4 209 24 124
5 20 9
332 83 215 193 393 90 394 399 217
4 17 9
222 235 127 398 138 434 26 202 39
2 11 9
396 486 413 31 3 421 346 176 448
2 12 6
320 290 430 299 149 298
2 18 6
225 123 93 19 95 467
1 11 6
43 76 243 153 356 87
5 19 9
110 50 305 486 90 304 165 149 343
1 12 4
352 363 46 193
2 24 4
134 374 297 263
2 11 9
8 266 452 123 42 11 160 48 237
4 20 6
419 97 148 423 104 288
2 13 7
363 16 409 29 303 478 124
6 22 9
237 292 408 129 82 227 409 296 154
4 20 7
260 81 171 454 443 166 495
1 12 2
0 220
2 12 9
324 482 421 234 167 342 163 475 310
2 25 4
198 50 294 134
2 28 3
48 39 169
1 10 5
436 88 120 457 384
5 21 9
184 449 406 401 160 102 162 155 435
1 10 6
201 149 111 405 132 358
2 19 5
426 416 78 348 485
2 25 3
13 211 148
1 12 6
150 496 34 230 46 99
3 19 5
366 194 435 144 92
1 20 3
100 393 141
4 17 8
333 404 446 127 154 341 436 354
1 21 2
316 75
2 13 8
275 449 415 359 224 23 310 248
1 33 2
400 235
6 21 9
350 194 343 450 149 129 20 87 170
5 20 8
164 242 437 35 182 413 344 493
1 10 3
33 25 111
2 27 4
59 338 321 40
2 18 3
432 286 112
4 24 6
280 288 364 51 465 117
1 8 8
165 304 9 460 211 413 176 217
2 13 3
451 444 47
2 25 3
386 127 372
1 9 8
256 380 192 199 360 340 263 405
5 14 9
481 432 63 170 3 205 494 144 428
5 20 8
212 436 253 36 141 434 264 5
2 24 4
134 305 43 249
1 14 4
222 317 453 446
6 21 9
285 371 320 492 71 418 382 497 399
1 10 7
399 278 153 269 131 414 497
1 21 3
321 61 86
3 14 7
207 323 356 101 93 338 427
1 20 3
15 431 136
4 16 10
211 190 197 10 403 393 434 276 496 148
1 26 2
2 415
5 22 10
488 12 319 10 385 423 62 171 331 255
2 15 7
435 42 93 161 104 52 30
3 22 5
161 185 364 176 115
2 25 3
314 467 286
1 25 3
80 493 171
3 16 7
437 326 275 91 88 158 413
3 18 5
367 107 88 50 339
1 18 4
44 208 251 163
3 15 9
372 102 27 161 231 487 391 93 158
4 20 7
35 65 456 18 291 25 350
6 20 9
103 235 413 63 427 118 102 393 403
2 15 7
301 72 187 313 385 481 395
1 16 5
209 270 131 229 346
1 6 10
49 256 282 374 425 201 0 466 453 490
6 19 10
196 282 288 314 134 129 30 243 54 470
2 12 9
85 197 198 176 415 271 266 12 351
3 18 6
397 330 212 374 410 421
2 12 9
442 258 53 31 446 36 84 438 445
2 28 4
456 258 76 419
1 14 5
368 129 77 483 429
1 10 5
7 169 103 21 141
2 16 7
121 13 383 490 319 178 62
1 8 9
342 51 84 122 336 58 269 447 39
1 9 6
316 371 187 411 152 238
5 24 8
230 126 425 271 54 475 449 157
5 20 9
257 232 312 437 45 348 447 95 301
3 18 8
493 318 401 435 4 54 494 283
1 16 3
0 83 110
2 32 3
388 417 255
3 19 8
385 294 473 412 206 199 258 120
1 25 2
210 85
1 24 2
289 269
4 16 10
341 359 250 33 58 194 411 160 32 158
3 24 5
295 219 274 417 429
2 26 3
418 360 65
1 13 2
469 243
1 18 2
77 463
4 19 7
25 265 225 457 98 295 312
1 30 2
488 93
4 22 8
151 237 207 140 129 19 492 416
1 24 2
475 206
1 20 3
60 264 162
6 23 10
270 149 407 378 142 95 91 377 445 18
3 20 7
464 57 302 136 371 193 496
1 11 6
461 13 257 99 336 330
1 16 4
327 210 186 55
4 20 8
310 478 482 153 238 254 372 18
1 18 3
21 389 165
6 26 9
248 250 316 163 66 109 114 322 189
1 7 10
49 390 198 75 328 97 423 195 371 180
4 21 6
351 101 223 2 367 51
6 24 10
318 65 110 445 230 59 70 143 453 4
4 15 10
77 130 454 98 418 46 436 323 230 184
4 17 10
481 30 189 452 429 436 178 378 58 8
4 16 10
215 200 46 294 35 282 451 152 486 95
6 22 9
495 403 434 374 12 101 474 441 246
1 26 2
429 364
5 17 9
263 433 453 202 47 112 249 180 247
1 18 2
328 316
1 32 2
274 407
1 21 3
254 497 110
1 15 2
480 177
2 17 4
330 305 127 358
1 19 2
31 92
2 21 5
82 248 131 327 36
1 19 3
276 492 73
1 12 6
71 85 101 201 62 35
1 25 2
289 120
2 16 7
123 151 42 435 263 12 404
3 20 5
209 427 386 282 254
1 8 8
60 137 343 120 338 323 481 135
2 21 3
283 186 64
5 25 8
452 256 294 264 453 352 158 396
1 9 7
6 405 198 92 450 333 387
2 13 7
422 20 144 248 438 361 85
5 19 10
168 179 442 174 241 35 248 494 44 93
3 16 8
336 256 194 352 430 53 475 446
2 12 5
351 183 94 450 244
1 11 7
39 191 219 154 161 148 251
1 11 5
156 314 198 36 312
6 17 9
160 100 101 108 338 416 14 62 373
4 22 7
74 284 226 210 399 161 18
2 17 6
335 40 332 468 320 45
1 7 10
429 485 245 30 73 449 197 453 210 162
2 14 6
397 395 317 364 338 362
4 18 8
172 390 195 11 377 162 36 61
4 20 7
214 416 52 7 104 204 374
2 15 6
120 322 465 378 498 395
2 32 3
39 184 75
1 6 9
166 303 17 130 275 272 240 465 496
1 11 5
472 431 118 496 20
1 29 2
389 264
5 18 8
353 393 317 92 241 406 331 474
2 18 4
354 280 460 118
6 25 9
265 260 184 179 2 494 396 377 233
1 17 4
156 247 10 331
1 25 2
362 255
3 15 9
223 93 445 54 155 119 454 204 487
2 23 3
392 37 108
4 15 8
275 364 243 465 272 340 476 33
1 8 7
124 355 325 81 470 60 95
2 14 5
31 222 280 409 197
3 16 5
261 211 433 320 315
1 15 5
479 134 153 224 77
2 14 8
104 135 128 327 129 225 179 243
1 8 7
122 339 34 36 300 164 352
3 15 5
33 427 376 395 358
1 23 2
180 108
1 11 6
289 323 281 485 193 93
4 22 6
324 143 185 443 344 65
2 23 3
83 127 184
4 16 10
96 189 263 400 53 356 406 371 150 459
1 8 8
362 236 317 211 142 392 189 115
1 13 6
194 160 488 75 274 142
2 15 7
136 82 294 70 71 222 362
2 13 8
237 55 149 210 326 229 249 413
6 16 10
148 103 82 474 300 234 473 211 258 160
3 13 9
377 338 60 176 485 20 324 46 306
3 17 8
447 417 203 407 126 216 385 178
3 24 5
224 410 142 245 73
1 17 3
310 343 168
1 11 5
138 115 162 287 28
1 14 4
190 294 371 474
1 9 8
409 213 415 113 161 62 397 360
1 23 2
260 224
4 24 7
493 467 491 136 345 210 389
1 22 2
18 84
2 21 5
477 404 215 291 80
1 13 2
457 474
3 18 5
174 138 80 290 253
2 25 3
333 8 314
4 25 6
117 460 141 420 55 119
1 9 8
286 73 244 440 308 401 34 16
1 22 2
487 330
1 15 5
426 387 262 334 236
3 14 10
408 96 475 165 425 318 349 92 275 232
1 14 3
454 166 406
1 23 2
289 167
2 16 3
159 182 118
1 21 3
168 175 36
2 16 4
499 82 367 376
5 20 10
44 170 112 238 151 230 491 54 303 62
1 27 2
403 240
1 22 2
346 314
3 11 10
373 3 310 9 47 429 290 162 138 79
2 19 5
152 182 217 223 271
1 19 3
334 183 60
4 26 6
375 271 54 439 134 332
1 11 4
49 397 246 312
2 10 9
393 44 453 252 158 435 231 233 89
4 15 10
317 138 398 490 281 17 23 401 108 399
2 14 7
383 2 103 450 192 327 454
2 12 9
290 110 374 468 232 282 237 64 252
1 13 6
243 215 369 111 122 202
4 17 8
128 107 349 411 477 3 482 199
4 15 10
79 292 166 365 96 146 443 255 33 340
3 14 9
52 474 419 265 356 466 41 180 261
5 21 8
105 283 39 207 335 403 431 488
3 15 9
43 227 29 155 75 180 458 10 59
2 19 5
195 214 87 395 70
1 29 2
488 181
1 11 7
62 439 482 178 375 393 374
1 28 2
401 18
5 23 8
27 434 211 48 312 339 154 486
1 24 2
98 104
1 7 9
305 14 48 276 278 126 41 203 435
5 19 10
40 483 254 155 361 396 106 46 3 424
1 19 4
315 51 492 348
6 21 10
382 215 116 437 24 8 445 419 325 165
1 9 7
328 117 268 403 293 69 149
1 25 3
348 154 146
3 15 8
45 297 369 438 211 426 53 293
4 17 9
381 224 286 476 163 260 99 446 270
2 18 6
215 185 116 180 268 147
1 10 7
405 462 264 269 30 219 471
2 9 10
379 36 162 376 127 59 338 18 384 238
1 21 2
28 236
2 18 4
148 463 499 170
5 23 8
458 175 166 379 121 126 318 452
1 13 6
491 385 309 94 290 237
4 21 6
61 458 355 64 89 121
1 8 8
493 231 127 457 333 190 203 145
1 14 5
385 333 58 324 334
3 17 5
376 127 186 344 450
2 24 3
75 458 121
1 17 2
253 484
1 15 5
385 25 159 248 13
4 23 6
75 354 296 401 268 74
1 32 2
258 453
1 11 5
159 110 376 382 48
1 37 2
213 229
1 19 3
184 485 337
3 19 6
453 464 9 130 190 469
3 21 6
331 256 208 200 262 355
3 12 10
330 458 216 105 27 292 462 205 339 277
2 27 3
69 332 411
3 18 8
105 31 441 229 259 463 275 40
1 8 8
366 245 365 498 53 272 54 95
4 15 10
278 360 476 86 63 320 103 323 105 102
1 9 8
2 342 59 209 309 396 350 321
2 22 4
434 324 11 265
2 19 3
214 44 490
2 19 4
471 195 88 371
4 17 10
115 439 428 186 180 433 5 491 230 438
1 8 7
392 160 411 74 177 227 220
1 10 7
373 283 276 56 232 405 108
2 19 5
36 327 10 358 297
5 22 9
225 237 148 245 123 302 446 382 22
2 23 3
337 170 443
3 16 9
452 215 86 421 134 167 486 465 18
1 28 2
119 334
1 12 6
255 143 180 154 184 86
1 17 2
130 386
2 20 4
24 377 455 319
2 20 4
133 357 409 222
5 21 8
90 474 239 382 364 177 99 17
4 25 6
296 244 341 25 239 9
1 13 5
409 390 34 249 388
1 12 6
352 66 464 51 348 459
1 11 5
149 399 46 221 463
1 21 3
403 336 113
1 6 10
70 115 486 281 136 175 75 49 331 60
1 19 3
197 227 178
1 21 2
280 46
2 13 6
107 337 497 473 185 466
1 15 4
2 303 299 493
3 23 5
124 38 343 71 26
3 12 8
94 84 32 42 144 176 218 71
3 17 5
23 345 478 424 454
5 25 8
354 400 148 479 212 48 6 134
2 12 9
274 404 229 267 368 440 215 141 160
2 10 7
304 29 7 362 344 287 168
4 16 8
298 352 273 110 165 83 353 28
3 23 6
52 105 97 201 329 335
2 12 9
343 487 318 462 32 456 11 489 109
1 10 7
211 445 463 208 221 283 434
1 32 2
180 203
1 13 4
498 387 67 381
1 17 3
300 473 383
3 18 5
465 389 442 227 290
1 23 2
460 148
3 14 10
20 178 10 73 215 185 339 84 417 123
2 14 7
185 255 417 433 248 55 491
2 14 7
349 117 90 390 235 374 425
4 19 6
458 480 355 422 315 448
4 24 6
474 437 388 119 64 311
1 16 4
144 2 187 178
3 18 5
310 3 304 257 123
5 13 10
120 216 485 299 341 153 369 469 218 324
1 8 8
50 342 316 121 260 36 30 65
1 14 5
419 237 287 85 308
4 16 9
196 376 135 169 79 190 216 422 464
1 12 6
465 475 172 187 351 119
5 19 10
38 135 168 409 325 298 456 426 281 160
2 14 4
120 454 397 432
1 13 4
108 334 291 103
5 19 9
10 92 225 431 179 214 480 334 55
4 23 6
24 413 114 94 62 359
4 19 8
235 484 186 268 396 188 452 458
2 12 9
445 488 395 18 474 285 396 367 310
1 16 3
410 25 156
2 21 4
398 421 255 286
1 12 5
447 479 431 490 77
6 19 10
108 253 83 269 54 235 313 76 428 365
2 29 3
50 194 259
1 23 2
94 59
3 17 7
144 427 308 452 205 113 345
1 9 7
459 68 406 316 434 115 130
1 24 3
494 51 378
2 9 8
246 226 233 128 307 104 11 166
1 21 2
249 20
3 13 7
353 244 434 339 315 77 120
2 26 3
232 160 436
2 17 6
220 223 291 114 411 93
2 23 4
245 201 96 337
4 14 10
481 82 48 1 209 253 308 454 176 68
1 17 3
46 53 189
1 11 6
276 169 228 449 233 496
4 19 6
184 297 92 461 422 492
3 14 9
253 206 76 26 391 11 155 480 311
2 18 3
111 417 139
3 15 8
244 476 70 266 172 212 279 394
2 14 6
348 111 369 298 469 477
4 18 9
55 135 202 136 329 74 384 422 453
2 20 4
257 463 411 117
1 21 3
134 325 64
1 10 7
413 139 61 444 290 198 178
2 15 6
50 59 182 303 92 30
2 23 4
227 310 270 400
2 26 3
100 169 384
3 23 6
230 350 235 336 344 242
5 18 8
186 148 304 17 213 310 236 81
6 23 9
5 74 58 493 38 487 161 267 269
2 27 3
449 281 422
3 21 6
237 398 277 58 479 240
2 25 3
139 453 37
1 14 4
108 38 369 86
2 22 3
267 488 81
1 28 2
142 333
1 14 2
282 326
1 20 2
351 58
2 23 4
324 346 86 223
2 23 3
141 314 263
5 19 8
398 498 458 465 416 471 217 305
1 21 3
45 340 416
3 12 8
180 310 380 469 3 150 450 63
1 39 2
225 72
2 11 9
413 61 472 132 51 300 332 488 28
3 13 10
499 489 465 269 434 396 52 344 481 16
2 11 9
239 84 263 22 212 261 397 461 71
1 26 3
92 327 230
1 25 2
219 41
1 30 2
16 279
3 17 8
174 45 396 108 385 475 288 476
2 14 5
312 54 353 190 135
4 17 10
159 456 22 178 150 261 436 9 293 179
3 22 6
426 280 184 441 100 122
3 18 8
359 492 358 76 294 71 79 41
1 7 9
40 359 24 331 237 485 36 11 430
5 19 9
210 218 462 23 223 403 200 11 363
1 19 3
329 182 18
4 13 10
386 44 212 429 83 352 389 35 457 99
1 11 5
299 463 137 43 0
6 22 9
245 243 270 205 3 328 68 48 494
3 22 6
103 468 171 498 92 245
6 24 9
105 51 156 117 447 35 252 415 476
2 18 5
474 464 45 231 64
2 18 3
220 11 214
1 13 5
87 189 68 2 426
1 24 2
278 38
1 12 3
35 106 448
4 16 8
217 8 290 144 235 416 227 379
5 23 9
312 229 275 38 134 396 63 8 352
2 10 10
358 468 45 384 418 348 365 17 234 233
2 11 6
481 420 128 309 246 470
5 20 10
325 61 264 91 140 489 116 348 417 408
4 21 6
111 184 40 376 324 444
1 21 2
304 114
6 20 10
226 408 496 71 144 44 399 322 13 301
1 17 3
491 3 263
2 30 3
228 239 430
3 16 9
469 283 408 414 163 154 51 27 30
4 20 7
7 375 328 428 179 151 53
3 19 7
337 162 465 44 327 105 310
4 26 6
324 388 485 280 334 360
1 18 4
330 415 440 327
6 20 10
153 131 54 424 82 404 301 368 198 375
4 24 8
315 258 180 232 131 29 179 12
1 14 5
148 254 142 488 442
5 17 9
385 470 367 252 34 67 339 344 334
1 16 3
339 150 244
3 15 7
352 189 111 60 458 380 292
5 21 9
119 319 104 489 311 446 158 213 177
5 17 9
272 409 291 428 32 31 181 41 460
1 13 4
356 409 281 112
1 15 3
384 408 2
6 24 9
90 452 368 202 103 346 439 74 326
2 9 10
19 297 118 150 315 282 281 334 60 218
1 20 3
389 336 359
2 20 4
308 103 43 421
1 12 6
366 184 297 135 96 306
2 18 4
312 198 386 115
4 16 10
462 453 85 389 479 259 276 65 372 256
1 27 2
194 236
2 16 6
99 88 340 37 411 53
1 8 9
340 396 0 352 312 405 124 204 139
1 16 2
42 26
3 17 7
157 141 278 242 26 350 357
2 29 3
13 124 370
4 20 6
283 223 380 424 15 476
1 19 3
185 343 72
2 19 4
201 138 102 70
2 10 10
368 376 276 330 261 92 435 374 65 290
2 8 10
34 329 33 439 188 442 54 376 373 268
1 19 4
370 450 195 385
3 20 5
435 189 186 177 378
3 18 7
225 147 400 189 382 450 226
4 18 8
276 121 302 196 257 288 157 358
2 7 10
381 303 125 343 29 110 481 287 240 312
2 26 4
330 76 327 416
1 12 2
29 128
2 16 5
346 474 259 230 170
1 9 8
410 23 55 105 351 46 345 188
1 7 10
437 117 380 381 329 66 111 316 31 491
1 7 10
230 389 348 9 85 262 240 421 455 254
2 9 8
207 386 6 29 362 333 88 485
1 9 6
67 269 387 160 458 96
1 20 3
274 470 79
1 11 4
435 113 333 310
1 17 4
481 348 365 358
1 19 4
16 194 17 360
4 14 10
197 153 123 244 292 425 145 491 152 158
1 25 2
443 166
6 18 9
94 367 53 311 66 78 238 484 110
1 15 4
35 478 374 58
4 16 9
361 470 197 362 347 251 319 404 490
6 20 9
428 470 399 496 191 30 116 206 366
4 13 10
317 254 292 451 222 200 457 220 235 409
2 11 6
46 484 182 6 298 94
3 24 5
0 249 468 315 378
1 30 2
422 459
2 9 8
376 266 193 425 24 391 98 324
3 17 6
261 340 43 351 186 65
1 11 7
429 300 33 285 194 432 324
3 22 5
195 419 436 399 196
2 12 8
405 27 191 26 346 315 250 429
2 12 9
219 222 246 304 104 445 258 188 444
1 9 5
377 299 291 481 120
2 18 3
110 252 138
2 20 4
46 100 307 369
5 20 8
143 474 473 40 217 371 370 215
3 19 7
479 69 124 345 470 51 125
1 7 10
433 7 215 447 233 195 180 464 265 11
1 18 4
479 460 116 328
3 13 9
410 468 174 128 61 418 325 200 191
1 14 4
219 94 46 139
1 12 5
114 436 259 56 486
4 17 9
247 21 132 350 431 349 494 97 413
3 15 8
51 268 27 68 346 160 384 315
2 12 8
27 170 253 323 314 435 4 477
4 22 6
428 326 179 285 158 177
3 13 7
481 492 357 428 377 282 285
2 13 8
420 248 322 308 257 146 316 339
3 16 6
263 363 224 338 152 174
2 17 5
44 333 473 422 262
1 8 9
387 109 443 188 226 327 284 458 279
4 16 9
431 233 489 106 350 379 355 445 199
1 18 4
302 24 317 15
5 18 10
79 78 175 361 57 80 195 226 58 89
2 30 3
66 16 477
2 13 8
476 400 226 47 290 441 270 242
3 17 6
209 281 150 237 120 432
3 18 7
488 289 78 403 127 184 446
1 10 8
369 174 310 416 312 294 382 97
3 15 6
281 111 167 36 426 298
2 15 7
227 31 85 294 354 332 206
1 9 8
137 217 455 62 302 121 441 48
2 19 5
53 147 194 212 117
4 23 7
56 176 6 39 441 65 174
1 6 10
389 396 358 399 498 188 292 141 246 182
2 11 8
159 444 234 148 246 174 83 47
2 13 5
201 317 490 300 273
4 18 8
152 499 156 136 260 471 128 207
2 17 5
473 315 102 115 29
1 11 6
146 243 106 331 154 352
2 25 4
142 79 451 213
4 15 9
414 188 177 231 326 441 353 218 449
3 23 5
371 299 151 453 464
1 15 5
268 13 78 209 51
1 8 9
107 223 351 306 209 30 303 26 198
2 24 4
310 216 479 285
1 15 5
431 159 230 371 262
4 17 8
310 61 20 90 403 77 52 80
2 17 4
79 64 461 160
3 11 10
1 174 251 455 152 220 216 166 434 384
5 21 10
306 15 19 490 116 30 145 157 486 125
3 17 6
214 470 69 474 145 253
5 18 10
257 422 326 218 488 296 194 272 22 386
5 17 10
167 437 415 21 407 242 43 373 393 31
3 21 6
382 482 433 345 195 284
1 17 3
341 95 379
3 17 8
484 65 485 382 258 155 203 274
2 23 4
204 70 364 441
1 11 6
371 409 117 392 210 464
4 18 8
110 21 244 475 448 84 285 315
6 20 9
171 73 224 378 278 419 384 453 24
5 22 9
414 136 47 269 365 419 48 280 140
4 24 6
290 45 195 35 313 270
2 13 3
473 353 164
3 13 10
217 240 147 212 81 477 1 223 294 162
4 23 7
209 376 392 4 89 111 6
5 23 8
43 409 496 118 116 81 306 157
1 23 2
106 104
2 25 3
208 439 379
2 21 4
256 39 28 43
3 14 9
441 291 471 182 348 141 27 149 55
2 18 4
332 247 282 416
3 25 5
289 114 38 364 407
3 14 10
194 165 339 489 1 198 119 413 320 273
1 15 5
294 443 193 133 38
2 11 6
57 283 206 281 421 401
2 12 6
220 273 130 244 58 414
2 9 9
458 416 81 273 412 420 443 353 432
1 10 7
44 367 392 94 175 109 457
6 20 9
270 278 262 344 25 355 177 122 28
6 21 10
250 4 0 262 386 210 244 427 361 223
2 18 3
147 316 218
2 21 4
43 113 388 247
4 19 6
0 217 372 70 421 206
3 14 9
48 428 217 467 315 188 155 453 115
1 23 2
84 181
2 10 10
220 311 245 397 485 291 63 174 270 96
2 9 9
101 34 344 392 351 27 324 164 391
2 13 7
436 420 443 196 475 170 152
1 20 2
84 104
2 23 4
385 337 70 84
4 17 9
370 465 181 18 366 6 137 286 420
1 25 2
285 299
2 11 10
475 304 47 336 87 9 263 355 383 89
2 17 4
268 118 32 436
3 15 7
49 26 355 431 85 346 357
1 7 9
469 57 405 165 17 369 160 264 364
1 8 9
359 1 89 433 184 155 33 235 225
1 19 3
164 264 81
6 18 10
170 166 157 478 497 272 435 480 486 191
5 17 9
345 30 216 113 162 237 84 346 222
1 16 3
473 470 76
2 12 8
260 428 160 90 451 103 198 294
2 25 4
171 213 470 96
1 25 2
102 345
1 10 7
250 460 54 130 156 74 400
2 26 3
163 21 7
1 12 6
197 317 59 302 66 98
5 23 9
331 254 148 183 479 10 309 271 372
2 21 3
376 128 486
1 14 2
236 397
4 24 6
345 311 301 76 355 91
1 23 2
57 422
2 20 3
381 35 495
1 14 4
50 23 300 111
1 12 2
24 34
5 22 8
309 472 311 213 384 162 455 73
5 21 8
37 64 445 313 411 378 210 86
1 7 10
139 156 465 134 314 391 187 222 99 472
2 7 9
430 176 419 166 462 485 29 31 63
2 17 5
209 69 227 498 78
3 14 5
490 188 273 282 210
2 26 3
480 156 441
3 19 5
22 190 478 168 409
3 15 5
224 433 341 362 107
1 8 6
98 247 437 280 462 113
1 6 9
50 391 373 433 341 378 186 263 247
1 22 2
117 326
3 15 9
431 143 158 196 385 44 407 368 211
1 24 2
233 357
2 10 6
358 283 439 138 355 86
2 19 4
94 7 280 293
3 21 7
307 496 164 384 262 175 452
2 20 4
356 132 474 339
5 16 9
466 22 218 27 495 220 55 96 138
2 23 4
41 340 234 88
1 8 4
153 451 0 112
2 26 4
284 445 405 464
2 35 3
407 163 179
3 29 5
94 327 109 38 449
1 31 2
394 395
2 26 3
431 189 342
3 13 10
52 146 254 34 140 55 429 190 359 22
1 11 5
458 58 22 56 75
3 19 5
43 209 42 257 412
2 18 6
216 276 491 455 322 210
1 10 7
267 160 171 137 94 394 358
2 20 5
499 400 360 96 260
5 16 10
119 24 452 31 282 443 35 206 363 310
2 22 4
158 1 387 291
3 12 7
120 82 399 126 184 0 216
2 15 6
187 498 188 483 330 463
3 14 10
277 302 367 77 440 39 496 70 454 291
1 10 6
365 85 170 53 477 36
3 15 7
268 465 496 451 421 353 438
4 14 9
143 381 43 434 437 487 147 115 304
2 16 6
488 14 359 365 178 436
2 18 4
8 309 197 33
4 21 6
253 91 147 295 373 83
2 13 9
306 131 249 193 260 475 285 88 9
2 24 3
351 251 364
4 15 10
180 85 472 169 115 101 283 334 486 32
2 24 4
95 62 111 378
3 16 8
37 395 157 305 243 94 140 441
3 21 5
326 265 295 189 31
1 13 5
461 389 309 365 372
1 11 7
14 40 230 10 442 133 17
1 21 2
354 378
3 18 7
397 174 144 294 172 474 379
6 18 10
471 475 227 367 372 11 87 347 472 283
2 27 4
305 154 90 133
3 16 8
173 236 23 123 438 270 22 266
2 18 5
156 247 294 36 472
2 21 3
77 92 414
1 16 4
91 417 263 497
6 21 10
395 342 109 255 145 274 287 281 205 481
2 32 3
74 203 494
1 13 6
219 226 94 491 23 41
2 15 7
45 51 343 350 191 13 409
3 17 8
125 88 105 90 313 255 413 2
2 12 8
470 114 277 467 47 276 113 405
1 38 2
464 242
1 17 2
118 144
1 13 3
150 50 446
2 19 4
358 378 272 336
3 11 9
427 345 212 84 365 139 347 144 263
1 21 3
236 49 171
1 30 2
169 12
1 21 3
214 4 147
2 28 3
13 494 478
2 12 10
131 437 202 164 229 24 472 382 261 361
1 14 5
282 13 164 39 319
5 18 9
80 113 248 265 222 160 499 331 125
3 22 6
235 250 375 381 4 237
3 19 5
120 221 251 50 157
3 15 7
84 186 390 241 129 103 316
6 19 9
271 75 139 470 199 34 188 259 427
1 15 4
437 162 99 298
4 18 9
273 407 297 138 415 320 52 230 336
2 11 9
464 64 70 392 18 403 146 35 48
1 19 2
152 466
2 32 3
384 368 475
2 19 5
145 16 63 488 422
1 17 3
427 80 75
1 9 8
183 184 166 49 204 118 384 262
2 20 5
260 125 12 27 359
1 9 7
407 80 218 118 238 223 204
2 20 3
358 436 465
2 22 5
245 455 497 242 376
1 30 2
187 100
4 16 8
381 50 92 274 193 435 144 180
3 15 6
435 9 24 177 52 399
2 20 3
227 288 225
3 20 5
210 351 248 146 70
6 18 10
201 331 437 297 330 317 275 392 427 70
5 24 8
494 481 311 382 466 232 102 456
1 7 8
246 447 460 347 330 274 411 158
4 15 8
174 125 122 95 268 331 201 252
1 18 3
110 143 369
1 10 8
481 344 364 441 303 140 54 215
1 10 7
431 436 473 202 421 40 244
1 5 7
421 487 425 33 217 299 92
5 14 10
419 103 122 336 243 246 144 334 410 162
1 8 10
104 202 26 448 138 237 229 193 285 345
2 14 8
444 455 429 225 97 96 482 472
1 37 2
116 396
2 21 3
247 144 443
1 10 7
468 129 266 244 361 427 368
1 32 2
365 265
1 16 4
316 188 452 49
3 17 7
124 389 229 192 312 147 362
2 30 3
354 230 202
1 30 2
174 158
1 8 10
175 172 235 379 260 215 405 202 460 287
1 7 9
253 156 293 271 387 435 279 428 475
1 10 5
384 401 226 370 65
3 17 8
145 72 99 102 291 306 147 98
4 17 10
499 369 23 418 276 109 226 355 175 55
1 21 3
437 81 262
1 13 2
301 277
1 13 2
227 282
6 16 10
466 484 366 418 248 200 374 421 310 127
2 11 9
110 441 171 375 490 266 189 455 99
3 23 5
356 275 486 1 237
1 12 5
375 18 181 132 152
1 26 2
493 461
3 13 10
102 24 369 126 115 364 432 404 51 182
1 21 2
95 286
1 22 2
290 135
2 10 8
350 236 182 462 83 360 428 121
2 19 4
416 118 121 117
3 16 8
288 143 365 304 35 459 437 89
4 20 7
88 250 328 291 351 413 94
3 13 10
30 49 224 233 58 271 52 415 422 138
1 15 2
218 201
3 14 8
52 380 153 56 397 386 355 317
1 18 4
302 78 289 436
5 16 8
446 146 259 77 34 457 383 470
1 9 8
468 221 244 199 11 384 139 277
2 11 9
106 101 153 63 303 204 9 372 190
2 18 4
439 420 117 437
2 17 3
338 173 371
2 21 4
263 241 468 416
2 16 6
247 498 76 83 74 295
1 17 3
181 159 201
2 7 10
64 7 266 228 292 185 188 357 297 351
1 17 4
147 413 479 92
1 16 4
244 130 56 296
2 11 10
133 195 456 425 160 391 31 259 2 495
1 18 4
213 209 386 62
3 19 7
250 76 363 322 307 82 183
1 10 7
130 24 112 193 491 174 495
2 26 4
102 179 105 432
1 8 9
166 374 312 193 388 205 387 366 4
4 14 7
204 36 436 29 122 108 243
3 19 5
435 471 85 285 222
2 27 3
456 257 132
5 21 9
240 11 133 447 293 270 160 239 203
2 19 5
465 28 258 472 228
1 21 3
295 284 184
2 10 10
397 478 295 246 464 304 352 496 413 410
2 14 4
164 481 328 476
2 16 7
29 360 383 39 388 101 389
4 17 10
208 369 250 315 121 490 253 255 178 361
3 13 10
93 314 186 290 66 457 111 286 321 425
1 12 6
236 28 421 231 276 383
1 13 6
215 277 97 186 157 205
2 20 4
143 269 427 250
1 16 3
310 389 169
2 19 5
211 52 499 283 459
4 23 7
63 239 154 133 123 58 411
6 23 10
374 355 229 212 271 390 351 372 398 165
1 17 4
497 384 442 414
2 27 3
159 493 126
1 13 4
378 64 399 379
2 24 4
37 328 70 475
1 19 3
192 417 445
1 23 3
8 400 322
1 37 2
327 270
1 23 2
342 323
2 13 7
153 257 437 209 400 293 311
4 16 6
492 122 41 63 396 481
5 16 10
366 441 58 333 217 136 47 357 314 33
4 17 6
326 469 280 381 485 159
3 17 6
24 248 234 27 20 358
1 15 5
137 364 398 171 201
1 15 2
224 300
1 8 7
379 99 238 266 286 94 191
1 20 3
185 74 5
1 30 2
259 356
3 15 10
436 171 208 46 464 304 361 452 218 469
4 20 6
376 463 271 357 21 437
3 12 10
347 420 104 416 156 69 291 167 358 485
1 15 4
160 184 15 157
1 10 4
3 55 381 164
1 19 4
2 245 385 332
1 9 6
180 343 138 238 123 192
2 10 10
118 137 78 445 311 476 405 490 204 366
1 10 7
413 255 10 120 398 244 490
1 26 3
229 397 194
2 14 6
62 160 128 309 22 358
4 26 6
239 307 322 464 397 198
1 17 2
481 139
6 20 10
219 195 399 218 83 295 212 120 216 264
3 21 6
203 40 102 197 439 66
1 18 2
68 288
3 23 5
49 459 415 197 192
2 12 7
87 401 297 469 222 145 27
1 7 10
471 340 475 403 107 372 73 34 137 431
2 19 5
409 155 459 83 432
1 21 3
396 301 152
1 16 3
84 17 183
3 17 6
102 411 240 140 176 437
3 13 9
63 59 315 298 343 124 269 60 185
3 20 5
2 392 166 43 187
4 20 7
278 393 136 129 414 15 118
3 12 10
74 446 371 82 282 15 473 437 463 175
1 21 3
395 30 126
4 15 10
113 65 130 383 182 123 177 378 486 110
4 25 6
298 182 302 356 216 491
1 24 2
403 431
2 20 3
176 45 409
1 16 4
491 391 173 5
1 9 8
269 471 60 383 135 316 398 43
3 18 5
492 382 98 69 218
2 23 3
297 211 295
2 12 9
142 85 134 264 498 125 437 13 274
1 17 4
272 132 76 264
1 32 2
265 102
3 15 8
349 453 378 147 191 221 229 420
1 16 5
100 131 258 2 425
2 14 7
358 421 491 162 83 99 430
2 11 10
5 398 412 218 191 114 34 403 394 97
1 9 8
384 55 402 234 122 405 187 131
6 22 9
483 434 227 292 294 222 236 482 280
1 32 2
4 357
1 9 7
455 192 207 80 180 366 37
1 8 8
67 321 485 297 303 370 88 47
1 7 10
342 307 485 220 180 11 455 34 270 358
1 22 3
18 60 178
3 24 5
8 401 418 400 45
3 13 9
153 376 221 27 228 81 326 432 493
2 10 10
304 453 1 267 491 420 101 335 217 340
1 16 4
371 137 17 265
3 21 5
250 21 228 20 44
1 20 3
2 240 219
1 16 2
190 101
4 17 9
306 113 437 90 362 304 44 368 347
1 11 6
474 31 468 406 276 339
5 17 10
132 101 213 39 281 235 88 55 392 157
1 18 4
116 224 360 475
3 29 5
438 140 97 162 324
2 20 5
321 49 138 319 465
2 31 3
85 265 324
3 21 5
484 413 207 345 135
1 14 5
481 471 213 230 444
1 15 5
171 402 166 140 392
3 19 6
234 385 411 139 485 226
3 13 9
193 9 312 274 256 328 2 128 129
5 25 8
155 81 194 6 420 390 383 376
2 27 3
453 393 13
2 10 8
125 83 484 40 111 397 352 43
1 13 4
498 375 139 323
1 10 7
96 499 438 69 339 405 55
2 17 6
78 254 69 476 134 177
1 13 3
292 283 402
1 22 3
24 365 285
1 8 5
224 478 78 211 244
1 7 10
10 126 74 320 137 218 316 80 389 393
5 17 9
423 32 399 28 271 420 480 358 150
1 23 2
445 108
1 39 2
215 4
1 14 4
181 36 490 186
2 11 9
259 140 120 442 197 301 351 2 461
1 16 3
408 5 292
5 16 10
140 436 352 458 136 20 338 164 391 240
3 16 8
66 349 126 121 275 59 68 394
1 23 2
88 147
1 9 8
14 466 278 486 144 426 248 340
1 13 5
455 59 112 170 273
2 22 3
429 450 344
3 24 5
401 334 383 342 304
2 26 4
180 251 198 219
2 12 7
84 360 295 304 431 492 141
1 11 6
120 3 186 171 29 138
2 23 4
430 319 119 347
2 10 9
170 38 172 60 204 362 139 125 18
6 22 10
190 56 371 406 446 13 449 140 405 280
2 12 7
267 416 35 116 351 243 249
1 12 4
458 329 84 469
4 20 8
413 180 104 352 56 286 287 208
3 23 5
314 35 17 242 141
1 24 2
104 44
1 8 4
409 111 354 424
3 13 9
463 287 494 366 200 191 247 85 253
1 9 8
321 263 349 121 492 151 204 170
2 18 6
228 242 180 249 186 13
1 15 3
29 26 99
1 17 4
251 472 393 105
1 7 10
353 459 133 6 261 74 161 465 381 262
2 24 4
75 6 34 109
5 22 9
327 378 74 209 412 447 12 344 15
1 18 3
425 3 482
1 16 2
333 127
4 22 6
377 473 154 167 280 195
1 6 10
341 276 252 123 197 412 117 468 397 460
2 16 3
41 164 310
1 12 5
43 410 231 392 285
3 20 7
342 234 405 302 286 480 475
3 13 7
461 192 267 119 379 84 435
2 37 3
318 74 491
1 19 2
312 58
1 20 3
260 282 37
1 18 2
0 401
3 18 7
3 126 279 452 308 484 487
3 18 8
368 217 199 48 222 446 372 406
2 10 10
175 93 281 274 420 301 229 122 379 352
1 7 10
152 310 182 293 413 133 307 465 367 57
5 19 10
3 381 131 154 424 85 124 175 21 422
1 26 3
151 369 306
4 18 7
63 282 361 413 112 61 59
6 21 9
432 290 54 285 131 145 325 25 375
1 27 2
242 120
3 15 9
417 330 398 373 399 163 264 232 461
3 16 7
306 61 123 128 485 166 143
3 13 5
17 275 216 182 457
2 10 10
175 144 345 49 474 44 0 141 116 411
3 23 5
405 335 60 286 302
1 12 6
302 342 40 496 123 94
3 18 6
215 492 309 361 420 231
1 13 6
194 428 372 205 483 492
1 15 4
0 163 138 401
1 12 6
402 267 208 76 193 435
2 24 4
495 364 235 4
3 17 9
377 434 242 245 196 472 194 48 394
1 10 7
253 356 10 121 275 152 94
2 20 5
150 250 329 259 154
1 22 3
274 65 234
1 29 2
39 64
1 7 10
473 431 276 488 210 258 148 279 68 341
3 17 7
235 437 256 73 119 466 189
1 18 3
350 272 5
3 14 9
189 292 180 485 278 224 79 163 436
2 23 4
107 214 109 296
2 13 8
331 285 100 127 76 412 301 204
3 14 8
343 336 417 349 148 370 186 235
4 17 8
167 346 229 119 495 198 469 26
2 33 3
258 314 497
3 22 6
356 312 71 187 486 470
1 20 3
146 230 408
1 20 3
121 30 186
4 21 6
410 119 458 110 303 326
1 24 3
232 175 46
1 13 2
188 273
2 14 7
48 342 63 494 384 430 45
4 27 6
68 161 133 40 36 137
1 19 2
310 160
1 17 3
117 177 173
4 17 9
205 70 25 21 45 421 250 258 218
2 18 5
263 429 29 344 396
1 23 2
19 176
3 13 9
107 271 276 167 18 481 323 498 20
4 16 7
328 101 61 238 464 312 355
1 7 8
420 408 355 7 389 165 180 221
1 36 2
262 93
1 7 9
193 361 220 119 122 84 460 269 221
1 8 7
235 472 8 190 354 104 384
2 10 10
374 466 237 410 421 295 332 256 117 403
5 23 8
27 291 456 157 389 126 468 216
1 12 6
487 51 221 445 317 428
2 14 7
136 497 166 74 101 305 125
1 11 5
160 192 341 68 486
2 24 4
163 168 40 243
3 18 5
326 73 182 368 216
2 14 5
363 174 471 433 439
1 22 2
231 315
1 25 3
318 232 254
1 32 2
303 294
2 30 3
396 289 408
3 14 10
476 195 311 147 441 251 118 397 69 144
4 19 6
416 3 305 188 37 409
6 20 10
336 159 385 389 238 46 357 326 60 319
1 15 5
247 412 295 258 438
1 23 2
496 424
2 12 9
397 197 151 120 136 43 271 105 14
2 17 6
296 55 442 141 79 132
2 26 4
250 274 115 51
4 20 7
471 162 228 444 440 54 52
2 14 8
164 308 277 171 494 406 454 144
1 27 2
140 286
1 13 5
349 326 461 137 342
3 24 5
266 15 368 79 375
4 19 8
489 358 70 251 321 20 301 441
1 15 4
287 116 212 381
2 20 5
311 6 122 238 234
4 24 7
320 72 111 212 90 324 161
2 14 8
448 357 327 134 200 267 179 307
1 19 4
71 157 294 349
3 16 6
24 444 30 103 373 494
1 16 3
281 466 60
1 16 3
231 253 337
5 20 10
91 406 421 464 87 333 99 24 294 482
5 19 9
382 164 299 133 339 287 126 140 83
6 21 10
294 425 295 353 51 339 246 46 55 493
1 11 6
213 331 441 207 446 434
1 9 7
135 93 5 29 307 25 197
3 17 7
299 110 437 193 496 383 61
3 18 5
371 171 218 290 490
2 21 5
456 396 163 393 355
3 17 7
8 300 315 380 438 437 124
2 10 10
126 6 395 307 206 413 286 403 481 263
2 9 9
253 335 299 211 208 17 113 201 409
2 27 4
23 251 449 178
2 28 3
165 306 78
1 8 9
133 115 20 119 160 143 477 43 270
4 18 6
362 444 495 84 2 215
1 32 2
228 39
2 11 9
220 404 204 265 489 224 214 102 386
4 25 6
101 355 10 250 470 202
3 25 6
285 298 10 225 45 491
6 19 9
441 226 214 495 330 218 411 404 246
3 18 6
321 388 0 427 35 182
2 27 3
50 237 136
1 20 3
464 476 114
4 20 8
397 493 332 307 376 259 171 316
2 22 4
268 37 136 429
5 25 8
495 371 332 91 317 93 219 271
2 11 8
31 77 141 474 32 197 301 69
1 31 2
198 12
2 10 7
273 366 263 55 374 397 101
1 30 2
181 315
4 15 6
193 331 63 108 335 469
3 20 6
375 174 109 217 495 307
3 18 7
376 20 327 88 233 456 305
1 7 10
95 247 412 71 214 498 48 494 258 454
3 20 7
302 392 67 258 178 268 60
2 13 7
200 448 368 496 366 422 384
1 39 2
72 199
6 19 9
222 54 146 289 381 0 445 214 210
1 19 4
133 221 229 437
3 14 8
227 181 173 32 234 362 425 354
4 20 7
370 39 82 101 180 104 166
1 12 3
164 125 63
1 23 3
285 450 468
2 16 5
197 156 146 249 169
4 18 10
345 66 328 291 201 318 359 308 194 326
2 18 6
477 354 199 440 78 452
1 21 2
132 166
3 15 7
417 98 55 369 58 155 29
5 19 8
200 255 92 451 326 161 425 336
6 20 10
475 396 226 34 95 410 392 345 289 451
1 9 8
16 70 230 241 194 484 120 242
4 20 6
395 382 115 47 363 495
1 13 5
18 22 461 399 178
3 20 6
13 484 414 368 26 29
6 17 9
402 326 469 82 155 361 106 260 391
2 12 8
59 205 400 53 430 417 145 135
4 21 8
374 287 142 113 278 270 404 349
1 8 9
353 120 341 238 229 322 63 251 171
5 20 10
197 69 427 260 308 183 318 240 94 497
2 18 6
213 148 253 194 318 98
1 23 2
319 269
1 8 9
411 394 101 348 253 49 307 281 200
4 16 8
376 53 42 84 420 482 443 399
2 11 10
438 22 151 172 224 431 223 117 81 236
1 20 3
433 339 99
6 19 10
95 425 133 77 483 92 429 21 196 218
1 14 5
343 183 16 48 28
1 21 3
289 27 11
1 8 10
324 229 308 117 301 328 368 349 61 477
3 17 6
130 480 308 468 47 263
1 23 2
284 236
1 7 10
89 272 80 88 120 377 221 292 275 39
3 18 6
118 23 453 279 425 124
1 31 2
315 175
5 19 9
85 477 213 370 377 284 369 300 280
5 19 9
284 191 185 467 492 405 44 149 286
1 20 2
192 295
6 20 10
272 414 132 363 240 425 16 303 241 232
2 28 3
374 381 389
1 13 5
155 489 111 247 66
1 10 7
15 440 301 165 242 343 454
2 13 7
486 95 354 381 198 345 85
2 23 4
304 62 155 473
5 22 9
166 352 479 393 105 338 254 171 167
2 11 8
334 226 192 238 462 174 227 242
1 19 3
243 114 438
6 21 9
151 484 428 296 436 354 412 159 459
3 17 6
55 352 27 248 469 325
4 19 10
391 262 3 73 250 354 372 161 390 134
2 10 9
155 138 317 350 249 410 244 160 238
2 9 10
267 429 223 112 205 214 387 251 416 217
1 20 3
69 123 389
1 15 4
173 330 496 41
1 12 6
228 211 340 156 398 314
2 24 4
385 76 253 11
2 19 4
268 204 250 278
5 20 10
420 234 168 230 336 73 6 53 2 154
3 28 5
18 62 317 249 194
2 20 3
200 426 450
3 15 8
330 385 244 122 422 421 420 8
1 16 2
7 484
2 20 3
336 353 63
1 14 2
35 206
1 13 5
151 217 84 436 430
2 14 7
272 271 169 132 336 38 80
1 25 3
116 210 372
4 22 8
258 76 218 179 28 168 142 386
1 18 3
439 413 292
3 22 6
90 459 48 268 423 284
3 12 8
92 170 6 307 160 323 21 244
1 7 10
224 306 95 59 380 348 461 489 313 209
2 31 3
401 404 280
3 15 9
318 493 149 150 477 124 417 394 236
6 15 10
427 128 54 365 297 36 326 91 304 431
1 25 2
91 345
1 8 9
229 296 349 289 222 163 12 362 345
2 22 5
216 245 413 328 51
1 15 4
214 191 403 448
1 21 3
152 177 10
4 18 9
57 24 10 332 27 236 19 28 226
1 25 2
289 192
3 21 6
337 104 231 51 201 479
1 34 2
168 215
5 18 10
19 37 374 259 139 275 186 325 45 244
5 20 9
496 469 379 416 346 312 149 117 372
3 11 10
402 41 210 494 351 343 227 463 486 226
3 14 9
429 322 28 438 364 380 273 30 128
4 20 6
84 163 71 170 210 424
1 15 4
310 202 399 31
1 32 2
152 134
3 22 7
215 24 300 131 10 457 239
3 13 8
436 433 114 140 2 424 425 301
1 8 9
87 401 199 157 480 380 82 137 460
1 16 4
145 293 223 139
1 19 2
355 446
1 27 2
497 370
1 22 3
93 343 271
2 15 7
285 129 299 467 360 174 274
1 26 2
84 16
1 7 9
394 82 99 346 495 228 24 255 64
4 23 6
284 405 42 295 248 305
1 22 2
93 444
3 13 9
7 22 251 42 292 138 151 238 435
1 32 2
158 155
3 21 5
350 304 296 463 94
2 12 8
25 377 0 140 495 161 473 77
1 9 8
137 469 424 390 198 323 215 135
4 16 9
340 86 385 355 81 24 196 47 328
1 12 6
333 287 383 464 404 301
3 18 7
423 424 228 157 220 264 449
4 25 6
83 154 377 250 71 462
3 13 6
444 382 103 55 478 307
3 17 7
86 83 224 272 362 374 215
1 30 2
18 339
2 27 3
237 12 36
4 20 9
313 235 321 31 383 394 263 259 219
5 19 8
436 177 81 217 287 136 329 44
6 20 9
73 425 423 267 100 248 258 276 77
1 22 2
354 90
5 17 9
173 322 433 91 84 357 423 337 167
1 9 7
240 493 361 290 32 373 143
2 14 6
50 166 403 209 222 417
2 11 10
474 20 440 223 343 171 445 154 115 195
3 13 10
318 224 151 35 87 375 37 465 236 288
2 14 6
424 213 243 470 151 118
2 14 5
454 339 86 107 34
4 23 6
393 330 141 455 347 499
3 13 10
191 284 85 87 314 365 205 296 349 144
5 22 9
396 397 466 136 129 91 393 364 321
2 29 3
438 107 48
5 20 9
13 350 325 95 333 496 53 449 471
3 21 5
239 439 305 391 297
1 28 2
143 350
3 17 8
331 268 486 448 410 342 258 273
2 30 3
62 174 292
3 15 5
382 450 446 111 212
2 16 5
232 200 473 158 122
1 7 7
203 214 65 193 371 83 263
4 15 10
488 198 33 450 335 23 469 99 112 178
2 21 5
36 13 466 400 322
2 19 4
244 55 492 396
1 29 2
254 293
4 14 9
498 76 366 107 346 18 471 454 287
3 18 7
479 220 473 204 365 129 390
4 15 8
137 359 469 200 434 488 263 188
1 6 7
44 246 358 121 216 357 267
3 17 6
292 488 494 0 31 25
2 30 3
398 159 93
1 12 4
238 278 75 217
1 15 4
92 2 323 131
1 8 9
388 47 497 336 391 191 360 41 151
1 12 6
360 107 393 16 205 453
1 14 2
118 138
1 7 9
498 448 275 304 277 208 344 94 95
4 16 10
252 160 443 417 157 112 87 291 72 93
2 30 3
106 496 142
4 22 6
114 432 367 311 9 182
4 15 9
434 103 167 165 331 289 353 32 423
3 16 7
334 304 109 431 184 279 439
2 11 9
492 133 300 213 45 236 414 361 426
1 12 6
463 195 450 3 394 493
1 25 2
325 155
1 22 2
238 429
1 7 10
232 33 467 121 138 76 170 410 178 200
2 17 5
320 115 307 436 235
6 21 9
124 269 142 265 48 214 25 338 440
1 9 5
212 220 492 92 252
4 19 6
493 35 111 290 165 341
5 24 8
56 148 465 317 12 426 414 145
1 28 2
298 494
1 7 10
477 148 192 241 50 309 426 205 232 35
5 21 9
296 209 375 241 120 453 467 66 118
6 19 9
52 347 282 209 280 46 437 492 415
1 23 3
150 276 289
5 17 10
239 422 32 143 21 88 0 365 248 275
2 14 5
382 418 303 286 471
2 31 3
461 97 199
1 19 2
490 492
2 12 8
176 175 490 410 304 161 150 472
1 23 2
210 307
2 17 4
303 141 492 231
2 17 6
395 161 225 165 200 326
1 14 5
34 494 243 39 219
3 18 7
278 16 61 115 13 347 334
4 13 10
91 366 447 307 159 240 263 149 94 281
3 13 10
173 124 222 151 334 488 492 74 90 231
1 11 7
194 61 448 10 213 267 246
2 8 9
45 168 474 297 471 480 167 246 412
1 11 2
411 474
2 13 3
224 130 470
3 17 7
206 145 204 141 311 470 67
6 17 10
266 315 82 135 231 182 312 85 461 13
3 15 8
185 94 211 456 41 59 70 370
1 11 5
138 96 22 267 266
1 11 7
142 70 449 219 400 4 176
2 21 3
21 25 28
4 20 8
344 103 72 357 71 114 340 50
1 11 6
362 10 423 237 2 392
1 15 3
476 399 298
2 24 4
46 70 124 385
2 20 5
388 137 345 44 274
2 26 3
158 212 349
2 10 9
273 140 14 409 293 478 390 458 235
1 7 10
376 182 43 52 6 244 161 33 332 368
1 22 2
146 98
2 11 9
414 423 341 375 141 469 266 346 76
1 10 7
219 272 365 324 60 44 192
3 18 6
292 308 448 128 227 291
1 8 9
461 352 76 433 437 219 50 107 473
2 29 3
370 85 456
1 19 3
381 466 59
2 20 5
86 362 165 493 208
4 19 8
181 228 374 435 101 128 415 68
3 17 8
37 22 258 307 2 237 227 270
2 17 6
426 6 71 118 458 267
1 19 3
218 117 422
1 9 8
106 299 164 134 178 102 157 91
1 14 5
191 108 201 415 242
2 14 6
246 360 453 186 130 498
6 18 10
54 465 399 322 220 22 35 57 91 380
1 8 7
316 320 43 365 430 347 248
2 12 7
364 247 312 498 394 197 177
1 29 2
284 314
2 17 6
384 55 254 276 97 428
3 20 6
139 8 249 145 493 67
4 15 10
282 58 406 281 114 124 381 140 482 357
1 13 5
201 329 35 338 119
1 8 8
462 374 346 93 278 48 108 256
2 21 4
258 138 65 60
1 17 4
111 37 143 493
4 20 7
113 475 23 498 233 128 371
2 10 8
253 407 300 487 31 455 94 246
2 13 6
108 182 174 371 8 425
5 23 9
167 65 161 163 385 239 217 274 437
2 19 4
427 254 354 156
1 22 3
213 320 129
3 14 10
29 225 172 82 265 388 195 176 123 381
4 21 7
497 111 277 121 131 135 159
3 14 9
422 447 426 366 221 95 192 134 164
2 22 3
91 212 227
2 19 5
386 13 413 17 166
2 11 10
340 57 246 105 449 481 23 151 475 295
4 20 6
325 203 394 24 367 314
1 8 7
350 145 448 24 259 22 283
3 22 5
1 432 57 75 388
4 22 6
454 460 343 114 255 392
6 23 9
212 244 349 262 56 160 245 156 249
2 18 6
84 187 498 142 398 372
5 20 8
406 347 278 495 239 351 97 380
1 15 2
122 367
6 21 10
453 408 420 125 443 34 483 183 134 110
1 23 3
459 289 210
4 25 7
411 79 262 364 4 456 119
1 10 7
329 259 59 110 178 21 123
3 15 7
313 228 429 370 123 268 34
3 24 5
105 325 486 237 471
1 31 2
322 350
2 14 7
91 425 408 494 410 30 176
3 14 5
334 469 490 466 112
1 21 3
140 480 73
4 14 6
280 290 325 269 182 120
1 27 2
92 175
2 18 6
24 442 321 445 158 293
1 34 2
172 332
1 30 2
271 392
1 7 10
468 216 428 388 191 105 364 478 123 408
1 14 5
116 147 400 1 214
2 15 7
133 486 320 497 247 327 413
1 19 3
204 212 143
1 18 3
284 11 240
3 15 9
336 90 188 449 198 171 185 442 488
1 16 4
261 443 128 23
2 22 4
269 407 341 39
1 37 2
445 72
3 19 7
114 133 77 404 356 391 95
1 12 6
271 342 71 16 99 158
1 11 6
359 69 138 17 233 357
1 15 5
479 475 180 376 13
1 8 10
29 53 180 75 321 12 473 31 482 441
4 27 6
1 426 308 493 411 137
1 18 3
345 415 132
1 34 2
274 232
4 21 8
87 461 372 25 93 489 16 276
6 20 9
113 131 204 18 489 217 67 128 246
1 28 2
365 293
1 13 5
117 264 138 303 40
2 15 6
66 465 279 340 150 377
1 20 2
162 108
1 9 7
317 496 74 31 75 206 70
1 30 2
207 258
5 16 9
111 389 462 320 408 130 229 150 244
4 16 10
173 310 240 410 7 415 491 8 324 365
1 12 5
354 27 24 331 265
3 20 6
197 178 298 280 237 35
1 29 2
213 303
2 20 4
129 145 487 54
2 10 7
228 351 278 77 185 43 371
2 10 9
490 448 275 266 196 144 87 445 38
5 22 9
140 399 485 187 378 494 156 368 271
1 19 4
475 368 146 97
4 25 6
375 467 463 391 257 396
1 11 5
463 28 325 75 480
1 26 2
209 303
1 9 7
241 389 170 108 22 202 88
1 7 10
258 372 498 347 371 93 75 112 267 198
1 18 4
6 57 77 245
1 17 4
456 241 467 305
2 21 5
95 340 246 404 449
2 15 7
26 267 315 22 109 302 17
3 22 5
145 249 278 16 176
1 21 3
167 344 151
2 15 7
208 424 183 172 213 369 121
2 23 3
492 169 497
1 13 5
450 322 182 168 88
2 16 3
411 273 389
6 21 9
388 59 377 410 33 231 420 50 271
2 28 3
178 212 292
3 14 9
175 357 122 483 156 78 411 103 392
1 11 2
470 469
3 16 9
93 464 421 449 242 31 277 92 278
2 10 10
78 359 441 249 307 159 74 30 54 270
1 34 2
124 12
2 19 5
137 51 382 466 355
1 7 10
248 109 288 354 249 255 478 450 283 151
1 10 7
159 443 270 275 105 268 370
2 18 5
230 220 283 374 371
1 10 7
200 488 485 55 332 391 321
2 14 6
110 483 263 7 458 138
1 19 3
322 465 275
2 9 10
174 177 46 176 452 437 488 147 73 108
3 14 10
34 467 342 341 163 366 426 13 208 448
1 12 3
269 64 252
2 26 4
140 496 127 291
2 29 3
452 83 58
2 17 6
459 445 475 409 329 261
2 21 4
43 80 474 151
4 16 9
182 337 157 152 380 468 318 67 354
4 19 6
221 448 296 433 112 123
1 9 8
361 215 297 272 70 151 488 332
1 29 2
100 152
6 21 9
347 349 140 416 252 264 122 118 442
1 22 2
148 330
2 17 4
272 8 409 267
4 21 6
255 405 338 330 25 1
1 14 2
84 112
2 10 9
391 433 288 429 339 40 417 150 32
4 16 7
332 315 428 160 301 358 444
3 12 10
182 38 129 115 400 121 377 153 20 299
2 14 7
461 14 469 250 416 140 257
3 23 6
365 143 383 257 328 16
4 21 8
403 151 328 350 472 179 209 90
6 27 9
158 82 294 495 467 398 404 162 142
3 20 6
461 64 315 374 56 85
2 13 8
359 255 332 344 275 188 263 491
2 14 7
265 237 153 274 214 23 164
2 14 7
486 208 83 35 17 102 98
1 11 5
49 391 122 409 249
4 20 6
361 433 131 488 33 377
1 8 9
39 158 339 482 348 496 48 286 448
3 18 6
248 25 395 351 464 380
3 17 6
61 483 150 444 295 309
3 18 7
387 214 171 267 181 461 497
1 12 5
427 259 73 155 160
1 26 2
143 297
1 17 4
378 249 337 13
1 27 2
13 160
5 16 8
29 103 61 94 104 71 376 351
2 19 3
279 281 170
4 15 10
272 430 476 194 352 477 310 438 373 45
1 26 2
12 275
1 14 2
252 312
3 19 5
211 284 469 362 384
2 21 4
462 453 160 161
1 30 2
51 341
4 20 7
60 330 84 376 381 251 317
5 21 8
327 156 144 455 304 426 433 188
3 13 6
282 454 247 297 125 240
3 15 10
12 366 194 266 62 385 487 125 36 470
5 18 10
28 95 441 109 436 146 313 22 438 418
4 15 10
108 307 10 115 138 416 99 201 141 185
2 18 5
354 254 429 181 349
1 7 10
293 171 47 195 2 127 312 395 306 272
4 22 8
38 180 310 368 44 183 100 215
4 16 7
84 474 269 203 361 88 350
2 11 9
6 445 84 367 173 291 158 377 54
2 14 7
265 336 232 6 432 26 481
3 17 7
245 453 341 398 86 176 278
1 13 5
419 494 204 48 462
1 19 3
145 79 378
1 23 2
426 268
4 25 6
314 98 132 228 388 184
3 16 7
86 456 332 53 377 416 409
6 21 9
179 241 68 98 494 454 44 168 362
1 7 8
137 186 86 470 320 92 350 7
4 18 8
355 82 385 338 145 283 303 455
3 20 5
471 150 452 102 474
1 10 7
274 220 225 330 464 307 292
1 16 2
177 406
1 9 8
361 482 435 252 179 65 442 41
4 17 10
418 77 71 120 199 479 430 455 376 408
1 19 4
231 66 321 322
2 13 8
441 55 87 443 314 374 400 210
3 14 9
79 108 95 236 16 266 313 475 417
3 17 5
164 284 2 220 363
2 30 3
90 443 102
1 10 7
311 124 431 116 374 164 74
4 22 6
215 273 364 29 202 451
4 17 8
153 84 20 109 489 494 426 243
2 26 4
142 420 298 4
1 12 6
400 203 303 310 285 21
1 27 2
385 351
2 20 5
31 190 241 71 332
1 32 2
109 330
3 21 6
76 49 319 222 249 369
5 19 10
266 222 30 475 11 372 326 135 3 147
1 8 9
363 340 324 409 46 177 224 464 228
6 20 10
274 270 216 36 355 120 173 363 161 102
3 14 8
79 349 380 388 61 473 156 390
1 9 6
361 316 447 335 52 32
1 8 7
82 112 295 476 36 270 313
6 23 10
254 293 266 323 499 161 162 225 56 140
2 16 7
49 387 4 46 71 5 223
1 15 4
218 36 347 296
1 11 3
286 3 246
1 24 3
338 368 163
1 25 2
363 314
1 27 2
458 284
1 14 4
407 185 173 212
1 8 7
292 31 127 428 351 4 301
2 11 10
242 15 4 304 403 190 256 232 479 202
3 13 9
102 148 237 357 432 436 271 418 373
1 11 6
487 361 405 113 108 155
1 21 3
156 76 465
5 14 10
23 187 495 204 112 461 421 492 424 26
1 9 7
100 223 132 345 275 492 295
1 11 5
224 443 3 126 174
4 19 9
45 426 404 116 42 457 454 205 385
1 18 4
462 227 93 239
5 19 10
174 215 341 182 102 348 450 149 188 55
3 14 10
122 329 167 423 30 276 104 281 491 199
2 11 9
189 56 251 188 382 55 230 456 64
2 23 4
405 198 313 445
1 8 8
257 95 358 376 296 297 101 455
1 10 7
57 29 70 273 172 245 475
1 21 3
352 163 227
1 15 5
238 97 369 305 208
1 19 3
205 146 342
1 18 3
79 370 248
1 33 2
237 175
5 17 10
309 475 9 320 369 326 29 313 186 367
1 11 6
269 301 426 191 180 394
1 33 2
117 342
3 13 10
432 248 458 80 54 62 40 385 387 7
1 7 10
452 450 15 44 410 21 445 146 285 77
3 16 7
87 376 282 111 52 307 496
2 16 6
314 220 80 340 298 360
2 14 7
90 95 73 118 219 358 387
4 25 7
103 276 42 383 285 15 10
1 23 3
366 378 230
2 18 3
207 275 67
4 20 6
54 459 448 244 495 355
2 18 6
197 50 273 134 229 38
1 23 3
441 475 184
2 20 5
147 179 236 161 42
3 18 5
162 336 351 244 201
1 10 8
308 229 49 434 80 430 454 173
4 20 9
136 484 112 296 130 133 4 34 245
3 19 8
201 191 403 161 372 457 306 251
4 18 8
309 329 203 70 473 273 478 119
1 19 3
183 204 341
2 20 4
244 178 156 351
3 16 6
125 107 343 179 192 268
1 13 5
325 277 293 210 262
3 16 7
498 447 493 451 463 335 254
2 11 10
169 371 4 102 164 441 405 135 424 134
2 23 4
405 173 368 56
2 14 7
349 185 225 324 7 60 29
1 16 2
82 1
1 8 10
380 64 184 37 202 358 234 341 350 215
3 15 9
311 179 243 142 143 310 157 81 364
2 19 5
397 119 365 228 159
4 15 8
88 444 260 47 122 162 5 231
1 25 2
324 485
4 22 7
415 480 12 383 125 266 110
4 13 9
96 122 166 5 221 478 354 279 206
3 22 5
55 159 298 479 497
2 28 3
400 461 441
1 13 4
141 287 252 292
1 20 2
495 489
4 18 8
476 49 179 366 136 15 98 376
3 23 5
402 194 335 440 15
6 23 10
60 149 499 470 400 203 434 452 127 445
4 18 9
250 457 129 84 203 101 296 276 128
1 7 10
233 462 277 458 40 85 296 265 391 24
1 13 5
383 350 386 108 146
4 14 7
266 177 216 431 66 367 304
4 20 7
5 66 103 101 342 378 316
1 7 10
47 222 400 397 62 74 341 21 185 155
3 15 7
78 228 423 430 418 432 420
1 21 3
411 479 387
4 20 7
403 22 54 375 422 248 96
1 10 8
49 180 194 131 286 296 204 29
2 23 4
205 329 280 311
3 14 10
332 171 17 193 427 7 70 243 39 270
5 21 8
83 181 296 88 100 498 201 206
1 18 4
133 166 332 187
1 13 3
279 220 382
6 17 10
431 138 3 375 225 78 420 332 424 160
6 18 10
471 442 366 91 335 157 381 20 365 57
4 27 6
208 230 206 499 394 11
6 17 10
80 122 495 403 381 402 455 272 214 87
6 19 9
381 111 123 71 170 470 367 135 453
3 22 5
216 24 452 298 289
1 18 2
381 26
3 22 6
289 330 84 360 385 33
2 14 7
344 225 217 473 331 117 164
5 19 8
39 439 424 58 147 226 336 428
1 7 8
267 168 481 79 8 40 411 52
3 25 5
177 483 458 339 105
1 11 4
20 50 334 226
1 23 2
139 28
1 23 3
413 30 334
1 16 4
75 179 143 488
2 10 10
164 159 353 68 395 0 112 120 195 62
5 17 10
86 181 42 188 141 182 331 112 420 175
1 14 5
163 415 255 206 469
1 20 2
50 139
2 15 7
459 213 454 267 221 306 281
3 12 8
63 35 454 438 337 272 138 130
1 20 3
21 267 294
3 15 7
167 257 377 235 418 480 26
2 11 7
14 485 38 399 197 114 73
3 16 8
89 259 417 137 431 58 254 400
1 30 2
109 476
4 20 6
198 220 494 7 211 21
1 7 10
307 389 182 327 12 96 450 375 121 247
2 10 9
160 462 218 290 456 400 431 481 416
4 17 10
393 387 89 284 163 385 85 299 395 484
3 19 7
315 206 205 59 29 71 482
1 34 2
276 311
3 24 6
404 58 51 35 134 180
2 23 3
135 152 227
1 10 7
403 329 382 223 206 39 60
2 14 7
141 117 258 237 333 465 138
2 16 7
331 359 377 466 154 232 482
2 9 9
499 474 421 281 233 381 205 121 488
3 15 10
142 71 343 85 121 412 321 445 381 45
1 18 2
122 121
1 13 4
125 3 122 39
4 17 6
57 29 82 144 101 265
2 19 3
373 201 18
2 13 7
111 437 213 185 51 201 83
2 15 7
143 116 440 17 95 227 154
6 17 10
238 221 481 437 362 409 123 129 18 401
5 20 9
331 49 273 323 253 496 165 308 353
4 15 10
153 285 191 267 14 346 453 494 255 481
1 32 2
389 51
3 24 5
20 321 447 414 257
1 11 7
87 229 335 405 25 182 12
1 13 3
269 406 193
3 18 8
194 130 313 72 360 66 265 220
1 15 4
235 198 112 315
2 12 8
68 129 85 279 345 69 45 100
2 14 4
261 472 338 333
1 22 3
212 74 356
1 13 5
393 322 241 135 397
4 25 7
265 398 359 321 232 57 85
3 21 6
57 195 74 5 237 370
1 31 2
415 124
4 18 9
245 360 331 110 187 260 443 219 473
3 19 7
410 234 303 183 325 475 134
2 30 3
208 386 141
1 10 6
185 422 488 457 68 184
1 10 7
23 180 219 252 221 118 314
2 15 5
317 448 125 21 114
1 13 5
171 339 64 279 120
3 15 8
217 405 109 112 335 488 395 36
1 9 7
98 232 241 61 437 466 220
3 14 10
7 27 318 40 8 309 434 372 163 235
2 20 4
55 43 90 86
2 14 4
461 83 26 282
1 20 2
260 300
5 22 8
2 328 307 279 332 415 409 491
1 15 4
278 26 116 68
1 24 3
220 12 468
4 18 6
145 15 446 216 353 298
2 22 4
26 461 483 175
5 18 8
288 227 75 107 154 122 60 88
3 19 6
330 408 469 316 396 203
2 14 6
419 220 207 405 255 481
3 13 7
122 189 345 376 473 435 104
5 23 9
279 254 140 308 430 59 297 11 151
3 18 5
33 196 267 60 209
3 18 8
74 308 268 227 83 143 40 321
1 7 10
202 391 142 386 327 496 433 102 339 309
2 17 4
176 205 375 228
3 14 10
372 121 129 21 62 102 41 236 451 408
1 30 2
58 178
4 19 10
102 486 355 454 105 178 283 184 12 306
3 15 7
354 292 427 226 249 251 217
2 26 3
161 108 32
1 16 4
494 461 235 143
2 11 9
436 20 76 62 391 48 228 443 366
3 16 8
458 310 455 241 328 69 49 493
1 30 2
464 363
1 30 2
306 217
2 23 3
349 333 60
1 11 5
451 489 37 364 350
4 19 9
344 334 149 441 57 262 387 202 497
2 14 7
371 312 451 274 496 6 386
4 17 7
73 484 106 77 57 102 56
1 36 2
171 137
1 27 2
428 368
1 7 10
239 282 77 348 453 47 447 251 365 126
1 34 2
66 289
1 10 7
432 253 472 199 284 28 391
1 5 10
431 145 41 312 106 55 132 173 309 252
2 12 9
98 488 276 479 458 50 186 385 349
2 27 3
155 292 58
1 9 8
388 364 291 448 340 370 358 157
2 26 3
344 318 299
1 34 2
199 460
1 10 7
390 445 280 21 67 9 16
3 13 8
44 430 448 101 495 462 431 215
4 18 10
493 456 404 147 195 245 150 263 23 167
1 9 8
474 291 64 373 31 372 4 200
5 16 10
168 228 487 222 444 137 25 324 369 41
4 16 7
499 434 244 377 24 180 466
2 23 3
86 313 448
1 33 2
327 95
2 11 8
452 320 5 64 42 243 192 419
2 17 6
256 294 138 270 249 196
1 6 10
425 236 410 386 48 49 368 150 317 287
2 19 4
65 327 390 444
2 15 5
236 15 60 169 41
5 24 8
44 375 360 479 277 493 318 148
2 19 4
158 277 338 264
1 18 2
471 43
6 23 9
23 224 452 279 453 336 497 125 314
2 25 4
160 414 135 438
4 19 8
432 323 214 168 383 30 14 395
1 7 9
288 410 212 45 257 182 398 29 326
1 24 2
427 181
1 19 4
487 13 225 132
4 14 8
64 164 22 367 241 84 121 428
1 15 4
85 454 43 100
2 11 7
68 63 184 481 472 275 470
1 10 5
99 138 490 273 466
3 20 5
291 118 177 213 92
1 9 8
45 283 18 42 324 290 250 482
4 12 10
260 474 384 283 367 460 159 434 25 34
2 33 3
498 368 161
2 13 8
204 434 496 438 293 372 138 122
1 11 5
269 386 481 25 265
2 12 9
41 140 372 255 157 432 141 371 328
1 26 2
226 143
4 15 9
256 10 35 28 469 246 181 465 355
1 12 6
150 354 342 245 238 84
1 14 5
273 475 403 146 364
2 12 9
432 54 140 180 233 234 155 384 107
1 32 2
100 181
2 19 6
195 308 211 15 29 62
4 17 8
92 471 113 228 72 149 238 41
5 18 10
369 169 136 165 416 355 151 395 148 385
1 15 4
330 359 185 237
5 20 9
289 143 342 461 185 152 66 68 228
2 10 8
448 115 254 92 328 349 244 347
1 27 2
123 499
1 36 2
242 342
4 16 7
33 227 65 0 119 486 485
4 17 10
29 7 291 140 270 144 346 85 405 468
1 8 9
386 140 156 250 481 150 491 42 39
4 22 6
314 54 117 164 116 206
1 7 10
381 155 452 146 171 269 14 119 293 256
1 11 6
255 23 395 390 427 251
1 13 5
137 9 14 15 263
4 18 7
431 135 261 335 174 487 137
2 9 9
399 323 191 92 206 257 162 170 286
4 19 9
50 19 68 202 339 37 429 270 100
1 17 3
111 408 184
1 36 2
9 62
1 8 9
364 105 288 30 218 355 451 374 169
1 15 3
253 279 211
4 20 9
283 45 62 252 65 12 59 242 27
1 27 2
163 485
1 22 3
249 151 362
2 19 5
143 22 266 105 437
1 8 8
333 440 461 109 357 269 14 360
5 15 10
92 303 351 108 44 99 307 144 270 170
1 15 4
243 152 266 234
1 8 7
46 298 63 110 68 94 141
1 22 3
237 133 287
1 24 2
146 212
1 20 2
247 233
2 19 4
367 376 7 452
3 24 5
213 299 374 87 417
1 13 5
297 43 260 174 119
5 20 10
283 482 234 420 54 434 400 284 184 22
5 18 10
409 480 494 499 87 243 350 427 245 341
1 8 8
499 75 358 477 427 388 485 228
1 11 7
225 4 197 432 64 364 464
2 17 5
128 119 254 77 406
1 7 10
172 399 484 104 151 162 367 356 467 272
3 10 9
272 243 496 103 263 369 391 200 88
1 12 5
112 95 22 312 404
1 9 8
294 213 218 455 196 125 211 483
1 16 4
17 414 443 181
1 7 10
340 38 98 40 161 160 195 475 167 76
2 27 3
62 244 422
1 18 3
144 190 179
2 25 3
283 215 98
1 12 4
176 382 228 334
5 23 9
10 38 493 447 4 206 131 301 54
1 18 4
176 219 184 204
3 23 6
206 476 259 318 356 452
4 16 10
121 51 144 360 373 352 268 91 132 496
4 24 6
404 137 41 224 68 179
2 25 3
482 386 218
3 15 8
489 59 284 107 65 363 137 481
1 14 3
490 447 444
1 25 3
83 388 475
1 9 8
226 380 321 184 266 265 331 121
2 28 3
88 387 374
1 13 6
313 473 146 131 219 389
2 16 5
139 159 155 221 260
1 15 4
87 266 68 189
5 18 10
445 187 497 480 416 212 196 208 257 395
2 12 7
344 269 470 369 405 127 317
3 11 10
439 139 179 55 292 358 94 18 5 287
1 12 4
102 170 362 439
1 19 3
43 252 496
2 24 4
10 70 29 48
4 25 6
12 355 131 259 169 58
5 19 9
481 463 478 261 262 114 136 468 448
2 26 3
116 26 260
3 17 7
112 391 427 105 64 101 306
3 13 10
287 40 204 472 80 280 72 272 357 415
1 13 4
292 261 141 169
3 18 6
329 106 404 299 495 389
2 25 4
336 76 320 342
2 13 8
186 272 409 122 17 183 327 385
5 18 10
64 16 250 27 313 15 124 447 28 157
2 22 4
281 291 406 89
4 20 7
204 337 120 212 494 349 18
2 29 3
364 85 280
2 16 6
193 382 458 454 10 242
2 29 3
15 442 233
2 13 8
181 430 143 55 175 232 441 415
1 7 9
493 365 339 281 375 454 494 414 323
1 17 2
345 236
2 18 4
189 307 61 192
5 18 9
32 447 80 110 385 307 148 279 434
3 16 7
419 358 88 384 378 135 252
2 29 3
201 100 452
4 17 8
216 13 399 72 275 120 222 129
2 15 7
324 226 232 152 207 285 446
1 10 6
99 220 472 251 418 259
1 15 4
312 60 441 144
2 15 6
93 358 315 359 282 446
1 12 5
470 15 264 21 77
1 20 3
464 166 303
2 22 3
137 376 421
3 18 7
80 228 156 284 311 341 143
1 25 3
142 325 199
4 23 8
215 134 9 84 486 219 271 25
3 16 8
467 82 204 141 2 54 109 487
1 16 2
130 256
1 11 6
351 297 462 258 471 8
5 21 10
468 239 178 322 296 351 167 191 145 55
2 12 8
133 367 303 141 432 387 267 135
3 14 10
105 234 146 149 475 309 353 175 270 91
1 10 8
349 196 468 98 491 239 214 340
1 11 6
18 303 249 167 134 81
4 20 6
175 267 200 462 71 24
3 19 7
296 185 413 85 386 309 486
5 19 8
190 363 200 106 313 390 384 154
1 29 2
245 50
1 8 8
234 46 180 243 468 266 280 438
4 17 6
98 155 277 231 244 466
1 19 2
448 159
4 19 9
403 96 223 366 9 489 327 412 196
2 19 4
5 379 392 439
3 14 10
34 250 447 327 406 16 278 126 145 359
1 10 6
57 334 53 166 273 308
1 14 4
92 412 385 240
5 23 9
240 350 2 16 89 483 142 122 359
3 13 7
401 246 160 14 8 382 434
5 16 10
43 256 231 392 185 205 444 374 198 407
1 7 9
194 0 330 17 268 115 60 370 148
2 15 6
37 390 214 229 320 417
3 22 5
110 348 412 220 400
3 14 9
471 239 200 271 126 148 244 465 241
3 23 6
306 65 348 226 426 106
1 25 2
251 159
1 15 4
433 159 242 309
3 18 6
177 75 102 408 117 335
2 20 4
274 487 344 379
1 28 2
406 332
5 17 9
101 368 87 451 3 345 262 481 397
3 17 5
210 236 169 95 153
4 17 8
463 402 61 358 226 494 249 156
1 23 2
87 487
1 5 10
282 301 25 141 125 376 423 0 272 1
2 25 4
378 244 225 365
2 16 6
213 322 56 430 334 94
6 20 10
78 253 30 337 231 96 436 232 7 191
3 16 9
135 208 10 397 496 372 325 192 252
2 30 3
40 229 492
3 20 7
435 184 189 430 194 53 23
2 25 4
30 132 203 322
4 19 8
387 358 116 35 437 145 386 456
1 24 2
116 227
1 13 2
290 120
3 15 9
164 479 484 53 16 335 62 432 114
2 21 4
145 316 228 22
1 12 5
343 193 434 386 133
2 21 5
296 45 322 458 155
3 20 6
303 461 294 431 284 83
2 21 3
164 424 10
1 19 2
1 406
6 17 9
174 217 290 383 20 481 92 277 148
1 13 4
75 185 248 33
2 25 3
155 338 253
2 17 6
119 307 306 162 183 292
1 6 6
107 35 120 246 63 122
6 24 9
239 205 120 62 201 151 381 276 234
1 28 2
62 393
1 10 5
257 121 300 278 241
1 12 5
6 387 425 290 326
4 18 8
268 79 428 198 13 288 6 416
5 22 9
344 419 115 254 149 45 414 456 178
1 23 3
139 374 189
4 19 9
189 13 180 265 457 133 22 494 467
2 11 10
234 106 334 23 396 130 154 190 404 108
1 16 2
444 21
2 14 7
247 113 237 223 251 345 498
4 20 8
48 191 38 288 368 454 375 23
1 14 2
424 82
4 22 7
232 102 476 256 10 305 304
2 23 4
361 29 262 135
3 20 6
323 9 354 480 12 260
4 16 10
43 229 305 317 279 168 196 237 8 281
2 11 7
73 304 353 66 427 422 300
2 12 9
255 230 312 68 195 146 58 326 115
1 15 5
178 364 287 327 467
5 17 10
422 391 202 102 228 462 355 77 201 78
3 16 8
365 305 202 108 67 359 221 18
1 16 2
470 197
1 14 3
81 2 427
1 14 5
307 349 224 105 38
1 18 4
225 343 185 467
3 17 6
489 74 399 290 365 477
4 19 7
10 439 332 431 66 25 290
1 15 2
41 393
4 22 7
110 214 211 38 179 140 286
3 15 7
376 218 161 22 409 309 371
3 28 5
131 145 124 38 76
1 17 4
291 16 397 412
1 10 7
63 149 398 322 407 24 53
2 16 3
67 127 252
1 14 5
476 238 52 42 194
1 11 6
122 48 81 302 125 209
3 12 8
470 19 126 78 238 65 346 26
4 18 8
107 17 445 27 146 342 36 364
1 10 7
36 415 121 58 350 427 285
3 27 5
385 237 180 360 152
3 13 10
434 457 4 202 370 1 474 115 148 315
2 8 10
205 173 379 192 329 118 145 222 417 143
1 11 6
359 138 232 380 272 15
6 20 9
288 263 89 154 349 236 425 7 30
2 23 4
409 68 385 440
5 21 8
41 285 435 414 477 295 160 225
4 15 10
279 181 440 229 347 120 127 447 291 118
1 22 2
115 214
5 20 8
320 38 5 210 332 492 136 402
1 11 7
136 385 1 96 261 306 494
4 22 8
158 442 452 234 372 411 488 152
4 20 6
216 203 53 222 74 490
3 26 5
311 60 478 242 284
2 14 4
53 233 41 478
1 30 2
45 274
1 31 2
237 499
2 8 10
433 67 447 298 353 153 429 70 2 45
2 12 9
396 330 219 497 258 290 337 276 352
3 23 5
227 232 207 173 16
5 24 8
174 121 4 188 498 340 62 282
1 15 3
218 371 79
3 23 6
48 292 89 171 141 208
2 13 8
259 261 227 209 188 486 265 23
4 18 10
446 49 133 289 187 6 309 463 71 51
2 10 10
369 58 477 103 86 255 85 174 295 119
3 15 9
105 123 486 195 453 410 298 214 158
3 14 9
242 375 270 485 260 101 241 380 259
1 21 3
52 261 234
2 27 4
444 479 133 276
6 23 9
71 54 334 290 140 196 457 15 452
3 14 10
104 478 445 62 242 265 176 145 34 474
1 10 7
44 111 285 199 362 374 476
1 21 3
45 468 269
1 13 5
334 71 277 269 70
3 23 6
272 496 365 338 23 232
4 17 9
99 385 361 426 201 418 338 349 33
5 18 10
314 437 105 116 366 226 484 87 212 345
2 25 4
106 12 442 95
1 20 2
470 336
1 11 6
8 313 34 69 342 66
6 23 10
303 57 479 119 99 399 306 309 491 412
3 13 9
446 412 55 299 83 32 69 119 422
3 19 7
29 388 453 163 323 412 356
2 16 7
144 431 44 294 178 166 426
4 27 6
83 163 137 421 415 109
3 16 9
247 324 488 76 161 138 175 10 319
2 13 9
219 276 246 458 432 245 423 62 174
2 11 10
174 335 416 280 16 350 167 375 479 340
2 10 10
172 489 122 199 168 473 382 433 91 138
1 14 5
89 147 230 494 313
2 11 10
215 84 323 173 221 39 340 48 436 326
2 28 3
36 93 482
2 20 5
445 45 129 64 116
1 13 5
77 225 428 32 472
4 20 8
76 248 463 359 437 51 75 484
4 22 7
126 411 284 164 133 175 233
4 20 7
237 5 264 204 263 81 107
1 19 2
68 353
1 6 10
312 197 50 113 68 316 92 38 115 211
1 21 3
324 283 90
2 11 8
51 432 130 57 345 277 18 257
3 14 10
97 169 266 404 343 20 290 445 380 179
1 23 2
270 275
1 7 8
143 55 14 110 54 425 260 377
2 11 10
427 71 140 108 358 440 111 279 25 51
1 10 6
211 241 432 300 37 378
1 24 3
383 156 135
1 11 6
8 311 441 143 289 271
3 26 5
96 276 251 228 76
4 22 7
151 334 24 67 491 403 367
1 25 2
4 474
1 9 7
47 251 310 237 206 473 119
4 18 9
211 483 360 193 378 208 170 49 361
5 20 10
125 37 91 411 129 230 228 443 388 218
5 22 10
213 130 129 371 105 482 202 140 398 55
1 25 2
283 438
1 20 2
145 36
4 17 9
291 63 360 251 304 454 460 410 90
2 16 5
298 191 330 392 410
1 19 4
239 405 235 62
4 15 9
371 484 352 323 142 25 424 380 97
2 20 4
116 127 370 347
1 36 2
441 161
1 13 5
336 405 190 144 154
1 9 8
13 496 57 391 278 78 270 128
3 22 6
242 150 230 40 226 399
6 21 9
199 118 82 283 413 70 98 121 455
1 9 8
381 499 46 368 27 119 344 388
4 12 9
378 421 112 41 473 425 99 77 122
6 24 9
158 109 189 259 142 325 449 301 434
1 25 2
341 75
1 24 2
147 86
4 21 8
438 222 105 137 297 23 252 266
3 16 8
484 46 109 363 250 216 343 407
4 21 6
170 278 488 241 395 274
2 14 7
407 474 95 195 279 286 64
2 32 3
445 350 426
1 23 2
146 68
1 14 2
273 247
1 31 2
331 359
2 14 7
430 466 295 407 105 50 158
3 19 7
331 400 119 197 472 129 271
1 10 3
132 326 466
1 31 2
156 93
5 15 9
149 207 252 290 468 362 444 94 347
1 15 4
242 310 408 127
2 13 8
440 432 31 390 128 55 40 383
2 22 3
316 358 225
1 25 3
190 482 493
2 12 9
13 393 137 62 296 352 282 232 182
6 20 10
400 419 105 463 236 443 420 373 453 341
1 18 4
454 59 51 179
2 23 3
141 392 188
2 13 8
72 68 269 486 421 341 180 365
2 18 6
159 482 102 70 316 242
1 9 6
58 150 307 360 363 370
1 10 7
414 473 14 118 93 195 111
1 9 6
39 221 432 303 65 406
1 8 9
208 383 137 446 441 99 45 425 205
3 10 10
29 144 422 331 94 492 169 377 352 222
2 11 9
48 121 195 499 292 278 66 44 494
6 16 9
287 399 366 111 123 272 304 222 10
2 10 10
410 476 437 273 118 482 110 353 69 445
2 11 10
320 332 491 259 492 328 463 299 452 100
3 16 9
475 199 44 474 204 426 165 237 155
4 18 9
343 281 196 253 452 16 197 462 109
5 18 9
221 474 168 471 307 60 44 154 446
3 17 9
403 327 37 333 489 115 199 452 318
3 17 8
404 137 256 207 229 265 118 427
2 20 4
55 312 297 239
2 9 8
440 361 42 382 164 57 144 138
1 13 3
222 173 292
4 12 10
435 382 339 52 138 145 200 125 434 29
3 14 6
80 470 473 378 164 144
2 15 7
408 452 250 394 363 278 251
5 18 9
90 373 389 391 176 460 134 417 399
3 12 9
320 275 457 472 352 217 231 140 424
5 17 8
470 54 333 436 415 118 458 41
2 17 3
197 373 217
1 16 4
460 317 320 289
1 16 4
61 271 339 427
2 12 10
306 86 85 436 491 413 284 446 385 161
1 23 3
136 380 116
2 17 6
74 271 265 441 151 336
4 18 7
159 393 83 480 76 222 117
1 19 3
60 287 165
1 19 3
147 497 78
3 11 9
138 247 107 314 152 478 494 366 399
1 25 2
483 431
3 17 6
120 323 90 218 79 440
3 25 5
332 445 192 404 150
2 26 3
187 483 446
1 13 5
7 100 425 74 461
1 26 2
150 356
1 18 4
213 488 10 102
4 16 10
494 175 67 119 126 326 153 192 456 166
3 16 8
482 287 167 457 479 46 319 422
1 31 2
264 70
3 23 6
321 235 104 171 128 212
3 25 5
226 179 429 245 363
1 17 4
151 147 70 337
1 18 4
414 77 78 242
1 10 7
135 382 179 32 104 435 445
1 30 2
344 213
5 19 9
263 214 192 440 173 95 342 483 420
5 18 10
452 14 328 26 276 272 28 336 169 330
2 21 4
407 482 450 167
4 15 7
483 376 310 252 286 439 227
5 20 10
83 105 499 424 496 370 145 396 475 209
5 14 10
470 492 4 278 106 56 192 399 205 361
1 33 2
291 311
3 18 6
245 138 113 88 28 139
3 15 8
121 2 442 436 24 374 300 26
1 12 6
194 406 267 349 148 414
1 19 2
233 316
3 18 6
438 101 80 495 304 387
4 19 9
198 332 12 331 34 109 453 352 85
1 30 2
404 83
3 14 9
24 263 152 42 196 6 456 2 289
1 11 3
190 177 112
2 20 3
29 295 281
1 20 2
286 49
3 14 10
2 349 102 483 413 294 315 368 223 115
4 18 7
410 462 424 385 257 287 192
2 13 8
152 237 156 332 220 45 12 381
1 12 6
341 395 52 243 348 179
4 18 8
251 292 490 140 448 207 116 188
1 16 2
197 177
2 23 4
154 168 293 307
1 15 3
269 346 145
3 26 5
212 482 274 402 93
4 23 6
291 108 178 189 106 193
2 19 4
419 428 249 357
2 26 3
447 54 184
1 20 2
126 120
1 19 4
93 340 215 255
4 25 6
302 379 304 108 235 332
1 26 2
369 209
1 20 2
399 87
5 26 8
30 214 241 262 375 215 109 475
5 21 8
426 240 98 464 114 261 404 7
1 11 3
61 320 362
1 28 2
302 61
2 12 8
44 5 416 39 267 276 120 124
3 21 5
366 297 170 175 93
1 7 10
151 136 141 61 53 46 96 79 77 167
2 8 9
218 301 34 347 79 423 492 95 17
1 10 7
102 487 365 87 310 72 350
2 23 4
203 165 89 353
2 30 3
66 361 116
1 15 4
242 150 354 309
3 20 7
93 97 78 496 350 372 47
3 17 7
410 51 145 103 382 422 141
4 16 7
77 495 170 84 401 286 13
1 20 2
326 186
4 13 10
478 88 11 369 222 330 41 203 126 476
2 25 4
331 139 175 285
3 12 10
39 246 494 166 481 156 379 147 313 458
6 19 10
275 255 24 45 302 176 433 146 456 290
3 13 8
328 416 268 201 59 103 284 281
1 8 7
427 327 444 94 304 113 106
4 14 10
410 9 36 111 101 375 156 103 146 394
3 21 6
218 251 66 91 431 155
1 17 3
191 275 432
4 20 7
394 406 349 348 43 377 148
1 11 7
480 125 55 12 372 57 211
6 21 9
77 89 339 216 264 434 190 180 314
2 27 3
335 38 89
3 24 5
295 318 132 313 184
1 19 3
266 476 445
4 16 7
493 481 177 189 47 346 34
1 30 2
242 279
2 13 8
276 483 495 101 330 265 200 65
3 15 9
19 192 71 149 280 39 458 275 77
6 21 9
367 21 298 324 120 158 284 439 306
1 40 2
97 131
2 17 5
56 326 316 30 337
2 22 4
56 445 231 28
2 29 4
301 327 142 202
3 20 5
122 145 447 68 73
1 13 5
457 360 38 267 338
1 9 8
347 427 4 348 476 118 434 405
3 26 5
131 207 95 119 87
1 12 6
406 7 109 308 382 462
4 25 6
407 419 156 372 206 75
6 17 10
126 470 121 467 335 43 228 397 421 465
3 25 5
21 35 149 154 456
1 18 4
476 491 38 378
1 35 2
374 414
5 16 8
282 79 169 238 323 288 437 223
4 16 10
57 486 225 13 121 210 35 397 409 186
1 8 8
85 28 409 36 338 42 318 95
5 20 9
31 442 199 413 186 399 200 77 191
1 24 2
260 53
6 21 10
54 48 361 182 150 289 348 342 112 145
2 19 5
384 32 29 9 6
1 11 5
172 326 432 484 246
3 15 7
271 434 253 25 18 328 24
6 23 9
176 76 249 193 293 93 183 45 447
2 11 10
491 480 195 67 353 134 275 452 26 321
4 20 8
458 191 423 356 426 158 396 325
3 13 10
27 63 115 275 20 237 221 294 493 164
3 19 5
265 328 2 238 121
3 13 10
11 103 89 458 262 159 15 175 57 218
3 18 7
325 296 166 378 284 429 313
2 21 5
449 115 171 251 185
1 22 3
207 455 151
3 16 8
341 415 316 219 424 382 23 380
1 15 4
409 3 176 97
5 17 10
73 190 264 488 172 83 255 24 11 196
1 16 2
446 402
3 20 7
252 178 308 284 186 360 238
4 19 7
221 315 42 345 270 240 38
4 27 6
219 153 364 23 460 250
2 24 4
306 429 60 349
4 26 7
327 137 85 131 410 374 208
5 22 8
100 296 68 136 282 193 183 28
3 13 9
265 199 423 338 144 310 282 52 458
4 22 8
445 296 201 136 82 231 294 405
4 21 7
67 197 283 477 348 97 352
3 16 7
445 224 131 437 341 320 346
2 16 7
220 12 151 29 321 449 203
1 10 8
24 88 30 207 42 433 321 383
2 14 8
492 27 124 160 493 464 383 52
2 14 7
337 497 52 101 192 221 116
1 14 4
347 15 260 391
