500 2500 775
11 27 16 15 26 34 20 33 13 30 28 28 23 13 11 14 13 29 20 13 36 11 40 28 12 29 15 17 19 18 36 23 17 29 19 11 39 31 26 36 38 24 14 19 36 11 36 19 31 38 29 31 25 23 17 36 30 11 24 35 25 37 40 34 11 26 26 22 33 18 16 27 13 28 18 38 38 30 20 40 33 29 31 16 34 24 33 27 21 15 24 34 38 32 27 25 18 33 18 23 24 28 16 14 29 36 34 23 31 21 12 33 24 34 12 22 16 32 32 15 15 24 17 12 24 32 25 12 40 17 19 26 17 22 31 27 17 29 25 17 24 16 18 26 34 13 14 14 26 33 30 30 30 36 24 28 33 12 16 35 22 31 23 28 12 21 25 32 37 36 25 16 34 29 11 36 22 26 32 37 21 30 36 22 18 22 40 28 22 14 35 19 11 19 38 16 34 18 36 16 34 22 27 15 31 29 35 19 21 18 21 20 12 36 38 28 29 30 28 28 21 30 25 11 34 13 24 26 18 17 26 28 36 12 30 21 18 22 31 40 24 13 22 35 20 39 19 18 21 39 35 31 30 24 18 28 37 39 33 15 40 25 13 34 40 26 13 15 31 38 17 13 13 39 28 23 23 37 14 30 13 32 26 28 33 38 30 26 37 31 22 38 40 40 31 35 15 20 21 21 13 11 13 21 15 20 24 11 13 19 28 15 23 39 23 34 36 12 40 16 13 22 18 26 16 28 21 21 25 36 14 36 34 40 12 36 37 14 22 12 12 31 33 22 20 26 23 23 27 29 29 12 35 14 28 23 36 35 40 40 14 37 19 30 27 39 40 17 40 20 18 18 37 33 16 38 29 29 37 18 11 21 27 36 16 12 34 16 20 20 17 35 39 24 14 31 13 12 31 15 27 17 40 16 29 38 19 11 39 28 31 24 20 23 12 28 32 32 26 18 18 38 28 20 35 15 19 33 17 29 35 12 21 33 12 13 34 12 20 18 31 14 16 18 16 36 18 29 36 15 15 21 16 39 12 19 11 30 31 36 23 35 22 28 35 19 34 33 30 39 33 14 30 37 36 13 14 40 24 25 20 17 38 26 21 30 29 25 23 30 36 32 22 21 34 28 22 13 12 18
1 17 6 5 16 24 10 23 3 20 18 18 13 3 1 4 3 19 10 3 26 1 30 18 2 19 5 7 9 8 26 13 7 19 9 1 29 21 16 26 28 14 4 9 26 1 26 9 21 28 19 21 15 13 7 26 20 1 14 25 15 27 30 24 1 16 16 12 23 8 6 17 3 18 8 28 28 20 10 30 23 19 21 6 24 14 23 17 11 5 14 24 28 22 17 15 8 23 8 13 14 18 6 4 19 26 24 13 21 11 2 23 14 24 2 12 6 22 22 5 5 14 7 2 14 22 15 2 30 7 9 16 7 12 21 17 7 19 15 7 14 6 8 16 24 3 4 4 16 23 20 20 20 26 14 18 23 2 6 25 12 21 13 18 2 11 15 22 27 26 15 6 24 19 1 26 12 16 22 27 11 20 26 12 8 12 30 18 12 4 25 9 1 9 28 6 24 8 26 6 24 12 17 5 21 19 25 9 11 8 11 10 2 26 28 18 19 20 18 18 11 20 15 1 24 3 14 16 8 7 16 18 26 2 20 11 8 12 21 30 14 3 12 25 10 29 9 8 11 29 25 21 20 14 8 18 27 29 23 5 30 15 3 24 30 16 3 5 21 28 7 3 3 29 18 13 13 27 4 20 3 22 16 18 23 28 20 16 27 21 12 28 30 30 21 25 5 10 11 11 3 1 3 11 5 10 14 1 3 9 18 5 13 29 13 24 26 2 30 6 3 12 8 16 6 18 11 11 15 26 4 26 24 30 2 26 27 4 12 2 2 21 23 12 10 16 13 13 17 19 19 2 25 4 18 13 26 25 30 30 4 27 9 20 17 29 30 7 30 10 8 8 27 23 6 28 19 19 27 8 1 11 17 26 6 2 24 6 10 10 7 25 29 14 4 21 3 2 21 5 17 7 30 6 19 28 9 1 29 18 21 14 10 13 2 18 22 22 16 8 8 28 18 10 25 5 9 23 7 19 25 2 11 23 2 3 24 2 10 8 21 4 6 8 6 26 8 19 26 5 5 11 6 29 2 9 1 20 21 26 13 25 12 18 25 9 24 23 20 29 23 4 20 27 26 3 4 30 14 15 10 7 28 16 11 20 19 15 13 20 26 22 12 11 24 18 12 3 2 8
2 25 4
194 182 173 334
5 19 8
496 41 61 495 439 146 327 355
4 21 8
355 440 357 421 178 259 270 59
1 9 8
359 206 209 278 204 231 355 468
3 19 6
172 177 2 417 112 211
2 13 9
27 3 285 428 420 239 449 179 359
3 15 10
273 122 368 291 320 107 372 71 98 351
3 12 9
302 1 354 387 9 71 442 384 154
2 29 3
424 32 105
1 12 2
271 431
1 16 2
228 330
2 14 7
156 397 463 315 39 242 278
2 14 4
420 389 452 465
1 39 2
405 358
2 21 5
292 261 373 243 52
1 8 8
490 199 373 103 219 141 311 151
1 21 3
308 159 468
2 21 3
375 302 272
1 27 2
441 260
4 22 6
248 290 385 200 349 218
1 23 2
2 82
1 18 2
338 259
1 23 2
449 416
2 16 5
163 276 297 411 81
5 15 8
452 244 122 393 41 321 189 147
2 13 4
328 499 110 127
1 10 6
491 82 463 166 103 253
2 8 10
344 275 116 355 429 459 412 276 122 262
1 28 2
77 202
3 22 6
126 475 118 313 279 153
1 7 10
163 249 326 228 113 26 169 458 347 107
2 20 4
170 126 119 281
3 17 7
477 380 102 452 375 18 66
5 23 8
272 350 137 376 149 181 459 29
3 16 8
196 484 191 452 94 11 260 19
6 23 9
340 112 316 20 48 104 39 324 53
2 21 4
119 330 151 257
4 17 9
118 337 261 255 353 282 423 459 44
1 9 8
157 420 84 269 215 273 186 244
1 9 8
444 292 439 288 338 457 355 95
1 25 2
118 371
1 27 2
99 82
1 9 7
495 402 222 35 114 166 377
1 13 4
380 59 370 369
6 22 10
410 102 414 168 277 314 73 190 444 490
2 11 9
117 118 385 227 6 201 312 138 232
1 8 8
180 84 220 381 473 399 155 337
4 28 6
196 374 459 231 44 182
1 9 7
187 29 209 375 267 441 74
2 23 4
89 392 69 329
3 11 10
74 308 307 67 25 26 337 472 424 171
3 15 8
137 198 343 437 468 484 300 489
5 21 8
288 261 216 136 371 206 348 324
1 26 2
139 430
2 18 6
36 473 246 493 430 226
2 11 7
465 309 280 166 271 115 37
1 10 7
363 438 472 359 56 16 203
1 10 6
451 255 348 115 309 335
3 17 8
352 223 308 2 273 458 427 60
2 20 3
189 29 73
2 12 7
428 416 161 400 6 411 244
4 18 10
91 257 202 333 401 166 63 315 281 442
1 7 10
447 286 106 49 499 131 15 375 465 485
1 8 8
499 295 340 342 449 125 259 487
2 21 4
294 156 462 225
2 18 6
279 499 358 239 254 77
2 27 3
379 227 36
2 26 4
50 62 281 342
4 23 7
318 45 149 492 340 409 264
2 32 3
214 460 55
1 8 7
83 279 37 411 441 401 278
3 15 5
50 157 129 406 330
1 19 2
201 387
4 17 9
56 123 66 325 420 30 226 399 436
4 17 6
129 389 238 8 220 304
5 22 8
498 220 133 474 360 79 201 469
2 17 6
129 352 11 245 12 443
2 21 4
371 193 37 331
2 23 4
243 364 410 211
1 8 9
267 184 356 143 159 462 189 198 330
2 27 3
380 125 257
3 12 9
64 270 303 423 78 36 219 45 346
1 9 8
440 487 251 215 213 87 192 366
3 21 6
447 334 359 173 48 157
6 21 10
185 62 400 325 23 248 274 267 76 305
4 18 6
190 29 34 189 437 348
1 11 5
137 211 394 246 177
2 20 5
410 156 470 39 29
1 13 5
109 470 445 33 283
1 18 3
23 155 235
1 24 3
192 175 198
2 11 9
349 497 221 383 289 447 76 363 467
2 20 4
363 298 197 221
3 16 8
229 227 251 367 382 469 458 244
2 11 9
445 274 303 42 370 84 111 54 255
4 15 9
489 116 109 98 18 88 204 52 219
3 19 6
22 141 233 280 90 445
5 18 9
218 54 384 75 270 51 71 138 327
2 15 6
2 94 99 132 79 483
4 22 6
300 212 116 258 469 159
1 8 7
25 344 400 426 301 146 242
6 21 9
364 351 338 278 457 109 450 20 92
6 19 10
289 481 292 404 33 300 56 384 24 360
1 8 9
25 208 283 459 20 151 428 164 257
5 16 10
334 489 432 458 350 369 75 262 233 16
1 13 5
182 101 7 312 231
2 12 9
187 435 228 414 20 26 359 499 474
2 12 6
393 468 370 259 14 236
1 21 3
205 23 448
2 16 6
225 176 425 365 153 340
6 19 10
361 96 332 487 197 276 334 82 495 278
5 15 10
432 104 367 278 133 221 109 161 407 237
2 21 4
166 485 304 161
1 16 3
158 93 439
2 25 4
433 354 334 359
1 16 4
51 335 218 341
3 13 6
454 435 380 349 496 420
2 25 3
322 22 207
2 19 5
106 467 110 396 238
3 11 10
246 383 330 480 212 353 65 304 191 156
3 13 10
439 235 104 158 4 88 428 79 318 377
1 18 4
118 329 50 153
1 30 2
224 265
2 16 4
0 254 68 203
4 22 7
452 5 187 283 457 481 30
4 16 8
446 99 487 373 311 279 465 183
3 25 6
277 331 251 358 61 381
2 13 8
385 453 442 72 296 273 458 384
2 26 3
494 389 138
4 23 7
18 453 118 5 209 365 83
2 11 8
55 353 465 442 101 320 161 147
2 15 4
174 21 291 301
1 13 4
50 475 412 413
2 29 3
5 443 153
1 34 2
161 40
1 21 3
138 338 128
3 14 10
467 154 7 330 258 157 453 204 194 173
6 19 10
456 355 64 324 258 49 356 339 418 34
4 18 8
94 330 74 179 358 223 328 396
2 20 5
241 113 169 315 32
1 9 8
89 210 366 117 451 172 336 323
2 17 5
115 63 423 324 457
1 15 3
370 219 129
2 23 4
195 104 485 224
4 17 8
397 55 270 390 192 480 216 445
3 24 5
80 362 216 221 279
3 21 7
92 284 428 263 218 249 260
1 13 4
205 412 107 65
4 18 9
132 80 240 125 18 186 204 150 73
1 16 2
452 324
3 19 7
140 77 128 25 262 172 381
1 19 3
236 75 34
1 36 2
368 117
2 13 7
196 218 178 87 123 0 121
1 10 7
379 460 64 408 99 424 29
2 24 4
248 494 410 68
1 16 3
354 78 83
1 24 3
88 352 313
2 15 6
27 80 337 310 163 342
2 12 7
280 50 120 124 390 289 367
1 7 10
327 384 155 442 473 326 294 235 462 427
1 34 2
5 59
1 8 5
493 414 426 2 471
3 18 6
332 53 450 443 159 327
6 19 10
387 253 178 84 221 352 140 304 70 203
1 9 8
339 43 151 18 36 402 38 199
3 14 10
162 213 394 74 168 361 326 375 124 457
2 28 3
462 264 306
5 21 9
316 433 234 228 166 327 215 125 198
4 20 9
477 239 315 122 211 178 246 213 276
1 12 2
301 146
2 19 5
24 216 84 302 117
2 25 4
38 453 194 305
1 28 2
36 69
3 14 10
114 491 363 270 239 433 385 44 427 474
5 18 9
120 148 117 159 163 26 268 304 103
6 24 10
61 464 433 71 459 391 118 250 374 150
2 24 3
142 251 347
4 21 8
36 195 206 7 306 373 464 231
2 13 4
192 102 353 126
2 21 5
169 458 180 152 453
6 21 10
124 60 201 370 392 26 93 279 366 8
2 19 5
429 407 416 224 131
3 17 7
428 48 349 12 32 105 282
2 20 4
269 308 409 330
1 10 7
458 113 77 492 421 326 439
2 13 8
165 298 358 126 339 329 159 42
3 12 10
131 45 442 281 476 0 71 404 232 241
1 14 4
484 434 87 363
5 14 10
452 173 267 183 16 228 393 320 224 338
4 16 10
277 48 487 55 213 435 349 131 360 276
3 22 5
55 67 464 165 29
1 12 6
320 364 68 411 313 471
2 10 9
346 349 393 145 363 101 466 479 398
1 36 2
391 40
3 14 8
448 147 300 346 220 234 53 116
1 10 5
185 488 294 326 347
6 22 9
405 121 2 286 410 160 474 120 432
4 23 7
168 264 171 312 204 364 252
6 19 9
276 203 216 235 445 241 336 259 476
3 17 7
198 78 256 207 29 344 219
1 17 3
137 26 99
3 14 10
156 358 251 86 12 14 134 352 402 133
2 9 10
345 390 107 463 325 476 172 451 422 438
3 15 9
461 196 143 23 24 152 258 250 220
1 17 4
416 438 145 269
1 19 3
265 120 156
1 8 9
395 71 211 218 453 267 482 132 46
1 16 3
57 42 448
2 21 3
317 267 46
3 14 9
290 495 288 32 237 147 255 464 26
4 21 8
84 402 26 484 365 415 281 364
2 15 6
52 2 48 43 122 169
3 16 7
326 229 0 292 384 307 482
2 19 4
204 151 337 236
4 17 9
53 253 367 38 187 318 483 386 495
4 16 9
283 433 270 275 357 210 382 209 122
4 20 9
214 129 234 79 473 22 171 136 99
3 18 7
55 429 276 256 479 226 99
2 28 4
477 277 495 40
3 14 8
199 384 65 373 200 139 177 319
2 13 8
29 65 341 213 125 139 436 194
6 18 9
475 188 390 143 100 14 205 325 121
6 17 10
351 344 139 279 28 453 346 244 412 236
1 17 3
166 143 253
3 20 6
482 314 372 115 396 53
6 16 10
418 148 343 370 115 230 176 241 123 413
3 25 5
416 452 341 173 473
1 30 2
180 273
6 25 10
421 92 301 245 493 329 402 488 76 338
1 8 7
326 299 304 317 294 346 108
1 8 9
314 36 91 218 433 42 319 213 452
2 11 10
431 288 269 361 227 400 261 498 355 114
3 14 6
456 192 23 498 363 267
1 19 2
374 115
6 19 10
258 71 326 370 14 160 469 18 399 398
6 16 10
38 139 31 471 435 450 474 351 329 157
5 21 8
278 204 412 354 379 436 42 477
1 14 4
114 290 223 474
3 16 5
387 434 18 103 134
4 23 7
138 434 60 55 253 79 356
1 16 2
369 498
1 13 5
220 26 59 70 86
1 13 4
110 301 294 160
1 8 9
135 238 126 38 365 110 91 350 84
3 22 6
258 382 186 88 144 425
2 23 4
73 457 59 101
2 13 8
190 100 493 351 198 152 119 293
3 13 8
85 440 248 207 252 126 192 102
1 12 2
437 8
2 24 4
106 339 41 257
3 25 5
436 287 123 214 101
2 17 4
66 28 103 131
1 8 10
461 156 440 186 218 228 280 223 81 22
2 19 4
328 100 325 428
1 29 2
474 31
1 36 2
433 313
1 8 9
286 264 300 317 2 422 181 342 101
2 32 3
92 486 217
4 18 9
343 244 389 53 163 328 373 264 169
1 10 6
460 162 243 81 173 174
3 15 8
335 109 315 70 188 452 150 236
6 19 10
483 415 129 229 469 395 468 107 6 139
1 7 10
444 377 309 283 308 331 159 358 393 222
1 9 8
300 318 288 35 286 151 388 100
2 16 6
270 433 386 6 230 404
1 29 2
263 479
3 12 10
348 322 36 197 126 43 23 400 70 12
2 18 4
140 89 35 213
2 17 5
428 17 343 473 235
1 23 2
339 200
3 13 10
134 230 82 482 140 3 156 202 193 325
5 23 8
148 53 172 401 221 3 168 175
6 21 10
376 435 31 366 318 48 395 443 45 211
2 14 7
412 451 213 332 397 416 116
2 20 4
420 352 171 71
2 14 7
263 448 479 339 80 353 377
2 18 4
210 67 254 281
1 26 2
293 110
1 9 7
436 34 167 11 178 303 416
1 27 2
92 102
3 12 10
351 296 169 283 447 174 26 266 178 261
3 18 6
14 156 327 69 330 20
1 24 2
63 360
5 18 9
171 387 287 433 88 57 198 325 265
1 13 4
484 248 127 458
1 31 2
416 134
1 10 7
0 138 207 492 427 327 375
3 18 7
140 375 146 474 305 135 205
6 21 10
15 380 305 172 10 331 9 400 301 356
2 19 5
186 395 43 265 380
1 8 9
100 139 329 39 26 91 322 205 303
1 31 2
187 243
5 23 9
356 307 177 38 69 49 277 243 36
1 28 2
258 100
2 11 9
303 206 144 38 159 498 52 170 419
1 9 7
99 115 33 81 190 475 219
1 25 2
408 64
3 14 9
99 100 401 447 228 263 101 205 430
1 17 4
172 85 357 229
1 23 3
287 204 402
2 20 5
224 338 342 118 372
3 17 7
402 142 326 458 114 259 205
1 19 2
314 119
1 8 9
275 340 444 239 166 305 324 404 214
1 22 3
108 87 168
4 20 8
143 172 166 44 5 491 165 389
4 19 7
125 323 78 424 74 330 253
3 24 5
312 490 143 123 269
2 16 3
442 220 19
6 18 10
349 341 225 154 414 374 476 421 175 189
1 15 3
183 379 346
2 19 4
297 121 417 54
1 17 3
360 152 210
6 18 10
29 126 89 259 18 440 11 465 45 358
3 18 6
279 458 157 14 251 298
1 25 2
461 452
1 14 5
175 61 155 243 343
2 27 3
66 494 290
4 23 7
332 269 113 382 299 283 322
1 26 2
427 207
1 19 3
248 55 396
4 15 10
138 224 152 130 33 202 379 40 394 479
3 17 5
394 165 248 450 33
1 11 3
481 103 371
3 19 7
212 52 358 454 168 80 355
1 33 2
25 285
5 21 10
241 293 386 162 367 361 269 110 440 51
1 18 4
365 340 396 55
1 5 10
431 354 444 326 407 283 21 6 397 4
3 15 7
393 127 14 112 164 218 315
2 11 8
437 215 27 163 44 447 388 0
5 18 9
122 482 209 338 410 351 110 232 103
1 17 4
224 182 51 491
2 10 9
342 496 312 189 410 396 98 278 118
2 17 5
470 332 280 98 139
2 20 5
286 89 105 494 417
3 15 9
57 263 247 4 111 316 376 268 477
1 20 2
280 135
5 20 9
102 10 486 371 483 401 286 61 178
3 14 8
344 129 393 346 466 297 335 176
3 17 8
364 256 172 327 204 372 124 300
4 17 9
471 69 113 3 74 20 398 283 170
1 17 3
26 103 329
5 19 10
414 423 375 144 117 108 161 225 33 298
2 21 4
54 458 494 183
3 21 5
104 328 282 379 60
1 10 6
106 360 394 207 404 29
4 19 7
324 385 436 202 243 387 327
2 13 8
1 91 338 200 461 303 292 322
2 16 5
343 298 185 498 336
1 7 9
310 428 96 109 131 55 134 241 263
2 16 3
101 45 456
1 7 9
230 351 352 142 20 266 234 344 67
5 21 8
12 191 11 20 201 14 478 36
3 28 5
285 351 111 318 457
3 14 10
448 367 103 57 358 337 234 75 157 427
4 16 9
67 347 52 41 252 18 264 345 162
2 19 5
38 93 285 188 393
4 14 9
58 299 100 10 140 397 492 80 462
1 13 5
227 477 140 302 85
4 21 8
206 397 305 4 76 445 284 124
1 6 10
439 27 174 438 440 457 8 1 377 155
3 12 10
61 14 475 387 336 200 344 397 96 322
1 6 10
431 155 252 115 382 406 161 370 225 84
3 13 10
224 422 8 111 425 134 142 459 340 282
1 17 2
317 338
2 22 4
71 476 326 366
6 23 10
410 424 336 22 271 413 310 173 300 383
3 17 8
33 211 315 81 78 113 422 365
2 12 9
104 220 211 210 168 78 273 39 62
4 16 9
65 376 419 362 308 177 361 91 339
3 21 5
416 472 230 396 129
3 13 9
381 283 442 82 217 370 308 34 429
1 19 2
126 353
6 19 10
159 343 430 367 10 493 314 48 122 324
1 10 7
469 38 225 466 248 418 403
1 13 5
104 29 430 181 141
2 28 4
169 293 132 372
1 28 2
130 168
4 18 7
440 26 271 88 66 163 107
2 20 5
340 440 395 405 302
2 23 5
264 485 119 358 448
5 16 10
364 90 112 2 146 403 251 132 219 289
1 14 5
49 320 428 14 329
1 16 4
104 205 464 460
2 19 4
449 472 252 195
1 12 6
166 394 459 95 461 336
3 16 8
356 24 246 226 464 64 343 153
2 31 3
474 105 188
2 23 5
277 106 131 453 365
5 21 8
286 366 235 133 129 475 424 496
3 11 10
130 69 34 483 494 14 238 387 370 487
4 17 9
69 240 189 450 282 365 50 86 491
1 20 2
446 347
2 21 4
422 149 311 107
1 30 2
293 438
1 11 6
6 265 208 388 365 234
2 12 7
386 14 187 296 35 314 102
6 15 10
445 26 188 189 344 14 244 203 396 176
5 19 9
88 260 454 455 393 251 86 152 403
2 11 8
417 64 72 420 479 484 189 51
2 9 8
312 396 184 223 497 294 492 297
2 12 9
161 461 251 291 102 179 18 277 74
1 20 2
197 242
3 15 8
496 437 474 221 57 405 370 290
1 13 4
199 449 213 225
2 21 5
100 273 20 289 114
4 22 6
319 409 197 489 364 440
2 36 3
30 156 318
1 22 2
434 258
2 11 10
333 354 316 141 41 38 169 490 265 297
1 7 9
231 118 268 475 425 360 252 281 156
1 10 7
284 483 179 107 176 242 192
1 8 4
0 127 211 498
2 11 10
351 418 373 133 329 375 70 258 365 172
6 21 10
482 216 337 168 10 15 187 97 96 122
2 16 5
417 339 197 158 289
3 15 7
497 84 473 89 420 244 3
4 17 8
42 353 70 113 287 159 446 143
6 18 10
34 403 350 43 45 387 161 97 162 205
4 21 7
122 437 320 172 33 46 204
2 14 7
7 470 288 370 495 18 416
2 23 4
115 213 363 94
1 17 3
207 181 462
3 18 7
148 130 312 256 492 80 416
2 27 3
243 111 471
3 20 7
76 346 83 304 358 394 453
2 23 4
46 486 310 81
1 17 4
143 456 152 285
3 16 6
484 492 443 224 396 488
4 23 7
33 187 263 76 457 139 80
3 26 5
386 150 127 9 313
4 25 6
111 77 285 165 495 54
1 7 10
156 10 338 257 318 82 456 342 164 142
1 32 2
282 375
3 18 8
324 91 182 83 164 79 126 469
3 17 7
76 148 481 217 141 299 458
2 15 7
48 249 457 407 195 61 166
2 21 4
268 208 238 328
3 15 6
259 27 433 370 209 275
1 8 8
336 66 83 428 267 87 308 242
1 20 3
61 222 98
2 14 7
399 383 136 187 11 476 169
1 25 2
467 197
1 18 3
394 238 253
1 19 3
25 33 349
2 23 3
276 475 430
5 23 8
17 352 486 147 318 72 28 357
2 18 4
215 248 180 411
1 8 8
382 96 173 0 461 50 432 354
1 15 5
157 453 213 73 268
2 17 6
164 202 97 168 272 342
1 16 4
49 210 137 246
1 9 7
95 41 429 50 210 379 386
4 14 6
2 317 203 174 483 481
3 14 9
108 466 234 122 304 56 255 41 179
1 34 2
332 464
3 23 5
253 173 422 37 341
2 17 4
191 203 119 190
4 20 6
315 4 162 27 423 47
1 25 2
282 166
2 11 8
172 241 115 94 104 395 254 57
1 22 3
388 1 366
5 18 9
148 253 47 152 157 382 123 413 243
5 19 9
255 157 426 95 97 496 180 467 424
3 17 7
138 218 279 186 42 13 244
3 17 7
201 175 122 163 247 459 139
3 16 7
299 427 447 104 242 147 64
1 7 10
473 372 261 226 262 467 468 341 465 359
3 12 10
428 403 8 60 306 87 489 292 267 82
1 28 2
263 162
1 9 7
231 252 313 237 152 456 191
2 14 8
44 367 245 341 433 108 333 155
1 10 7
400 86 35 180 275 488 408
3 18 7
77 312 320 135 458 397 269
1 26 3
313 408 391
1 9 8
460 29 125 169 254 84 313 390
1 14 5
179 470 85 59 161
1 8 9
286 364 457 269 304 452 360 84 128
4 23 6
393 409 399 374 82 408
1 11 7
63 401 405 178 6 154 365
1 15 5
89 142 277 22 41
3 17 6
442 443 80 70 448 15
4 26 6
482 96 263 384 224 352
2 22 4
263 466 180 133
2 18 4
146 47 366 353
2 11 10
188 225 276 177 377 275 313 159 178 474
2 19 3
389 132 438
1 19 3
306 37 287
3 15 7
341 135 236 450 407 362 217
2 19 6
257 368 194 120 201 192
2 12 9
47 158 434 14 281 186 111 447 391
2 14 4
164 170 109 223
2 22 4
353 404 342 173
2 11 10
352 273 222 460 108 267 291 387 223 99
2 13 8
420 246 171 452 291 466 473 116
1 16 4
451 180 232 377
1 10 7
169 5 340 289 258 102 250
2 22 4
226 253 427 258
1 14 4
401 253 266 125
3 18 5
475 328 164 209 331
1 14 5
175 393 76 331 266
1 15 2
244 14
1 9 8
301 383 366 133 43 219 18 15
2 17 5
396 306 317 150 436
4 22 7
423 357 109 474 172 208 149
3 14 8
282 474 274 164 428 123 379 347
6 21 10
24 228 128 214 425 180 294 461 9 309
2 16 7
137 68 125 138 359 318 285
1 34 2
118 331
1 7 10
136 443 48 232 318 280 418 143 378 59
1 21 2
158 177
3 15 8
80 328 280 430 19 275 420 118
2 32 3
277 418 68
1 12 5
1 80 171 142 35
1 6 9
317 11 432 462 433 390 275 41 160
4 21 7
13 487 413 156 301 204 194
6 21 9
124 348 87 296 31 350 429 394 80
1 18 2
394 290
1 15 4
41 102 490 246
4 26 6
284 238 178 30 219 306
4 19 9
291 48 281 77 329 334 217 167 190
2 17 6
79 478 235 273 52 176
4 17 7
146 375 181 351 420 262 34
1 9 6
282 483 393 274 78 422
3 15 6
212 81 94 379 475 197
1 13 4
380 499 144 165
2 13 6
229 211 323 322 15 200
1 21 3
218 448 187
2 23 4
125 391 244 328
2 26 3
375 300 50
1 16 4
392 11 367 419
5 19 10
413 333 374 323 127 40 385 2 217 55
2 25 4
316 255 414 473
4 21 7
68 1 392 468 157 290 449
5 18 10
455 243 205 255 123 240 51 478 182 174
1 16 2
311 379
1 7 10
374 257 217 183 332 423 443 284 100 262
4 17 9
478 130 73 359 45 94 268 172 164
6 21 10
387 385 211 190 453 295 467 44 371 43
1 8 8
1 430 376 18 319 107 111 144
1 17 2
120 344
1 17 4
399 266 473 342
2 29 3
458 372 389
3 17 8
358 213 21 102 176 238 114 104
5 22 8
198 320 332 10 37 250 317 450
5 26 8
398 366 76 98 137 181 358 135
1 9 7
313 390 418 131 199 465 437
2 16 7
273 453 448 271 267 137 180
2 11 9
253 174 479 429 68 365 118 319 206
2 18 4
14 18 387 214
2 10 10
120 55 144 213 413 136 415 335 308 467
1 26 2
70 361
4 15 10
217 38 202 47 332 417 154 280 160 125
1 9 7
145 438 293 301 267 495 158
1 6 10
351 401 80 428 345 184 163 33 207 491
1 14 5
42 97 101 378 374
1 18 2
67 259
2 12 9
100 194 130 364 408 24 465 278 263
2 25 4
49 195 398 491
2 22 4
97 241 288 432
2 21 3
278 272 277
1 16 4
69 36 306 71
2 33 3
104 44 243
4 20 6
110 176 226 143 297 11
2 29 3
372 362 398
1 11 6
203 217 185 34 35 186
1 21 3
268 144 440
1 9 8
421 156 303 37 184 336 136 15
2 27 3
333 18 210
4 24 7
79 85 331 129 361 83 125
1 8 9
210 202 356 359 297 134 299 138 497
2 31 3
186 457 413
4 22 7
283 149 470 343 126 269 401
2 11 9
15 266 313 64 341 242 458 388 89
3 13 10
347 252 360 77 424 44 367 206 131 185
1 11 7
239 365 351 330 49 301 181
2 28 4
23 49 92 245
3 23 5
276 166 416 36 369
3 19 6
449 251 129 264 215 337
6 24 9
407 51 41 205 250 15 436 295 46
1 23 2
243 233
6 25 9
212 278 7 258 466 395 391 63 274
2 13 8
245 282 327 400 82 165 85 106
1 15 5
204 98 365 107 239
1 13 5
294 436 14 328 187
2 14 8
163 285 359 296 119 335 452 210
2 12 9
416 121 128 452 380 305 408 268 147
1 9 7
496 184 3 145 362 350 358
1 30 2
9 204
1 16 4
254 474 103 48
1 9 8
301 267 387 22 44 274 357 193
1 15 3
139 286 301
1 20 3
303 443 392
1 27 2
132 269
2 22 4
243 425 366 475
2 26 4
482 81 92 78
2 18 5
173 66 453 15 499
4 18 8
310 183 436 204 141 433 220 165
1 12 5
458 355 434 410 417
3 15 6
97 21 146 272 93 396
3 23 5
201 111 84 137 69
1 13 2
414 147
2 11 8
120 81 332 136 255 244 446 51
4 16 9
329 107 270 65 28 153 261 99 127
1 9 6
104 415 1 158 420 230
2 17 5
87 116 27 490 66
2 13 8
33 307 411 318 430 211 183 224
3 24 5
122 95 9 273 219
4 14 10
403 193 218 21 83 112 341 290 430 367
2 12 6
475 197 216 11 362 195
3 19 6
164 176 354 250 9 275
4 17 7
425 45 33 114 480 169 193
3 12 10
21 191 371 484 172 73 74 327 477 419
2 12 6
14 120 369 270 264 195
2 10 9
151 193 280 345 486 98 33 109 257
3 17 8
161 342 484 102 396 215 75 352
2 13 8
475 173 381 175 374 336 288 431
2 23 4
112 307 417 372
3 19 7
242 38 182 12 470 174 392
1 15 4
433 71 138 146
1 26 2
41 377
2 15 7
373 263 410 164 33 336 448
5 20 9
22 327 167 298 143 262 418 148 181
2 14 8
410 289 82 22 209 438 378 357
1 12 6
381 392 76 267 212 491
1 7 10
371 328 145 18 10 438 249 477 470 190
1 13 4
446 474 296 209
2 12 7
330 159 110 169 322 271 157
5 17 10
382 357 388 446 278 188 7 112 376 181
1 11 6
423 263 42 467 122 465
6 19 9
332 134 223 360 494 298 13 64 486
3 13 10
122 258 230 3 46 188 315 68 151 154
1 7 9
238 2 380 332 7 69 216 344 192
3 15 9
310 135 279 415 333 86 256 146 362
1 27 2
264 450
4 14 8
454 3 122 287 302 76 127 235
1 12 6
16 240 448 60 55 99
1 11 4
330 166 254 43
1 14 5
395 62 57 265 393
2 9 10
211 341 303 177 119 103 486 410 146 386
5 16 10
308 408 327 419 158 235 82 188 302 352
5 22 8
369 272 37 187 91 233 409 239
4 20 8
88 486 63 200 206 252 13 468
2 16 4
248 297 123 58
1 11 6
355 118 356 463 429 391
1 7 10
293 241 457 57 288 37 50 306 142 197
1 37 2
113 318
2 28 4
264 257 145 59
1 26 2
1 38
1 21 2
9 24
1 12 5
443 381 176 464 10
2 19 3
126 301 346
1 21 2
166 446
2 20 5
470 427 475 2 332
3 14 9
397 313 351 125 33 113 177 176 166
3 26 5
256 381 125 206 173
1 14 4
308 61 171 299
4 24 7
415 75 274 477 414 373 56
1 25 2
90 230
2 20 3
15 83 204
3 21 6
363 436 322 155 356 87
1 11 6
357 496 127 383 397 200
1 30 2
90 175
2 16 6
258 15 194 454 34 131
2 13 7
231 130 425 133 313 35 489
1 30 2
478 256
2 18 6
234 433 186 90 412 313
1 8 9
62 58 462 96 107 348 262 366 150
1 32 2
261 365
5 20 10
284 453 293 58 286 165 246 311 59 248
1 17 4
70 292 202 252
1 20 2
101 308
1 11 6
396 381 455 251 490 337
2 17 6
288 302 368 155 325 81
1 21 2
78 321
3 22 6
66 117 318 81 458 149
1 8 9
331 87 260 147 97 387 235 325 414
3 13 7
69 431 18 323 71 15 444
2 16 4
72 498 163 177
2 23 4
462 18 293 485
2 16 6
111 403 283 152 146 149
2 17 5
270 381 49 287 26
4 14 8
10 26 127 325 369 139 276 174
2 16 5
319 22 162 254 54
3 14 10
25 113 59 291 205 245 456 377 133 177
2 32 3
59 86 10
1 9 7
244 81 48 139 391 241 50
1 15 4
347 129 421 471
2 17 5
395 420 246 464 304
1 19 4
332 169 333 181
1 18 3
490 228 426
2 30 3
484 358 33
2 20 4
204 152 374 193
2 16 6
126 226 295 80 117 267
1 27 2
455 383
3 20 6
426 47 139 263 239 231
1 11 6
104 361 47 456 1 311
1 11 5
112 371 91 247 35
4 17 10
283 253 294 471 417 33 168 424 413 333
1 10 6
20 420 211 265 147 290
3 16 9
164 184 429 225 395 144 402 169 365
2 21 5
269 430 389 222 5
1 22 2
412 393
1 17 4
464 466 178 356
4 19 8
436 426 365 18 415 93 203 446
6 19 10
50 295 47 393 353 437 490 0 190 74
4 14 9
297 89 435 157 363 403 414 206 433
2 20 4
258 443 287 460
1 24 3
365 489 159
1 10 4
370 236 138 72
2 15 7
114 26 198 362 331 38 111
6 22 9
124 93 305 280 439 492 249 33 491
3 14 7
32 384 491 296 456 47 474
2 10 10
202 268 373 383 302 106 349 101 395 394
2 18 6
461 283 381 291 126 30
4 17 6
212 42 127 108 382 130
6 23 9
375 284 227 352 298 300 294 450 409
2 16 7
467 186 402 43 263 20 115
2 13 7
214 66 354 441 124 326 339
1 17 4
228 315 476 352
1 8 9
142 408 297 350 75 249 400 4 358
4 19 7
264 154 127 96 338 263 374
4 23 6
176 330 473 484 376 84
4 14 9
85 379 93 174 484 2 217 307 314
3 13 10
440 170 398 147 383 229 84 361 251 15
5 20 10
495 70 375 368 99 251 80 399 376 9
2 20 5
87 144 187 257 33
1 18 3
384 105 443
1 12 5
87 254 156 230 95
1 18 3
78 148 283
2 16 3
34 21 98
1 9 7
391 281 123 379 251 84 287
2 20 5
179 172 406 341 154
4 17 8
233 47 451 355 372 176 427 12
2 10 10
370 458 413 38 225 146 366 376 420 275
1 8 6
94 176 52 236 133 115
2 18 6
445 9 186 256 352 242
4 17 10
318 463 226 366 78 314 81 326 232 396
1 10 6
167 435 218 99 219 456
5 26 8
146 291 261 37 361 358 474 187
2 11 9
290 261 238 106 116 448 133 85 135
1 16 4
42 205 405 90
2 36 3
333 285 457
5 18 9
139 471 220 394 373 39 186 171 476
1 15 3
123 114 106
2 13 4
340 346 54 223
2 13 8
279 44 245 60 289 212 27 176
1 10 5
328 219 226 347 240
6 17 9
301 387 434 338 186 308 206 174 176
5 21 10
219 331 473 182 437 198 332 63 392 467
2 15 6
445 261 480 492 323 217
2 11 9
55 150 179 379 160 124 466 472 340
1 35 2
491 75
1 9 8
38 48 449 418 201 474 219 365
2 19 4
312 403 346 118
3 16 5
443 314 254 321 69
5 19 10
482 449 373 15 467 200 213 312 171 21
6 18 9
292 8 436 131 127 110 14 108 223
1 21 2
227 122
1 11 5
141 370 480 153 42
1 23 2
347 121
5 16 10
17 379 240 59 487 442 342 397 123 262
3 18 8
44 142 432 361 405 150 384 469
1 9 8
372 174 181 202 438 346 383 443
3 15 8
163 398 215 312 430 12 486 455
1 14 4
134 317 218 99
4 14 10
484 491 306 300 195 253 381 225 242 257
3 25 5
62 94 395 456 216
1 7 10
276 207 371 348 431 147 151 108 358 255
6 17 10
323 228 99 156 226 327 309 362 280 108
1 34 2
205 249
1 9 8
15 281 420 268 258 230 402 473
1 13 5
135 260 287 148 418
3 12 10
304 140 129 75 269 360 384 209 290 338
4 15 7
265 42 480 147 65 72 121
4 17 8
388 454 303 365 241 277 401 484
1 19 4
288 375 92 10
4 21 8
470 48 5 257 203 343 338 331
1 15 4
283 242 106 54
1 14 3
166 229 401
2 28 3
247 332 125
2 20 5
63 369 427 193 59
5 22 9
415 284 257 486 295 82 80 377 339
2 26 3
135 499 156
1 22 2
89 205
6 22 10
352 69 474 425 36 4 206 178 339 157
1 11 5
122 345 393 491 346
4 17 7
353 499 138 158 115 133 284
2 29 3
154 204 84
6 19 10
236 221 110 340 347 234 425 133 75 152
3 14 8
158 348 265 52 413 439 229 36
1 17 3
358 45 396
2 21 4
82 276 369 458
1 17 4
341 242 166 421
3 19 6
486 478 321 425 22 323
5 23 8
281 217 430 210 327 204 113 67
4 17 8
328 428 30 114 437 67 74 461
1 24 2
143 31
4 22 6
148 460 444 404 90 118
4 15 10
439 84 322 429 116 402 114 411 109 99
1 14 5
168 57 7 263 10
2 11 7
160 384 291 109 344 317 180
1 16 4
198 87 363 343
1 10 7
215 70 482 288 338 489 370
2 20 3
223 443 51
1 17 4
50 350 365 197
1 16 4
44 475 209 73
3 13 8
339 209 151 420 246 33 350 337
5 22 8
146 193 158 127 331 281 318 168
3 15 8
0 124 272 66 393 313 353 39
2 9 9
300 149 237 328 298 286 53 228 133
3 11 10
12 144 416 244 370 272 98 347 38 460
1 37 2
365 459
1 26 2
20 367
1 11 5
309 254 453 412 110
2 21 4
411 24 279 398
1 21 3
185 205 316
2 9 10
266 68 382 8 24 319 141 36 192 136
3 18 6
260 193 463 326 47 57
2 11 7
212 55 381 27 162 327 449
2 15 5
436 367 299 67 98
3 10 10
4 15 278 155 442 1 98 189 300 23
1 18 4
462 63 185 292
2 19 6
199 320 166 316 76 292
3 18 8
26 214 411 245 345 91 293 270
2 21 4
167 176 97 191
4 20 6
220 187 209 283 320 23
1 14 5
86 383 386 488 115
2 10 9
400 278 251 154 195 11 412 315 363
2 23 4
156 112 2 168
2 11 10
88 320 402 483 245 465 186 48 180 236
2 18 5
66 294 210 277 78
2 18 6
182 15 349 390 474 453
1 15 4
406 15 291 41
2 21 4
147 342 354 85
3 15 6
47 438 330 65 193 487
3 12 9
302 378 189 322 120 376 499 281 444
3 13 10
237 189 164 287 464 364 482 98 77 150
3 13 8
167 380 189 493 304 166 150 42
4 18 6
27 308 6 360 63 100
1 22 3
9 372 355
4 20 8
410 17 403 255 53 346 392 30
1 27 2
365 319
1 33 2
291 354
1 9 8
355 179 159 73 117 389 354 294
2 16 6
459 48 467 73 234 137
1 9 8
265 448 255 323 430 110 161 194
2 12 8
264 228 195 48 94 321 210 480
1 17 4
12 438 458 245
1 22 3
144 86 406
3 11 10
409 0 80 110 18 450 364 287 261 119
1 17 3
454 408 334
1 22 3
336 323 404
4 20 6
154 152 334 108 450 100
2 16 7
318 365 147 155 39 290 431
1 12 5
311 237 121 411 477
2 16 5
400 159 496 129 272
1 8 9
9 272 26 250 358 423 259 57 254
3 12 5
351 439 476 330 379
1 7 9
418 307 121 150 203 118 24 42 316
3 18 8
239 229 356 406 424 207 482 447
2 20 3
14 162 282
2 11 8
314 140 223 47 466 226 105 340
2 20 4
374 234 51 220
4 16 9
3 398 296 217 118 425 229 159 192
1 6 8
192 233 425 417 344 326 74 272
2 26 3
170 432 63
4 22 7
126 308 106 298 420 332 402
2 29 3
28 391 59
2 10 9
455 172 284 160 489 74 484 115 90
2 28 3
67 265 474
4 21 7
495 218 137 152 258 133 96
2 13 7
211 133 342 300 141 87 474
2 14 8
145 474 64 333 358 71 60 172
1 8 8
150 265 84 297 488 424 191 145
1 18 3
189 392 311
3 15 8
209 457 452 449 358 38 300 52
1 7 9
373 456 451 422 60 294 151 206 398
2 9 10
243 303 314 86 225 419 384 279 287 140
1 20 3
77 82 401
2 12 8
133 161 110 206 454 59 183 125
4 26 6
77 461 386 485 282 137
1 10 5
484 262 240 41 38
1 14 2
334 444
2 8 10
172 60 3 35 476 255 127 367 133 323
1 14 5
347 209 200 313 101
4 27 6
341 476 95 359 491 386
2 10 10
398 314 216 395 249 211 335 144 193 26
5 16 10
219 242 496 348 420 45 440 468 328 499
2 15 5
79 0 133 147 132
1 25 3
135 61 333
4 21 7
436 73 275 430 480 77 428
2 29 4
153 260 366 27
1 8 7
72 496 130 64 297 44 337
1 27 2
59 362
1 10 6
401 328 83 366 229 141
1 16 2
367 324
5 17 10
499 69 289 4 412 354 181 456 446 329
1 14 5
250 331 370 211 457
1 27 2
94 274
2 10 9
219 471 409 385 485 496 433 381 334
1 22 3
181 232 254
3 17 8
478 199 221 291 321 292 274 107
2 12 8
181 11 89 376 411 401 22 422
2 12 10
62 336 112 293 9 471 395 494 292 82
1 9 7
432 82 451 9 472 23 378
2 20 4
251 85 283 346
3 16 9
350 466 119 407 203 251 386 232 293
1 19 2
360 479
5 17 9
99 58 236 225 294 35 416 246 230
3 11 10
344 211 429 416 480 191 279 103 302 52
3 14 10
480 309 498 200 329 410 435 474 122 295
4 19 8
83 319 314 364 62 112 92 369
2 17 6
95 369 383 151 110 359
2 31 3
230 76 9
1 9 8
355 446 265 392 429 403 40 75
2 32 3
418 386 76
3 17 6
396 327 119 184 76 217
3 17 7
456 375 289 57 197 135 99
2 16 5
363 452 330 94 135
1 7 10
420 105 150 392 467 27 40 77 496 381
2 11 9
436 96 299 426 80 195 344 447 159
2 24 3
360 482 248
1 12 4
238 438 379 254
1 20 2
29 355
1 25 2
492 101
2 9 8
487 43 486 475 16 324 328 193
1 11 7
486 282 260 339 426 421 313
1 10 3
396 247 241
2 9 8
499 148 240 374 443 241 54 415
1 8 7
462 101 476 69 348 483 494
3 10 10
310 237 414 342 488 305 95 208 19 384
1 11 4
127 119 234 399
2 9 10
101 460 319 160 442 426 198 439 181 353
2 20 3
281 223 439
1 13 6
260 80 226 36 320 469
5 17 9
123 235 93 404 371 327 407 390 361
1 6 10
43 419 423 226 78 289 491 146 116 210
6 24 9
151 364 175 424 219 470 302 205 41
2 23 3
481 287 364
1 24 2
237 348
1 22 2
434 118
1 15 5
262 49 272 495 61
2 9 10
15 423 96 285 446 7 38 340 261 298
4 23 6
154 488 447 252 144 98
3 28 5
490 203 7 238 260
1 14 2
26 280
3 21 6
150 474 455 140 232 385
2 13 7
455 60 401 38 452 33 249
2 13 7
352 56 238 324 9 161 444
1 7 4
195 351 302 259
4 16 9
183 422 321 326 417 271 415 439 260
1 9 8
273 83 293 98 355 291 410 345
2 16 4
270 348 259 314
4 25 6
358 165 56 275 50 417
1 14 4
300 350 234 191
1 33 2
131 128
1 7 10
451 130 60 100 119 341 236 318 259 174
1 9 8
214 278 479 314 302 149 464 133
1 25 3
135 490 366
1 24 2
223 291
4 13 10
226 164 28 127 126 254 138 362 20 18
2 30 3
335 209 421
1 7 5
247 0 302 199 47
2 15 3
103 139 141
1 7 9
388 109 8 306 76 307 215 192 15
1 16 4
205 291 15 465
1 9 8
465 162 159 316 291 84 244 179
1 16 2
195 428
1 10 7
307 240 424 74 294 195 260
5 20 8
123 26 107 23 366 495 8 101
1 11 4
330 457 334 353
3 19 5
3 202 380 87 187
1 7 10
340 364 375 260 384 194 245 141 295 218
1 16 4
92 110 231 450
3 23 5
111 83 289 482 102
1 11 5
253 123 218 2 398
1 30 2
405 321
2 10 9
164 485 34 20 234 416 282 275 114
3 17 5
56 141 13 6 299
2 29 3
200 211 433
5 19 8
231 480 436 319 442 444 138 258
1 26 2
490 129
2 19 5
222 46 10 332 16
1 28 2
173 11
2 16 5
344 100 394 378 12
5 14 10
183 184 347 298 424 236 136 4 191 212
2 20 5
213 154 138 461 152
2 23 3
287 240 211
3 13 10
191 358 173 38 485 280 80 101 41 51
2 12 7
2 451 409 109 120 118 4
1 8 8
384 308 224 86 221 47 429 172
3 25 5
20 87 221 325 281
3 18 6
81 459 11 374 209 70
3 12 10
424 369 268 301 104 280 23 481 162 367
4 17 10
451 215 128 126 312 383 77 434 334 336
2 13 5
295 122 311 454 3
1 12 4
160 423 413 261
1 13 4
8 161 451 53
1 16 3
133 141 255
4 15 8
330 323 460 400 28 41 298 166
2 23 3
29 314 81
1 17 2
423 441
2 27 3
123 279 313
3 24 5
408 174 361 24 68
4 24 6
167 70 376 313 9 431
1 21 3
29 179 10
2 11 10
366 426 39 411 61 197 170 253 482 215
2 19 5
402 337 131 221 216
2 12 9
335 168 174 396 57 453 429 79 246
1 20 3
66 106 345
5 19 9
433 376 147 73 423 70 466 217 390
3 21 7
179 211 357 76 436 408 102
3 14 9
225 300 151 18 488 234 172 37 470
4 17 10
295 39 363 111 14 296 341 252 318 137
4 18 8
73 13 314 242 320 248 383 368
2 18 6
79 475 468 65 265 291
1 13 5
156 121 374 178 97
6 17 9
300 314 454 219 201 145 80 471 66
2 19 4
52 134 67 498
1 7 9
78 139 422 368 321 161 3 439 396
1 13 4
429 307 27 31
5 21 8
158 363 299 132 415 111 433 255
1 7 9
3 26 396 412 125 94 294 51 389
4 19 8
268 422 83 468 287 372 237 21
1 15 2
45 305
2 17 6
174 414 97 250 221 36
2 9 10
384 176 73 488 322 238 468 146 61 151
1 21 2
446 126
2 19 3
165 58 24
2 11 8
71 485 467 268 127 253 110 274
3 14 7
320 177 381 261 488 9 266
1 25 2
266 473
3 19 5
122 314 274 9 434
3 18 7
382 228 141 121 157 402 20
2 22 3
338 247 310
1 15 2
465 434
1 22 2
28 230
2 18 5
324 24 402 410 344
1 17 3
152 162 390
4 23 7
179 32 464 440 407 362 333
2 21 4
393 463 196 0
3 22 5
34 17 100 472 495
1 14 4
165 496 99 30
2 22 3
102 431 186
4 21 7
195 325 161 26 84 93 53
4 13 10
384 99 334 417 253 120 29 209 62 385
3 13 5
301 89 456 145 404
3 22 5
159 484 137 389 495
4 16 9
259 205 20 165 467 401 4 54 371
2 21 4
397 331 375 300
3 18 6
26 148 450 316 50 27
2 12 9
113 316 208 11 428 366 221 251 234
1 20 2
9 45
5 26 8
424 482 373 495 319 277 243 118
3 18 6
201 351 49 377 43 390
2 19 4
16 337 354 206
2 12 9
275 399 186 238 9 99 304 364 245
3 16 9
47 36 417 352 485 439 402 50 421
1 24 3
40 45 335
2 15 7
318 209 85 360 37 482 305
1 12 3
212 302 126
2 14 6
211 112 229 12 196 104
3 14 8
47 152 319 83 26 34 33 79
1 18 4
232 88 448 172
3 15 9
194 431 168 263 409 6 212 237 103
1 9 7
345 8 204 427 251 259 83
2 22 5
386 128 347 370 288
4 16 9
261 225 142 488 143 292 210 19 356
1 31 2
148 179
1 24 2
396 169
3 20 7
251 357 145 476 48 194 49
1 26 2
13 36
1 31 2
473 95
2 16 5
361 353 2 135 42
3 26 5
268 399 82 489 49
4 17 8
459 190 70 479 28 290 160 425
3 15 6
275 215 225 429 267 119
1 26 2
222 187
1 13 5
39 54 363 227 307
1 19 2
189 328
2 18 6
20 326 4 106 49 178
1 16 2
278 74
2 11 9
299 377 76 321 398 304 452 37 437
1 18 4
292 117 409 101
2 12 9
95 269 497 274 119 357 405 12 188
2 10 9
299 499 236 419 90 42 122 470 113
3 14 7
154 228 222 242 223 130 364
1 10 5
420 81 197 431 306
4 21 7
486 459 384 291 431 350 103
2 19 6
214 73 194 187 354 76
1 21 2
270 138
2 25 3
53 251 210
2 17 4
206 115 8 127
1 28 2
180 46
2 24 3
444 422 363
3 14 10
457 6 288 332 469 163 289 390 44 145
3 13 10
234 376 242 169 474 121 466 434 70 450
1 21 2
270 138
5 19 10
61 390 39 232 51 275 170 253 489 29
1 13 2
13 353
2 11 10
281 466 378 133 79 357 127 162 430 446
4 19 8
232 19 244 152 217 451 54 336
3 11 9
398 327 296 184 419 454 242 237 294
2 18 5
465 238 378 478 441
5 21 8
278 164 52 172 468 207 249 210
5 16 8
95 42 472 286 385 145 88 119
2 11 9
465 20 234 328 373 172 433 105 123
4 19 8
18 161 326 389 416 75 309 190
3 19 7
111 23 218 281 121 175 61
1 36 2
128 86
2 19 3
246 202 280
2 18 6
13 249 82 447 92 390
2 12 6
109 155 227 360 355 362
5 24 9
36 444 392 313 123 391 322 238 368
1 14 5
276 411 264 134 38
1 24 3
178 31 239
2 20 4
230 429 265 382
1 16 2
237 407
2 12 6
339 118 456 414 499 41
1 7 10
201 49 364 84 339 493 149 88 487 8
1 17 4
447 448 160 494
3 21 6
286 333 102 356 109 164
2 13 8
41 333 77 441 228 408 289 419
6 17 10
143 305 429 76 3 136 465 471 488 197
3 17 5
65 462 109 16 423
1 22 3
1 368 254
1 6 9
166 278 370 163 312 165 6 462 279
2 11 9
50 39 498 229 457 72 372 478 263
1 20 2
38 311
2 25 3
449 470 404
2 27 3
49 443 166
1 14 5
354 458 483 305 128
4 15 7
211 90 222 327 57 210 203
1 15 3
93 271 110
2 18 4
99 206 401 164
2 11 10
73 284 375 295 88 488 380 448 249 114
1 12 4
208 219 212 47
3 23 5
326 498 238 182 51
1 28 2
482 465
1 7 10
380 112 473 281 413 368 267 117 167 172
1 24 2
124 393
4 19 9
20 484 256 70 349 202 191 245 51
1 15 5
154 295 297 135 358
3 13 10
59 352 25 320 344 90 117 32 94 360
1 12 6
40 174 295 248 191 277
2 12 9
263 343 291 159 412 306 196 447 490
1 17 4
378 413 68 12
2 20 4
107 148 149 98
3 17 5
26 60 351 28 131
1 16 2
407 326
4 19 6
385 96 269 345 369 259
2 20 5
211 12 318 5 56
1 18 2
399 133
5 17 8
396 236 353 89 286 211 213 29
5 22 8
194 159 152 7 109 498 107 320
5 21 8
218 66 73 364 45 80 58 373
1 8 6
344 428 137 15 174 460
2 17 6
221 167 264 34 486 279
1 7 10
181 227 198 469 124 222 377 429 164 478
1 17 3
411 71 129
3 19 5
337 181 78 207 265
1 22 2
208 107
2 25 3
215 278 5
2 21 4
392 32 426 1
3 22 5
185 228 377 33 252
3 22 6
245 469 296 136 62 199
6 21 10
70 250 432 259 154 80 15 256 404 63
4 16 10
251 150 141 383 377 337 103 185 294 333
2 11 9
413 491 148 87 358 348 207 323 59
2 26 3
420 297 22
1 17 4
424 136 250 124
3 13 8
379 233 473 191 355 360 33 498
1 9 8
475 212 265 462 144 96 240 36
1 10 5
112 308 228 345 259
2 22 5
326 464 172 260 40
1 12 6
133 329 264 103 356 397
3 18 7
216 200 422 214 2 420 419
1 7 9
372 147 454 114 173 428 484 341 130
3 14 7
297 96 432 370 33 145 108
3 16 8
434 150 288 382 55 70 101 19
1 22 2
485 425
1 11 6
205 258 417 486 256 455
1 10 7
184 0 348 460 336 430 240
2 13 8
53 214 242 461 105 70 20 382
6 26 9
378 344 335 297 277 467 447 196 91
2 22 5
232 289 153 131 76
2 22 3
337 260 414
1 26 2
365 302
1 32 2
485 464
2 10 10
457 342 329 164 259 69 246 241 7 381
4 15 9
131 127 204 276 478 256 379 45 401
2 18 5
457 261 246 242 75
1 21 2
310 267
6 23 9
95 366 124 354 490 369 66 457 157
3 18 6
311 347 444 441 48 358
4 22 8
291 177 317 105 56 335 4 459
1 34 2
40 82
1 25 2
50 237
3 14 9
171 390 168 381 161 63 367 146 66
1 19 3
228 359 271
4 18 8
155 96 35 125 291 152 162 476
1 11 6
232 241 440 176 226 159
1 7 10
212 117 178 33 359 479 246 259 193 21
1 14 3
266 147 9
2 14 7
40 212 399 485 306 89 125
1 19 3
349 432 231
2 14 7
57 331 347 352 219 234 247
2 10 10
238 459 24 115 164 10 181 68 230 406
4 24 6
477 72 327 144 117 69
2 22 4
271 401 117 359
1 24 3
361 304 232
3 18 8
82 231 365 266 273 265 378 83
2 14 7
134 79 339 379 374 160 7
6 21 9
117 308 12 425 470 432 414 466 243
3 16 8
64 148 251 198 236 364 355 76
3 23 5
36 312 198 45 208
1 14 5
317 487 79 410 212
3 12 8
142 31 338 95 187 211 351 431
2 22 4
291 215 226 254
1 8 9
212 392 432 322 476 137 257 253 98
3 13 9
207 418 96 7 189 100 365 455 384
4 17 7
338 50 223 406 301 153 26
1 14 5
178 365 488 98 415
1 17 2
380 276
3 19 7
472 433 268 329 153 486 11
4 23 7
416 263 308 253 156 431 318
5 22 9
213 109 366 179 38 48 299 199 200
4 16 7
497 384 476 350 147 496 473
1 20 3
377 275 48
5 21 10
498 143 249 44 60 403 378 466 9 424
4 17 6
373 497 2 275 64 165
4 21 8
80 291 86 407 220 391 416 320
1 15 2
207 334
1 18 3
165 342 300
1 16 5
389 409 239 293 497
2 17 6
238 366 436 178 379 450
1 17 4
19 256 37 397
2 16 5
240 261 160 498 315
1 18 2
387 248
2 14 4
389 334 311 432
4 30 6
292 39 273 229 436 440
1 17 4
491 39 114 241
3 18 8
187 285 203 47 448 420 318 97
2 23 4
324 325 316 458
4 19 7
354 376 137 161 98 380 203
3 14 10
330 405 299 10 79 137 30 275 113 65
1 18 4
375 234 148 5
3 21 6
466 231 3 361 87 417
2 14 8
213 119 480 256 368 469 303 99
1 13 5
457 157 113 25 7
3 16 7
32 347 283 276 264 8 145
4 17 7
291 236 419 112 299 146 223
1 9 8
105 275 245 256 469 59 67 11
3 16 5
23 57 3 89 107
3 17 7
86 373 4 465 50 355 221
3 14 10
264 83 351 477 462 344 385 128 299 400
1 13 5
185 129 163 457 159
1 9 8
281 116 486 420 264 126 76 185
2 10 10
352 104 20 9 93 111 387 389 267 407
3 15 10
55 347 239 143 222 322 40 456 122 175
2 12 8
248 197 302 22 221 177 363 109
5 17 9
269 437 102 133 147 314 345 467 146
4 26 6
295 433 206 191 194 498
2 29 3
323 62 176
2 25 3
7 308 161
3 18 7
37 131 103 265 257 498 294
1 23 2
56 444
3 15 8
405 143 107 172 311 382 18 64
2 18 6
278 369 358 106 307 430
3 20 6
157 472 45 436 438 213
6 24 9
141 232 448 495 270 118 365 373 127
4 16 9
346 469 95 34 423 77 357 110 127
4 21 7
425 367 134 154 169 37 94
4 22 6
104 191 51 479 33 192
1 10 6
246 253 339 327 372 296
1 18 2
74 98
2 10 9
71 272 449 94 75 100 443 312 410
2 22 3
78 424 225
4 12 10
478 317 70 370 116 57 92 351 276 345
1 7 9
399 407 454 99 426 395 403 187 256
4 18 10
213 431 164 393 359 130 27 490 250 214
5 18 8
493 236 104 254 208 237 220 153
1 7 9
25 82 215 352 211 226 309 199 315
2 11 7
112 8 3 277 446 237 201
2 23 4
176 233 458 318
3 12 10
344 170 148 39 69 119 11 63 100 246
1 11 4
3 321 160 446
1 11 6
388 411 9 341 198 276
6 21 9
261 372 429 357 297 324 71 426 114
2 10 10
74 491 264 451 228 483 208 361 343 319
5 19 10
124 161 23 253 231 258 25 336 126 79
4 26 6
335 155 451 458 321 392
3 22 5
241 440 444 93 161
2 11 8
262 301 162 244 494 111 109 4
3 20 6
402 69 485 34 81 487
2 21 5
496 153 457 313 161
3 22 5
170 269 398 426 102
2 17 6
71 236 345 22 105 48
1 8 10
351 128 25 260 247 365 238 20 272 334
1 21 2
150 414
2 32 3
402 342 58
2 11 9
250 135 173 445 109 169 462 88 32
1 15 4
97 130 311 468
3 15 7
170 8 462 454 16 355 76
3 24 5
115 315 376 40 319
2 20 4
12 242 335 42
1 14 4
149 12 42 236
5 15 10
489 119 200 189 29 303 376 322 67 390
2 14 8
232 165 443 218 311 260 245 354
2 14 5
287 95 423 120 57
1 20 3
226 16 383
1 22 2
267 486
1 23 2
340 106
4 20 7
310 242 226 491 159 180 275
1 23 3
337 49 440
5 18 8
254 84 7 3 69 209 8 328
2 14 4
148 353 29 449
2 15 5
402 29 385 388 324
2 17 5
212 257 476 175 414
4 25 6
390 182 134 47 61 101
2 27 3
9 76 120
2 17 6
92 131 40 255 253 323
4 11 10
307 320 236 496 314 83 230 344 384 231
1 28 2
38 398
3 18 8
418 413 455 252 489 482 182 318
1 11 6
284 478 20 74 243 403
1 15 4
267 492 33 373
1 15 3
207 87 130
1 24 3
448 153 109
3 13 8
431 258 242 404 400 83 259 371
1 10 7
175 404 106 236 311 127 343
3 24 5
379 277 109 458 224
3 16 6
414 52 142 74 124 156
1 11 7
392 113 172 293 233 57 232
3 19 6
72 474 489 290 43 66
1 40 2
368 402
1 7 7
199 41 2 499 320 434 486
5 24 8
106 268 117 166 84 238 409 286
2 15 6
352 351 453 235 434 43
2 25 3
116 176 405
2 34 3
106 486 239
2 19 5
281 336 50 127 290
3 14 9
449 458 118 380 358 41 481 492 338
1 8 9
61 87 345 261 498 405 372 31 102
3 29 5
218 255 257 421 293
4 20 8
196 0 125 76 244 286 227 262
2 24 3
465 495 261
3 12 8
370 14 18 496 175 47 290 299
4 21 6
346 431 128 367 147 378
1 8 8
29 145 494 340 231 236 288 450
3 17 7
330 372 478 499 295 309 104
3 15 5
197 45 415 2 229
2 18 6
313 264 458 241 367 78
1 7 9
230 403 198 442 218 24 237 143 196
3 16 5
16 164 387 198 399
2 14 6
225 197 379 200 327 37
2 18 5
355 264 485 183 226
3 19 7
461 150 62 435 0 468 114
1 25 2
290 187
1 14 5
305 461 168 177 157
4 22 6
427 98 61 103 15 357
3 17 6
380 262 148 75 486 307
1 7 10
390 73 49 435 372 340 212 278 476 25
2 12 8
129 484 9 125 150 163 471 206
3 18 7
194 62 58 31 107 255 334
1 14 2
439 456
2 13 8
368 347 355 252 192 143 390 490
3 16 8
470 452 204 149 461 248 276 139
1 23 2
177 180
2 27 3
424 210 38
1 15 4
9 401 413 77
1 15 4
143 247 391 262
1 12 5
52 467 51 162 374
2 15 7
495 453 75 220 183 468 471
2 23 3
415 16 104
6 24 9
310 12 331 23 375 250 136 417 124
1 36 2
359 467
2 11 10
193 275 25 192 227 351 22 168 136 336
1 10 6
465 279 108 283 308 493
3 23 6
443 55 417 92 73 190
1 19 3
199 263 162
1 8 7
328 296 101 411 246 104 217
3 16 8
157 92 60 67 295 394 252 150
1 8 7
429 458 42 414 210 231 199
3 20 5
98 345 270 211 366
6 22 9
313 151 192 123 79 415 241 72 359
1 15 5
168 49 14 464 332
2 16 6
181 72 166 144 433 443
3 23 6
97 475 397 341 477 249
3 16 7
319 276 1 136 308 156 137
1 10 7
443 365 48 224 225 465 411
1 31 2
292 162
3 13 10
117 327 342 96 363 480 246 59 277 34
2 13 9
193 328 310 40 405 355 128 35 273
1 14 2
380 29
2 11 10
445 289 449 269 294 182 433 427 105 252
3 15 10
200 122 62 197 320 477 23 198 32 388
4 18 8
160 149 420 434 268 282 392 209
1 13 5
90 346 284 342 350
3 13 10
207 424 222 455 274 143 35 251 57 474
1 23 2
58 12
1 26 2
390 461
3 13 10
457 142 209 396 329 360 415 128 132 376
4 18 7
129 86 249 123 43 370 272
6 25 10
76 1 291 108 408 368 310 32 331 308
2 16 5
232 229 85 114 306
2 18 5
0 221 437 186 53
5 17 9
157 296 450 132 207 92 290 260 160
3 16 8
430 292 83 25 255 134 382 137
4 17 10
171 356 472 61 149 217 175 222 151 448
2 11 10
186 449 158 312 378 232 447 353 105 393
1 11 5
388 133 243 32 411
1 16 2
115 0
5 18 10
452 168 403 236 322 339 285 235 316 491
1 15 5
327 40 179 387 63
6 26 9
256 159 30 245 216 300 400 269 42
5 16 10
420 85 287 346 91 317 309 134 107 271
2 24 3
201 477 57
1 27 2
487 363
4 14 10
224 334 367 283 64 133 437 320 442 22
3 21 6
94 274 328 5 285 390
2 17 6
360 148 262 293 461 377
1 7 9
265 473 7 35 205 29 151 47 204
2 15 3
236 171 437
1 21 3
76 369 483
1 8 7
299 114 423 86 322 25 38
2 15 6
490 96 446 2 40 437
2 13 8
45 369 283 87 438 459 361 470
4 16 7
305 41 405 3 47 330 64
1 32 2
155 372
2 35 3
361 365 37
4 18 10
293 75 31 182 36 268 120 390 422 452
2 20 4
120 126 77 255
1 18 3
45 422 65
1 8 5
147 83 78 275 456
2 26 3
439 56 472
4 17 10
168 6 48 117 179 82 259 403 182 218
2 11 7
203 85 191 141 6 449 466
4 14 10
195 289 239 423 31 89 24 434 50 290
3 15 10
405 63 368 85 28 188 69 219 245 99
6 19 9
286 259 450 360 306 121 215 232 311
4 23 7
125 104 107 50 490 41 318
6 19 9
405 235 337 396 2 280 472 474 401
3 17 7
209 147 100 405 351 434 264
2 19 4
376 254 463 109
1 10 7
324 186 301 314 242 90 243
2 11 9
9 287 193 319 13 315 491 345 293
1 15 5
22 394 414 232 392
2 18 3
226 437 389
1 12 6
291 466 332 367 101 34
5 20 8
172 142 398 125 244 369 382 228
4 16 9
341 228 233 399 81 299 392 305 155
3 15 7
391 476 390 235 59 136 14
1 15 4
351 131 97 354
3 18 6
187 171 468 140 287 35
1 15 5
315 22 141 24 365
3 15 8
159 80 6 157 143 323 161 406
4 15 6
174 145 262 116 126 312
1 10 7
15 87 494 62 440 116 204
3 12 10
176 320 174 74 482 382 182 99 272 274
2 13 8
402 90 255 352 201 32 265 252
1 9 7
282 392 283 150 278 165 4
2 24 3
290 376 413
3 17 8
36 148 0 179 334 9 410 369
1 12 5
295 123 479 339 396
3 14 10
214 336 14 225 279 170 289 59 335 127
1 8 9
454 140 375 67 191 473 440 308 421
4 20 8
306 257 217 491 130 433 233 66
2 10 10
36 187 194 103 191 205 174 165 163 248
6 23 9
66 468 178 347 272 196 250 82 24
1 23 2
298 222
1 9 8
111 157 234 461 318 340 428 10
2 15 7
218 284 405 349 248 488 333
2 21 3
355 371 85
2 14 6
178 413 426 429 338 141
2 27 3
236 234 342
3 12 8
401 319 279 351 69 459 476 367
5 18 8
272 307 312 166 473 493 363 145
1 6 9
215 220 268 314 133 157 229 60 305
1 8 9
224 341 408 378 82 205 16 227 311
1 11 5
220 367 182 442 160
1 17 4
64 80 352 73
2 21 3
388 81 171
2 10 10
283 385 102 356 11 306 421 96 89 117
1 20 2
302 10
4 17 10
416 103 110 30 387 77 469 292 225 449
4 16 10
66 21 173 199 110 6 331 47 264 111
3 13 9
238 4 283 433 166 483 177 370 353
1 16 4
466 449 346 342
2 16 6
293 319 489 209 294 381
2 22 3
75 337 403
1 27 2
184 473
5 20 8
354 150 130 120 437 112 287 402
2 22 3
9 207 309
3 11 8
341 57 83 337 195 282 307 141
1 18 2
165 311
1 23 3
77 128 13
4 22 8
43 320 373 186 82 416 291 113
1 9 8
230 194 21 211 393 474 354 316
5 13 9
18 451 374 13 158 24 120 109 4
4 18 9
471 80 437 415 289 314 365 412 61
1 10 6
259 172 73 100 3 261
1 8 9
103 169 465 217 237 191 106 337 232
2 11 7
202 78 127 217 122 381 487
2 16 6
376 340 372 426 499 485
2 18 3
136 88 371
3 14 9
342 8 459 423 145 87 216 332 362
3 26 5
392 170 184 333 404
6 22 9
450 137 164 469 24 284 166 458 9
2 11 10
271 217 324 22 403 473 94 328 356 349
1 7 10
190 198 387 256 78 188 17 283 111 358
2 14 7
262 239 197 352 384 240 415
1 18 4
103 405 329 306
1 20 2
241 135
4 14 10
77 463 241 90 426 40 43 237 27 64
1 20 4
404 333 477 228
1 24 2
196 26
2 20 4
296 3 75 472
4 17 10
63 227 21 107 301 288 378 290 190 316
1 32 2
295 457
4 19 8
168 274 73 409 254 345 32 291
2 11 9
232 281 67 499 469 492 218 274 267
2 9 8
114 229 254 419 70 486 339 265
1 7 9
437 44 207 77 110 188 384 184 416
2 35 3
76 263 373
2 18 5
227 130 187 329 60
1 33 2
48 357
5 20 10
102 379 366 349 206 234 261 363 356 429
4 23 8
482 76 112 293 79 341 11 31
2 22 3
341 280 140
6 18 10
195 315 202 209 305 461 72 462 290 226
1 12 5
76 438 439 115 334
2 18 4
430 346 223 54
4 26 7
358 96 470 62 75 490 196
2 35 3
386 7 291
1 7 10
162 203 165 278 56 108 257 313 117 336
2 14 7
97 449 400 446 82 46 163
4 21 6
214 210 460 155 233 78
3 27 5
430 177 200 329 332
2 13 7
17 104 311 331 296 281 326
1 18 2
143 407
1 22 2
7 307
2 20 5
134 415 239 7 88
3 25 5
152 197 333 305 44
3 16 5
264 308 236 414 145
4 19 9
243 340 336 331 346 9 13 299 175
5 19 8
325 98 343 142 295 11 209 487
2 14 6
498 374 428 44 299 9
1 23 3
469 212 458
2 22 3
90 434 118
1 8 10
252 62 435 387 329 271 318 392 248 135
2 10 7
374 19 145 452 200 195 201
1 18 4
461 214 210 242
5 22 8
45 241 313 487 97 250 60 388
1 9 8
95 108 357 155 455 284 423 358
1 24 2
488 345
1 19 2
140 337
6 19 9
127 104 25 443 259 286 348 185 220
2 13 5
103 42 138 290 210
4 24 6
202 365 31 38 84 426
1 19 4
477 306 228 378
2 18 5
281 247 336 259 253
1 7 6
390 471 165 57 191 88
4 20 6
471 377 225 499 53 249
3 14 8
268 378 312 272 242 299 437 114
1 18 4
252 293 106 332
1 15 5
243 313 366 73 232
1 7 9
54 218 337 42 213 4 117 351 401
5 21 8
321 242 488 12 332 293 201 9
5 21 9
256 67 331 211 192 283 4 417 269
1 31 2
150 117
1 22 2
228 364
1 37 2
391 62
1 7 10
441 157 187 334 455 278 211 453 149 78
1 15 2
431 446
1 12 6
268 331 94 419 482 98
2 15 3
480 233 278
1 7 10
490 323 385 358 416 185 129 276 356 495
2 17 3
475 319 90
6 20 10
487 496 283 346 106 208 46 13 449 383
1 12 4
266 28 414 25
2 16 6
8 468 373 438 80 422
3 18 8
44 160 398 368 489 340 291 106
3 22 6
499 407 97 457 361 91
1 26 3
419 477 291
1 15 5
287 314 208 260 459
1 8 9
62 391 198 304 174 467 472 449 157
1 7 8
350 177 337 4 467 203 42 32
2 18 3
147 96 346
2 13 8
410 114 365 486 170 317 243 398
1 19 2
428 326
2 18 5
173 189 331 236 495
4 19 7
226 121 187 425 268 395 276
4 21 6
83 398 331 54 296 495
3 19 6
459 248 20 89 13 261
2 12 8
205 384 155 365 258 17 485 50
2 9 10
286 336 320 303 338 89 163 225 485 312
4 17 7
377 197 322 337 470 2 38
2 14 7
374 39 227 346 98 234 466
5 21 8
172 375 118 413 123 240 211 360
2 22 4
105 348 328 145
1 28 2
150 1
1 14 5
47 158 63 128 37
2 20 4
379 89 111 416
4 16 10
239 210 39 34 108 325 231 287 240 401
2 25 4
137 468 68 285
4 21 8
392 99 172 441 76 202 12 256
1 23 3
461 328 206
2 9 10
315 157 376 497 73 187 343 107 161 173
4 17 8
121 438 6 233 291 483 261 345
6 20 10
189 113 462 463 99 121 223 169 391 146
2 24 4
265 461 356 177
4 21 6
136 470 418 163 138 70
1 10 4
406 12 369 209
1 14 4
208 196 253 72
1 12 5
152 393 274 139 196
3 15 7
355 109 346 337 315 486 317
1 7 10
130 254 176 339 402 347 467 450 390 213
1 36 2
269 144
1 26 2
423 491
3 15 7
258 420 449 418 195 479 183
2 15 7
186 313 338 418 353 180 435
1 26 2
287 148
2 20 3
141 385 436
5 24 9
410 335 414 36 245 480 146 445 329
1 17 4
422 160 22 495
3 21 6
374 49 206 317 342 290
2 9 10
314 132 94 12 16 68 385 362 93 488
1 15 4
290 291 309 191
1 9 4
311 388 98 456
2 16 4
90 345 42 452
1 17 2
300 321
1 7 8
192 484 338 28 6 133 368 193
1 26 2
411 429
2 18 4
307 304 49 133
2 20 5
142 318 349 494 254
2 25 4
76 80 54 221
3 22 5
350 162 86 462 87
4 16 7
230 220 362 423 382 403 347
2 11 9
448 227 53 2 244 218 318 271 103
2 20 5
194 86 121 201 181
4 22 6
66 9 61 387 90 254
1 19 4
112 291 459 453
4 18 6
334 129 435 215 83 285
4 16 10
88 27 334 316 194 221 468 144 483 70
2 19 4
84 26 498 457
2 12 8
234 213 287 166 282 117 93 220
5 23 8
346 430 93 481 211 165 206 358
3 13 10
420 10 60 198 293 422 150 8 38 412
1 14 3
456 185 327
2 13 8
71 115 260 91 183 50 238 116
1 21 2
413 28
6 16 10
326 223 323 259 363 225 432 355 290 6
1 18 4
427 4 453 213
2 28 3
224 486 346
1 38 2
293 175
2 27 3
413 410 274
2 23 4
379 222 376 245
1 18 4
468 7 79 113
2 20 4
440 151 47 465
2 21 4
86 246 101 487
1 35 2
291 93
3 13 10
249 12 315 99 287 493 444 368 199 419
1 11 6
95 450 492 382 333 306
6 20 9
479 17 301 250 303 412 158 377 87
2 34 3
22 332 56
1 11 6
73 221 40 74 327 258
2 13 8
112 294 154 232 157 119 459 179
4 28 6
116 315 167 264 99 477
1 29 2
286 23
2 25 4
288 321 479 392
6 21 9
367 201 68 406 176 118 394 152 467
2 16 4
308 259 131 261
1 26 2
447 100
1 25 2
66 306
1 21 2
127 458
1 10 7
339 426 120 313 251 322 180
3 24 5
347 250 470 390 86
4 22 7
492 34 216 48 187 238 22
4 17 9
125 449 332 356 296 495 406 272 289
2 13 8
352 150 136 325 28 260 198 234
2 25 4
177 251 405 281
3 15 6
350 148 414 116 319 85
1 18 3
100 152 276
3 24 5
12 384 291 133 288
1 7 9
288 66 355 309 6 299 463 384 290
3 14 9
406 92 253 222 499 68 228 170 63
2 23 3
18 244 150
2 15 7
104 159 390 383 427 305 182
5 16 10
203 330 303 306 81 338 298 6 316 63
1 7 5
122 305 96 301 320
1 23 3
20 261 80
2 14 8
277 264 78 476 321 433 40 474
3 10 10
26 307 483 280 175 261 201 88 199 188
3 11 8
415 452 229 376 180 414 171 57
1 7 10
7 107 454 341 225 444 386 210 186 112
3 16 6
282 138 157 399 272 352
3 27 5
211 361 62 358 302
3 17 6
369 260 323 47 208 437
1 15 4
438 113 231 127
6 18 9
228 187 8 188 325 384 183 200 444
1 15 5
340 214 291 34 344
5 20 8
406 60 276 143 341 232 297 246
2 22 4
287 373 77 185
5 18 10
71 63 326 133 321 481 349 154 277 295
4 24 6
184 81 299 225 179 366
2 22 5
368 16 7 273 227
4 24 7
246 80 301 424 9 473 342
4 17 9
104 372 157 324 8 290 280 269 440
1 15 2
266 136
4 19 7
343 478 177 479 437 59 382
2 24 4
214 155 161 387
3 19 5
235 314 395 109 171
5 24 8
264 263 194 314 295 409 312 259
4 24 6
172 386 406 485 31 400
4 16 8
147 400 4 9 491 320 98 301
2 16 6
392 51 237 274 396 133
1 23 2
110 5
1 20 4
402 316 333 395
2 17 4
134 304 278 479
1 7 6
24 146 1 207 246 317
1 9 7
335 416 403 117 300 1 364
1 12 2
225 437
1 26 2
116 445
2 29 3
464 414 292
1 21 2
287 270
2 14 5
401 467 120 367 326
1 20 2
1 241
1 9 8
52 163 107 386 296 305 257 388
6 20 10
320 49 212 195 128 431 127 366 294 458
1 12 6
462 145 47 476 61 179
2 17 5
353 152 186 385 199
3 20 7
452 394 430 335 464 109 224
1 14 4
331 201 403 309
1 21 2
492 248
4 14 10
300 72 497 291 43 247 483 273 442 147
2 16 6
458 218 265 92 340 417
1 12 4
29 193 110 363
4 20 8
449 187 87 355 267 318 177 264
5 19 9
434 189 24 175 31 285 149 23 8
4 14 8
471 43 323 139 387 208 185 325
3 19 6
494 322 284 305 317 11
1 22 2
348 236
1 24 3
408 332 354
6 20 10
404 417 315 438 83 28 469 454 491 220
3 13 8
442 268 228 449 23 152 248 338
3 17 8
359 319 196 153 420 233 149 99
1 7 4
57 195 103 296
1 15 4
63 308 354 283
4 20 7
13 213 360 436 438 251 170
5 19 10
308 159 191 82 287 4 194 37 55 65
2 18 6
81 292 451 405 498 485
1 11 3
406 42 425
4 24 6
149 63 412 365 53 70
2 31 3
365 190 246
1 27 2
84 369
1 10 3
191 396 317
1 30 2
170 329
2 13 8
9 346 44 172 308 362 356 235
4 25 6
173 356 389 170 333 98
1 12 4
338 397 81 145
1 11 6
94 408 404 438 15 480
2 20 3
29 429 394
2 23 3
154 240 488
5 17 8
31 21 475 358 218 88 340 192
2 13 8
392 438 431 285 144 287 178 203
4 17 8
430 485 456 24 151 484 160 337
3 21 6
347 214 281 457 17 58
1 28 2
167 261
1 22 2
136 274
1 11 5
229 60 389 344 149
5 19 8
149 42 445 145 163 296 150 394
1 24 2
341 139
5 19 9
211 214 114 390 353 372 244 219 196
2 15 7
288 38 200 52 410 360 352
1 25 2
39 425
1 11 5
486 498 102 438 101
3 21 6
154 187 82 477 117 227
5 20 10
303 393 396 203 459 113 169 382 372 76
2 22 4
494 474 389 419
1 7 10
308 17 106 164 52 309 428 378 215 301
5 19 10
258 61 8 413 120 236 245 491 266 470
1 11 3
278 305 8
1 8 9
77 138 482 32 381 23 384 16 232
1 15 4
179 90 158 303
1 25 3
124 368 391
3 21 5
437 293 380 354 323
2 19 4
221 143 280 298
1 17 4
275 494 331 451
1 17 3
473 374 394
3 13 9
459 7 127 241 210 217 389 297 227
4 18 8
434 328 331 369 429 97 88 165
1 17 3
183 485 351
3 15 8
179 264 236 193 13 483 96 107
1 21 2
270 287
1 13 3
165 396 370
1 20 3
365 32 133
2 14 6
461 442 351 375 21 83
2 18 4
201 327 212 289
1 24 2
396 329
3 23 6
167 61 355 159 182 246
4 19 9
274 49 335 265 154 466 58 105 78
5 24 8
400 169 100 221 448 23 491 459
1 13 4
343 259 149 123
1 8 8
272 49 51 137 231 354 65 362
1 19 3
344 196 314
1 12 6
411 459 482 220 39 45
2 10 10
146 175 458 25 170 433 388 324 111 464
4 26 6
400 50 373 250 474 355
2 19 6
232 395 186 414 111 92
3 16 5
89 324 489 439 132
3 23 6
434 182 46 460 125 408
2 22 4
447 65 229 20
2 15 7
412 15 35 84 5 248 313
2 27 3
181 174 239
1 11 2
434 192
5 22 9
436 410 154 144 252 361 177 79 180
2 26 3
242 104 422
6 17 9
72 498 475 182 78 390 428 393 217
1 8 6
122 340 401 427 259 35
1 8 8
381 14 398 342 478 7 360 33
3 17 7
80 193 435 150 275 489 363
1 30 2
306 361
4 18 6
135 148 144 330 24 114
2 32 3
39 166 459
2 19 3
334 58 290
3 25 5
136 36 243 171 144
5 20 8
231 170 443 178 191 190 193 10
2 24 3
323 138 496
1 9 7
330 337 453 240 45 419 41
4 24 7
384 86 293 217 245 394 457
3 20 6
181 219 486 301 63 51
1 14 4
242 396 101 251
4 14 9
488 155 262 400 70 142 306 23 360
1 18 4
61 256 317 149
3 18 7
78 434 150 387 68 495 36
3 17 7
481 338 119 100 448 170 206
2 21 5
466 406 366 268 412
5 19 9
483 280 84 379 497 131 335 211 204
4 19 8
161 154 328 199 469 290 78 474
2 19 4
43 455 218 349
1 16 3
380 61 454
1 19 3
38 440 317
2 17 5
171 251 188 495 231
1 13 5
225 455 315 495 491
2 31 3
316 112 196
2 18 4
61 401 45 96
1 21 3
461 143 354
1 15 5
489 364 469 128 266
1 13 3
499 57 210
1 18 4
125 464 408 448
2 26 4
448 289 344 61
1 14 4
87 364 409 440
2 11 9
53 445 319 11 344 292 399 410 385
3 13 10
2 210 160 95 427 417 158 459 104 471
1 12 6
165 352 175 284 342 257
4 13 8
380 3 288 195 403 64 339 154
4 17 8
331 176 247 90 466 248 462 16
3 22 6
22 88 10 489 6 461
3 17 7
485 306 37 382 13 410 431
3 12 10
250 346 208 107 27 120 462 11 370 453
1 14 4
205 10 195 479
6 17 10
387 324 421 121 241 39 31 225 19 438
1 20 3
263 53 66
3 15 9
357 342 368 455 238 137 192 27 98
5 20 9
404 258 262 193 219 57 204 348 352
3 13 10
70 391 298 35 5 433 88 52 165 325
2 26 4
239 94 269 155
1 24 2
338 131
1 18 3
334 485 95
4 17 8
432 62 357 102 497 296 95 399
1 10 6
228 30 439 324 327 411
1 16 3
1 498 327
3 14 10
179 254 229 338 452 22 258 93 65 474
1 12 6
269 140 348 378 276 310
5 22 9
325 466 88 76 496 199 366 182 26
1 8 9
368 464 131 420 132 15 424 91 282
1 8 9
244 42 223 418 51 122 303 421 84
3 21 7
331 499 477 256 17 221 194
1 10 4
340 237 337 47
1 21 2
51 385
1 24 2
499 268
2 15 5
422 14 330 86 452
3 18 6
165 36 496 38 124 493
1 18 3
490 414 211
1 15 3
339 27 151
2 21 4
160 30 349 290
4 22 6
26 63 394 456 190 39
1 7 9
101 98 437 163 56 235 195 352 296
2 20 3
59 72 266
1 12 5
495 52 466 77 121
3 16 8
40 451 349 193 271 376 227 224
1 10 5
252 42 493 225 330
3 18 6
82 457 174 228 272 485
1 8 8
254 471 348 322 118 70 466 124
1 7 10
188 368 495 34 419 420 9 321 145 312
1 13 5
55 496 221 423 349
1 24 2
160 400
3 16 8
343 17 384 454 373 165 316 144
3 14 8
426 226 475 309 428 348 283 474
1 8 9
425 98 448 363 175 68 44 34 498
1 26 2
327 458
1 14 4
339 188 486 216
1 14 5
427 76 287 423 93
5 20 9
224 282 345 253 247 232 221 422 343
1 12 4
146 103 54 494
2 22 3
234 320 411
1 30 2
30 411
1 9 8
359 382 475 449 398 429 473 124
2 13 5
396 452 152 302 413
4 26 6
273 46 272 117 94 131
1 30 2
33 458
1 8 8
342 476 63 431 447 1 25 334
3 16 5
321 82 304 441 127
3 16 8
465 226 18 161 314 36 118 9
1 11 5
254 95 485 38 4
1 23 3
75 148 294
1 18 3
258 223 188
3 18 6
116 234 80 64 132 7
4 21 7
154 449 291 84 57 230 282
1 30 2
194 107
1 27 2
106 210
5 19 10
461 80 437 222 286 70 446 363 366 298
1 16 4
367 236 405 1
2 30 3
56 46 418
1 9 7
9 184 159 138 10 212 369
3 14 9
303 273 148 161 126 300 434 228 84
2 11 9
363 42 303 7 15 332 104 257 95
2 11 10
182 389 148 164 406 249 491 432 292 192
2 25 3
193 75 246
3 27 5
323 102 238 318 257
3 18 6
337 127 397 322 333 331
1 26 2
410 165
2 18 3
275 26 439
4 25 6
202 262 257 293 416 229
2 13 7
468 75 26 42 303 192 231
2 11 10
461 356 392 31 297 477 302 50 271 404
1 28 2
291 197
1 17 4
200 172 344 223
3 12 10
42 303 206 278 156 295 446 95 74 119
1 31 2
63 81
1 7 10
52 197 38 459 28 323 495 198 313 300
4 24 6
267 76 198 193 356 262
2 9 10
84 476 252 344 456 69 77 413 156 228
3 18 5
125 415 384 339 116
1 30 2
424 131
1 12 5
458 203 252 155 141
3 15 9
291 401 373 383 211 167 173 210 1
6 25 9
179 417 106 400 156 404 63 387 142
2 12 7
258 114 266 380 158 278 61
2 23 4
269 147 99 5
1 7 9
493 411 321 179 400 8 317 125 460
1 16 4
65 425 446 292
1 10 7
44 92 200 34 335 414 467
1 15 4
80 489 274 399
1 13 3
69 110 276
2 13 7
318 4 115 319 78 418 31
2 21 4
415 354 429 215
2 14 7
402 480 463 122 462 164 490
3 20 6
494 11 23 410 278 231
1 14 4
304 419 177 86
3 24 5
488 222 214 137 354
3 12 10
298 348 467 324 425 395 238 17 419 258
1 8 8
319 55 95 109 305 47 195 104
3 22 5
260 450 370 108 12
6 18 10
27 35 437 354 41 20 82 410 208 19
2 16 7
1 418 76 358 44 256 465
4 16 8
109 332 123 369 393 443 190 72
3 19 7
185 146 421 430 392 419 300
1 10 4
176 26 456 322
1 13 4
73 1 233 154
1 11 2
35 397
1 8 8
195 120 456 382 301 402 230 299
2 14 7
195 467 446 210 483 86 200
2 22 3
63 346 21
1 10 7
118 434 196 264 415 386 39
1 35 2
257 117
2 17 4
441 410 64 177
1 12 2
262 21
1 20 3
179 142 107
1 12 6
257 290 152 54 322 352
3 17 7
201 204 77 25 162 462 173
2 18 6
166 250 482 418 153 302
4 20 7
92 420 370 270 440 276 56
1 10 8
402 486 378 368 487 162 184 180
2 11 9
76 85 138 202 62 278 143 215 43
6 23 10
2 366 205 106 256 484 76 262 179 35
1 13 5
190 363 323 237 386
5 17 10
34 190 360 38 13 434 207 198 263 215
4 20 6
54 274 317 204 35 93
2 12 9
445 479 41 420 460 331 260 7 104
5 21 9
161 157 299 187 318 0 79 468 246
2 13 7
108 233 330 168 478 353 109
2 14 7
66 59 251 310 91 73 246
4 19 6
52 438 203 305 498 30
3 15 9
163 66 230 176 213 393 331 465 39
3 17 7
38 108 402 371 6 338 306
1 10 7
80 201 275 446 378 78 14
1 7 9
314 31 307 312 17 84 179 1 21
1 14 3
397 446 222
1 30 2
36 492
4 24 6
11 325 431 88 331 494
2 12 9
188 31 388 65 482 244 356 80 79
1 20 2
96 346
4 17 8
135 16 463 187 88 28 244 386
2 15 7
169 357 113 259 83 74 19
2 17 5
70 225 4 65 97
4 24 6
213 26 4 126 76 312
3 14 10
85 349 40 22 253 74 453 428 123 90
1 19 4
269 186 484 113
1 18 3
487 429 403
2 11 8
287 58 353 491 384 109 46 481
1 37 2
315 239
4 21 8
362 295 203 106 457 263 445 302
5 16 9
214 43 298 452 247 48 139 0 78
3 19 5
72 10 169 19 309
6 20 10
99 478 44 74 374 282 417 406 231 214
4 14 10
197 35 480 486 38 187 207 108 454 349
1 31 2
58 76
1 10 7
453 93 163 80 451 487 141
4 16 10
153 173 310 132 217 356 159 387 94 283
6 20 10
222 99 40 423 260 373 193 140 280 142
6 22 10
116 202 231 249 127 59 129 97 84 148
1 14 4
396 13 169 115
3 12 9
326 152 112 126 52 225 118 102 87
1 14 3
150 380 396
2 13 7
130 46 446 3 329 309 140
2 22 4
464 236 106 309
5 22 8
231 482 87 219 427 31 481 310
2 10 9
299 431 422 458 86 60 221 11 307
2 35 3
392 30 234
4 18 8
160 494 431 165 335 271 357 299
3 12 9
497 394 487 206 133 283 140 326 96
3 16 8
20 110 81 59 434 210 449 398
4 14 8
19 429 113 442 141 43 339 139
2 10 10
17 411 234 303 435 169 398 292 413 241
4 28 6
63 323 62 189 252 22
5 20 9
403 300 391 86 352 276 459 43 176
1 21 3
260 355 13
2 23 4
108 111 51 180
3 22 6
389 153 128 65 211 467
1 23 3
255 440 421
3 12 9
300 11 444 246 52 286 346 412 71
5 22 8
263 309 4 321 166 425 39 105
1 15 4
491 216 31 19
3 12 9
439 236 468 233 29 476 203 279 97
2 20 4
77 345 65 60
2 14 5
53 199 204 43 64
1 17 2
362 324
1 24 2
26 342
1 18 4
441 91 163 40
1 29 2
424 31
2 22 4
412 264 43 410
2 12 8
408 126 53 34 463 144 66 353
1 17 3
472 432 496
3 18 8
109 117 424 129 39 245 313 18
1 8 6
58 271 317 85 380 145
1 12 5
126 240 130 289 104
1 24 3
41 316 448
1 7 10
113 50 109 94 306 207 26 116 260 275
1 31 2
9 156
2 13 7
299 167 225 388 261 336 43
2 17 4
1 370 488 451
1 14 5
378 210 295 26 200
1 27 2
417 413
2 12 8
184 153 157 93 87 488 395 398
2 25 4
468 285 457 427
4 19 6
372 452 481 271 52 191
3 17 8
427 19 201 221 273 93 308 336
1 19 2
88 390
1 7 6
488 184 441 139 193 450
2 23 4
341 439 68 181
1 27 2
148 81
3 17 8
385 408 139 456 220 197 245 291
1 8 8
295 25 423 437 351 98 28 230
5 19 10
374 256 494 293 154 254 42 112 41 466
5 19 10
328 27 311 20 198 69 254 166 169 316
3 14 9
281 497 157 68 189 129 86 466 404
2 21 4
409 59 303 450
3 19 6
431 292 330 95 463 52
1 8 7
416 367 418 170 233 317 43
4 18 10
291 129 187 360 402 444 368 462 343 49
4 15 9
371 352 196 98 183 452 216 300 419
1 23 3
243 437 46
6 22 10
410 382 472 475 141 331 172 400 214 135
2 10 9
499 167 2 497 205 251 427 220 235
3 20 6
19 354 188 402 485 455
3 20 5
280 168 321 65 311
2 18 5
328 362 307 421 205
3 17 7
242 7 379 217 494 287 184
1 7 7
123 330 259 312 432 21 486
3 16 8
149 125 240 395 343 179 432 25
1 8 8
304 459 200 330 209 498 456 479
1 13 3
74 321 114
1 23 2
57 30
1 20 3
234 134 396
1 7 9
196 400 295 432 206 498 13 37 377
2 19 4
331 67 184 236
1 21 2
305 346
1 9 8
239 227 404 410 97 454 417 331
1 26 2
312 104
3 13 10
348 482 262 107 447 231 144 230 401 169
5 16 10
329 423 444 145 434 143 308 315 452 377
1 7 9
70 355 82 28 393 102 40 174 344
3 22 6
391 180 106 170 240 318
1 9 6
326 271 427 441 413 0
1 33 2
472 153
3 14 10
168 376 189 490 417 89 156 144 398 306
3 15 8
471 458 201 382 68 39 493 236
4 14 10
364 120 402 251 19 266 390 94 476 176
1 12 5
305 31 245 380 116
2 14 5
136 315 498 64 34
4 19 9
324 268 186 332 369 482 103 258 387
2 17 4
81 10 435 353
4 22 8
61 436 164 89 160 92 161 365
1 7 10
243 280 331 297 484 402 380 200 90 336
2 14 7
134 298 470 455 275 115 288
2 9 9
80 70 112 19 415 321 399 310 369
2 10 10
344 374 193 373 362 441 383 236 37 195
2 18 4
347 306 310 235
2 15 5
235 353 69 383 465
3 13 6
319 385 433 439 266 476
3 13 10
67 194 173 492 459 138 470 393 114 210
1 30 2
487 250
3 14 9
481 175 112 165 448 148 317 234 487
6 20 9
368 414 184 135 258 109 83 53 462
3 20 5
400 137 51 296 337
1 7 9
88 386 485 458 167 139 227 28 191
1 14 5
158 30 175 351 123
5 16 9
259 305 496 15 59 122 388 38 237
2 24 3
47 464 69
1 7 10
434 172 18 61 173 358 16 166 245 336
1 26 2
331 141
6 20 9
432 0 264 462 247 234 301 314 363
2 11 8
16 148 59 423 173 493 379 428
2 23 3
64 253 263
2 14 6
351 396 445 23 305 420
3 16 8
131 434 285 164 366 497 101 340
5 16 10
381 375 470 384 326 2 63 370 18 432
1 16 4
222 453 127 354
1 28 2
181 282
3 16 7
476 318 87 229 43 108 412
1 18 4
449 375 335 323
3 13 10
245 1 150 348 115 218 367 398 373 380
2 25 4
361 5 485 406
2 20 5
414 182 405 187 141
5 20 8
159 319 412 53 354 196 479 2
2 19 4
16 198 271 152
2 16 7
39 186 35 326 111 385 336
1 6 10
374 210 190 410 222 440 117 343 97 12
3 19 6
275 491 130 480 84 4
4 22 6
43 44 320 217 96 470
2 21 5
134 332 133 385 62
4 16 9
30 21 188 235 287 187 496 468 121
1 10 7
131 448 181 18 61 208 363
2 10 10
50 209 372 278 221 432 483 185 206 283
1 7 10
387 347 230 124 193 244 417 346 477 392
2 26 4
346 167 169 392
1 10 6
478 284 354 272 457 129
2 27 3
232 52 235
3 22 6
410 473 400 397 159 395
3 17 6
248 364 137 422 272 384
6 24 9
424 191 183 277 234 454 112 168 49
5 18 10
499 283 477 190 349 343 94 322 280 377
5 19 9
351 494 136 259 257 45 361 26 232
1 8 8
250 342 234 417 297 84 93 196
1 11 6
61 236 98 52 56 360
4 19 7
349 266 499 410 474 397 235
1 18 2
444 6
1 18 2
439 371
3 15 8
46 238 100 24 461 236 481 355
4 20 6
145 37 47 457 136 148
3 23 6
471 173 239 169 475 421
2 9 10
377 385 49 369 439 32 209 475 11 45
2 25 4
106 260 50 135
2 9 9
62 176 29 207 209 389 27 487 374
2 24 3
227 422 69
1 15 5
193 264 384 269 199
1 21 2
437 217
1 21 3
479 11 175
5 21 9
157 38 270 313 453 244 66 255 245
1 20 3
107 345 200
1 16 4
486 317 352 377
5 19 10
457 34 219 357 469 102 318 499 306 370
1 18 3
154 38 485
1 17 4
128 140 310 323
2 20 4
215 23 47 140
4 17 10
9 34 474 235 314 387 406 194 144 214
1 8 8
259 494 254 129 121 462 7 151
1 13 4
111 74 208 176
4 16 8
248 197 94 380 104 297 215 486
3 15 8
17 101 348 395 4 306 75 154
1 14 3
227 384 387
3 18 6
460 298 372 73 370 132
1 23 2
384 151
2 16 6
281 24 398 395 401 361
1 14 4
195 6 403 459
2 14 6
465 108 424 184 207 235
4 19 9
430 291 5 391 376 432 439 72 277
1 13 4
107 82 465 235
1 7 5
300 307 321 42 340
2 13 7
497 256 441 418 41 145 216
1 11 5
259 425 303 421 220
1 5 10
414 328 420 426 138 231 296 215 226 495
6 20 10
78 242 226 311 81 168 147 357 413 37
2 15 6
315 404 362 442 32 221
3 16 8
32 197 252 224 314 69 91 277
2 8 9
345 29 414 300 314 443 266 102 251
1 13 5
129 92 344 217 321
4 21 6
388 255 436 166 280 312
1 19 4
61 413 114 128
2 9 8
301 8 434 222 227 370 112 278
1 6 8
152 241 432 127 171 102 419 407
4 27 6
219 487 444 49 378 59
2 28 3
424 67 33
2 10 10
181 296 191 138 316 466 101 376 77 485
1 10 5
431 29 1 355 94
3 14 9
136 53 372 321 362 416 221 455 377
1 11 4
32 35 454 155
2 23 3
331 496 262
1 14 4
130 351 184 365
2 10 10
159 39 183 288 274 43 472 278 142 328
1 15 3
120 312 112
1 28 2
36 184
5 17 9
134 420 432 280 65 248 227 91 498
2 25 3
118 411 455
4 24 6
5 428 126 469 447 57
3 17 7
188 6 2 293 456 231 33
1 8 9
477 347 20 393 329 291 457 0 313
4 16 8
85 421 496 275 47 425 348 462
3 22 5
18 183 468 47 408
4 17 10
488 127 182 435 333 310 61 236 405 210
3 18 8
380 331 244 196 394 22 186 27
4 16 6
19 468 271 456 101 374
5 26 8
49 235 356 410 196 185 245 204
5 20 8
312 320 126 98 81 388 284 84
1 7 9
45 250 210 282 142 98 323 424 160
4 25 6
192 389 458 477 46 274
1 28 2
346 144
2 12 9
469 413 400 68 473 359 89 326 215
3 17 7
499 133 94 113 492 256 107
4 16 9
18 333 125 223 3 137 481 353 222
1 24 3
172 224 249
6 23 10
290 482 391 459 426 314 22 273 276 385
2 14 6
449 198 191 308 286 492
5 21 9
361 60 322 238 334 39 200 234 8
1 9 5
70 136 382 290 330
1 15 2
420 145
2 32 3
357 409 59
5 25 9
85 92 65 264 318 295 424 291 431
3 15 9
62 312 470 412 355 418 36 435 151
2 19 3
226 369 120
2 20 4
338 124 202 457
1 21 3
460 187 232
3 12 10
212 334 444 15 347 328 490 384 257 449
3 14 9
303 183 484 57 230 80 6 395 249
3 16 8
163 197 156 178 211 232 87 54
2 16 6
446 200 125 29 119 86
3 23 5
92 240 32 28 172
4 20 7
389 435 341 212 317 264 293
3 23 5
347 426 378 241 335
1 10 7
44 89 374 441 64 494 72
1 18 2
351 95
4 21 6
116 267 13 358 75 484
1 18 2
191 439
2 29 3
51 489 483
2 18 4
398 147 38 54
2 24 3
32 25 66
4 16 7
136 237 358 360 174 456 253
2 17 6
53 189 424 187 268 368
3 18 5
302 312 399 354 325
5 19 10
349 303 258 157 13 426 477 432 151 269
3 17 8
15 129 250 402 380 263 354 219
6 21 10
73 350 201 218 332 112 170 400 392 154
2 17 5
308 16 284 75 120
1 22 3
436 315 149
3 18 5
449 437 233 151 44
1 7 10
388 154 200 296 104 43 402 48 352 215
4 18 7
39 384 14 190 180 308 34
2 22 5
295 213 260 133 220
3 13 10
49 71 433 125 154 261 227 302 26 191
1 22 2
99 176
1 12 6
413 178 256 400 128 106
2 12 9
179 250 8 203 391 0 485 285 3
1 7 10
21 106 164 55 401 20 319 124 184 31
1 17 3
111 43 19
2 9 8
246 289 272 145 215 324 426 16
1 23 2
263 225
1 30 2
256 413
4 23 8
288 440 49 359 310 451 208 375
1 13 5
131 248 469 423 180
6 22 10
239 485 423 20 410 230 363 400 104 304
1 14 5
371 81 284 206 357
5 18 10
175 50 443 385 52 166 97 189 472 283
1 10 6
167 312 149 23 69 311
1 21 2
247 52
3 15 8
102 410 334 177 373 294 306 268
1 8 9
182 325 395 169 120 144 247 466 485
1 15 5
141 291 246 285 395
4 23 6
186 105 147 162 382 21
2 13 7
352 30 444 412 14 324 346
1 13 6
318 401 467 375 481 58
1 7 9
268 2 246 189 163 167 187 266 158
4 23 6
122 259 84 422 194 290
2 21 4
199 417 93 12
1 10 6
248 276 386 82 244 228
1 8 7
338 71 242 447 100 480 26
1 14 4
135 178 6 202
3 21 5
447 464 41 157 211
1 9 5
479 124 465 300 488
1 24 2
499 489
1 8 9
378 39 359 411 262 14 282 459 471
1 30 2
460 179
6 20 9
132 324 109 49 91 300 432 354 219
2 22 4
382 283 404 167
1 17 4
416 329 177 426
1 11 3
311 389 302
1 14 5
391 434 159 125 143
3 20 5
388 412 236 106 221
3 11 10
24 498 58 302 336 188 131 379 66 56
2 13 6
71 486 148 6 223 499
1 12 5
320 289 69 489 351
3 23 5
432 102 176 333 117
2 13 8
331 187 175 248 45 303 473 489
1 18 2
131 174
1 22 2
77 449
2 12 7
450 439 386 451 218 462 101
2 18 4
198 388 452 434
3 14 7
432 343 127 442 206 362 314
1 32 2
9 464
2 31 3
46 264 193
4 20 6
147 70 250 275 300 149
5 18 10
346 181 382 143 234 454 354 118 152 356
4 15 9
101 444 304 308 289 298 223 24 245
1 22 3
274 384 408
1 16 4
156 479 373 170
3 19 7
52 142 375 266 224 356 370
1 11 4
351 481 1 259
1 17 4
206 63 88 83
1 15 4
35 93 472 235
2 12 9
465 264 103 349 312 89 220 263 20
1 12 4
462 23 212 98
5 19 10
39 322 359 297 143 416 86 60 370 311
3 15 9
236 270 358 427 399 371 335 66 483
1 30 2
173 118
2 9 10
400 363 420 468 454 351 379 364 357 309
1 14 5
263 166 62 129 342
2 17 6
173 109 392 118 105 8
2 10 7
240 124 72 139 481 202 45
4 17 10
117 293 66 428 310 170 33 415 75 62
2 9 9
40 45 66 195 304 58 138 174 455
1 11 4
34 124 432 346
3 20 6
20 173 379 482 270 236
5 21 10
383 375 321 464 292 157 57 255 113 282
1 19 4
49 93 200 40
2 13 5
302 411 272 326 53
2 24 4
267 372 460 40
2 14 6
2 388 171 494 304 118
1 7 10
403 153 422 398 158 94 236 293 354 225
5 19 8
31 347 471 286 404 430 431 130
1 9 8
496 57 132 293 157 35 319 7
2 20 3
475 246 217
1 11 5
374 440 449 114 364
1 29 2
248 194
1 6 10
219 42 427 96 395 202 478 241 189 253
3 11 10
475 394 35 235 215 328 120 48 206 242
1 8 6
456 17 488 15 278 89
2 26 4
333 14 383 310
6 22 9
296 120 331 451 321 319 260 156 84
2 12 9
490 145 408 340 345 333 347 415 416
3 14 10
93 5 399 461 89 402 470 45 234 370
2 18 4
233 230 119 373
4 13 7
102 146 142 197 231 317 272
2 19 4
51 311 278 68
2 23 3
8 152 202
2 33 3
232 461 73
2 11 7
354 107 202 254 261 390 275
1 17 4
38 168 106 167
4 19 7
337 402 39 242 67 236 452
1 17 2
314 64
2 23 3
393 432 345
1 11 5
16 87 414 103 178
5 20 8
401 268 446 99 210 9 149 479
2 15 7
232 156 113 137 448 435 99
3 14 10
371 151 58 201 76 313 77 315 188 352
1 7 9
259 398 305 147 2 13 276 292 283
2 15 7
249 430 96 165 175 158 30
2 19 4
123 56 215 499
3 18 7
248 412 25 422 169 373 296
2 15 7
436 258 361 224 149 79 386
3 12 10
122 490 261 174 229 129 11 67 102 239
4 21 6
441 169 337 400 443 51
1 8 9
192 312 91 375 44 13 339 152 140
1 16 3
215 122 297
4 18 9
233 295 495 474 178 29 153 412 102
4 17 9
457 29 260 460 456 420 253 301 256
1 13 5
432 475 181 289 352
5 23 8
195 402 251 28 196 94 105 188
5 18 9
223 127 186 20 47 132 462 116 440
4 19 6
467 99 15 18 478 28
1 16 3
222 272 226
1 22 2
50 195
1 16 4
38 291 323 145
1 7 8
279 351 150 253 27 148 85 317
4 23 6
111 306 103 22 117 174
1 13 5
114 297 93 224 411
3 13 10
36 200 307 222 152 71 68 323 381 300
3 23 5
62 147 151 404 6
1 19 3
128 171 419
1 14 4
410 21 364 439
5 19 9
166 298 304 324 32 140 46 39 81
1 9 8
357 84 494 292 1 409 199 459
2 10 10
13 347 29 226 472 341 368 343 170 134
2 14 7
345 63 470 266 179 234 370
5 16 8
129 118 385 116 370 252 317 449
1 15 2
271 98
4 22 7
252 411 217 219 270 75 234
3 17 6
102 420 460 275 156 52
3 27 5
5 453 144 385 472
2 13 8
140 266 221 198 106 358 325 122
4 17 7
136 468 425 454 107 352 344
1 7 8
425 401 186 244 197 455 47 413
4 17 10
132 79 185 318 378 275 338 432 201 427
2 12 8
228 284 349 37 491 154 465 354
3 21 6
364 389 158 55 448 348
1 29 2
95 494
1 9 6
90 388 227 472 244 462
1 22 2
135 322
1 26 2
118 369
1 20 2
122 314
4 15 6
308 19 362 350 236 442
4 18 10
80 411 421 124 380 382 168 397 490 49
1 8 5
362 344 120 90 425
1 11 5
374 367 466 370 166
3 13 10
75 165 274 159 349 124 248 400 347 447
2 25 3
385 445 409
1 19 4
313 206 49 88
2 12 9
259 395 257 443 171 31 161 313 276
4 20 6
394 410 124 429 300 107
6 21 10
393 77 65 3 471 321 458 473 448 281
1 19 2
147 479
2 21 4
4 194 484 209
2 19 3
3 429 225
3 23 5
108 170 67 348 352
3 19 6
42 11 487 200 51 110
3 16 8
163 318 100 196 217 181 337 21
1 26 2
91 322
6 20 10
16 441 279 225 97 204 368 14 349 460
1 18 2
330 99
4 17 7
287 123 414 151 474 337 184
2 24 3
397 273 327
1 23 2
370 155
1 10 5
246 414 96 223 204
1 7 10
233 415 62 386 395 422 290 435 151 324
6 18 9
183 81 42 185 437 317 177 445 499
1 12 4
462 192 131 240
2 32 3
143 245 125
6 21 10
8 492 445 39 360 288 117 486 162 103
1 8 9
78 198 154 377 18 490 136 427 358
1 15 4
93 130 348 101
1 13 4
416 244 115 262
6 21 9
245 28 177 328 486 438 217 95 406
2 20 3
28 104 454
6 22 9
256 356 189 402 112 370 490 497 223
2 23 3
203 163 274
3 13 9
29 447 464 493 463 3 303 48 305
2 24 4
359 495 377 362
2 9 10
184 47 279 195 334 462 354 402 390 94
1 9 7
452 88 145 290 415 125 433
1 33 2
422 453
1 30 2
93 173
4 20 7
177 442 466 401 368 85 379
2 19 5
227 188 43 408 363
3 16 8
185 437 251 449 453 445 394 438
3 24 5
196 289 299 483 376
2 17 6
336 300 414 335 422 252
1 22 2
416 302
1 29 2
236 186
4 20 7
314 28 250 462 464 126 219
3 14 8
379 206 434 126 157 139 186 223
1 16 4
160 457 349 232
3 18 6
118 307 479 473 189 465
3 21 6
217 57 233 178 93 335
1 20 3
183 125 310
1 15 4
150 274 319 82
2 19 5
354 19 174 256 9
4 16 10
499 327 19 358 10 263 102 232 38 70
2 17 5
14 410 275 106 420
1 18 4
45 469 337 91
2 30 3
341 314 256
2 14 7
408 289 434 307 195 284 118
1 10 7
432 204 143 175 262 91 240
2 15 6
276 280 190 337 59 475
2 10 10
183 413 237 315 260 326 171 305 240 494
6 17 10
439 173 81 71 139 491 303 302 129 31
6 20 9
454 48 379 273 428 299 47 404 347
4 14 10
94 43 12 302 423 160 17 303 494 68
