500 2500 775
11 37 31 13 13 15 39 30 15 13 37 34 14 30 20 27 35 35 34 31 36 32 27 17 27 22 25 12 15 18 15 18 12 24 19 25 30 29 32 12 21 40 37 13 19 22 25 33 34 27 16 39 32 20 13 40 12 29 36 25 30 31 16 38 31 28 19 13 13 28 20 29 35 15 29 32 20 24 24 23 26 34 17 30 37 13 24 12 22 16 25 21 29 32 11 21 30 17 38 24 19 32 23 27 20 31 21 38 11 33 34 19 14 31 32 35 18 11 34 29 21 39 24 16 35 15 34 16 25 17 22 38 24 26 26 32 17 17 26 37 36 36 37 38 36 36 31 39 16 20 18 22 27 14 16 34 21 40 11 14 19 25 27 14 27 17 16 37 34 29 25 36 32 12 26 12 18 40 19 18 38 34 36 29 24 37 25 27 37 23 27 20 30 33 39 16 17 33 38 38 18 23 18 32 23 36 23 12 30 37 25 23 32 11 12 36 23 22 33 37 19 15 23 34 19 35 35 20 37 22 16 36 38 30 27 34 17 28 15 20 13 21 18 17 36 29 40 16 16 39 31 11 12 18 13 14 35 29 24 22 14 26 24 33 20 14 19 39 40 40 14 36 15 34 38 34 12 13 27 29 25 40 11 34 38 17 26 31 21 37 14 38 15 40 39 28 30 11 20 29 28 29 39 27 33 15 22 30 32 32 31 24 21 23 14 20 13 24 31 31 35 31 29 24 17 18 23 28 18 16 37 30 34 27 36 36 21 34 13 18 27 30 25 32 32 29 23 22 35 14 15 28 38 31 26 26 29 21 21 30 15 15 26 25 23 34 35 31 11 12 12 33 17 20 22 37 37 35 12 17 19 39 28 31 21 37 27 30 12 13 13 24 28 19 33 31 31 40 11 27 25 11 39 28 36 25 37 28 39 33 32 12 27 39 14 23 11 36 15 31 12 12 21 23 14 23 40 18 37 32 19 36 38 39 14 38 12 31 12 29 37 28 16 13 35 26 24 39 39 23 38 24 14 19 22 20 25 13 26 32 27 38 27 23 11 19 22 20 32 22 22 22 40 36 24 22 30 24 25 14 35 23 40 15 37 27 20 38 26 16 24 22 31 37 11 32 24 18 20 27
1 27 21 3 3 5 29 20 5 3 27 24 4 20 10 17 25 25 24 21 26 22 17 7 17 12 15 2 5 8 5 8 2 14 9 15 20 19 22 2 11 30 27 3 9 12 15 23 24 17 6 29 22 10 3 30 2 19 26 15 20 21 6 28 21 18 9 3 3 18 10 19 25 5 19 22 10 14 14 13 16 24 7 20 27 3 14 2 12 6 15 11 19 22 1 11 20 7 28 14 9 22 13 17 10 21 11 28 1 23 24 9 4 21 22 25 8 1 24 19 11 29 14 6 25 5 24 6 15 7 12 28 14 16 16 22 7 7 16 27 26 26 27 28 26 26 21 29 6 10 8 12 17 4 6 24 11 30 1 4 9 15 17 4 17 7 6 27 24 19 15 26 22 2 16 2 8 30 9 8 28 24 26 19 14 27 15 17 27 13 17 10 20 23 29 6 7 23 28 28 8 13 8 22 13 26 13 2 20 27 15 13 22 1 2 26 13 12 23 27 9 5 13 24 9 25 25 10 27 12 6 26 28 20 17 24 7 18 5 10 3 11 8 7 26 19 30 6 6 29 21 1 2 8 3 4 25 19 14 12 4 16 14 23 10 4 9 29 30 30 4 26 5 24 28 24 2 3 17 19 15 30 1 24 28 7 16 21 11 27 4 28 5 30 29 18 20 1 10 19 18 19 29 17 23 5 12 20 22 22 21 14 11 13 4 10 3 14 21 21 25 21 19 14 7 8 13 18 8 6 27 20 24 17 26 26 11 24 3 8 17 20 15 22 22 19 13 12 25 4 5 18 28 21 16 16 19 11 11 20 5 5 16 15 13 24 25 21 1 2 2 23 7 10 12 27 27 25 2 7 9 29 18 21 11 27 17 20 2 3 3 14 18 9 23 21 21 30 1 17 15 1 29 18 26 15 27 18 29 23 22 2 17 29 4 13 1 26 5 21 2 2 11 13 4 13 30 8 27 22 9 26 28 29 4 28 2 21 2 19 27 18 6 3 25 16 14 29 29 13 28 14 4 9 12 10 15 3 16 22 17 28 17 13 1 9 12 10 22 12 12 12 30 26 14 12 20 14 15 4 25 13 30 5 27 17 10 28 16 6 14 12 21 27 1 22 14 8 10 17
4 19 9
192 225 219 139 316 233 109 222 275
3 21 5
215 21 120 398 150
2 15 7
310 493 277 254 355 118 142
2 17 4
264 169 324 470
1 35 2
51 309
1 30 2
278 218
5 19 10
489 144 28 325 365 356 306 27 75 267
6 22 9
174 216 450 26 340 128 123 182 255
6 18 10
24 380 160 102 383 466 287 86 66 341
2 12 9
179 75 283 383 54 246 70 275 16
5 21 10
290 428 109 139 407 223 200 366 214 273
3 19 5
320 393 179 368 317
2 36 3
182 177 212
1 12 5
78 319 92 301 418
2 15 6
38 410 341 227 285 498
2 15 7
311 316 55 488 493 37 227
1 14 2
272 4
3 23 6
348 484 328 447 356 34
2 26 3
417 425 467
1 15 5
320 154 65 376 487
5 22 8
128 168 211 449 246 222 442 310
1 36 2
18 107
1 24 2
28 332
1 8 9
452 488 97 298 380 238 447 309 268
3 19 5
250 356 315 4 361
4 19 7
394 496 300 116 297 445 86
2 24 3
22 301 324
5 15 8
39 230 79 36 224 165 56 328
5 20 10
334 213 169 276 219 146 233 455 447 32
3 15 7
327 369 350 99 142 470 3
2 11 8
421 25 8 321 317 359 166 344
2 17 5
102 9 153 164 58
1 16 4
499 340 61 275
1 22 3
113 256 316
2 22 4
23 250 427 482
2 14 6
137 410 496 415 203 66
5 22 9
263 307 19 167 139 119 195 218 213
1 9 6
111 122 324 422 114 491
2 11 9
197 11 492 334 239 337 301 329 117
1 22 2
341 424
1 14 5
397 251 7 133 74
2 18 5
65 141 49 15 95
1 7 9
34 118 211 96 31 256 215 396 252
1 26 2
469 437
4 25 6
410 431 256 117 394 479
2 16 6
158 69 16 291 132 99
2 21 5
432 390 198 2 114
2 22 3
53 321 154
3 26 5
137 402 204 267 419
1 14 2
414 270
1 5 8
120 14 418 50 62 100 242 179
2 14 8
38 13 294 263 284 10 52 114
2 30 3
76 145 225
2 20 5
239 356 180 219 471
1 20 2
129 490
4 18 6
253 456 85 237 325 422
4 18 9
171 200 363 335 39 140 339 97 64
1 23 3
362 118 228
3 17 7
160 184 267 282 137 428 189
4 19 8
146 169 326 287 109 420 187 459
1 14 4
477 128 135 54
1 25 2
56 447
5 18 9
87 274 394 0 310 338 28 363 455
4 24 7
177 340 293 200 186 345 291
2 17 4
479 461 175 23
2 26 4
436 237 246 51
5 16 9
413 30 290 288 170 8 440 4 108
6 20 9
280 100 231 265 375 455 59 241 159
4 18 9
203 109 3 75 383 314 211 167 242
2 20 4
334 347 163 425
1 13 5
461 360 424 119 186
2 18 6
408 263 151 85 32 157
1 36 2
209 145
1 15 4
20 161 0 414
3 18 8
25 461 294 308 206 113 318 6
2 14 7
78 182 90 361 69 52 377
3 24 5
228 373 356 168 130
1 12 5
401 200 58 125 405
6 13 9
420 290 242 298 166 258 68 111 158
2 15 6
183 100 375 315 255 391
1 7 9
301 430 253 25 198 420 200 164 212
1 30 2
332 174
1 10 7
118 415 113 297 373 50 375
1 15 2
369 253
2 21 4
291 310 243 416
2 10 10
233 103 440 128 461 110 130 285 60 425
2 20 4
340 239 459 217
1 11 5
230 129 19 382 229
5 20 9
105 351 320 264 38 191 353 315 463
1 16 4
158 231 439 59
1 30 2
423 232
6 18 10
452 420 136 241 345 183 441 217 289 350
1 10 7
92 380 421 208 283 480 225
1 30 2
2 296
1 16 4
224 149 444 345
2 12 9
296 23 55 142 388 144 117 62 196
2 16 6
210 428 259 345 213 283
1 35 2
409 10
1 12 6
199 20 340 320 7 12
4 27 6
197 190 485 171 457 246
1 5 10
138 128 287 323 456 317 416 5 222 264
2 14 5
154 216 159 179 495
4 17 9
439 367 374 487 8 445 52 54 222
2 13 8
366 80 163 114 448 189 391 124
2 11 7
12 217 46 204 311 296 43
5 19 10
33 22 369 338 97 228 208 128 209 1
1 5 10
316 368 240 34 409 313 134 415 378 161
5 17 10
5 27 452 80 16 475 67 162 499 72
4 24 6
484 147 249 30 178 87
1 10 6
339 105 149 116 278 223
1 13 3
416 314 342
2 12 9
243 115 199 99 117 330 413 191 496
3 21 7
1 129 434 431 294 147 104
5 22 9
418 179 408 453 423 400 198 141 246
4 16 10
275 325 17 354 298 482 156 114 45 129
2 14 8
43 216 315 20 499 249 299 426
2 11 10
342 308 43 73 167 49 433 25 56 493
2 10 10
262 490 80 305 33 222 209 16 10 459
3 18 7
43 84 467 466 469 493 52
2 17 5
433 434 344 368 338
2 10 10
152 408 479 296 323 44 141 132 260 25
1 17 4
78 185 126 204
3 21 5
242 297 132 231 2
1 13 5
71 385 201 420 108
6 18 10
145 31 127 4 171 236 227 247 346 107
4 21 7
400 205 358 20 355 336 245
2 12 8
111 323 7 415 63 425 391 21
1 31 2
444 15
3 21 5
493 300 202 455 346
1 24 3
343 268 466
2 16 6
78 288 292 61 429 256
3 15 8
389 324 165 140 245 383 196 333
2 20 4
132 93 0 186
1 7 10
468 360 42 73 281 159 119 274 69 134
2 11 9
476 466 362 144 153 390 62 393 142
2 22 5
25 304 447 482 60
3 14 9
407 352 403 74 479 114 265 499 29
6 23 10
186 385 335 115 287 69 364 219 286 314
6 20 10
34 108 114 361 458 356 387 199 149 96
3 20 5
38 262 391 102 238
3 24 6
147 294 430 93 142 9
4 16 9
312 152 295 282 231 103 303 258 83
4 19 8
296 452 409 488 267 395 133 434
3 19 7
57 193 304 122 32 303 472
2 15 7
430 94 274 485 397 442 67
6 20 10
313 102 112 417 414 246 312 439 48 361
3 21 5
329 296 108 371 80
4 18 9
207 10 475 244 149 299 164 284 345
6 23 10
371 79 425 402 340 289 270 263 45 433
2 15 4
423 424 494 425
1 14 4
494 15 52 278
3 13 9
125 486 369 189 361 186 495 219 499
2 12 9
364 131 8 330 279 224 110 430 495
3 22 7
433 85 417 244 6 482 191
4 15 10
326 82 238 233 320 392 383 133 353 306
1 13 6
302 91 427 493 147 357
3 21 5
411 123 131 153 180
3 15 9
142 109 270 168 256 423 458 208 34
1 11 6
387 127 468 305 1 251
2 10 10
78 413 134 266 305 108 115 341 391 245
1 10 6
67 407 136 350 163 101
1 18 4
231 285 402 279
1 8 9
380 194 398 414 438 262 311 316 433
1 12 6
22 255 408 272 385 369
1 15 3
457 15 176
3 18 5
154 56 458 142 388
1 26 2
209 28
4 23 6
498 216 50 75 211 41
6 21 10
395 371 106 470 142 108 201 232 475 60
2 17 4
231 111 56 338
2 29 3
38 382 412
1 26 2
442 144
2 10 8
265 489 255 204 49 191 443 335
1 10 6
476 454 446 187 21 111
6 22 10
2 52 483 121 389 401 63 245 180 457
1 24 2
445 313
2 16 4
491 28 389 333
5 21 9
312 276 268 5 96 157 461 485 238
5 20 9
368 218 350 182 66 245 478 220 55
3 24 5
87 318 180 208 346
2 15 7
168 160 139 231 27 226 238
6 21 9
272 325 51 407 396 15 265 391 33
1 12 5
97 402 73 176 425
4 21 7
98 38 497 169 64 45 158
3 19 7
99 379 275 181 377 224 367
5 15 9
240 401 0 380 285 264 10 61 196
1 12 5
208 125 441 190 83
2 13 5
238 134 206 191 73
3 15 9
42 302 173 368 24 357 294 378 489
1 16 3
386 156 305
2 17 6
293 376 134 174 238 313
1 7 6
99 102 137 453 454 346
1 11 4
301 464 23 253
4 18 9
341 319 429 169 258 338 300 75 219
1 6 10
365 61 476 496 300 328 105 3 393 36
5 14 9
224 200 494 148 137 203 202 485 418
1 35 2
409 167
2 11 10
399 472 379 319 317 408 434 324 86 468
1 26 3
397 23 143
2 26 3
111 307 279
4 19 8
118 456 103 24 67 268 370 464
1 7 10
336 129 153 157 161 432 291 459 236 228
3 13 10
27 392 363 246 237 136 134 137 413 230
1 6 10
349 60 23 264 132 229 493 50 236 456
6 21 10
327 296 166 120 55 391 406 258 218 314
2 27 4
413 223 69 244
1 10 6
460 357 175 491 58 69
4 17 7
309 83 156 285 224 315 159
2 19 5
424 353 435 208 297
5 23 8
494 273 33 410 34 131 215 258
2 11 5
290 166 162 195 369
2 19 6
302 488 333 225 269 201
6 19 10
49 76 357 150 182 151 328 75 405 383
4 22 8
489 374 301 180 188 169 215 1
4 22 7
189 407 124 83 323 335 499
4 16 8
411 275 222 66 69 415 438 486
1 26 2
436 246
1 15 4
178 137 425 461
2 21 4
465 215 189 59
1 11 5
420 298 91 432 53
2 20 4
486 308 119 305
1 16 4
86 422 144 57
2 12 9
385 236 445 228 241 144 393 478 212
3 15 7
362 238 316 176 267 202 446
1 37 2
432 244
1 14 3
349 350 303
5 19 8
210 389 423 268 276 281 494 94
4 17 10
439 322 440 168 225 368 152 114 252 101
5 21 9
453 38 396 237 352 387 203 391 263
6 22 9
460 97 395 86 297 440 346 249 314
1 9 7
306 373 182 14 380 340 189
1 27 2
42 129
2 14 7
244 341 266 484 33 27 87
1 9 8
22 189 440 197 96 284 87 230
6 20 10
54 194 263 437 350 250 94 25 316 473
1 10 3
89 247 85
1 19 3
179 218 451
3 13 9
306 173 337 11 53 360 345 443 66
1 18 3
214 149 348
1 18 4
338 209 244 335
3 17 8
16 319 420 480 32 151 115 33
5 23 8
18 91 435 484 217 373 275 213
1 13 5
193 212 76 328 488
2 22 5
267 58 347 249 465
1 20 3
461 477 463
6 22 10
320 275 15 157 411 217 272 299 180 338
6 19 10
208 440 337 68 91 353 123 261 266 14
2 16 5
458 285 467 477 310
5 22 8
312 187 125 319 41 284 227 5
2 10 10
135 429 439 324 75 194 405 79 69 250
3 12 7
230 325 89 51 5 350 23
3 13 10
219 27 89 263 59 29 372 330 336 241
1 9 7
168 218 101 343 340 410 476
1 25 3
158 302 84
3 15 5
255 202 24 82 27
1 15 3
9 163 113
2 16 7
330 295 402 10 156 126 211
4 16 10
479 76 47 296 232 155 283 326 253 481
3 13 9
2 25 279 36 263 415 387 236 393
2 27 3
488 161 309
1 13 4
465 260 412 340
5 22 8
154 230 473 327 169 26 181 485
1 12 6
154 391 455 443 139 115
4 17 10
177 231 236 431 355 78 307 214 477 110
4 17 8
137 173 468 3 42 320 251 292
1 34 2
287 143
1 18 2
99 438
1 10 7
314 17 200 61 444 135 416
4 21 6
242 479 425 48 449 307
2 11 9
298 260 397 143 449 137 125 278 190
1 25 2
143 370
3 17 8
388 373 268 224 371 65 113 493
2 16 4
114 297 350 136
4 30 6
188 61 482 426 252 473
4 18 8
88 214 183 322 64 374 107 266
1 23 3
308 413 40
5 15 9
195 396 161 101 314 324 489 29 9
3 19 5
177 453 28 252 363
1 26 2
487 418
3 18 5
476 265 104 306 227
5 17 8
65 172 68 14 95 254 497 165
6 22 9
370 190 238 273 419 405 326 441 394
4 19 7
190 168 173 276 130 186 383
5 19 10
259 318 294 141 258 189 495 135 8 286
2 12 8
327 363 104 499 387 247 107 438
2 24 4
294 460 438 476
2 21 4
244 282 180 398
5 22 8
333 324 45 275 115 23 326 408
3 21 6
473 438 198 5 126 202
1 10 6
54 443 342 491 411 444
3 16 9
31 431 177 61 458 194 25 292 77
5 20 10
84 73 235 21 193 226 252 348 438 414
2 10 10
472 253 75 104 237 385 364 127 468 132
2 23 4
379 180 191 244
1 27 2
487 324
1 14 5
35 155 41 234 419
2 33 3
303 447 110
4 20 7
347 108 377 330 349 468 329
4 14 6
254 89 61 398 401 350
2 16 5
26 295 152 270 339
1 29 2
157 116
2 23 4
17 390 315 284
4 17 9
454 57 135 395 392 479 190 96 365
2 11 9
346 364 260 471 165 402 228 478 415
6 20 9
3 151 130 32 301 405 215 409 314
1 9 5
76 474 236 422 347
1 19 2
462 213
1 15 2
207 465
3 16 6
464 365 489 221 196 321
1 14 4
345 92 497 56
1 7 10
134 200 487 58 407 377 88 191 48 101
1 7 10
423 281 466 437 10 245 108 331 457 153
1 11 7
477 247 265 51 120 63 235
1 13 3
370 201 50
3 17 8
440 322 190 108 300 329 142 155
1 16 4
437 58 117 350
1 38 2
185 41
2 14 7
185 245 29 351 127 165 155
1 9 8
132 360 347 87 167 413 126 378
1 13 4
470 490 60 95
1 18 4
235 497 435 99
1 18 4
294 495 351 197
1 8 7
277 338 78 343 23 227 485
2 15 5
224 349 157 220 452
2 27 3
257 331 323
5 18 9
68 62 184 405 412 66 257 201 18
1 17 4
435 418 327 344
2 21 4
142 106 112 362
2 10 8
71 220 439 361 253 200 77 247
2 11 9
61 307 439 320 130 133 308 87 274
3 20 6
404 216 313 58 322 149
3 18 7
6 52 66 20 159 328 40
2 19 6
157 71 412 268 16 468
4 27 6
268 229 199 36 251 168
1 10 7
46 207 443 188 92 313 377
1 7 9
203 193 44 105 238 187 421 291 407
1 18 2
207 90
4 18 9
494 427 37 376 262 473 120 187 139
3 16 8
123 219 380 128 135 482 378 255
2 16 6
331 227 294 455 368 359
2 28 3
152 371 474
2 10 10
164 121 297 231 445 127 259 410 481 152
1 27 2
199 166
1 20 2
411 301
2 14 8
19 104 15 469 472 440 185 112
3 16 9
345 194 440 74 278 451 365 481 444
5 18 9
360 317 469 273 448 350 260 400 211
2 19 3
424 8 119
1 12 2
436 443
4 23 6
318 319 206 491 145 457
1 7 10
395 407 294 320 93 306 164 217 171 148
3 13 10
223 360 127 13 378 66 487 37 166 7
2 12 8
117 331 151 156 425 399 232 256
2 16 7
244 93 222 198 209 472 409
1 12 6
203 367 242 165 237 482
2 27 3
129 376 71
4 18 10
122 483 472 429 51 171 309 300 204 461
3 19 8
472 421 399 199 269 89 348 50
6 23 10
267 160 163 310 341 375 54 84 138 352
2 18 5
286 449 299 131 191
2 16 7
119 293 23 20 140 230 200
1 12 5
471 173 402 350 328
2 11 9
35 8 368 41 163 162 147 251 488
1 9 7
347 93 475 465 172 309 241
1 30 2
109 24
1 34 2
319 63
3 15 9
246 475 72 359 27 172 95 103 33
5 17 10
155 446 430 7 225 312 68 184 44 133
1 18 2
425 255
1 23 2
416 348
4 18 9
0 344 128 114 358 76 487 112 385
1 23 2
339 403
2 27 3
192 281 297
1 18 4
487 144 38 275
1 25 2
452 493
1 17 4
354 124 155 497
3 20 5
406 471 28 204 347
1 6 10
63 321 119 363 489 476 65 127 307 138
6 23 9
396 100 451 75 468 289 3 437 400
1 18 2
66 324
2 18 6
297 219 232 352 2 399
4 17 10
498 487 300 461 332 466 496 464 301 232
2 16 3
160 243 457
3 16 8
259 478 114 91 458 493 359 366
4 19 8
336 86 221 230 81 345 231 212
1 33 2
93 118
3 24 6
55 131 4 264 107 299
2 12 8
214 304 82 276 441 157 192 45
2 23 4
274 134 192 35
1 22 2
462 339
5 22 8
98 2 399 191 297 93 223 252
2 24 4
134 327 168 188
3 15 9
124 95 199 153 104 385 59 396 278
4 19 8
292 10 4 471 158 75 476 367
1 11 7
33 391 426 388 257 142 139
4 17 10
249 6 250 405 372 139 220 304 86 361
1 6 10
238 309 319 366 196 420 14 4 326 454
1 8 9
299 295 324 142 4 167 92 170 122
2 15 6
158 76 105 294 220 491
2 27 3
394 430 113
2 13 8
114 107 347 181 214 126 263 148
6 21 10
144 390 192 298 343 359 8 80 84 154
2 23 4
59 243 334 135
4 20 8
442 238 334 174 441 107 413 339
1 7 10
330 236 183 328 499 467 61 472 286 66
1 22 3
495 265 20
4 21 6
370 148 383 107 290 301
6 21 9
400 110 436 126 114 496 453 298 323
2 21 4
334 403 315 373
1 8 9
381 171 364 184 53 85 347 215 262
1 7 10
277 127 390 203 439 151 244 16 29 361
4 18 7
13 456 128 475 152 120 434
1 9 7
295 419 32 214 107 336 150
2 10 9
342 352 14 217 110 350 102 496 4
2 29 3
360 348 433
2 22 4
203 151 404 390
1 19 3
432 9 95
2 18 4
384 65 262 465
1 26 3
41 151 180
2 22 5
139 17 189 131 458
2 25 4
299 182 142 202
3 17 5
455 317 464 27 192
1 20 3
82 293 14
4 24 6
385 193 216 390 337 53
1 11 7
408 492 195 421 170 174 198
2 16 6
488 451 17 257 56 235
1 7 10
490 26 63 469 447 489 390 337 145 89
3 17 7
400 373 149 262 461 330 26
2 11 10
487 440 448 113 467 477 11 94 306 369
3 23 5
410 339 116 11 371
3 17 5
390 97 323 401 18
4 28 6
67 244 459 321 440 406
1 7 6
221 312 236 469 68 430
1 7 10
144 432 316 458 487 16 262 94 439 208
4 25 6
295 340 204 246 185 272
1 25 2
372 48
1 34 2
41 403
3 14 9
14 320 80 325 168 340 493 111 446
3 26 5
331 121 95 271 234
3 23 5
329 264 269 401 381
2 12 8
96 292 352 497 425 301 226 192
1 17 3
418 59 382
1 15 4
400 232 54 221
1 8 7
313 245 458 250 359 362 202
3 19 6
437 74 199 380 179 106
4 24 7
339 437 188 426 273 286 455
1 13 5
366 161 187 441 318
1 12 6
178 353 16 247 347 180
3 19 5
161 428 298 438 442
4 18 7
328 253 368 402 422 265 17
4 24 6
472 290 482 72 9 379
6 18 9
176 32 3 53 236 62 376 281 151
6 19 10
361 203 338 270 418 459 5 105 169 157
4 26 7
269 18 413 250 94 482 296
2 33 3
376 321 468
1 14 4
94 103 310 414
3 15 8
482 71 68 43 261 308 136 129
3 19 7
471 183 86 120 6 458 293
1 22 2
29 333
1 19 2
220 373
1 22 3
477 318 185
2 10 9
313 174 287 132 136 229 310 316 223
2 18 5
402 12 158 410 178
3 17 5
31 489 358 96 214
4 15 10
389 139 386 189 355 176 223 412 222 116
1 17 3
106 21 436
2 19 6
176 460 177 98 107 392
1 8 8
69 141 53 240 76 298 319 395
1 12 5
291 221 368 360 491
2 16 5
241 488 261 71 425
1 12 6
91 123 86 483 433 205
1 17 3
60 313 206
5 17 9
393 487 409 38 452 163 329 173 222
3 12 10
31 407 391 271 434 96 102 129 412 299
1 23 3
433 407 75
4 18 7
405 378 103 271 486 50 463
3 22 6
452 119 170 376 244 387
2 13 7
280 417 379 181 349 154 136
5 18 9
214 450 492 286 458 130 150 49 137
4 18 10
200 63 104 188 335 14 318 88 96 269
1 19 2
290 451
1 19 2
421 103
3 19 8
31 413 423 177 174 332 327 55
1 17 3
159 211 322
2 22 3
185 389 324
5 20 9
186 439 171 317 446 468 330 175 445
3 13 10
86 356 20 470 302 257 451 201 77 306
1 24 3
309 227 41
3 22 5
173 119 78 281 455
3 14 10
405 448 252 121 2 351 283 395 190 477
1 11 6
215 32 181 326 338 363
1 22 3
356 461 221
3 19 7
309 140 213 322 318 352 338
2 22 4
427 172 77 16
5 16 9
4 94 280 32 182 99 216 222 390
1 18 3
497 167 254
4 19 8
317 350 439 20 378 337 149 257
2 12 9
233 170 433 435 28 256 373 88 42
1 18 3
89 393 10
1 18 4
353 289 20 63
2 11 9
57 32 321 301 185 434 417 316 77
3 15 7
302 369 305 479 466 399 40
4 19 7
242 439 182 467 290 315 193
2 18 5
155 27 287 186 210
2 9 9
212 240 333 79 74 40 136 491 229
4 26 6
121 120 171 308 358 105
2 15 5
297 119 486 27 69
4 20 7
231 425 217 325 291 214 478
6 20 9
288 178 30 263 408 289 401 358 442
2 22 3
393 339 396
2 10 5
479 453 202 438 255
1 8 8
424 79 120 133 67 274 464 37
1 24 2
264 237
2 18 4
148 114 451 251
2 28 3
245 312 226
2 10 9
437 105 298 315 387 186 234 83 300
5 18 10
70 354 492 3 213 301 278 484 68 307
1 12 5
176 26 178 51 478
1 13 5
215 338 9 137 64
2 11 10
196 299 253 185 2 108 30 69 433 249
2 13 8
221 103 429 157 323 0 140 195
1 9 8
435 409 483 235 337 448 304 371
1 16 3
391 380 451
6 23 10
239 341 151 461 259 404 493 124 346 63
3 19 7
458 81 256 44 425 151 433
5 21 8
288 327 187 496 404 248 93 125
2 20 5
109 32 410 291 370
4 22 7
289 23 46 36 378 340 352
1 12 2
457 388
1 22 3
493 222 301
1 9 8
349 18 282 484 358 250 229 51
6 21 9
109 311 440 331 104 305 230 99 300
2 21 5
215 322 65 484 203
5 19 10
322 91 220 142 289 497 250 486 146 36
6 21 9
8 453 459 243 96 95 429 302 398
5 17 8
379 227 72 151 210 374 368 238
1 13 3
46 28 398
5 19 10
315 35 99 45 406 445 24 252 55 84
1 30 2
402 469
4 18 9
447 36 197 389 224 76 114 138 101
1 24 2
362 204
3 17 7
251 68 36 250 234 19 316
1 11 4
123 286 156 357
2 14 7
159 300 132 203 466 233 381
4 16 9
130 147 471 224 19 23 280 474 187
1 13 5
344 37 167 172 395
1 15 5
493 1 435 107 359
1 22 2
441 236
2 12 8
131 210 103 9 393 496 117 375
2 28 3
457 417 428
1 10 6
245 220 458 492 449 297
2 24 3
474 315 279
1 8 7
257 14 207 398 288 237 362
6 20 10
262 478 240 152 235 428 97 188 454 398
4 24 7
300 90 385 313 447 83 376
2 11 10
148 293 435 426 102 110 77 180 317 67
6 20 10
139 209 121 90 305 474 391 369 127 264
1 10 6
208 407 35 420 497 319
4 16 7
100 287 136 34 466 49 148
2 20 4
49 433 401 260
2 16 5
483 386 439 128 95
4 19 9
145 377 115 8 270 324 234 231 223
1 32 2
237 84
3 12 10
137 438 436 230 458 81 409 374 89 392
2 15 7
289 372 55 296 393 486 303
1 7 9
405 458 357 80 88 69 397 492 416
1 28 2
89 246
5 19 8
75 46 111 39 305 97 63 347
5 17 9
87 458 469 240 20 478 342 388 485
4 20 6
227 240 457 458 257 185
1 9 7
392 105 365 73 216 245 123
4 20 8
101 210 194 391 413 192 165 103
4 19 8
231 348 317 371 23 99 133 400
1 34 2
172 335
3 19 7
303 459 78 302 439 387 461
1 11 7
333 435 373 403 186 26 408
2 29 3
143 248 365
1 12 6
338 124 133 397 8 425
1 18 3
245 234 270
4 19 8
407 292 219 446 224 320 394 54
2 24 4
352 495 338 362
2 19 4
158 150 475 271
1 17 4
67 45 185 212
2 29 3
26 410 309
3 23 5
213 337 64 11 154
4 29 6
139 372 330 13 1 107
1 10 7
4 479 261 494 385 377 372
4 25 6
346 428 281 361 34 205
2 24 3
159 174 365
2 11 9
139 81 120 2 86 83 195 159 300
4 22 7
169 29 255 40 267 232 164
1 18 4
110 421 381 23
1 15 5
449 476 50 131 302
1 8 6
425 443 389 325 200 392
2 14 6
355 132 315 436 384 107
1 25 2
74 40
2 8 9
104 178 32 253 160 78 369 37 176
3 22 5
372 189 215 115 378
1 20 3
306 321 299
2 17 5
148 481 68 245 444
1 8 8
21 32 168 459 353 305 336 49
1 9 8
49 51 356 473 45 412 63 43
3 18 6
252 456 81 31 75 411
1 26 2
339 124
1 20 3
374 464 157
2 21 3
95 46 372
4 16 10
345 292 166 488 38 29 416 387 17 48
5 18 10
332 120 286 388 317 476 460 385 69 259
3 19 7
131 300 465 335 90 230 17
1 7 9
218 478 377 255 285 91 383 305 340
2 22 4
302 339 318 123
1 8 6
460 174 150 469 230 272
4 17 8
39 323 95 479 145 90 54 337
2 11 10
347 10 158 58 309 263 432 30 415 419
6 21 9
247 208 353 157 85 403 424 419 325
2 12 6
469 383 241 28 86 491
1 31 2
341 203
1 16 3
18 230 158
6 18 10
184 60 452 480 210 251 436 418 136 450
3 19 7
493 389 183 74 180 388 90
3 13 9
328 434 254 157 436 382 303 137 463
3 20 5
104 451 208 298 152
1 17 4
43 223 271 47
3 13 10
201 229 63 116 405 293 323 66 454 287
4 16 10
207 247 484 292 345 275 409 454 495 65
1 10 4
116 230 338 311
4 20 9
484 290 419 182 278 239 200 381 147
3 17 6
186 495 342 374 54 449
2 21 3
425 128 136
4 23 6
371 404 471 441 438 454
1 18 4
135 493 435 468
3 25 5
169 134 180 309 230
3 17 9
73 194 71 416 405 448 246 149 381
1 34 2
232 250
1 11 7
436 185 386 408 433 26 343
1 8 9
77 488 132 448 72 385 333 254 166
3 17 7
23 345 295 261 90 63 277
4 20 7
463 246 336 403 65 280 207
3 18 7
399 313 325 343 55 441 149
4 18 10
163 374 340 302 110 375 226 333 342 180
3 16 9
363 149 138 51 201 107 317 482 37
3 22 6
284 197 169 141 95 386
2 14 7
127 172 69 429 223 75 21
1 17 3
343 497 373
3 19 7
367 121 221 403 450 31 372
1 18 2
59 56
1 17 4
142 410 378 238
4 22 6
459 23 499 197 200 258
3 15 10
308 83 13 433 145 185 246 434 134 26
1 17 2
242 136
1 22 3
307 139 378
4 18 8
34 20 211 89 351 357 307 365
1 13 4
471 216 29 146
3 17 8
381 168 105 447 374 77 196 25
2 35 3
38 294 126
3 21 5
312 135 202 487 436
4 21 8
24 232 487 5 489 330 358 11
2 24 4
89 321 267 65
2 21 5
45 407 1 269 257
2 11 9
462 347 390 334 42 285 469 351 221
1 19 4
157 448 457 248
2 10 9
401 494 170 127 307 262 181 488 399
1 16 4
247 6 170 498
2 23 4
415 419 319 318
1 11 5
169 138 200 164 129
2 12 9
474 323 149 177 58 377 425 156 431
1 7 9
13 336 292 452 262 454 119 238 115
1 27 2
323 13
2 14 5
347 383 316 159 40
3 24 5
497 13 48 461 390
2 19 5
74 356 209 122 364
1 20 3
10 153 363
4 17 9
110 50 261 128 133 109 267 57 138
5 24 9
302 496 243 194 169 368 72 98 1
3 26 5
26 256 280 404 235
3 19 5
67 434 339 395 334
2 16 6
286 62 34 284 308 414
2 16 7
246 163 20 356 263 43 404
1 27 2
400 60
2 12 7
393 30 243 75 445 405 133
2 17 5
313 256 99 257 200
4 23 8
447 177 459 122 219 231 298 307
1 12 5
164 362 343 22 245
1 20 2
276 37
3 19 8
436 205 131 482 311 239 448 467
1 26 2
182 247
5 17 10
164 199 56 138 410 373 91 86 415 146
1 13 4
466 380 32 396
3 23 5
85 203 122 472 470
4 20 8
307 456 198 124 148 444 270 490
2 19 6
385 269 408 350 469 315
2 18 6
55 254 19 453 382 472
4 22 6
145 360 35 298 186 321
1 10 5
315 418 261 103 340
1 28 2
196 177
1 17 4
194 88 310 463
1 23 2
102 323
2 18 4
249 125 360 241
3 14 10
374 321 121 283 135 269 77 444 393 358
2 11 8
461 427 479 76 24 85 189 49
6 23 10
132 479 11 382 220 233 275 408 131 299
3 19 5
465 186 187 90 416
4 19 9
260 194 318 485 267 278 86 42 384
3 17 8
271 227 349 88 133 185 295 143
2 21 4
314 284 242 287
6 20 10
232 234 127 335 479 260 228 330 285 443
2 16 5
79 423 305 282 365
3 23 6
287 266 188 213 428 444
3 16 8
34 456 413 98 156 89 454 407
3 17 6
191 121 490 298 62 297
1 6 10
224 91 140 113 164 340 120 456 396 288
4 18 7
434 415 329 141 252 4 249
6 24 9
349 410 294 401 472 150 232 497 19
4 19 7
320 281 378 317 389 178 50
1 8 7
87 153 370 463 191 274 217
1 23 2
347 496
6 22 10
123 10 169 231 335 499 167 455 481 336
3 16 7
358 288 376 404 195 151 213
5 19 8
457 281 449 50 183 93 30 200
6 17 9
380 453 174 62 68 26 236 351 79
1 13 5
27 65 167 499 285
2 19 4
182 416 164 338
4 22 7
379 22 81 131 319 363 422
1 17 3
412 336 451
2 13 7
241 184 398 60 57 270 440
2 20 5
214 59 307 337 141
1 18 2
5 288
2 9 10
99 62 452 169 268 439 27 288 176 421
2 22 4
437 232 277 347
6 24 9
337 300 287 254 495 155 324 482 315
2 16 7
68 359 111 426 379 223 198
2 26 4
278 385 181 473
1 15 3
463 451 45
4 18 8
124 255 123 286 492 355 151 354
2 14 6
13 491 303 387 220 462
3 16 8
57 37 150 13 402 1 214 392
5 19 8
260 208 463 8 289 217 481 346
5 21 9
22 39 390 208 189 188 404 299 110
5 19 10
200 212 209 319 403 156 20 179 175 18
1 24 2
383 97
2 13 8
353 488 118 381 446 161 27 460
1 8 8
10 439 30 467 155 77 242 90
3 22 6
289 296 186 38 406 395
5 20 9
463 192 29 359 484 340 220 171 179
1 15 4
79 28 167 379
2 16 6
135 81 111 179 46 343
2 17 6
6 492 260 376 129 499
6 25 9
454 324 381 138 327 431 390 143 10
2 17 3
106 260 202
2 21 3
6 158 389
1 7 9
326 387 266 423 335 226 150 164 123
1 17 2
282 262
1 29 2
46 11
4 23 6
393 296 462 413 239 229
4 21 7
301 304 114 467 368 20 82
6 17 10
22 463 168 54 130 277 13 467 9 449
1 19 3
262 266 394
1 29 2
38 234
4 21 6
288 149 330 129 418 394
2 14 5
370 436 244 3 357
2 20 5
234 302 491 304 101
1 34 2
335 109
1 12 5
325 333 337 78 191
1 10 7
210 29 380 414 268 103 114
1 10 7
84 151 92 334 342 249 260
2 18 5
347 492 150 419 61
2 10 10
290 235 175 6 262 12 416 409 191 174
5 22 9
147 113 27 46 139 44 48 142 184
4 19 7
275 465 106 424 202 249 259
5 26 8
32 343 328 180 17 41 407 231
1 13 4
77 4 460 478
2 20 5
224 334 354 84 208
2 13 8
461 60 350 419 25 338 487 88
1 17 4
71 240 267 129
1 15 5
185 308 293 150 312
5 18 10
265 375 28 494 386 77 108 69 365 118
1 17 4
393 20 203 277
3 15 9
404 248 334 403 346 109 480 273 29
3 22 5
474 263 64 70 317
4 15 10
428 62 184 499 90 415 220 473 69 407
2 23 4
294 22 290 15
1 15 4
492 2 184 296
6 19 10
340 166 199 415 321 434 285 30 228 445
2 19 3
254 326 211
2 22 4
484 37 280 202
1 25 2
211 187
5 21 8
380 270 13 304 428 128 56 474
3 28 5
10 126 493 283 171
1 12 3
324 253 150
2 18 4
325 30 350 294
1 27 2
473 497
4 18 9
98 298 205 366 354 222 146 357 60
2 20 5
461 458 353 73 223
1 6 10
429 80 100 247 105 437 333 119 144 160
3 16 9
298 139 19 13 303 484 17 432 211
2 13 8
243 232 476 165 128 404 380 192
4 18 9
490 231 475 48 479 232 3 42 446
2 19 5
217 480 186 1 89
1 15 5
413 428 71 227 418
5 16 9
68 163 179 478 263 262 349 44 183
3 13 9
152 452 59 85 23 285 124 24 69
4 15 10
59 386 210 491 232 8 2 155 497 62
2 15 7
55 261 151 16 12 40 410
5 16 10
483 290 128 180 398 91 1 39 339 206
1 19 2
82 358
1 13 3
76 127 224
2 28 3
278 234 307
5 17 10
470 324 126 116 21 360 412 387 74 421
4 19 8
27 51 127 395 415 423 110 26
4 18 8
117 152 257 427 404 54 330 221
3 19 5
32 460 490 322 453
1 8 8
334 43 158 208 466 150 301 162
5 18 8
266 54 248 100 157 87 391 250
4 18 8
189 445 372 135 252 84 464 359
3 17 9
37 146 482 93 43 96 246 480 472
3 23 6
468 199 129 343 134 435
1 14 2
489 214
3 18 5
119 229 214 103 421
6 22 10
110 413 9 304 359 189 241 481 408 443
4 19 7
234 218 292 69 80 442 102
2 18 5
410 19 71 464 424
2 12 9
484 157 405 105 31 467 148 93 113
4 19 8
360 222 144 392 142 48 415 149
6 24 9
316 250 188 45 217 345 384 143 63
2 13 7
21 351 184 360 150 459 490
2 23 3
346 436 334
2 17 6
385 15 270 38 152 145
3 18 7
196 288 297 212 493 400 291
2 14 6
79 348 211 179 434 310
5 19 8
168 68 489 123 485 451 198 39
1 8 9
126 378 348 497 330 403 239 353 395
6 20 10
186 2 155 163 234 185 399 216 152 354
4 19 8
136 123 203 299 288 151 110 107
1 14 4
137 70 26 172
2 24 3
324 96 103
2 12 9
73 214 147 450 365 349 475 69 381
2 18 3
102 401 106
1 29 2
109 161
2 18 5
161 232 57 388 328
2 28 3
144 117 432
4 15 10
356 314 222 460 219 320 317 69 436 97
5 18 10
148 313 86 433 267 124 370 40 150 339
4 22 7
495 432 267 237 8 314 497
4 14 6
5 260 489 416 324 222
1 9 7
442 427 323 31 111 417 279
2 15 7
481 341 473 198 30 337 81
2 21 5
35 115 482 476 266
3 18 8
32 118 83 194 128 228 144 353
3 17 8
183 465 496 180 6 406 130 316
4 22 8
302 237 89 356 472 273 288 385
1 10 7
308 28 103 219 147 186 21
1 18 2
236 191
6 23 10
269 379 267 469 104 220 134 291 101 167
4 20 7
108 307 258 294 221 329 171
1 31 2
383 495
1 12 6
448 22 434 311 275 82
2 12 8
56 488 467 274 415 65 301 492
1 18 3
130 342 359
1 8 9
119 16 235 221 204 152 82 121 27
1 35 2
177 208
4 20 9
348 426 375 305 82 28 5 58 413
1 7 10
36 125 444 291 485 130 443 222 238 128
2 17 5
427 336 153 115 52
2 13 8
290 157 277 323 382 401 130 408
1 16 4
18 52 451 261
3 23 5
477 164 316 126 13
1 18 2
82 224
3 14 9
61 299 409 320 150 17 287 380 35
5 23 8
298 477 460 215 75 163 55 296
1 25 2
43 209
5 19 10
219 162 299 310 454 268 118 368 312 0
2 22 4
387 259 432 50
2 31 3
229 198 480
2 10 10
5 383 12 1 431 189 35 28 409 67
1 7 10
257 447 42 325 43 438 289 329 5 10
1 9 7
261 298 381 150 441 243 149
3 19 5
272 205 305 218 260
2 11 9
35 439 184 194 169 31 92 73 143
2 23 3
357 448 94
1 22 3
120 351 267
4 23 7
126 327 337 170 205 128 279
1 12 6
17 65 331 291 450 352
5 17 10
8 201 356 411 14 79 154 108 58 267
2 26 3
483 445 147
3 12 9
443 367 288 236 87 289 434 453 90
1 27 2
95 275
4 24 7
246 184 53 320 98 478 492
3 16 7
34 96 103 241 6 108 28
3 17 8
110 440 3 39 284 149 135 318
1 8 9
312 306 426 423 72 352 379 203 280
3 23 5
421 410 402 253 362
2 22 4
289 174 412 420
3 15 9
162 478 167 197 422 238 102 356 291
2 13 6
56 214 175 374 93 439
3 18 7
317 438 136 4 208 267 381
3 19 7
335 223 243 460 36 320 454
3 16 9
107 119 148 492 409 289 241 145 11
2 12 9
138 27 469 188 141 100 454 130 225
3 14 9
409 136 424 423 207 38 335 358 353
3 20 6
150 71 229 274 115 94
2 21 4
247 96 291 34
3 14 9
224 45 424 147 278 2 375 399 187
1 9 6
446 478 91 49 308 137
2 18 6
448 279 253 366 486 84
5 19 10
394 481 261 256 491 162 343 352 441 467
4 17 9
123 262 266 151 319 221 332 356 226
2 14 7
352 201 148 449 95 294 9
1 18 4
97 1 185 118
1 27 2
178 256
1 34 2
268 441
1 10 7
448 205 323 113 122 464 29
2 20 4
258 172 154 170
2 10 10
229 171 216 37 412 185 165 304 439 340
1 22 3
393 433 322
2 14 6
186 264 398 439 475 52
3 24 6
387 30 294 102 302 180
5 23 8
437 174 431 385 306 455 494 155
4 19 8
8 230 124 138 365 484 357 32
5 18 10
107 227 311 289 174 122 392 217 328 412
1 12 6
248 143 383 209 353 275
3 24 5
108 96 199 359 280
4 18 8
225 83 186 294 242 259 123 453
6 21 10
84 424 78 224 143 261 202 367 489 291
3 27 5
385 421 93 429 335
2 11 9
226 368 335 340 230 171 193 494 355
1 18 2
200 150
4 21 7
11 58 257 133 442 469 280
5 21 9
52 172 303 268 436 78 325 450 324
1 20 2
103 277
3 20 6
193 94 377 340 488 378
2 22 4
303 271 478 446
1 19 4
461 251 201 448
3 19 6
118 407 451 75 456 0
5 16 9
285 488 324 370 345 67 50 300 183
5 21 9
416 61 152 484 375 333 188 342 490
1 19 3
74 36 441
3 17 5
350 82 327 151 120
4 18 8
484 317 388 294 345 87 270 384
1 36 2
48 180
1 9 8
281 96 457 174 434 391 21 456
1 8 9
198 96 302 342 386 11 410 113 353
4 15 6
297 314 108 340 470 154
4 15 9
164 421 214 363 375 126 483 479 179
2 18 5
118 355 218 70 46
2 11 8
307 38 83 222 166 4 393 356
2 17 6
171 241 283 135 411 334
2 14 8
51 172 376 176 32 82 230 402
1 24 3
90 98 115
4 25 6
395 405 295 193 288 81
1 18 4
225 365 359 167
2 15 5
195 85 341 242 403
2 15 6
90 450 127 415 279 66
2 25 3
223 297 61
5 24 8
69 15 98 154 399 28 417 294
4 17 9
383 102 413 349 496 106 231 208 494
1 11 4
321 89 297 418
4 24 6
449 395 444 239 49 371
4 18 8
336 489 330 412 406 201 227 259
6 21 10
480 279 462 354 305 446 229 81 300 334
3 14 10
303 488 394 163 489 448 375 459 48 412
1 11 7
144 291 189 182 51 378 78
6 17 10
31 431 5 470 173 30 136 412 293 176
3 14 9
497 168 293 492 86 445 328 222 213
3 14 10
226 202 386 22 484 414 455 437 237 269
4 24 6
383 454 494 397 196 231
2 12 8
232 436 398 354 7 48 96 170
2 15 5
263 463 373 23 457
1 21 3
42 462 134
3 10 10
317 315 173 393 357 438 300 117 183 423
2 16 6
286 343 304 200 309 114
4 14 10
476 373 113 132 378 58 384 489 254 14
3 20 5
31 255 289 3 109
2 19 3
153 54 61
3 17 5
105 364 73 242 82
3 22 6
246 423 416 461 19 136
1 12 6
69 116 366 117 485 209
2 23 3
78 311 130
1 18 4
278 256 439 121
1 26 2
143 265
3 14 10
409 395 26 97 366 140 125 385 276 403
1 16 3
396 116 159
3 17 6
421 453 404 137 175 273
2 26 3
219 327 350
4 17 10
267 262 62 448 347 468 74 394 29 466
3 26 5
209 350 138 278 41
1 9 8
65 175 115 393 321 274 18 196
4 26 6
57 245 197 376 463 296
1 13 4
25 315 76 321
2 15 7
265 198 449 97 473 76 72
2 22 5
461 120 199 59 376
2 12 9
441 44 82 84 256 90 118 293 463
4 21 8
84 214 393 271 61 181 211 341
2 10 10
8 126 260 393 2 451 340 76 440 487
5 23 9
343 143 144 242 273 419 112 274 66
2 15 4
276 162 151 94
5 19 8
253 177 451 59 399 389 179 116
2 10 8
128 120 8 342 11 227 217 65
1 8 9
131 417 46 73 15 92 163 227 297
6 20 10
143 463 207 211 312 41 296 95 286 454
1 19 3
222 490 193
1 15 3
391 427 25
3 13 9
372 127 464 189 173 307 480 322 70
1 8 9
440 322 134 293 142 205 105 111 20
1 8 9
291 250 314 26 249 87 424 350 322
1 22 3
309 155 407
1 12 5
293 149 79 27 254
3 21 6
499 192 177 259 250 333
3 23 5
154 246 252 115 451
3 17 8
203 72 198 13 9 264 300 232
1 15 5
397 146 417 302 172
3 19 6
248 205 322 54 7 229
1 19 3
485 341 350
4 18 9
315 223 12 123 21 39 124 279 58
2 14 7
318 258 183 12 278 274 327
2 12 9
268 316 227 419 79 338 10 399 459
1 11 4
170 336 465 260
3 22 5
328 259 356 396 382
1 16 4
428 346 7 169
1 11 5
238 192 122 22 77
3 19 7
456 488 81 280 356 371 432
1 24 2
193 195
1 19 4
433 102 98 282
3 28 5
293 294 473 258 386
4 16 10
104 226 379 45 291 467 97 18 290 75
2 14 4
277 44 434 474
1 16 4
221 490 377 93
3 29 5
141 426 380 193 41
2 23 4
173 16 396 162
6 20 10
50 19 355 265 209 301 207 322 317 119
1 12 6
281 429 406 171 9 412
3 18 6
372 125 45 50 444 72
2 10 10
275 227 76 293 496 488 50 203 19 353
3 15 9
218 116 286 485 298 492 484 118 7
1 11 7
291 303 88 302 125 148 477
1 26 2
168 427
1 25 3
131 198 248
2 25 4
231 13 20 454
1 17 4
434 203 278 408
3 17 8
492 413 326 184 323 51 277 303
6 19 10
221 89 12 110 105 176 450 67 473 161
1 21 3
171 49 328
4 19 9
175 22 449 366 354 145 309 226 432
4 19 7
207 76 459 78 493 138 137
5 21 10
41 491 194 410 362 376 16 456 338 367
3 19 7
231 344 466 425 25 139 2
1 13 4
314 298 93 443
1 18 4
381 444 162 19
2 17 5
215 62 175 248 139
2 22 3
148 169 288
4 20 8
431 379 80 359 107 353 88 300
1 10 7
444 445 427 21 302 5 411
2 10 10
145 374 78 150 460 382 383 170 413 74
3 18 7
346 360 472 48 307 414 29
1 19 4
472 74 391 435
4 19 8
451 174 435 110 471 328 394 325
1 11 7
314 325 14 194 249 247 123
1 17 3
122 94 441
1 11 6
160 226 273 35 393 430
3 14 10
473 425 478 435 438 36 255 333 448 351
2 12 9
363 23 119 25 286 205 330 16 2
2 13 8
478 289 139 377 321 276 271 374
1 16 4
307 185 53 403
1 6 9
159 345 164 343 481 338 257 489 327
1 8 8
152 372 112 320 164 224 206 404
1 10 6
218 73 174 318 288 373
5 17 10
116 74 138 40 245 169 400 498 244 460
2 24 3
237 437 390
2 10 7
412 247 50 451 415 104 313
2 17 4
298 386 416 25
1 22 3
3 172 168
3 15 9
474 208 295 77 223 146 153 397 124
1 7 10
360 268 399 383 2 262 115 245 151 153
1 22 3
141 367 89
4 18 10
36 188 429 63 13 385 370 94 410 352
1 9 8
184 465 50 462 281 381 143 221
5 22 9
234 417 329 271 92 55 113 490 420
2 18 5
289 311 300 407 470
1 25 2
76 192
2 10 10
209 297 107 491 220 113 434 358 18 286
2 16 7
84 8 497 251 448 20 237
5 19 10
340 494 269 45 19 461 64 499 343 187
1 11 6
43 426 134 222 388 412
6 23 9
114 291 184 454 275 380 209 174 491
1 8 8
101 95 90 400 349 451 394 61
1 14 5
155 171 325 255 5
3 11 10
420 85 305 217 91 241 326 236 318 397
1 35 2
274 21
4 16 10
84 401 463 429 319 196 311 184 165 482
4 24 7
56 402 153 383 304 308 10
1 14 5
197 283 259 487 471
3 16 9
142 261 294 140 73 452 288 268 36
1 10 6
87 257 140 27 329 176
2 12 7
96 438 264 317 399 419 183
3 15 9
289 263 449 35 88 424 443 83 431
6 20 9
260 75 225 32 494 53 493 116 210
1 25 3
271 283 55
2 22 4
312 172 322 234
1 14 4
74 399 252 56
1 20 3
194 491 242
1 9 7
47 421 303 345 43 407 205
2 11 10
402 96 64 137 462 269 259 193 59 168
2 16 5
49 123 454 202 172
4 15 10
68 353 109 101 258 297 172 39 483 325
1 14 4
46 497 64 134
6 19 10
186 157 498 5 106 469 422 375 40 187
4 18 8
292 345 122 463 233 301 136 199
2 28 3
228 334 457
4 17 9
449 15 300 218 419 64 163 221 232
2 30 3
51 112 209
1 10 6
216 29 12 67 65 334
3 19 7
27 299 428 147 383 86 127
1 10 7
393 312 476 193 434 493 311
2 22 4
433 207 12 20
3 23 6
113 185 93 245 199 460
2 25 4
370 476 459 143
1 22 2
3 250
5 17 9
230 467 95 133 231 163 164 210 102
2 10 10
178 497 19 315 292 255 316 215 246 329
2 13 8
391 359 461 248 336 454 172 472
4 26 6
356 499 131 149 52 492
2 22 3
328 12 20
1 25 2
100 437
2 19 3
290 184 44
2 13 8
107 471 186 218 290 458 88 281
6 19 10
71 313 219 379 78 312 362 339 191 113
1 20 3
218 173 407
1 11 3
361 73 264
1 10 7
135 255 389 81 29 458 431
1 16 4
155 38 237 92
4 21 8
21 128 192 301 293 395 210 219
1 10 7
10 375 49 75 477 340 79
1 7 10
305 494 444 256 32 154 344 27 261 113
1 15 4
161 333 126 206
4 18 9
64 127 253 356 404 342 412 115 396
3 14 9
164 216 469 196 67 463 135 404 320
1 9 8
30 256 22 59 363 139 434 21
1 11 5
417 415 423 200 191
2 11 10
49 332 359 454 292 188 172 267 81 102
5 22 8
229 228 417 456 348 30 149 174
2 20 5
145 410 48 321 234
4 24 6
362 425 7 131 87 245
2 10 9
325 103 309 195 80 433 89 488 358
1 24 2
128 391
2 15 7
61 70 144 480 368 219 163
3 18 8
219 440 371 54 486 169 139 107
3 26 5
250 1 73 24 366
1 26 2
385 30
1 8 8
411 290 73 320 485 355 37 203
4 17 10
153 404 461 455 2 429 215 403 443 227
4 21 8
188 324 456 495 232 271 24 436
1 15 5
343 71 269 188 451
1 19 4
289 380 461 6
4 16 8
483 111 247 212 453 280 218 491
2 17 5
20 97 170 329 446
6 22 10
197 486 293 277 357 377 161 403 350 177
6 20 10
418 83 230 227 358 258 37 359 11 426
1 24 2
361 18
1 25 2
392 88
1 16 2
390 393
3 23 5
176 6 130 493 465
1 15 3
265 455 49
4 11 10
403 27 148 8 236 12 462 108 49 173
2 10 10
461 124 311 257 89 28 56 362 285 77
6 16 10
236 3 28 460 354 82 449 418 366 384
3 16 8
339 137 136 80 258 348 2 6
1 12 6
288 34 137 294 219 333
1 21 3
356 160 58
1 19 3
438 427 147
4 16 8
472 43 216 398 27 257 478 85
4 18 9
180 469 11 102 100 282 235 394 303
1 8 7
410 125 272 57 439 106 265
2 16 7
401 385 26 496 140 55 373
1 15 4
138 79 218 190
1 21 3
302 497 478
2 18 5
109 129 112 189 110
5 20 9
128 36 80 209 54 178 60 330 297
1 5 10
316 393 314 458 446 30 388 392 425 355
1 27 2
307 90
1 20 3
310 245 25
1 23 2
470 262
2 16 7
236 231 281 315 267 224 413
3 18 7
96 329 103 172 115 81 457
1 31 2
284 400
2 25 3
256 178 415
2 11 10
286 274 221 454 176 24 450 304 20 267
1 12 6
361 479 444 173 448 319
1 8 8
135 318 232 347 321 105 54 279
3 19 6
183 319 327 250 358 0
4 15 9
369 328 103 494 94 122 412 44 435
5 19 9
27 496 223 108 116 72 258 174 118
4 13 10
164 422 350 154 317 290 250 183 260 496
3 13 10
247 31 262 177 24 7 369 19 341 17
1 18 3
354 36 91
5 19 9
242 249 357 83 290 449 143 422 327
3 18 6
26 341 367 474 298 195
4 16 10
298 79 231 412 217 144 493 7 378 127
1 7 10
52 233 276 420 415 494 154 152 1 157
3 16 9
454 440 370 444 132 72 334 447 461
4 20 7
428 388 177 395 0 32 373
4 16 9
273 79 236 185 200 252 270 35 49
1 14 4
438 83 28 322
4 17 10
283 83 277 275 431 17 307 290 244 77
3 16 5
243 312 253 184 91
3 19 7
197 352 21 125 336 250 128
4 23 6
258 384 424 374 428 110
1 27 2
191 168
4 23 6
0 415 29 121 71 299
1 28 2
69 300
5 18 9
102 109 270 93 496 89 180 324 430
4 17 10
371 341 331 223 2 382 483 143 334 153
1 29 2
76 51
1 23 3
318 147 351
6 26 9
228 398 397 152 426 189 52 244 184
2 12 7
212 379 216 92 8 3 74
1 31 2
381 311
6 18 10
445 468 449 153 309 86 217 277 465 120
2 19 5
164 225 330 306 68
1 34 2
429 228
2 9 8
28 69 349 54 378 4 66 327
1 10 7
378 409 8 148 306 120 194
4 24 6
48 178 281 222 25 303
1 11 6
310 105 61 330 250 420
4 20 9
168 139 488 426 246 187 386 445 367
2 21 3
170 26 28
3 21 6
179 159 142 94 406 402
2 14 6
34 430 374 199 423 24
3 18 6
182 68 357 286 242 169
4 16 10
208 235 181 317 156 66 342 113 323 366
2 18 6
462 182 225 294 416 65
2 12 7
20 45 241 401 148 61 76
3 21 7
181 90 171 140 271 397 361
3 18 8
60 417 219 474 394 75 413 240
1 22 2
374 425
2 11 9
384 498 156 121 378 354 357 259 167
2 9 9
315 350 391 37 207 163 372 75 206
5 16 10
26 432 328 465 153 35 380 135 148 359
3 13 10
328 436 239 411 440 433 360 405 165 335
2 11 9
40 221 411 447 419 178 219 357 353
2 16 6
308 177 248 316 423 391
2 29 3
449 386 6
1 7 10
65 375 84 132 330 376 280 281 170 112
5 18 9
253 143 297 373 363 53 189 308 257
1 32 2
170 6
2 11 8
300 173 364 127 49 451 274 195
3 14 10
345 342 193 102 169 106 121 356 397 409
2 13 5
57 43 491 243 166
1 8 9
299 42 15 142 50 120 96 98 247
3 14 9
223 376 287 165 50 66 83 153 112
3 12 9
328 286 49 156 309 176 202 280 455
5 23 8
386 258 181 228 19 409 412 175
1 19 2
277 400
1 7 8
356 45 414 491 152 166 270 40
1 18 4
62 291 215 230
1 26 2
100 235
3 16 6
324 252 125 19 178 359
3 26 5
476 352 228 286 162
3 14 10
320 65 452 272 326 234 401 461 381 7
2 18 6
410 162 205 482 394 469
4 20 6
248 135 89 378 96 355
3 17 8
282 287 107 62 426 105 112 178
2 9 7
411 91 453 86 123 136 166
2 13 5
257 40 127 29 442
1 21 3
52 255 396
6 21 10
209 290 462 157 32 300 425 295 342 488
4 20 8
363 107 412 429 182 187 154 361
2 19 4
97 58 355 277
1 16 4
245 429 278 409
4 19 9
475 19 301 352 221 278 435 289 124
4 18 8
144 150 354 222 356 101 137 340
3 13 8
457 206 78 229 197 8 105 4
1 13 4
57 311 248 220
2 29 3
461 314 124
3 19 6
331 194 31 423 214 363
2 13 5
475 322 154 457 265
3 17 5
350 360 317 475 152
3 10 9
79 415 159 137 326 163 498 39 279
4 20 9
107 337 386 348 70 397 228 173 396
2 16 7
291 354 1 387 67 475 188
2 29 3
233 155 405
1 20 3
404 77 86
2 13 7
286 256 36 62 52 216 422
4 21 6
11 392 498 361 290 395
1 19 3
400 135 475
1 9 8
375 291 231 225 43 223 199 195
1 8 9
472 125 135 313 318 98 84 38 326
2 15 4
125 399 32 373
4 19 7
427 352 71 8 252 82 105
1 9 7
256 213 442 483 217 169 49
4 19 7
248 497 2 245 130 26 192
2 17 5
98 66 485 425 150
1 34 2
2 180
3 17 6
457 160 179 68 143 75
1 9 7
192 360 81 358 218 73 114
1 8 9
486 291 297 131 210 285 126 60 491
1 9 3
411 424 390
4 15 9
113 410 436 475 255 5 250 77 282
2 12 8
301 460 187 69 373 64 427 121
4 20 7
466 470 42 374 369 205 441
5 22 9
70 280 440 169 107 139 396 391 49
1 14 4
7 475 253 65
1 17 4
308 369 339 131
3 22 5
470 49 431 24 0
2 15 7
463 452 356 131 399 316 121
2 13 8
335 269 366 370 119 137 24 388
1 16 3
160 392 455
1 10 6
28 410 237 80 499 119
4 14 10
243 357 195 239 272 143 454 45 322 444
1 17 3
187 355 298
1 18 4
139 444 341 291
3 18 8
1 446 427 249 212 347 133 284
2 10 10
102 105 57 94 267 62 203 100 42 68
6 22 10
164 217 470 406 291 456 20 86 294 4
5 19 9
49 151 259 178 365 228 479 484 32
3 13 10
361 214 160 197 18 151 53 256 444 91
3 18 7
199 155 310 68 474 179 217
1 14 5
335 317 77 1 181
2 26 3
274 485 270
1 24 2
271 175
6 18 10
422 317 35 68 227 316 5 11 184 84
4 18 9
324 65 450 126 9 343 186 334 340
1 11 4
237 166 416 221
1 17 3
290 320 200
1 7 9
350 117 261 181 17 354 8 371 453
4 18 8
297 379 236 244 409 460 169 471
1 7 10
433 247 108 266 35 142 292 126 280 39
1 28 2
482 372
2 25 4
334 103 230 294
2 16 7
319 157 269 487 400 348 343
1 22 3
97 495 275
1 10 3
314 411 372
2 15 7
67 171 1 461 400 68 439
2 28 3
198 368 142
2 16 6
479 257 79 337 208 308
3 21 6
333 43 314 84 385 187
3 20 7
199 271 31 285 486 304 218
3 16 5
400 102 388 207 264
1 30 2
143 374
5 21 9
276 55 414 263 343 496 234 188 80
1 15 4
90 451 115 68
4 17 10
472 90 408 289 453 270 382 372 458 218
1 8 9
75 217 435 205 288 48 367 94 78
1 26 2
306 296
6 21 10
484 253 106 386 490 234 352 45 261 72
1 9 8
444 375 81 433 104 276 115 253
1 8 9
464 177 436 471 5 214 480 303 24
3 17 7
321 315 171 328 345 323 183
2 10 10
342 389 73 310 495 415 145 223 220 97
4 14 9
352 349 300 370 221 178 446 357 148
2 22 3
125 363 412
4 23 6
493 276 86 334 322 54
1 21 3
398 51 99
2 23 3
253 145 195
1 10 6
254 37 90 191 82 353
1 22 3
55 103 298
2 18 5
1 125 159 313 383
1 12 3
220 314 196
3 13 10
154 365 314 367 446 289 155 353 161 298
4 18 9
297 129 335 32 435 278 219 2 90
2 16 5
59 191 438 292 413
2 13 7
1 467 317 222 168 53 204
1 10 7
301 359 119 385 84 250 441
4 21 8
447 212 309 472 172 35 489 24
4 15 10
56 490 480 359 197 132 493 222 465 436
3 14 8
87 488 348 420 411 116 317 383
1 23 3
63 383 475
3 18 7
115 413 257 485 213 39 206
1 13 3
248 99 27
1 22 2
272 208
4 14 9
491 380 196 208 326 38 405 5 453
5 17 10
311 325 424 112 387 317 496 137 417 309
5 15 10
358 109 424 395 32 323 410 316 29 276
1 13 6
454 402 426 311 163 406
3 17 7
45 89 348 420 30 317 198
5 23 8
391 480 429 349 187 342 377 42
1 15 5
409 298 177 42 50
2 10 9
248 68 363 338 413 151 459 278 130
3 14 10
244 489 26 251 257 222 57 225 42 84
1 18 3
12 222 197
1 25 2
152 463
2 14 6
83 222 424 170 287 374
1 7 10
265 227 430 188 170 37 495 400 197 442
3 17 7
15 401 76 265 409 161 366
5 17 9
379 354 477 233 229 106 308 390 455
1 20 2
119 0
2 11 10
160 225 191 260 235 10 431 381 385 464
2 30 3
206 319 215
4 18 6
399 290 419 247 154 53
2 19 5
117 46 459 51 160
1 15 4
447 175 357 420
4 16 8
22 117 375 358 87 179 420 65
3 16 5
407 39 336 100 127
1 7 9
33 125 407 76 185 66 362 9 492
5 21 8
361 128 205 65 342 183 59 149
1 27 2
222 353
3 19 7
459 308 19 141 147 30 214
3 14 9
317 83 248 431 33 151 347 491 219
2 19 5
206 249 87 261 419
6 23 10
135 447 216 22 196 292 83 344 110 194
2 10 9
178 478 424 361 58 382 212 254 60
2 12 9
33 240 242 198 463 116 274 367 267
2 23 4
460 180 356 442
2 13 8
21 29 220 90 392 256 295 167
2 12 7
401 198 270 222 439 44 224
5 16 8
150 9 44 233 457 270 271 73
1 13 5
163 141 490 21 419
2 25 3
432 347 248
1 24 2
50 114
2 13 8
447 140 83 106 65 492 273 362
4 21 6
417 230 217 401 159 408
1 18 4
302 340 378 273
3 17 7
311 365 1 40 326 208 465
4 13 10
370 313 385 237 94 384 314 425 210 329
1 16 3
340 220 358
6 19 9
18 273 27 176 49 245 34 483 285
2 21 3
475 247 164
2 16 4
388 328 459 153
2 21 5
47 316 205 0 58
3 17 6
114 200 298 94 26 192
5 22 8
348 47 170 165 296 438 6 166
1 19 4
433 365 330 43
1 16 4
248 55 59 424
2 16 4
39 239 338 409
4 20 8
499 113 440 456 48 315 168 111
4 21 7
299 52 365 240 135 59 214
5 18 9
89 200 415 437 471 339 439 122 330
3 19 5
95 69 382 298 91
6 20 10
126 251 270 482 479 292 128 341 253 448
1 24 2
341 66
4 16 10
397 62 423 336 496 106 399 398 185 42
1 8 8
154 125 88 349 346 118 43 321
1 28 2
186 250
3 19 6
335 298 181 280 230 312
1 20 2
446 50
6 19 9
120 140 427 170 491 31 52 27 213
1 24 2
16 389
1 7 6
380 491 451 25 434 453
5 19 8
427 355 189 50 410 19 434 119
2 10 8
73 56 325 391 189 123 72 415
4 26 6
209 218 139 92 210 158
4 19 9
307 286 107 210 155 406 228 73 22
1 31 2
119 283
1 10 7
389 334 165 17 456 84 414
1 30 2
405 444
1 24 2
335 369
3 15 10
304 45 220 164 180 385 391 408 440 167
6 20 9
94 125 223 398 165 298 162 310 84
2 28 3
395 48 91
1 31 2
331 495
2 15 7
348 288 14 419 330 398 487
2 20 4
339 182 445 453
1 10 7
478 39 491 402 189 166 126
2 14 4
220 161 424 316
2 19 4
189 361 296 313
2 14 7
496 271 409 212 69 187 460
2 26 3
92 389 198
1 15 4
496 275 204 362
3 14 10
127 199 80 308 354 77 184 278 110 447
1 11 7
26 197 389 233 131 433 71
4 23 6
440 414 168 243 5 404
1 11 7
381 438 441 450 399 499 45
3 18 7
476 496 467 2 383 33 168
2 24 4
477 236 268 377
1 12 6
250 429 107 38 390 376
3 21 5
314 21 91 490 74
2 22 4
206 64 383 278
1 11 7
375 158 360 329 479 41 471
4 19 8
442 380 296 301 152 114 203 37
1 9 8
441 121 471 154 378 487 165 157
1 11 7
10 229 379 423 482 156 217
2 12 7
63 415 95 336 127 4 441
5 23 8
448 77 186 300 46 47 259 205
2 17 4
48 253 248 224
1 15 4
313 219 497 374
1 30 2
493 201
2 23 5
194 121 430 236 274
5 16 10
183 442 40 364 117 266 225 70 283 363
1 11 6
409 380 316 115 82 22
1 8 9
6 168 143 226 360 95 417 249 67
6 17 10
116 431 449 112 158 12 362 133 56 52
1 7 10
339 385 225 110 45 326 475 271 288 354
1 14 5
48 288 195 131 470
1 23 3
307 309 484
1 18 3
49 245 485
6 16 10
418 368 365 50 420 41 378 410 388 315
1 12 2
277 94
4 15 9
340 462 111 3 316 157 165 191 161
4 18 6
498 99 291 452 411 94
3 25 5
101 222 263 405 487
3 13 9
146 75 2 71 499 100 400 351 498
1 18 4
219 329 16 348
1 8 9
125 341 394 452 249 314 325 438 137
3 22 6
322 468 225 232 347 351
1 20 2
196 262
2 12 7
378 482 323 347 276 67 191
2 24 4
229 171 59 289
5 20 8
415 5 27 207 165 406 271 375
1 25 3
64 284 232
2 9 10
408 421 196 120 234 464 236 46 403 8
4 18 7
5 474 258 186 176 209 196
2 16 6
351 287 7 441 228 94
5 19 10
415 449 498 296 283 485 409 256 182 454
4 17 9
146 39 263 187 415 257 486 38 345
3 19 7
451 397 204 437 211 81 172
1 14 5
218 297 63 92 87
2 19 3
200 382 297
2 27 4
322 55 374 408
1 18 4
248 371 134 472
1 11 6
279 449 80 174 313 428
2 23 4
9 203 246 156
2 20 5
243 472 334 370 134
5 18 10
356 391 86 213 221 250 31 291 76 337
2 10 9
353 209 248 65 478 490 272 68 339
2 12 9
240 295 273 409 157 192 352 386 481
1 24 2
438 141
2 36 3
235 188 198
4 19 8
361 148 264 365 145 306 482 364
1 19 2
30 477
4 16 6
17 438 87 498 207 136
3 20 6
141 279 204 245 173 287
1 14 5
147 354 459 496 69
1 21 3
66 79 41
1 14 5
329 409 87 330 29
6 22 9
126 225 242 6 277 413 373 213 200
3 12 10
303 129 79 235 113 190 134 434 124 230
1 20 3
209 478 336
1 27 2
115 227
4 22 6
16 115 201 26 158 479
2 14 6
324 170 356 420 181 44
5 22 8
94 13 78 433 134 365 57 27
5 18 9
254 174 355 36 31 56 402 89 395
2 34 3
417 293 152
1 8 7
193 4 416 317 488 22 87
4 20 8
479 180 167 407 412 275 148 79
2 13 7
236 275 53 151 369 417 3
2 16 6
221 472 479 91 223 333
3 13 9
13 50 353 401 15 331 300 221 465
3 16 8
187 4 94 119 104 368 293 267
1 14 5
377 188 233 289 451
4 14 10
8 205 12 299 179 118 314 445 374 364
5 22 8
76 479 19 109 59 106 126 308
1 11 5
409 454 27 475 463
2 12 8
477 315 150 291 469 50 376 175
1 22 2
152 137
3 14 9
129 250 461 8 332 28 282 258 315
2 12 9
413 93 132 253 484 99 483 456 457
5 19 9
62 265 290 223 131 347 162 379 193
3 17 7
380 243 311 168 386 16 342
1 7 7
29 206 53 465 278 23 127
1 11 7
166 74 272 55 270 294 151
1 17 3
451 164 229
1 12 6
464 326 435 440 114 488
2 20 5
8 482 288 77 402
1 9 8
81 142 371 98 128 190 161 304
1 16 4
143 466 242 245
6 24 9
396 65 69 51 340 145 3 18 258
2 20 5
193 308 358 43 428
1 10 7
428 470 466 141 394 64 405
2 30 3
406 477 61
6 18 10
117 242 231 414 441 264 321 159 65 206
1 8 9
378 253 262 177 426 44 373 438 118
1 16 3
494 488 258
2 10 7
378 265 367 238 211 195 491
2 26 4
30 232 114 115
2 19 3
213 184 470
2 16 5
251 364 123 340 208
1 10 5
415 350 295 270 442
2 18 4
32 179 300 327
2 13 7
46 113 239 324 355 377 436
3 15 9
369 283 372 96 204 268 366 259 155
4 29 6
17 340 373 284 432 335
2 17 6
309 314 379 98 391 308
3 17 6
327 403 323 466 46 357
2 12 9
205 485 467 284 362 279 140 339 443
6 22 10
138 377 431 363 1 343 3 311 428 264
1 9 8
328 376 394 131 266 325 225 12
3 19 7
295 320 263 499 321 359 177
2 8 9
227 229 88 73 310 95 111 315 259
1 10 7
398 432 279 83 192 473 411
2 19 5
166 366 486 19 495
3 13 10
28 495 50 214 219 372 30 409 42 364
4 13 10
196 443 280 427 87 77 351 474 296 94
1 23 3
227 444 72
1 8 9
274 337 284 26 453 463 458 19 120
3 17 7
415 136 218 322 393 410 286
5 20 8
290 14 341 220 352 460 130 119
1 30 2
36 19
5 21 8
64 432 357 473 418 154 303 489
2 23 3
126 170 282
2 14 4
149 391 12 265
4 22 6
89 417 329 139 405 106
2 11 8
462 390 313 325 156 26 460 223
1 9 7
168 162 282 133 331 427 361
3 22 6
142 496 371 223 30 74
2 30 3
250 323 406
1 7 10
451 410 215 213 93 299 413 337 144 293
2 12 6
261 491 329 316 33 277
1 17 3
183 313 243
1 10 6
361 358 470 485 366 382
2 19 5
119 366 3 367 95
3 17 6
354 94 226 388 32 118
2 13 6
9 132 436 53 407 476
1 24 3
42 145 286
1 16 4
490 468 64 371
1 19 4
128 177 433 499
3 20 5
34 197 277 71 239
4 21 7
231 95 461 176 100 160 155
2 13 7
303 54 247 374 183 377 29
2 14 6
351 79 216 26 429 261
5 19 9
184 179 405 88 423 42 198 446 322
1 13 2
4 153
3 25 5
23 51 366 273 350
2 20 5
132 381 108 51 449
3 13 7
330 163 311 298 221 73 370
1 14 4
83 290 420 74
2 14 6
454 232 393 499 260 43
3 14 10
330 177 233 218 149 114 265 406 356 67
2 27 3
184 326 275
2 15 5
373 165 56 131 388
3 18 6
497 116 237 254 343 321
5 17 10
98 457 86 33 427 209 288 8 134 369
4 25 6
167 89 273 134 408 277
1 28 2
312 124
6 22 9
187 488 376 409 98 477 89 467 298
2 18 5
112 372 109 391 444
3 16 8
295 418 263 453 180 206 404 134
2 10 9
152 220 225 349 82 374 393 394 260
4 24 7
173 42 294 7 186 199 222
1 27 2
199 248
2 21 3
476 380 270
1 9 8
197 230 338 149 312 426 26 282
2 13 6
427 54 35 255 491 21
1 14 2
200 368
2 20 5
367 325 218 34 271
2 11 10
402 365 386 233 180 328 410 434 127 88
4 21 8
283 238 17 299 280 472 348 359
1 14 2
4 50
1 11 7
76 198 285 157 11 144 240
5 21 8
353 454 189 234 103 86 302 326
1 15 2
380 378
1 29 2
15 287
3 23 5
105 171 400 445 297
1 13 4
117 29 30 228
6 22 10
440 257 392 419 265 87 341 394 210 376
1 18 2
45 28
1 14 5
228 78 279 305 376
4 21 7
456 56 430 295 269 77 115
3 14 9
390 36 478 182 455 482 416 312 324
2 15 7
256 464 113 63 16 38 488
1 27 2
136 142
2 34 3
348 284 169
1 12 5
348 4 498 103 290
1 29 2
273 323
6 20 9
91 418 47 444 369 177 23 134 221
1 7 10
427 170 144 457 301 488 321 225 206 223
4 15 10
241 283 248 389 211 304 362 357 77 205
6 22 9
7 60 47 136 416 474 82 473 403
3 26 5
11 402 102 348 94
1 12 6
412 302 209 164 4 35
6 23 10
283 31 60 170 480 171 235 267 132 206
1 10 7
353 47 76 469 192 177 298
1 9 8
96 310 274 17 74 337 114 466
4 20 8
294 133 2 419 106 318 153 403
1 32 2
192 155
3 20 7
394 448 256 131 28 189 196
3 13 8
314 253 154 11 140 0 252 418
1 18 2
159 454
1 12 6
322 1 250 400 246 139
2 24 4
226 360 7 459
2 13 6
25 247 298 196 488 275
2 23 3
22 290 295
2 18 5
342 98 241 399 446
3 16 7
263 204 248 399 50 345 129
1 6 10
13 8 174 134 424 273 483 311 104 189
2 20 5
155 144 367 405 307
1 23 3
16 146 337
2 9 10
146 64 423 257 386 469 252 476 357 239
2 23 3
92 122 372
1 12 6
207 304 218 144 198 295
3 12 9
116 288 209 324 112 475 14 396 202
2 11 9
88 304 54 205 227 201 161 428 153
1 7 10
273 16 277 493 243 472 227 190 258 205
5 24 8
54 400 188 268 419 308 39 257
1 8 8
410 128 415 359 446 103 171 162
2 17 6
132 197 110 100 440 417
3 14 8
264 333 189 336 348 477 416 47
2 15 7
442 344 385 106 431 188 410
1 7 10
306 56 409 338 253 199 103 143 301 299
2 9 10
152 288 298 111 36 166 347 454 267 322
2 12 9
450 368 358 209 295 280 324 169 219
3 18 5
434 497 282 88 41
5 20 8
417 221 25 363 18 407 384 240
3 19 7
331 124 47 349 225 12 50
2 19 4
40 160 47 471
1 13 3
54 280 5
1 10 5
164 456 445 149 451
2 12 7
297 195 396 91 93 324 317
1 10 4
221 449 325 297
3 17 8
140 328 177 73 54 474 214 447
4 21 8
93 281 47 434 480 427 355 495
4 19 9
279 142 238 262 32 188 242 131 172
2 15 6
120 248 347 213 140 84
4 26 7
289 6 364 100 11 444 448
4 18 8
360 115 404 458 86 384 170 79
1 25 3
121 467 63
4 25 7
180 283 428 404 130 366 217
2 32 3
449 365 397
1 27 2
360 121
1 8 4
390 290 166 50
1 8 8
485 173 403 266 15 136 261 55
5 19 10
235 218 145 138 131 363 421 50 314 32
5 21 9
43 50 452 203 408 404 307 497 435
4 17 10
231 478 354 42 417 314 308 218 373 212
2 28 3
113 150 406
6 23 10
360 293 446 263 428 115 354 71 187 74
1 10 7
336 6 168 443 365 329 78
5 18 8
469 29 294 285 325 112 296 361
4 17 10
99 330 115 243 358 143 367 337 317 464
4 18 6
338 236 211 359 361 400
6 26 9
321 149 433 61 440 260 55 170 17
1 20 3
2 359 148
1 12 5
38 86 169 451 192
1 8 9
132 291 180 268 467 60 222 203 177
2 13 8
332 121 275 47 128 151 153 326
4 20 7
359 498 218 348 313 53 466
1 7 10
275 171 64 354 29 72 468 332 54 68
4 22 6
19 158 236 1 424 218
1 28 2
201 48
2 14 7
58 362 386 309 341 297 423
3 17 8
104 473 379 420 185 410 67 20
3 17 8
279 134 354 72 204 126 435 425
5 19 10
322 133 485 427 62 440 275 282 388 302
1 26 2
482 254
3 15 6
401 73 56 87 143 363
2 12 8
173 387 208 264 229 268 279 280
2 11 9
334 59 45 393 365 428 68 368 437
6 19 9
44 32 429 382 213 137 221 293 222
3 13 10
99 43 6 483 403 417 28 439 400 136
2 12 4
153 173 494 122
1 23 2
296 148
4 18 8
349 123 157 242 435 174 386 260
1 11 6
250 247 482 407 467 248
2 15 6
161 154 479 183 427 167
5 23 8
64 497 157 125 98 355 463 304
2 17 4
0 116 49 216
6 21 10
304 243 224 454 392 360 460 337 146 115
1 11 6
135 50 353 428 75 96
4 26 6
182 117 48 341 124 286
2 28 4
180 431 128 447
3 14 10
81 141 278 19 450 459 364 372 363 166
1 22 2
78 241
1 15 4
118 239 119 241
3 23 5
289 383 495 369 329
1 14 4
452 457 203 488
4 19 7
423 134 0 470 469 392 180
2 20 3
73 337 213
2 17 4
73 193 112 357
4 26 6
321 432 261 234 444 317
2 23 4
101 265 225 65
1 34 2
64 375
1 30 2
263 327
1 12 3
136 479 91
1 8 9
53 488 304 69 370 306 472 115 121
2 35 3
356 334 472
3 23 5
17 479 390 177 392
2 20 4
154 109 346 477
5 17 10
308 261 458 2 10 265 443 384 186 56
2 18 5
151 159 476 303 142
2 17 4
488 217 112 102
3 13 10
29 60 472 317 425 427 37 18 497 26
1 17 4
473 410 498 467
1 21 2
416 410
1 21 3
183 182 189
1 17 2
466 32
1 24 3
33 135 397
1 10 6
287 33 3 230 151 192
1 32 2
487 24
5 20 8
329 72 278 369 363 296 183 238
1 15 4
241 485 429 307
4 27 6
461 337 34 51 185 339
1 22 2
229 201
3 16 6
422 161 212 87 45 270
1 13 4
59 453 233 213
4 17 7
227 125 273 453 149 424 343
4 20 8
459 243 20 203 267 128 191 434
3 24 5
389 407 246 384 332
1 21 3
168 37 453
2 16 6
350 232 297 313 139 360
2 14 7
250 411 325 121 382 116 128
4 22 8
491 312 281 147 228 479 180 106
2 22 3
463 492 260
1 16 4
33 281 401 427
2 15 6
101 99 86 149 48 166
1 7 10
97 119 171 24 337 469 22 61 320 418
1 18 4
330 136 100 225
2 13 8
356 154 491 188 464 153 402 292
2 15 7
49 47 155 395 80 487 437
3 21 5
91 95 177 445 373
2 22 4
428 191 233 122
3 16 6
257 449 176 424 174 469
1 18 4
431 299 320 435
1 21 2
233 411
1 15 3
183 30 148
1 8 9
493 342 178 210 171 4 484 445 232
1 10 4
270 44 282 490
1 10 7
428 159 313 481 440 37 296
4 27 6
146 359 413 436 333 177
1 19 2
280 414
2 16 6
459 444 221 443 343 318
2 18 5
172 456 399 242 495
4 16 6
230 243 440 483 148 260
3 25 5
13 442 450 170 218
1 17 4
313 275 219 283
6 20 9
6 255 27 298 35 85 385 286 259
2 34 3
81 93 274
2 26 3
450 127 391
1 29 2
220 157
1 14 4
335 89 266 422
6 24 9
190 410 87 441 274 42 416 408 292
4 16 8
13 158 53 384 433 489 201 464
3 20 5
100 45 403 337 329
1 17 4
147 405 114 237
2 11 9
482 53 206 472 347 259 82 166 30
1 11 6
68 27 294 8 319 3
2 12 9
100 237 440 450 267 0 487 411 497
2 17 4
9 298 79 485
2 30 3
118 143 467
2 22 4
14 183 338 447
1 12 6
124 42 427 461 448 366
1 31 2
459 192
1 20 2
243 346
3 17 6
26 380 2 465 282 183
2 9 9
327 394 70 94 77 393 86 236 434
1 24 2
227 441
3 23 5
428 343 331 14 427
2 13 8
200 225 120 169 161 87 296 246
1 28 2
182 422
2 13 5
350 449 233 370 221
5 21 8
108 419 59 404 30 88 132 375
1 21 3
273 370 345
1 21 3
159 354 142
5 15 10
481 97 391 261 379 446 191 281 207 196
1 8 8
310 363 248 118 301 494 158 454
1 10 7
145 93 487 257 429 77 388
2 17 5
176 148 19 393 320
4 17 10
23 185 269 48 337 398 160 401 118 455
1 11 4
178 280 414 374
6 23 10
215 289 121 238 86 148 331 409 224 38
2 17 5
22 428 292 186 40
1 24 2
266 387
4 16 10
278 212 226 194 378 425 186 83 343 195
3 22 5
99 130 81 93 380
6 22 9
76 52 185 404 276 90 170 262 22
4 17 9
318 283 347 299 412 345 257 322 19
3 15 9
361 223 183 328 318 11 431 263 252
3 20 7
313 139 428 228 452 343 254
1 20 2
351 411
1 9 8
476 261 292 74 143 419 352 155
2 15 6
332 59 129 437 160 388
4 26 6
367 461 184 63 80 372
4 16 9
120 326 224 446 215 76 127 249 26
1 24 3
291 494 275
3 16 6
50 410 455 242 12 190
5 20 9
407 288 226 397 205 478 494 68 436
1 13 5
468 275 159 80 179
4 25 6
29 321 37 47 75 170
1 10 7
280 17 205 49 220 445 449
1 21 3
178 122 413
2 17 5
10 290 149 37 425
2 15 5
491 445 439 471 66
2 19 6
208 219 447 40 72 487
2 18 3
234 163 265
2 23 4
29 468 250 61
1 7 10
71 370 194 148 232 268 243 139 349 34
1 10 6
333 176 400 308 148 344
3 15 8
281 254 314 81 211 317 214 50
2 13 6
53 499 354 161 345 438
1 31 2
367 353
1 22 3
329 293 407
1 8 9
107 440 68 135 245 21 70 282 75
2 21 5
19 373 6 47 140
1 10 5
372 314 182 127 497
2 22 3
458 475 34
2 22 5
185 397 431 64 314
1 31 2
234 115
1 15 4
152 126 407 91
2 11 9
164 158 140 480 478 374 231 423 179
3 17 5
67 3 85 496 461
1 8 9
326 18 285 175 330 63 430 486 208
2 20 5
472 29 90 289 347
1 22 3
165 487 169
4 17 10
215 176 81 64 492 220 285 115 352 251
2 27 4
84 107 393 417
4 17 9
364 227 208 472 4 79 446 454 84
1 8 9
403 91 406 419 385 281 145 324 49
3 18 8
171 324 143 85 382 20 96 1
3 14 10
394 318 225 159 468 56 478 397 162 457
1 20 3
215 489 400
4 19 9
17 374 43 191 394 61 453 487 473
6 24 10
114 1 432 107 147 374 221 138 225 245
2 17 7
472 246 262 112 6 230 260
1 13 5
306 36 400 450 278
6 20 10
71 321 58 277 372 374 449 31 356 115
2 36 3
244 72 428
1 17 2
358 389
1 17 4
486 135 261 121
3 19 8
376 131 397 188 370 83 204 350
1 18 2
78 85
5 21 8
137 91 445 66 299 219 105 340
5 22 9
84 319 97 102 147 5 47 269 463
3 18 6
66 334 410 68 328 477
2 25 4
10 366 351 276
1 13 4
91 120 283 290
1 20 3
366 445 137
1 33 2
234 121
2 23 4
57 322 319 16
2 16 4
369 216 434 92
2 18 5
385 96 153 363 104
4 20 6
336 136 438 38 31 135
1 7 10
228 112 281 46 319 399 54 402 300 298
2 16 4
343 360 398 191
1 29 2
194 239
5 20 8
24 70 403 321 256 288 489 89
1 8 9
104 50 480 331 107 3 209 271 432
2 20 5
52 256 318 483 263
1 26 2
35 295
4 20 6
407 5 389 406 100 120
1 7 10
323 261 480 330 245 293 31 165 125 363
4 19 8
202 74 496 493 30 212 375 95
2 21 5
19 470 83 448 377
1 32 2
232 234
2 23 3
220 386 313
1 13 5
124 23 445 102 359
2 10 10
303 182 22 342 305 35 484 389 316 261
4 23 6
334 89 90 103 457 450
1 11 5
239 175 433 129 173
1 9 8
34 231 158 194 101 84 436 187
2 14 7
478 164 209 197 319 234 238
1 20 2
216 179
2 14 3
436 373 56
2 21 4
96 357 278 485
2 17 4
112 351 44 216
1 7 10
73 433 66 361 274 388 321 474 387 313
1 27 2
152 295
2 20 4
59 483 182 312
1 18 4
301 300 269 155
2 17 5
439 465 434 484 94
3 15 8
397 491 234 122 227 389 109 463
2 12 9
129 53 286 372 280 426 30 394 199
4 21 7
75 82 67 324 487 382 468
2 16 5
207 116 418 295 334
2 10 7
265 20 411 179 424 68 285
1 10 7
81 60 274 84 489 144 137
2 17 5
96 40 195 481 11
1 19 3
287 240 382
2 21 4
438 332 390 397
2 21 4
18 57 8 189
1 12 6
408 321 98 282 144 421
1 10 5
498 137 36 453 370
6 24 9
205 125 72 426 211 388 282 383 121
3 13 9
301 471 412 270 227 448 149 31 357
6 19 10
116 326 13 205 489 483 93 3 470 203
3 19 7
161 135 376 460 305 185 216
1 18 2
369 262
2 22 4
362 198 311 122
3 26 5
387 375 456 190 406
2 10 9
161 356 382 469 285 129 379 481 107
4 22 7
356 324 344 83 313 371 197
1 17 4
318 220 472 216
4 19 6
326 485 291 368 127 112
4 21 8
325 180 111 450 105 295 60 419
3 16 8
211 85 96 70 107 35 330 380
5 19 8
412 170 480 263 238 479 163 82
2 20 5
408 247 162 450 398
2 11 10
378 191 269 27 187 226 204 416 98 246
2 11 10
93 255 368 242 457 216 447 171 280 142
4 23 7
174 153 95 235 143 172 304
2 11 9
451 408 83 151 70 244 50 33 401
1 25 2
85 432
2 35 3
308 226 435
2 19 3
398 369 205
1 22 2
389 21
2 10 10
339 42 222 347 196 343 321 185 104 310
2 14 8
45 294 180 397 389 453 221 492
1 10 7
241 120 348 375 393 411 153
4 17 9
317 58 449 430 472 290 168 469 116
4 18 8
319 213 57 53 245 149 302 154
4 18 8
372 109 179 135 201 220 142 355
1 27 2
304 358
4 29 6
413 353 349 304 376 131
5 24 8
345 118 176 177 91 251 343 145
2 23 4
249 356 156 412
4 19 9
228 61 379 188 7 315 420 375 244
2 15 6
36 2 280 260 62 322
4 16 8
424 490 127 216 480 27 108 188
1 29 2
160 472
4 22 6
490 182 486 297 299 423
6 21 9
464 272 13 6 61 380 352 298 266
2 25 3
311 307 449
2 11 9
106 362 497 159 461 273 299 104 495
5 18 9
135 411 357 423 296 402 416 436 258
2 30 3
496 225 61
1 10 7
321 35 492 349 445 483 397
4 24 6
122 490 403 83 267 400
1 17 4
218 158 284 451
2 27 3
202 488 448
4 18 8
477 255 490 110 86 58 47 108
1 18 2
221 88
1 19 3
430 357 84
2 9 10
59 39 118 499 445 380 355 317 450 494
1 8 8
143 90 264 149 239 346 122 353
2 14 4
369 137 202 451
3 16 5
136 467 66 362 89
5 23 8
295 147 222 335 35 278 254 459
5 22 9
449 321 409 203 344 357 302 196 330
6 24 9
465 417 435 240 357 75 82 181 209
4 15 9
67 167 325 201 431 270 486 499 339
2 19 5
24 325 266 381 64
4 23 7
287 209 29 300 115 415 459
2 18 5
320 305 135 490 30
2 11 10
163 226 381 472 342 32 152 43 270 42
1 28 2
344 170
3 16 8
386 131 395 10 368 349 151 76
1 9 8
3 125 94 7 421 448 480 82
1 9 6
286 485 170 230 206 114
2 28 3
232 59 25
1 20 3
82 382 11
3 18 7
437 468 433 349 89 210 132
2 22 3
196 302 378
2 30 3
47 477 337
1 32 2
308 203
3 19 7
241 332 493 15 467 258 381
2 22 4
386 300 208 371
3 14 10
311 315 232 165 402 476 368 447 253 323
2 13 7
342 45 316 292 131 33 403
1 15 5
124 248 423 177 52
1 8 9
41 76 100 272 493 260 167 243 199
1 10 7
38 231 280 355 6 100 451
2 15 7
350 205 260 415 228 188 193
3 16 9
328 198 291 380 466 50 302 386 318
5 17 9
34 179 208 311 441 388 187 340 464
1 8 7
485 191 227 285 442 38 322
5 17 8
314 63 420 204 39 495 416 178
1 18 2
59 32
2 28 3
347 11 300
3 26 5
124 41 26 35 48
4 18 10
424 440 130 376 320 171 32 426 161 169
2 18 5
16 59 359 33 46
1 27 2
453 473
2 10 10
399 80 336 429 49 285 188 325 72 412
5 24 8
496 407 469 281 228 209 343 175
4 17 9
292 468 192 217 171 395 25 240 174
1 24 3
124 387 228
2 25 3
185 183 464
6 26 9
2 413 423 190 319 337 145 484 286
1 17 3
354 156 462
4 22 7
443 57 219 55 14 122 186
2 29 3
210 107 477
2 14 7
450 466 175 421 157 206 108
1 16 4
198 292 169 3
1 11 5
85 347 118 211 78
1 27 2
476 35
1 28 2
425 47
6 24 10
219 406 353 240 402 111 368 444 81 231
4 21 7
239 327 181 20 415 307 196
5 15 10
112 178 164 452 128 91 213 332 312 138
1 13 6
362 382 6 92 267 147
5 25 8
185 493 456 104 490 382 293 42
2 27 4
442 410 198 402
1 23 3
306 215 115
5 25 8
199 194 340 211 223 318 161 484
1 7 8
82 342 184 109 442 306 27 134
4 19 10
269 286 246 323 413 244 81 34 337 461
2 12 9
440 387 114 468 55 324 113 356 28
1 16 3
174 102 189
3 14 10
129 461 135 281 282 15 237 168 252 406
2 21 4
280 496 360 142
4 20 6
68 95 261 45 421 98
4 22 6
267 374 133 438 202 321
5 19 8
447 245 116 325 102 489 287 160
1 17 4
24 215 72 280
3 14 10
177 194 97 165 494 456 343 238 2 251
2 15 6
301 136 403 440 357 443
1 30 2
366 90
1 33 2
75 168
1 7 7
418 122 46 94 416 368 102
1 11 7
397 61 213 423 385 114 48
1 23 3
108 21 228
3 17 5
270 350 242 109 423
2 22 5
292 226 255 493 352
4 19 7
412 327 326 356 242 299 70
2 24 4
462 168 395 310
2 18 5
466 296 423 40 194
5 20 10
335 293 400 130 302 132 1 477 451 134
2 27 3
428 24 339
2 30 3
128 353 431
1 13 5
309 403 375 104 247
5 23 8
481 183 327 13 281 90 3 226
2 20 4
187 133 441 415
3 16 7
418 286 10 204 50 103 153
2 22 3
443 333 362
4 25 6
237 285 435 164 186 93
6 25 9
176 390 182 376 11 443 51 322 1
2 17 3
85 382 56
1 11 6
223 94 369 235 290 313
1 27 2
359 400
1 31 2
188 355
3 23 5
186 107 19 46 104
1 22 3
75 16 19
1 22 3
309 127 226
3 14 6
54 288 234 297 46 388
3 24 5
485 136 426 58 150
3 13 10
315 313 167 4 62 141 99 68 385 12
2 14 7
484 357 30 20 104 317 407
3 25 5
12 140 348 48 467
2 12 8
265 290 391 298 114 344 187 428
1 13 6
107 482 209 488 395 169
1 17 3
363 49 136
2 10 10
117 397 191 133 493 237 238 292 128 186
1 7 9
467 149 240 197 341 207 151 98 318
3 21 6
431 197 315 175 64 92
1 17 2
368 258
2 14 7
361 466 29 428 385 307 67
1 23 2
298 445
1 24 3
177 109 321
3 14 9
397 14 320 494 163 357 441 146 195
1 20 2
5 286
5 20 10
129 7 291 235 243 426 67 249 262 68
1 7 10
280 240 314 223 161 424 479 87 248 472
2 18 6
198 142 494 376 371 427
1 13 5
108 172 196 275 324
3 17 8
486 151 404 228 283 169 26 100
1 27 2
146 79
1 8 9
380 196 235 149 201 81 447 27 492
1 8 9
392 380 257 178 108 274 429 193 473
5 23 8
488 343 36 289 211 134 408 117
1 14 4
2 79 317 458
6 26 9
450 224 77 75 472 407 385 139 290
2 17 4
308 252 323 452
2 13 8
19 134 353 406 182 210 323 467
2 11 10
427 397 298 285 144 154 435 259 251 168
4 28 6
376 321 308 115 379 283
4 16 10
396 29 227 262 196 328 386 472 142 355
3 15 8
293 169 295 164 57 453 441 76
1 9 6
25 162 137 298 29 278
3 15 8
331 394 374 246 5 358 469 191
1 8 8
431 325 21 311 235 309 234 72
2 16 3
163 176 372
1 9 7
287 73 212 459 17 3 327
1 22 3
119 300 450
3 22 5
109 234 438 152 451
3 13 9
15 380 395 24 193 286 363 196 496
1 7 10
125 294 162 405 414 219 203 479 300 326
1 18 4
124 484 176 372
2 22 3
4 35 37
1 31 2
342 232
2 11 10
407 193 118 183 487 464 376 91 199 68
1 24 2
285 318
2 12 9
448 457 78 302 438 291 469 367 226
1 8 9
264 67 302 140 382 383 407 461 174
2 9 10
292 125 240 251 311 154 169 68 449 55
1 33 2
487 301
4 21 7
170 296 457 57 24 192 310
2 13 8
13 231 440 291 455 176 346 321
2 21 3
358 233 173
1 10 7
335 404 83 317 143 217 378
1 8 9
150 100 192 142 361 320 449 490 67
2 17 3
161 248 411
4 20 7
301 271 454 117 155 40 391
2 30 3
194 166 188
1 28 2
174 19
1 18 2
479 189
2 21 5
226 302 328 491 419
5 26 8
180 343 352 362 318 139 324 47
2 21 4
138 333 181 355
6 21 10
398 149 250 168 118 192 387 276 285 181
2 11 9
80 448 394 118 280 104 146 9 27
2 29 3
51 406 214
2 21 4
497 415 171 133
2 18 5
109 399 159 99 223
1 7 9
203 424 227 429 15 206 97 25 486
2 10 10
496 459 455 84 488 79 427 128 141 283
1 29 2
7 169
2 15 6
362 406 162 164 25 297
2 12 5
329 125 25 82 374
2 28 3
436 124 267
6 21 9
383 402 416 430 164 380 29 273 227
2 27 3
287 22 170
2 13 8
142 366 58 383 484 159 158 151
1 12 6
460 183 443 41 278 371
5 20 9
287 78 75 188 59 265 306 122 335
2 13 8
428 100 295 72 352 8 59 102
5 19 9
278 436 351 354 194 196 464 437 303
2 29 3
407 36 192
4 25 6
412 68 92 334 486 198
1 27 2
409 88
2 28 4
448 9 433 110
3 17 8
198 250 497 320 368 287 205 489
1 14 4
353 421 103 485
3 27 5
238 222 473 447 352
3 16 7
76 369 245 484 65 312 390
1 6 10
306 96 201 461 403 104 349 396 127 499
1 32 2
232 340
4 15 7
491 494 373 298 95 106 222
5 25 8
256 399 477 237 375 384 246 193
1 25 2
151 301
1 24 2
215 207
4 12 10
372 178 463 156 334 88 204 489 116 130
3 24 5
84 286 187 468 370
3 19 8
280 291 67 211 271 376 55 142
1 14 4
125 375 248 312
1 10 5
340 239 362 380 358
3 19 5
221 111 262 470 64
1 20 3
463 58 354
1 11 6
148 14 163 139 467 192
2 13 6
206 350 276 363 427 75
1 12 5
145 214 327 278 368
2 15 4
418 394 414 207
1 14 5
97 456 150 223 404
2 27 4
178 194 271 126
1 13 5
299 80 392 167 190
3 13 7
497 278 498 341 129 111 200
4 23 7
202 38 60 284 395 225 481
1 36 2
271 228
2 15 5
466 260 299 445 411
2 15 4
264 129 86 213
1 29 2
66 426
1 28 2
236 6
1 11 6
207 170 318 249 9 253
2 15 7
7 124 396 6 206 106 419
2 12 9
406 357 175 362 111 391 219 410 185
4 20 7
141 224 488 45 434 262 171
2 14 7
313 343 341 160 402 290 138
2 35 3
198 344 16
6 20 10
218 145 388 444 254 47 97 264 355 89
2 18 5
366 368 220 268 111
1 21 2
383 27
2 12 9
140 291 36 8 155 352 463 137 174
6 20 10
192 52 447 390 39 416 440 49 25 97
1 20 2
94 208
1 8 4
43 316 9 259
1 13 4
125 104 226 252
2 12 9
3 325 408 17 418 31 348 175 292
2 15 6
447 0 373 152 68 407
4 26 7
244 424 390 182 10 140 448
1 9 7
440 133 24 463 430 224 103
1 17 2
475 3
3 15 9
435 247 444 37 47 235 196 329 118
1 20 3
174 497 205
1 32 2
403 84
2 35 3
473 193 432
4 26 6
385 146 295 337 339 383
1 8 9
218 375 166 311 46 410 426 295 281
4 20 8
339 251 109 212 272 354 435 406
3 18 6
116 366 297 332 469 159
1 15 4
185 358 363 189
1 13 5
495 146 429 355 110
1 10 7
343 141 401 155 272 481 122
3 19 6
260 330 109 421 355 453
1 16 4
235 173 113 250
1 16 4
283 483 356 13
3 21 5
319 497 66 299 36
1 19 4
110 63 85 472
2 16 7
402 281 240 313 50 477 168
1 37 2
157 444
1 12 4
325 217 475 22
5 27 8
132 177 13 376 294 450 102 256
4 15 8
45 298 95 213 187 378 112 387
2 21 3
309 349 150
1 22 2
9 212
1 22 3
337 365 471
4 22 7
473 174 222 299 287 343 169
6 23 10
498 285 76 55 451 179 406 472 294 61
2 16 6
174 37 467 48 239 118
1 7 9
275 401 366 203 216 410 240 313 323
1 16 4
444 331 458 248
1 6 9
445 439 254 217 349 278 36 158 478
2 19 5
324 37 273 377 475
1 7 9
240 242 355 127 197 79 430 149 113
2 19 4
43 37 247 263
1 15 2
243 153
5 24 8
463 113 155 215 267 419 184 251
2 20 5
234 243 184 432 302
1 15 4
261 228 369 39
2 22 4
226 339 487 369
6 21 10
95 421 431 481 438 88 330 401 41 293
2 20 3
474 35 213
5 20 10
296 306 317 427 402 424 198 253 269 212
2 15 5
137 228 453 438 465
2 14 8
392 375 204 447 362 94 440 453
3 23 6
396 48 433 473 430 137
2 23 4
98 278 420 36
2 21 3
171 154 378
6 21 9
317 52 274 50 178 233 25 416 22
1 7 9
260 343 278 286 60 113 172 104 117
1 7 9
365 240 211 56 58 346 74 128 348
1 14 5
38 199 176 470 245
1 22 3
244 64 30
4 23 7
67 400 171 431 472 245 175
2 10 9
65 57 445 192 28 4 352 485 89
5 15 10
222 214 137 176 339 268 494 196 344 486
4 24 6
398 192 45 397 231 373
1 7 10
291 46 169 430 39 64 367 310 295 109
2 29 3
335 365 253
1 9 7
87 409 270 405 13 490 7
2 24 3
34 468 469
3 20 5
104 411 14 289 340
1 17 3
289 442 153
2 15 5
23 39 475 107 457
6 19 9
436 432 373 186 369 388 333 414 17
3 17 7
29 116 310 51 205 8 424
1 22 2
453 445
1 15 4
172 280 425 441
3 19 5
187 240 279 282 138
3 25 5
134 193 356 382 291
2 9 10
401 85 262 312 50 275 155 453 437 245
6 21 10
172 71 364 251 40 274 58 99 227 10
2 19 5
447 93 132 292 88
6 22 9
306 256 16 74 98 54 27 492 464
1 21 2
292 333
1 28 2
10 298
6 16 10
332 62 424 415 494 328 133 292 163 331
3 25 5
283 409 421 188 170
2 14 8
281 278 414 58 476 415 55 260
6 20 10
100 67 360 169 84 317 445 308 262 395
3 24 5
210 353 449 119 413
1 16 4
498 101 162 343
4 16 9
380 295 166 461 86 156 235 425 362
1 18 4
348 300 415 281
2 28 4
231 439 281 107
1 17 4
205 109 132 438
2 12 6
252 44 443 66 480 238
1 14 3
156 453 449
6 19 10
470 253 283 333 459 207 336 112 407 162
1 14 3
354 150 62
3 22 6
209 128 383 281 8 214
3 18 7
474 276 299 139 400 249 471
4 22 7
484 423 363 46 118 284 430
2 19 6
446 284 461 385 397 26
2 21 4
86 319 60 25
1 19 2
464 15
2 10 9
265 257 464 236 57 320 260 56 367
1 17 2
173 102
1 9 7
489 300 173 127 454 249 27
2 27 4
262 308 267 293
1 11 4
411 434 449 312
2 9 6
23 238 56 253 443 315
3 24 5
455 491 267 363 188
5 22 8
481 47 49 220 83 309 434 84
3 18 7
16 317 105 56 138 288 273
5 20 10
330 239 481 50 198 341 168 352 252 159
4 14 10
73 394 161 314 25 463 287 295 77 191
4 16 10
109 354 174 199 82 142 288 486 407 312
1 24 2
136 468
1 17 2
70 434
3 20 7
44 397 469 105 93 320 291
5 18 10
216 7 338 16 126 174 162 271 315 68
3 16 8
205 218 109 278 86 133 164 196
1 14 2
214 123
2 14 7
431 36 235 28 420 202 31
1 29 2
139 358
1 23 3
244 159 304
1 15 4
456 60 137 113
1 31 2
490 199
1 15 5
396 298 215 147 385
1 9 8
213 320 202 177 432 483 156 86
1 16 3
60 196 178
1 37 2
84 167
2 12 8
335 342 128 104 229 139 400 86
1 7 9
430 494 151 299 329 250 393 401 131
5 20 8
371 97 60 53 207 300 379 274
1 6 10
350 296 291 286 411 96 53 490 254 295
1 20 3
49 239 275
2 27 4
283 189 232 121
2 27 4
472 216 492 84
2 10 9
350 137 407 169 490 113 250 112 78
3 15 9
389 12 417 89 432 304 238 478 356
1 13 5
497 210 172 1 380
4 23 7
245 294 327 192 489 51 262
2 20 5
109 333 98 439 174
3 23 5
248 267 367 333 45
1 15 2
276 116
5 24 8
59 53 475 80 145 289 353 472
1 20 4
426 281 92 348
2 25 4
205 128 408 201
1 11 5
286 82 254 186 37
5 20 10
413 181 437 33 95 427 303 98 63 159
1 10 6
268 154 368 102 378 463
1 11 7
12 41 401 198 353 113 382
1 28 2
14 385
6 21 10
424 46 267 220 295 113 169 235 34 492
6 20 10
254 280 228 340 163 235 244 189 108 347
1 7 10
263 437 236 197 363 104 480 101 147 422
2 12 8
167 77 387 197 331 489 257 300
4 25 6
334 112 358 146 177 45
1 14 4
258 4 27 348
2 25 3
490 442 385
1 12 5
382 18 266 333 305
1 12 3
467 260 116
3 16 8
27 225 150 85 41 61 158 462
6 28 9
234 268 428 198 355 76 402 444 433
4 21 7
371 163 377 76 410 399 207
2 21 4
374 26 107 32
3 14 10
167 254 499 460 327 20 433 303 48 166
1 9 8
40 465 288 410 62 132 55 28
1 11 6
200 191 406 158 109 254
5 20 8
267 266 286 390 498 18 380 469
1 13 5
184 493 169 39 279
2 13 8
232 496 65 192 427 302 85 40
3 12 10
317 175 325 184 95 6 254 222 473 220
3 16 6
498 411 312 208 333 25
1 20 2
443 295
4 21 8
187 281 481 381 474 121 282 422
3 29 5
191 348 302 408 495
1 9 8
319 344 16 433 78 402 377 240
5 17 10
472 465 35 49 257 435 123 388 260 220
2 20 4
96 310 229 241
2 25 3
83 471 425
4 24 7
367 388 435 183 17 121 245
4 21 7
157 340 60 238 66 137 495
2 13 8
492 426 488 42 248 265 470 414
3 13 10
141 418 353 401 436 274 161 35 314 80
5 20 9
455 484 246 270 65 364 384 95 72
1 20 3
24 451 218
3 19 7
100 32 209 408 325 445 182
1 30 2
313 440
1 17 4
1 47 494 227
2 24 4
400 1 170 171
1 12 6
476 141 426 239 421 354
1 14 5
59 141 217 84 164
1 17 4
159 145 304 31
2 19 5
51 241 399 345 119
3 15 7
176 410 453 368 64 471 313
1 31 2
396 468
4 29 6
16 241 376 133 167 447
2 13 7
413 245 471 119 494 427 33
3 16 8
323 239 38 228 463 109 331 234
1 35 2
17 20
4 16 10
426 306 395 292 172 182 36 230 50 111
3 16 8
203 381 301 166 476 445 251 216
1 7 8
87 355 8 329 11 122 68 285
1 8 9
360 252 496 25 283 308 432 416 89
1 9 4
453 149 285 243
3 15 9
194 196 72 225 310 344 479 24 370
1 16 4
101 102 235 339
1 12 5
225 481 255 489 342
2 14 7
89 42 257 394 38 165 422
3 13 10
414 341 4 81 364 175 415 155 11 495
2 18 5
455 215 326 344 90
2 18 5
19 314 411 211 140
1 7 10
235 138 407 93 40 231 362 160 97 463
2 19 4
463 116 94 228
5 16 10
8 367 4 206 391 486 279 473 122 438
1 24 3
209 71 17
2 21 5
20 271 187 140 429
6 23 9
246 317 420 30 59 309 19 295 113
5 17 8
58 176 415 464 494 498 442 26
4 20 7
157 311 231 336 79 151 465
2 19 5
318 426 229 112 456
2 26 3
125 400 41
3 22 5
319 83 478 336 363
1 21 3
496 345 168
1 18 4
275 302 135 464
1 20 4
293 449 423 177
2 16 6
216 293 277 289 82 45
1 8 6
430 254 412 411 494 311
1 15 2
70 158
3 22 5
233 322 136 349 223
1 15 2
393 411
1 15 4
229 472 452 253
3 19 7
429 447 101 334 97 75 423
1 8 8
321 37 13 309 484 439 105 125
3 17 6
28 451 422 4 352 184
1 15 4
124 69 452 460
3 20 5
79 466 51 227 368
2 30 3
99 119 289
1 9 8
280 245 215 371 19 188 65 281
1 17 3
499 323 463
3 19 5
301 80 370 255 233
1 31 2
474 63
5 21 9
87 285 441 18 157 478 118 295 343
1 17 3
13 420 88
1 18 4
268 409 319 204
5 22 8
71 13 369 316 495 337 236 58
4 18 10
447 454 431 487 113 116 199 443 495 160
1 9 7
379 158 291 250 272 130 451
1 25 2
96 191
3 16 6
112 379 49 452 104 140
6 22 10
300 302 261 485 53 366 297 91 407 63
2 18 5
159 302 199 4 5
5 18 9
18 169 363 247 369 16 25 217 252
3 25 5
80 274 313 55 79
2 15 5
497 204 452 276 118
5 18 10
339 358 356 496 266 114 326 408 444 24
1 23 2
193 255
2 27 4
408 114 381 469
2 19 4
357 179 146 456
2 11 10
119 328 222 177 236 115 145 178 384 480
2 20 3
103 369 364
2 14 8
345 26 246 79 267 256 458 200
2 20 5
291 308 265 166 396
