646 0.151075
651 0.357213
718 0.119375
652 0.151126
649 0.204729
663 0.134172
608 0.109473
684 0.159556
628 0.194684
647 0.161617
218 0.208737
234 0.372249
199 0.189954
244 0.334584
207 0.500873
220 0.464437
233 0.236068
233 0.238339
206 0.178705
219 0.265204
1822 0.0930905
1847 0.09679
1756 0.0906174
1820 0.103119
1840 0.0800005
1807 0.165668
1802 0.134835
1857 0.101967
1747 0.0646743
1785 0.0590742
1721 0.0921754
1692 0.159447
1633 0.0750104
1641 0.080961
1763 0.102887
1665 0.150847
1678 0.157958
1682 0.0778384
1685 0.147979
1688 0.160561
