667 0.0293279
691 0.0170531
700 0.0194304
682 0.021225
681 0.0147217
653 0.0142686
663 0.0181856
677 0.0271677
669 0.0143904
660 0.0162401
420 0.0722475
438 0.0803204
435 0.0661112
423 0.0491165
458 0.0427602
440 0.0679642
413 0.0553704
432 0.0533877
398 0.0820397
434 0.0993116
829 0.0788128
841 0.0253386
851 0.0322848
900 0.043314
823 0.029624
872 0.0371393
855 0.0358542
844 0.0252475
849 0.0214226
831 0.0252092
787 0.0340989
808 0.0374196
804 0.015133
823 0.0348613
776 0.0181154
812 0.0430264
796 0.0189497
820 0.0350713
764 0.0241599
766 0.0276259
