566 0.182555
584 0.500258
555 0.501376
580 0.425476
576 0.232612
562 0.223709
548 0.246
610 0.414352
592 0.478391
575 0.223317
194 0.288304
172 0.203605
180 0.369194
193 0.29127
169 0.501354
167 0.315352
176 0.380192
184 0.473141
184 0.501437
184 0.296177
2138 0.146598
2117 0.102717
2169 0.169577
2108 0.178445
2148 0.148369
2175 0.152166
2136 0.121056
2146 0.111093
2109 0.141403
2141 0.13304
2044 0.156813
2023 0.378129
2003 0.205308
1958 0.217908
1951 0.170469
2026 0.146941
1924 0.234429
1962 0.217189
1978 0.212295
1930 0.183123
