731 0.214278
690 0.385236
759 0.273101
752 0.295332
764 0.151777
730 0.261622
752 0.239235
712 0.157187
758 0.19214
724 0.223722
241 0.195442
241 0.547222
242 0.203157
229 0.379593
245 0.248844
248 0.399462
272 0.21337
224 0.5976
227 0.298197
244 0.264684
1600 0.0827309
1623 0.0705684
1669 0.112183
1604 0.0879968
1667 0.113695
1612 0.0894662
1630 0.101974
1583 0.0785986
1618 0.0656786
1603 0.103965
1528 0.305015
1563 0.12202
1519 0.129937
1503 0.12766
1492 0.113387
1605 0.137716
1533 0.143448
1579 0.111124
1486 0.112902
1608 0.108302
