2631 0.50026
2680 0.50027
2598 0.500111
2428 0.500413
2652 0.500101
2529 0.500188
2634 0.500121
2260 0.500089
2392 0.50011
2075 0.500373
2217 0.500148
2255 0.500134
2222 0.500128
1859 0.500157
2207 0.5002
2352 0.500377
2214 0.500157
2217 0.500147
2303 0.500436
2265 0.500086
2420 0.500093
2441 0.500179
2332 0.500146
2303 0.500373
2449 0.50011
2474 0.500103
2341 0.500122
2440 0.500148
2320 0.500126
2538 0.500097
2431 0.500107
2440 0.500114
2379 0.500103
2327 0.500222
2473 0.500093
2375 0.500129
2393 0.500163
2482 0.500356
2507 0.500079
