828 0.237001
778 0.268946
811 0.213119
820 0.342481
799 0.356353
744 0.320345
762 0.208157
754 0.239764
774 0.20602
810 0.436005
414 0.414055
447 0.248939
460 0.502083
467 0.420655
459 0.372542
449 0.445835
457 0.385352
451 0.3417
435 0.501385
442 0.306872
1096 0.116128
1098 0.116315
1117 0.135285
1098 0.105424
1105 0.199084
1105 0.115923
1125 0.232557
1095 0.0938622
1105 0.11172
1125 0.114272
1097 0.063809
1077 0.0516793
1071 0.0643141
1070 0.0682379
1080 0.0573079
1089 0.0754628
1044 0.0646486
1048 0.0769487
1093 0.0511884
1091 0.100374
