704 0.435343
697 0.368843
786 0.559467
773 0.247221
755 0.185014
745 0.478156
745 0.303366
721 0.193264
747 0.60082
787 0.217316
456 0.24667
431 0.349099
404 0.601806
429 0.386794
450 0.39014
424 0.60139
426 0.267331
400 0.601787
395 0.417033
440 0.348679
1507 0.0927266
1489 0.092234
1495 0.105381
1485 0.0787772
1511 0.0923363
1499 0.0775485
1542 0.105658
1525 0.161569
1515 0.0990193
1527 0.0752828
1453 0.0828375
1463 0.0666658
1464 0.0940412
1480 0.159524
1455 0.211867
1472 0.1173
1446 0.112145
1484 0.109863
1471 0.112293
1482 0.101505
