737 0.431627
735 0.500991
798 0.501836
719 0.500817
724 0.501392
760 0.442438
693 0.425017
774 0.501697
715 0.489585
716 0.358805
409 0.502012
415 0.501471
406 0.501393
409 0.502122
385 0.501164
401 0.50139
405 0.501913
415 0.501029
413 0.501271
422 0.500722
1713 0.223341
1692 0.196639
1725 0.212904
1713 0.168022
1724 0.27394
1683 0.281044
1688 0.147418
1694 0.170821
1701 0.444967
1681 0.454739
1706 0.109858
1674 0.418422
1629 0.143965
1648 0.176686
1680 0.114217
1642 0.175453
1601 0.158436
1650 0.101111
1640 0.114824
1663 0.18155
