669 0.060241
720 0.157935
671 0.08479
696 0.0725985
683 0.0668891
689 0.10921
692 0.129519
688 0.202398
696 0.187938
688 0.115514
432 0.39518
468 0.160523
468 0.144531
469 0.22954
497 0.139418
495 0.0887011
466 0.165587
488 0.159273
442 0.135796
471 0.134811
685 0.0593976
665 0.038691
675 0.0547718
675 0.0637895
685 0.0512909
685 0.080257
705 0.0910172
685 0.104023
665 0.0442877
685 0.0365657
685 0.0599709
670 0.0526513
707 0.102259
671 0.045469
674 0.039481
690 0.0794696
679 0.0572989
687 0.0541336
665 0.0472933
690 0.0632024
