701 0.603436
687 0.495668
677 0.352116
674 0.432887
711 0.530831
703 0.601629
729 0.601626
687 0.60316
670 0.414444
731 0.600778
435 0.600835
436 0.602393
410 0.600639
433 0.557996
416 0.530297
417 0.601945
439 0.601888
434 0.602176
431 0.601465
417 0.6022
2058 0.163845
2027 0.161841
2112 0.142652
2129 0.196542
2061 0.115898
2118 0.193144
2045 0.125708
2096 0.129783
2052 0.160389
2084 0.267146
1997 0.315353
2006 0.219403
2029 0.133363
1983 0.14584
1981 0.122581
1986 0.125353
1957 0.128385
2045 0.181566
2028 0.1615
2016 0.184309
