500 1500 775
11 40 32 34 38 18 31 24 29 33 35 31 18 35 13 29 25 37 28 23 12 38 25 17 25 13 28 33 11 11 29 29 19 35 32 35 40 37 31 26 24 30 20 29 17 19 18 13 15 23 19 27 20 13 12 38 23 18 28 22 17 19 17 36 33 30 20 18 17 15 38 27 11 14 33 26 35 38 33 21 31 18 12 25 23 28 14 34 26 28 37 21 30 11 19 40 22 36 38 22 18 38 25 40 16 25 32 32 25 37 36 36 15 24 36 19 29 23 32 40 39 17 15 22 39 24 24 14 39 35 19 31 11 16 14 19 19 23 29 37 27 40 22 13 31 22 37 15 19 35 22 23 12 15 24 36 37 26 14 27 30 12 28 29 11 15 26 24 25 28 12 30 15 17 36 26 34 31 25 32 29 27 25 27 28 16 23 35 36 22 11 15 25 36 21 26 11 18 21 17 37 34 14 19 21 17 28 16 32 31 17 40 18 27 16 18 15 27 11 35 31 35 24 39 17 40 13 13 28 33 11 26 19 34 18 14 39 26 37 34 23 23 37 18 12 12 29 37 15 34 29 22 37 40 18 32 19 12 13 12 11 14 29 36 26 30 22 27 40 18 15 30 12 30 27 37 23 23 27 34 23 32 29 26 21 33 21 27 15 12 15 13 18 39 40 36 25 29 39 11 29 25 13 14 16 27 13 15 21 32 29 37 20 35 32 38 17 35 16 30 17 18 30 30 19 25 21 15 13 20 25 34 30 34 28 28 11 23 25 15 17 20 35 24 15 12 20 29 32 29 26 38 28 32 22 16 30 14 17 38 27 28 17 12 17 12 28 35 30 27 28 38 29 39 19 30 12 12 31 15 11 13 28 40 28 27 20 37 29 27 12 25 24 17 14 15 23 25 32 33 40 20 31 13 38 32 24 21 13 34 22 32 37 33 39 11 32 40 19 14 21 33 33 18 34 39 12 29 39 13 31 35 40 23 12 25 32 31 31 38 33 27 32 23 28 25 31 40 25 33 12 34 25 18 31 29 14 39 30 30 29 39 35 20 36 20 24 16 22 33 26 25 25 28 30 16 38 30 28 24 27 30 23 13 22 18 39 38 14 22 37 25 27 12 37 32 34 29 38 17
1 30 22 24 28 8 21 14 19 23 25 21 8 25 3 19 15 27 18 13 2 28 15 7 15 3 18 23 1 1 19 19 9 25 22 25 30 27 21 16 14 20 10 19 7 9 8 3 5 13 9 17 10 3 2 28 13 8 18 12 7 9 7 26 23 20 10 8 7 5 28 17 1 4 23 16 25 28 23 11 21 8 2 15 13 18 4 24 16 18 27 11 20 1 9 30 12 26 28 12 8 28 15 30 6 15 22 22 15 27 26 26 5 14 26 9 19 13 22 30 29 7 5 12 29 14 14 4 29 25 9 21 1 6 4 9 9 13 19 27 17 30 12 3 21 12 27 5 9 25 12 13 2 5 14 26 27 16 4 17 20 2 18 19 1 5 16 14 15 18 2 20 5 7 26 16 24 21 15 22 19 17 15 17 18 6 13 25 26 12 1 5 15 26 11 16 1 8 11 7 27 24 4 9 11 7 18 6 22 21 7 30 8 17 6 8 5 17 1 25 21 25 14 29 7 30 3 3 18 23 1 16 9 24 8 4 29 16 27 24 13 13 27 8 2 2 19 27 5 24 19 12 27 30 8 22 9 2 3 2 1 4 19 26 16 20 12 17 30 8 5 20 2 20 17 27 13 13 17 24 13 22 19 16 11 23 11 17 5 2 5 3 8 29 30 26 15 19 29 1 19 15 3 4 6 17 3 5 11 22 19 27 10 25 22 28 7 25 6 20 7 8 20 20 9 15 11 5 3 10 15 24 20 24 18 18 1 13 15 5 7 10 25 14 5 2 10 19 22 19 16 28 18 22 12 6 20 4 7 28 17 18 7 2 7 2 18 25 20 17 18 28 19 29 9 20 2 2 21 5 1 3 18 30 18 17 10 27 19 17 2 15 14 7 4 5 13 15 22 23 30 10 21 3 28 22 14 11 3 24 12 22 27 23 29 1 22 30 9 4 11 23 23 8 24 29 2 19 29 3 21 25 30 13 2 15 22 21 21 28 23 17 22 13 18 15 21 30 15 23 2 24 15 8 21 19 4 29 20 20 19 29 25 10 26 10 14 6 12 23 16 15 15 18 20 6 28 20 18 14 17 20 13 3 12 8 29 28 4 12 27 15 17 2 27 22 24 19 28 7
1 22 2
397 135
1 5 14
405 6 40 392 292 21 343 259 384 447 480 274 219 217
1 20 3
282 83 446
1 9 8
211 222 409 277 172 405 352 293
1 5 15
318 185 51 240 286 300 248 461 339 204 353 223 400 197 101
1 5 12
23 47 172 352 494 220 160 289 384 105 484 344
1 9 8
485 190 345 135 37 122 484 155
1 3 23
480 458 486 253 194 1 309 155 287 279 392 83 428 59 360 234 433 374 323 30 462 154 19
1 3 24
441 277 186 348 379 62 318 134 35 498 97 340 471 494 184 431 189 109 179 321 225 273 1 285
1 5 13
117 22 339 236 13 497 498 175 346 382 29 493 102
1 12 6
329 70 285 104 333 411
1 3 22
394 271 198 372 109 222 47 205 334 445 211 335 49 113 149 421 170 223 50 283 360 345
1 4 18
367 403 180 307 245 78 22 442 181 216 43 492 488 31 211 271 269 338
1 4 17
229 497 263 285 222 323 1 468 91 208 392 329 348 101 266 237 18
1 10 6
58 353 388 419 22 270
1 4 20
241 450 1 443 286 41 110 229 332 264 388 158 287 283 183 350 498 417 102 277
1 16 4
173 291 3 323
1 3 22
97 3 74 420 73 389 11 81 341 418 499 171 38 178 438 322 430 257 146 239 489 352
1 5 12
127 200 418 381 34 204 401 60 451 166 352 71
1 4 17
45 340 220 253 239 104 90 273 78 207 379 178 444 175 148 449 270
1 3 20
485 126 322 70 96 377 94 346 2 467 172 213 156 285 466 368 109 224 35 297
1 4 15
360 137 423 89 130 258 424 445 467 132 83 319 171 214 416
1 4 18
442 162 462 164 339 166 118 389 416 272 28 55 337 372 466 116 260 421
1 4 18
293 437 162 353 318 392 152 47 45 31 435 300 397 157 237 146 82 244
1 6 12
26 432 276 329 138 44 217 433 14 75 264 315
1 18 4
70 320 333 249
1 6 12
135 64 12 61 417 43 386 437 201 368 292 378
1 3 19
305 279 370 58 151 180 495 206 479 462 122 96 396 320 104 431 55 376 163
1 5 13
377 434 106 71 150 235 357 135 217 277 93 422 361
1 5 15
32 140 295 235 334 107 421 228 253 201 225 256 45 255 149
1 9 8
35 210 49 34 36 349 308 391
1 3 21
326 77 65 496 497 370 244 438 320 407 285 240 334 298 87 356 107 10 153 174 9
1 14 5
482 493 160 359 398
1 11 4
85 358 170 132
1 5 12
188 344 336 157 125 424 69 82 154 84 18 160
1 4 15
257 333 118 201 431 437 130 284 34 185 123 29 449 230 440
1 4 15
322 32 328 152 353 161 379 136 269 111 235 210 367 242 320
1 12 6
1 228 91 29 473 249
1 7 9
218 200 113 362 12 5 22 69 458
1 11 6
305 253 408 122 283 434
1 3 25
339 270 101 429 468 456 252 408 67 351 499 148 402 325 418 74 413 388 100 309 453 405 57 43 135
1 10 7
485 332 283 451 414 150 421
1 3 22
67 319 253 255 301 402 341 332 423 237 264 0 27 141 128 126 359 68 447 468 93 277
1 6 10
392 345 121 280 116 342 410 201 418 169
1 6 11
401 396 136 432 451 169 155 357 196 193 429
1 6 11
150 210 388 399 13 19 190 10 224 387 317
1 5 13
154 461 311 485 484 491 176 416 482 195 64 48 163
1 33 2
159 124
1 13 5
281 45 342 470 181
1 6 12
91 369 383 191 63 481 406 319 15 267 251 1
1 3 23
235 211 112 199 465 479 283 436 418 409 392 66 326 14 118 441 30 389 137 143 69 354 367
1 7 10
92 248 17 247 182 212 219 276 119 325
1 8 9
234 463 120 119 113 424 458 81 282
1 13 3
191 341 135
1 20 2
297 299
1 4 17
126 485 182 1 144 51 362 457 233 301 232 443 374 379 46 181 106
1 3 20
145 349 72 469 473 279 405 147 462 401 367 386 314 338 343 410 451 310 438 403
1 4 16
363 26 490 344 239 330 444 475 249 479 430 245 373 128 458 370
1 4 18
477 271 118 59 453 301 58 293 352 243 251 452 179 264 356 34 410 211
1 12 6
200 44 26 256 490 279
1 22 3
454 426 238
1 10 7
132 103 190 100 184 34 92
1 26 2
253 291
1 25 2
174 419
1 20 3
340 174 330
1 4 19
341 152 170 124 346 481 193 49 23 94 376 103 381 144 197 314 488 293 138
1 3 21
122 185 448 488 411 377 0 327 114 238 148 71 431 402 164 433 291 130 38 302 470
1 8 9
106 41 101 35 390 79 495 428 36
1 3 23
85 90 98 119 408 195 108 330 134 89 54 448 265 13 354 353 160 239 286 499 424 34 482
1 5 11
29 196 408 130 430 274 234 369 308 277 48
1 6 10
23 290 281 363 67 194 8 390 149 469
1 5 14
73 423 447 40 103 464 206 129 334 278 438 416 404 357
1 5 14
319 493 179 24 487 380 89 335 122 427 232 206 2 451
1 5 16
434 22 453 11 56 119 163 201 179 442 276 253 282 432 0 492
1 5 14
53 421 288 120 193 378 257 344 8 396 480 179 194 192
1 28 2
148 21
1 4 16
78 485 194 435 499 277 208 372 171 90 286 490 419 310 198 236
1 3 23
225 462 337 485 499 63 109 174 435 339 190 297 232 163 238 390 259 97 140 46 146 478 319
1 15 4
182 64 65 23
1 6 10
72 112 433 489 356 323 402 137 347 261
1 11 7
493 24 91 225 378 293 279
1 5 13
51 201 63 487 194 496 357 297 112 479 363 209 52
1 12 6
453 328 281 268 318 364
1 4 17
14 344 56 448 246 242 231 11 200 47 186 255 10 336 210 91 151
1 3 25
303 314 153 187 331 180 109 360 253 144 184 0 346 389 227 252 112 226 375 120 94 25 190 326 11
1 3 24
311 450 436 302 71 394 99 162 94 399 218 67 416 93 59 184 242 239 131 324 347 334 402 296
1 5 14
7 240 386 394 352 477 72 159 23 447 136 372 123 242
1 3 20
217 352 431 256 142 487 199 353 52 205 76 469 242 102 465 163 140 286 319 111
1 19 3
281 42 330
1 5 14
13 291 340 83 147 342 354 446 376 365 379 107 302 59
1 4 19
62 224 257 404 166 67 83 299 187 92 481 201 129 168 417 57 437 280 76
1 3 25
142 443 34 498 64 338 349 277 70 247 408 382 21 438 151 280 194 248 444 476 486 119 406 76 389
1 17 4
193 355 182 3
1 26 3
498 188 119
1 5 14
93 159 127 242 311 82 332 379 65 414 422 187 353 44
1 3 25
469 213 190 287 378 429 124 352 412 326 292 491 454 0 477 310 261 206 64 156 303 289 446 386 99
1 6 11
330 52 262 433 443 76 162 40 156 480 142
1 3 20
197 247 372 39 29 151 493 344 403 320 59 346 406 415 89 244 104 49 311 395
1 4 18
497 335 464 253 97 274 480 482 81 325 47 228 138 387 271 17 229 423
1 3 21
466 490 303 366 458 128 113 30 99 133 315 325 396 286 211 475 233 57 327 173 474
1 9 7
246 484 321 212 87 179 281
1 6 12
214 494 449 292 102 53 23 470 151 414 98 12
1 6 10
288 60 106 319 348 63 158 199 168 436
1 3 24
70 452 297 232 396 330 147 461 51 277 179 293 85 399 403 172 206 421 280 173 98 170 328 305
1 7 9
428 411 57 52 473 261 132 423 125
1 10 8
219 363 361 211 292 61 496 253
1 20 2
343 104
1 4 16
312 443 241 116 39 275 83 156 171 397 9 11 416 369 114 288
1 5 15
115 371 157 257 485 307 78 21 489 499 213 493 418 59 168
1 2 25
328 279 380 232 87 200 318 44 441 426 162 348 386 334 5 378 277 210 47 28 385 260 115 72 398
1 4 18
91 129 268 284 297 418 311 368 138 238 58 419 72 125 70 321 215 310
1 4 19
165 208 461 15 343 364 252 484 24 490 362 40 159 163 184 139 27 216 123
1 4 19
95 255 267 307 276 244 460 75 139 391 216 84 249 61 50 482 133 463 126
1 5 13
98 156 205 0 293 12 13 244 463 250 75 448 199
1 4 16
46 64 301 164 441 57 435 128 5 186 273 424 313 177 473 410
1 4 18
37 174 277 247 301 305 19 472 333 22 229 411 399 175 408 245 198 167
1 4 20
417 155 448 57 472 320 101 206 241 239 135 194 69 307 37 301 229 119 398 491
1 11 6
273 65 312 9 342 281
1 3 21
324 493 183 422 446 407 125 158 61 193 138 59 316 400 64 462 383 166 48 39 437
1 4 18
125 295 81 271 187 452 218 475 230 442 25 428 131 155 34 457 383 254
1 8 8
372 137 493 175 75 348 414 192
1 4 16
416 467 118 146 171 317 322 286 427 96 51 10 169 285 464 383
1 3 24
455 220 488 26 206 294 438 417 426 267 285 358 305 171 14 230 412 263 107 193 221 298 214 356
1 5 15
230 237 137 188 272 442 234 298 377 183 218 117 179 19 46
1 4 16
114 49 47 190 373 277 48 481 448 7 38 100 463 378 298 255
1 32 2
233 402
1 3 22
433 271 259 481 274 298 356 310 46 153 105 219 447 21 121 414 130 115 176 321 133 175
1 15 2
256 376
1 4 18
75 10 202 233 43 150 149 1 197 392 152 429 414 22 482 459 29 425
1 6 10
65 226 199 140 377 331 137 436 332 456
1 3 22
326 43 420 239 475 19 156 418 387 495 338 321 315 17 167 32 317 58 21 9 145 358
1 14 4
370 324 326 458
1 3 23
299 440 135 182 441 183 382 471 263 6 301 127 462 169 360 5 143 297 192 362 303 34 97
1 13 4
492 181 406 48
1 4 18
381 206 251 217 118 95 22 178 336 313 53 241 270 377 165 319 129 312
1 14 5
477 342 188 372 446
1 3 21
448 191 201 96 7 212 72 347 110 401 203 243 411 283 397 116 112 315 289 32 247
1 5 14
431 223 116 172 236 378 479 391 192 299 206 485 441 307
1 3 25
407 428 487 413 365 273 110 249 114 19 334 345 376 101 39 95 302 482 122 162 49 338 313 324 434
1 3 21
82 74 148 418 453 275 27 192 86 445 239 461 76 389 469 335 232 66 83 110 169
1 3 24
96 297 171 469 195 45 489 137 24 32 90 296 74 320 385 244 482 382 413 364 211 34 387 325
1 4 17
81 139 153 157 302 278 179 316 165 5 11 495 268 210 399 181 16
1 3 19
448 364 278 380 32 150 314 16 269 405 184 42 425 452 190 401 291 306 224
1 3 22
476 440 306 457 367 474 94 109 286 499 226 384 58 304 274 300 350 213 37 467 448 415
1 4 17
320 130 127 86 353 379 112 109 414 142 155 327 342 374 27 272 218
1 8 5
467 288 185 445 381
1 9 8
192 213 314 317 119 182 122 33
1 5 16
147 375 494 237 214 104 479 54 337 400 373 202 231 383 116 476
1 4 20
25 181 195 106 185 337 271 237 441 111 166 489 36 83 392 345 295 400 260 130
1 3 21
275 15 75 123 71 353 307 351 40 266 365 128 441 462 375 281 397 421 137 479 151
1 8 6
153 241 16 100 231 14
1 3 21
151 136 57 296 108 276 291 387 355 490 104 259 76 309 463 134 263 262 174 218 50
1 7 10
320 378 8 196 169 495 115 466 400 161
1 3 20
21 409 481 447 130 224 221 6 334 127 68 234 390 314 83 212 403 332 330 199
1 20 3
150 165 293
1 3 20
137 320 428 58 19 204 425 2 233 258 374 407 355 359 154 294 312 197 337 461
1 3 25
244 295 337 314 428 141 132 236 4 52 415 331 300 101 304 229 67 13 346 344 87 79 289 291 391
1 6 13
142 398 186 91 178 176 203 230 462 231 103 251 428
1 3 23
172 314 440 178 119 281 199 67 11 292 453 468 311 266 78 459 375 142 370 200 60 0 220
1 16 4
293 444 132 270
1 12 5
182 165 335 35 215
1 14 5
167 210 279 323 236
1 3 21
488 92 317 338 332 467 379 434 430 50 348 184 436 477 106 357 21 207 463 491 60
1 11 6
195 423 243 90 306 495
1 7 11
313 282 163 388 366 155 219 423 331 1 236
1 4 16
266 3 192 201 290 182 163 132 357 220 297 123 284 410 476 100
1 11 6
23 87 78 114 71 496
1 4 16
148 398 295 302 117 136 299 281 41 476 359 177 220 110 279 418
1 14 4
463 340 114 199
1 5 13
193 353 42 249 460 197 91 92 402 30 38 454 15
1 6 11
206 106 288 487 178 109 229 53 156 19 154
1 3 20
334 46 285 257 113 337 107 286 198 451 150 391 435 143 317 329 100 438 305 183
1 4 15
304 434 151 347 90 345 467 358 382 287 496 446 5 191 145
1 13 6
78 243 366 414 124 299
1 3 21
354 36 186 395 456 265 282 208 449 316 428 474 440 339 42 426 54 476 216 269 261
1 10 4
230 366 48 143
1 7 11
184 457 46 421 374 74 94 448 427 489 404
1 3 22
53 92 176 213 262 397 268 466 98 448 46 52 476 321 354 274 54 279 135 477 330 198
1 7 9
424 438 469 203 376 477 24 125 305
1 4 20
191 404 445 491 125 167 405 327 295 443 319 225 148 427 219 361 447 268 380 163
1 17 4
179 442 331 17
1 3 20
203 295 96 200 108 302 208 307 11 184 193 201 40 204 137 112 217 398 300 357
1 4 18
333 187 357 82 410 498 379 269 295 182 0 342 201 75 291 62 325 53
1 19 3
305 388 206
1 6 12
447 0 101 150 365 480 159 472 309 120 328 314
1 3 24
481 234 68 77 142 124 81 290 194 170 272 58 48 376 249 318 353 339 406 344 156 323 72 317
1 5 15
109 456 363 417 7 50 422 479 73 388 387 110 364 304 493
1 5 13
324 22 479 410 252 72 171 275 424 219 469 304 480
1 10 7
196 299 425 38 488 438 334
1 3 23
410 444 77 398 305 208 41 110 303 246 201 20 497 193 400 30 374 360 391 357 118 335 382
1 15 3
465 390 325
1 10 7
156 296 251 187 472 125 258
1 4 19
59 386 318 135 10 390 426 324 119 240 489 483 458 457 293 215 104 217 495
1 6 11
20 372 379 133 173 90 63 115 385 138 479
1 16 3
62 74 14
1 13 5
256 368 51 156 369
1 3 25
356 103 376 259 332 303 219 402 155 454 181 142 337 59 72 423 13 194 167 468 162 71 222 158 331
1 5 14
42 211 368 458 467 138 360 484 73 100 346 53 177 464
1 5 15
294 379 62 51 169 288 372 324 366 41 483 317 38 365 399
1 5 15
133 365 20 483 278 496 310 100 383 71 434 420 139 321 279
1 3 22
467 269 388 374 284 461 114 301 2 85 214 470 47 389 59 423 475 150 234 395 354 139
1 15 5
253 373 118 125 377
1 7 10
275 383 107 377 380 148 470 126 327 254
1 6 11
64 87 175 357 17 438 387 214 425 99 85
1 5 13
286 31 62 172 289 71 450 250 259 237 238 241 242
1 10 7
79 86 464 313 346 443 95
1 10 7
58 48 177 404 440 79 142
1 3 21
414 92 452 114 216 442 58 385 333 454 457 49 11 267 394 219 196 2 468 223 32
1 3 25
242 445 365 17 320 195 199 236 310 460 130 35 134 216 258 23 111 458 286 369 232 410 105 201 133
1 4 16
322 271 219 140 349 41 82 456 83 89 392 212 292 479 250 217
1 6 12
355 429 292 435 216 175 88 273 423 487 183 239
1 6 11
337 168 92 439 324 276 44 177 308 353 234
1 10 7
158 274 270 17 76 460 60
1 3 18
355 187 335 440 181 155 333 445 43 12 132 208 460 138 108 206 375 304
1 6 10
377 99 357 448 186 69 68 168 388 387
1 7 9
31 355 41 199 83 335 388 407 76
1 5 13
454 462 330 295 223 309 397 495 244 199 179 372 279
1 5 14
87 439 3 152 207 425 56 339 433 49 169 40 190 154
1 4 20
146 377 410 2 31 24 359 496 302 74 245 219 373 417 163 326 334 280 95 350
1 6 13
439 342 321 478 349 490 325 52 329 432 188 238 496
1 3 25
304 66 130 5 4 116 446 227 80 476 374 176 265 347 106 355 49 332 9 415 434 22 474 82 418
1 14 5
284 176 313 76 398
1 9 8
200 142 429 460 95 310 452 97
1 7 10
333 303 37 365 246 204 225 458 117 107
1 10 4
82 258 369 134
1 11 6
312 119 470 445 58 319
1 3 25
37 221 352 378 225 428 224 214 203 362 481 473 49 15 339 387 86 379 412 395 380 76 239 460 347
1 4 17
497 125 340 22 296 200 123 348 106 287 447 166 14 387 61 29 491
1 3 21
260 117 89 177 399 244 344 384 304 199 235 287 142 35 164 454 460 495 176 72 282
1 4 19
430 41 37 142 80 474 368 209 77 130 126 218 199 383 419 70 480 440 159
1 4 15
264 402 60 252 415 118 272 232 163 3 310 207 203 260 407
1 17 4
195 74 328 129
1 5 14
105 422 383 60 9 146 483 411 197 71 219 160 116 254
1 4 15
63 389 340 278 255 157 256 106 406 198 499 270 397 44 349
1 4 16
20 79 39 353 49 249 172 260 237 47 365 10 1 149 329 71
1 3 22
134 21 130 375 121 435 340 6 312 319 378 2 44 271 355 224 251 111 184 151 463 99
1 7 8
198 355 84 74 232 243 470 325
1 5 15
475 153 269 224 5 252 439 9 135 197 142 497 121 239 219
1 3 21
408 360 48 67 56 153 333 226 479 52 33 22 113 429 433 485 351 427 442 387 359
1 3 21
105 179 137 420 246 364 85 465 307 373 464 7 363 480 69 335 104 339 216 425 33
1 7 8
340 168 434 426 173 292 326 139
1 4 19
108 483 471 314 318 372 181 34 237 90 297 437 349 193 363 447 422 154 133
1 3 25
75 346 495 171 355 48 116 384 316 406 275 120 402 290 414 365 134 270 66 6 291 277 395 65 10
1 5 15
491 484 133 417 210 324 269 36 362 287 23 50 357 218 367
1 3 23
317 48 70 312 20 137 250 462 378 131 290 459 230 412 245 202 300 67 158 283 238 233 24
1 3 20
211 22 379 439 86 292 239 490 499 72 109 319 448 171 120 59 366 162 483 404
1 3 22
258 62 283 449 68 231 302 355 487 440 39 91 78 476 310 434 119 474 495 315 130 17
1 4 16
327 15 376 126 238 276 54 243 12 310 18 199 364 481 0 256
1 5 13
465 386 9 385 241 397 85 194 61 248 83 373 25
1 9 7
194 314 240 319 79 246 398
1 6 12
42 185 375 203 204 366 359 121 143 239 62 9
1 13 3
59 254 196
1 4 16
318 16 52 470 82 379 115 27 427 466 293 290 32 368 353 99
1 20 3
157 310 281
1 9 8
136 485 63 465 77 83 399 167
1 3 23
411 165 13 201 478 212 94 256 417 31 57 56 336 236 107 123 260 203 231 434 2 92 383
1 3 25
42 238 188 7 9 432 319 280 230 427 21 284 378 182 400 194 202 34 150 472 247 13 31 162 422
1 6 11
478 257 121 486 80 469 5 132 329 305 112
1 11 7
280 498 74 17 459 103 444
1 6 12
208 485 18 396 114 293 290 19 384 42 269 257
1 9 6
191 32 478 24 189 75
1 3 21
257 417 207 352 121 483 413 154 190 47 394 178 366 106 113 232 354 322 145 32 105
1 4 17
7 269 241 102 242 17 347 386 54 2 191 429 300 336 185 230 424
1 7 9
473 206 365 485 249 38 255 292 176
1 3 25
422 60 324 423 378 204 492 427 41 374 275 432 462 353 279 180 74 429 231 332 211 337 98 96 161
1 4 19
289 18 12 216 470 333 327 406 179 174 190 321 155 21 489 363 48 400 220
1 4 14
222 429 69 281 423 113 53 221 467 390 424 396 291 452
1 3 21
448 444 274 434 405 398 378 447 114 78 3 473 271 429 125 235 6 330 443 432 178
1 3 20
194 65 36 374 26 274 488 431 428 444 306 314 166 261 111 143 375 121 182 199
1 34 2
447 334
1 11 4
407 363 190 435
1 3 20
194 183 460 288 448 260 391 161 258 66 124 64 30 179 341 207 202 294 305 275
1 15 5
461 213 97 73 263
1 4 16
397 201 370 239 121 9 470 134 393 260 282 408 392 31 292 414
1 4 16
95 433 185 304 133 373 102 212 302 9 427 410 231 263 110 171
1 3 21
389 414 326 214 44 47 446 337 397 469 465 264 387 405 299 194 374 88 261 48 143
1 7 9
104 448 44 241 257 359 306 153 325
1 8 9
246 374 117 21 107 141 85 465 484
1 9 7
372 116 346 482 216 294 381
1 3 20
75 481 215 118 38 175 413 168 455 196 154 235 479 67 142 411 46 492 280 442
1 12 6
77 221 28 122 358 199
1 3 21
376 18 314 77 278 422 256 208 191 52 57 41 49 414 260 147 116 214 72 59 319
1 3 22
277 482 120 147 256 447 282 98 224 444 217 234 263 373 332 241 472 311 216 266 231 432
1 3 22
255 491 266 156 229 90 86 380 190 151 218 302 106 422 424 75 316 406 497 425 462 240
1 3 25
132 269 495 183 15 136 140 117 8 51 400 361 493 239 149 242 164 10 253 335 323 44 302 398 7
1 3 25
23 10 171 227 41 400 22 265 9 205 180 38 186 74 206 356 242 260 417 353 305 82 123 392 211
1 12 2
429 170
1 30 2
371 137
1 4 18
428 370 350 138 172 326 367 17 389 21 476 318 277 463 383 273 115 415
1 7 9
356 127 150 372 142 102 177 491 9
1 14 5
263 10 204 297 203
1 3 21
298 151 44 410 10 174 192 129 28 157 313 455 232 155 43 348 443 297 396 311 306
1 6 11
170 35 10 242 220 33 93 304 238 341 19
1 3 19
296 230 176 367 388 179 244 469 419 235 389 46 483 405 471 115 297 140 40
1 3 22
303 349 76 478 319 130 125 394 203 410 133 171 446 143 273 138 68 188 214 419 259 496
1 8 7
137 283 452 278 460 67 158
1 4 16
150 326 135 75 129 141 322 359 201 206 139 252 210 187 54 474
1 3 22
292 309 71 246 10 402 197 16 265 349 394 180 203 466 395 492 158 498 31 123 256 225
1 6 11
151 146 89 210 192 480 256 245 93 325 131
1 5 15
154 493 136 319 301 262 234 17 456 363 1 343 229 413 144
1 6 11
159 362 343 157 42 469 109 32 378 481 498
1 4 14
465 262 347 148 442 356 316 317 327 389 430 267 415 6
1 9 8
281 292 203 417 152 177 165 259
1 22 3
443 26 119
1 10 7
439 114 218 201 145 396 354
1 7 10
291 438 215 153 13 417 341 348 277 488
1 3 25
116 336 372 378 352 92 194 446 280 150 234 314 31 318 144 33 373 343 61 172 184 442 414 57 254
1 4 17
422 120 134 495 297 17 350 170 356 317 306 487 463 165 45 40 251
1 3 21
188 112 108 425 227 319 467 328 228 304 249 482 309 231 478 242 498 396 97 5 452
1 4 17
234 219 185 272 210 245 75 160 250 242 498 169 349 480 256 148 170
1 3 25
438 418 346 98 340 444 378 292 448 38 123 72 334 42 445 195 420 417 298 260 277 379 128 309 175
1 5 14
265 174 122 5 3 208 34 300 11 391 418 331 492 288
1 4 19
301 21 483 39 7 28 254 491 79 371 345 37 305 91 341 261 134 157 255
1 6 9
96 145 438 192 419 199 366 210 18
1 3 24
205 194 80 114 4 248 450 275 334 108 168 136 152 46 22 128 211 477 26 160 375 434 87 352
1 15 4
437 380 39 427
1 6 11
132 471 347 322 296 234 396 67 357 124 49
1 9 7
12 379 193 469 234 429 62
1 16 4
169 229 11 82
1 10 6
32 46 163 249 210 160
1 8 7
173 81 203 96 335 229 389
1 7 10
418 74 490 177 31 44 59 193 363 325
1 9 8
152 37 493 59 338 464 253 223
1 11 5
407 258 233 20 204
1 3 22
419 76 215 331 369 325 232 116 236 126 462 396 59 435 29 186 137 398 342 401 61 85
1 3 25
341 228 229 161 454 492 274 373 284 359 439 195 388 494 183 0 399 72 438 462 265 93 158 143 385
1 4 17
482 235 464 470 198 13 185 36 188 333 454 448 204 68 111 274 381
1 12 3
256 364 307
1 6 12
482 110 105 461 397 164 466 405 211 38 440 364
1 5 15
325 345 218 62 395 39 359 172 436 262 383 304 59 48 83
1 5 13
493 110 5 12 437 187 259 279 120 241 108 150 104
1 6 11
217 282 141 186 60 499 195 47 82 489 388
1 5 13
10 254 152 397 352 160 129 201 229 156 447 196 237
1 20 2
390 349
1 9 8
412 205 201 266 183 93 261 221
1 7 10
320 165 454 353 135 401 121 237 371 36
1 11 6
245 496 285 13 240 495
1 7 7
166 29 472 254 169 360 280
1 4 16
492 281 323 244 409 478 131 0 465 98 493 132 200 218 463 5
1 5 12
165 449 480 440 418 300 79 459 464 80 319 372
1 5 10
357 473 370 49 284 493 435 277 302 349
1 11 5
281 305 354 75 355
1 3 20
333 498 142 229 413 216 205 293 33 220 488 124 211 352 476 410 317 154 397 96
1 5 13
15 371 379 137 342 105 491 74 464 10 180 17 414
1 11 2
152 196
1 4 20
415 25 148 116 417 395 301 45 156 275 246 268 89 38 96 106 36 197 442 220
1 3 25
307 94 206 315 163 75 454 382 173 201 204 98 149 83 399 240 424 216 30 147 107 389 293 139 111
1 11 6
79 209 191 378 387 266
1 3 21
477 436 375 407 309 34 76 187 329 201 348 336 113 320 105 24 42 303 315 367 234
1 4 17
163 319 495 397 488 308 322 118 136 172 10 483 220 45 188 309 420
1 4 16
303 363 101 467 124 393 189 102 299 66 239 47 13 44 25 397
1 11 7
417 118 253 240 129 468 435
1 4 16
162 24 483 366 122 368 9 277 337 479 12 0 76 286 260 298
1 12 5
355 6 267 41 475
1 5 14
141 280 8 332 272 24 152 279 385 455 290 258 406 97
1 7 9
41 378 415 332 61 424 163 273 16
1 4 19
450 483 382 198 223 320 128 185 381 298 324 190 91 455 224 283 417 246 167
1 9 7
38 23 320 365 315 423 6
1 2 25
205 125 82 59 346 406 32 8 407 232 459 324 14 105 468 485 448 290 170 440 342 235 399 328 361
1 5 10
307 212 466 348 231 479 117 173 304 308
1 9 7
442 179 423 68 426 437 196
1 21 3
14 6 78
1 5 15
350 187 339 263 138 331 249 225 172 150 210 239 113 417 442
1 3 23
203 351 263 359 140 337 90 114 226 119 362 161 174 153 393 171 233 144 199 379 74 214 289
1 3 19
109 39 162 152 71 113 53 333 472 388 174 441 168 446 142 397 485 218 88
1 4 20
218 294 7 392 42 95 0 111 178 30 128 260 148 463 419 143 250 362 367 481
1 4 14
467 65 296 437 171 161 2 218 144 482 23 40 468 179
1 4 17
65 64 404 489 401 153 98 485 174 330 148 128 247 117 56 473 207
1 9 8
301 433 382 207 387 431 438 38
1 5 13
368 24 167 104 364 125 105 248 75 3 469 458 376
1 3 23
66 440 48 221 465 14 93 119 368 140 406 127 388 88 485 0 251 186 49 215 216 130 469
1 4 13
135 303 312 102 25 241 7 100 40 442 322 485 306
1 17 4
424 494 229 380
1 3 23
196 37 431 159 330 226 233 270 94 457 332 218 445 79 165 161 126 352 222 168 135 480 50
1 3 20
318 38 200 272 27 64 361 424 158 17 182 237 147 494 57 473 383 23 254 59
1 7 11
468 69 216 467 362 286 317 101 417 196 489
1 9 8
101 85 275 349 399 405 320 0
1 8 9
143 490 458 170 134 133 10 340 160
1 18 4
139 353 35 403
1 15 3
140 148 122
1 32 2
367 65
1 6 11
447 302 144 194 50 306 177 54 340 464 299
1 3 21
271 308 209 142 147 107 476 332 190 465 203 289 41 341 131 285 154 407 283 418 145
1 3 25
435 146 380 316 425 106 59 46 356 98 73 8 203 228 256 84 153 271 276 350 267 40 172 475 315
1 7 10
107 348 387 401 149 316 87 443 256 17
1 3 21
172 447 135 310 327 264 80 93 242 241 458 417 398 35 267 15 485 301 480 49 69
1 7 9
229 86 250 80 111 497 258 473 282
1 3 24
326 34 40 131 473 460 243 166 62 127 121 433 294 345 115 303 446 465 323 420 425 489 423 178
1 7 10
88 119 70 407 467 481 136 490 425 210
1 24 2
109 170
1 9 4
215 204 363 205
1 10 7
144 429 127 103 0 45 170
1 3 25
1 85 176 137 25 11 314 172 28 257 81 132 467 60 242 453 225 241 166 264 278 442 295 395 178
1 6 13
122 71 350 253 459 238 418 477 77 38 452 216 237
1 3 19
151 384 199 272 169 393 229 6 106 145 387 37 226 323 217 310 201 321 13
1 3 25
232 440 189 330 238 233 214 169 335 311 170 269 384 293 449 123 29 61 337 222 257 218 290 469 462
1 4 16
280 204 122 178 303 134 409 2 89 443 350 455 248 292 327 211
1 3 22
273 199 45 226 90 0 51 388 428 296 32 381 179 320 49 484 440 292 461 421 483 337
1 3 23
396 66 28 364 22 328 122 16 76 272 48 353 472 365 135 377 200 170 116 442 137 285 378
1 4 18
66 338 401 461 424 330 289 300 346 337 347 233 92 485 378 318 293 385
1 13 5
163 350 156 248 375
1 4 17
478 434 423 11 382 255 377 389 272 210 442 486 116 213 302 128 174
1 5 14
289 432 120 398 104 455 125 368 108 263 301 173 270 435
1 3 25
416 210 385 480 208 443 368 314 330 279 192 194 134 114 239 168 225 403 300 68 373 190 287 133 43
1 16 4
122 239 309 178
1 9 8
251 263 236 202 78 240 69 440
1 4 18
218 40 159 481 193 426 41 187 151 134 353 280 389 333 95 46 437 451
1 13 4
302 232 13 415
1 9 8
414 433 85 49 410 379 24 371
1 5 13
114 288 110 498 82 8 436 23 471 250 237 182 479
1 3 21
460 330 232 15 9 75 370 323 332 197 44 155 245 112 279 128 311 82 309 302 229
1 3 21
146 443 474 394 115 123 478 252 87 481 280 184 486 408 145 112 278 409 5 339 410
1 6 11
281 364 88 306 366 294 182 69 348 207 168
1 4 17
431 327 414 107 47 420 464 298 449 9 124 175 495 215 39 336 126
1 11 5
57 50 49 314 343
1 8 8
399 325 260 334 341 57 98 94
1 7 10
147 55 175 187 331 186 98 107 2 26
1 5 12
310 37 27 241 407 198 411 440 89 31 416 140
1 3 23
285 245 209 71 108 310 311 136 276 7 381 127 96 175 355 3 294 353 42 466 296 201 446
1 7 10
247 43 315 214 88 450 66 166 246 392
1 5 13
18 177 464 117 323 129 381 220 345 289 185 176 280
1 5 14
332 82 486 215 52 323 317 94 415 422 44 350 184 100
1 4 14
122 288 84 328 50 394 123 0 415 343 172 24 417 56
1 4 18
82 22 293 254 241 477 56 352 286 371 190 310 136 443 194 135 294 233
1 6 13
418 111 157 181 211 398 199 70 124 375 245 172 180
1 6 12
1 75 169 245 151 193 69 358 198 170 238 63
1 4 19
84 440 211 82 311 388 469 145 473 181 283 188 138 318 431 466 368 57 85
1 7 10
189 339 445 188 478 317 182 301 195 438
1 4 19
405 322 430 343 201 310 208 288 119 443 475 478 243 102 272 330 86 111 7
1 15 5
294 391 491 42 156
1 7 10
21 372 475 361 291 298 106 225 453 196
1 16 3
154 231 292
1 22 3
276 195 253
1 4 17
196 478 420 51 203 493 178 2 238 159 340 320 462 37 421 86 460
1 5 14
248 279 43 60 30 269 286 213 321 91 473 90 143 336
1 3 18
117 70 52 145 483 126 199 216 43 491 241 379 28 250 435 309 248 197
1 3 20
41 65 462 309 324 499 136 498 448 496 169 92 351 370 347 203 10 455 223 485
1 6 12
33 487 488 355 61 225 412 439 47 290 187 53
1 7 9
168 493 438 125 377 239 357 18 443
1 4 17
318 265 97 36 78 255 52 120 405 176 345 227 254 329 341 100 184
1 3 24
44 266 338 395 452 129 381 242 427 374 238 96 9 412 204 387 182 29 366 95 357 312 212 45
1 17 3
9 374 57
1 9 8
291 485 55 124 316 462 138 454
1 3 23
497 0 78 322 478 472 77 171 403 95 256 224 74 182 201 249 1 374 309 341 143 338 217
1 3 22
422 396 160 459 311 14 109 331 467 50 191 105 324 24 215 448 345 181 53 184 190 452
1 9 8
402 192 448 169 296 461 496 212
1 3 20
312 158 380 379 42 150 323 167 392 107 454 294 331 300 99 381 396 32 175 455
1 5 14
206 77 163 240 295 32 51 54 225 380 405 267 356 494
1 19 3
295 194 135
1 5 15
65 359 91 210 225 137 429 222 88 145 23 169 276 39 385
1 6 13
471 62 122 246 21 473 119 251 491 154 32 15 45
1 4 17
106 487 7 227 388 407 196 443 309 347 463 72 9 421 416 437 278
1 6 10
16 84 322 118 332 41 335 483 290 246
1 3 22
201 370 52 268 426 29 264 1 419 2 36 437 432 63 136 194 480 93 230 57 495 410
1 6 9
254 49 46 448 394 484 431 377 73
1 3 24
478 179 209 67 225 103 97 212 77 252 21 479 151 251 35 247 334 10 140 349 163 391 325 82
1 6 12
77 52 350 185 264 101 330 74 24 199 141 207
1 4 19
43 284 150 331 144 443 258 407 394 159 223 80 420 124 192 266 247 337 107
1 7 10
360 471 396 354 441 457 42 221 321 191
1 4 15
488 270 84 133 316 353 79 205 239 290 282 299 497 20 332
1 3 23
195 126 157 207 85 439 474 11 270 264 272 432 243 459 401 13 411 161 104 359 335 185 43
1 20 3
138 407 38
1 11 6
353 190 158 402 424 78
1 6 13
459 59 320 79 77 223 24 289 14 107 429 114 294
1 4 17
15 307 5 265 284 133 148 389 295 372 428 493 427 292 300 337 450
1 5 14
105 274 431 366 103 304 109 193 262 295 378 131 461 83
1 3 25
335 69 357 344 352 441 262 216 61 400 277 55 231 314 66 217 16 412 406 404 108 473 407 390 490
1 3 25
77 432 328 464 75 498 56 256 79 48 137 315 428 387 333 377 374 322 40 492 357 358 156 488 168
1 4 18
98 299 80 429 328 352 452 100 260 481 333 96 143 355 207 41 385 382
1 4 18
194 125 388 106 239 119 232 71 311 482 139 256 101 378 170 424 400 354
1 6 10
111 352 212 292 290 473 314 148 391 173
1 6 13
190 48 413 280 100 201 483 189 95 70 237 445 1
1 3 22
113 211 372 87 307 22 217 162 181 379 465 133 43 410 57 389 375 344 351 387 393 129
1 4 15
408 110 180 48 362 86 316 386 323 473 389 393 299 167 90
1 3 23
0 84 111 355 476 383 366 150 130 324 230 334 302 367 71 46 343 35 141 89 62 220 293
1 3 21
58 27 226 183 269 454 365 108 99 467 158 152 210 10 392 318 16 380 184 65 3
1 4 15
303 381 249 150 263 349 418 102 313 477 261 378 8 389 192
1 5 11
322 127 326 419 398 289 0 203 423 82 231
1 7 10
346 337 258 493 479 45 277 77 488 317
1 6 12
416 262 8 109 76 334 384 151 408 193 45 481
1 4 16
384 298 283 238 204 437 155 301 162 6 205 480 471 468 216 278
1 4 18
244 93 429 286 251 454 33 472 51 206 241 95 476 274 314 469 368 369
1 4 17
473 226 103 198 497 454 383 409 429 211 49 323 30 465 46 351 104
1 5 14
392 493 344 252 215 469 432 291 90 250 203 376 359 83
1 29 2
473 323
1 5 13
110 337 296 402 196 434 436 266 359 340 136 15 327
1 4 14
337 278 436 259 67 159 44 354 377 53 75 216 97 356
1 6 13
310 291 234 225 383 208 136 83 314 191 101 390 123
1 7 9
248 179 197 398 198 334 41 411 353
1 4 16
117 266 193 423 236 352 118 275 147 57 328 278 284 123 116 225
1 7 10
469 45 475 117 449 407 64 21 489 371
1 6 11
499 382 424 248 220 288 221 167 217 225 407
1 22 3
314 134 114
1 3 21
282 107 309 340 360 370 188 150 220 274 490 137 199 371 255 23 357 292 429 34 59
1 5 14
131 417 259 83 475 1 299 275 434 261 206 347 264 353
1 9 6
386 135 456 452 192 424
1 4 17
440 426 476 344 300 269 72 401 457 247 410 486 102 493 35 254 10
1 24 2
144 5
1 4 15
405 415 446 185 283 438 57 483 260 391 253 167 132 181 165
1 5 13
12 331 466 462 13 362 113 253 125 399 444 411 380
1 4 17
191 171 195 318 163 142 96 232 10 64 192 159 137 350 294 386 492
1 8 9
124 263 385 413 345 201 294 211 7
1 3 24
104 83 168 348 13 440 242 114 145 106 448 269 157 309 1 194 373 457 16 306 283 221 5 492
1 4 17
398 19 135 284 59 208 110 307 3 100 121 93 479 23 242 203 248
1 20 2
20 297
1 7 9
52 120 468 159 329 162 277 84 46
1 11 6
240 459 430 241 146 393
1 4 18
266 340 98 430 103 78 461 43 481 268 475 350 376 420 429 354 175 413
1 4 18
12 104 141 388 90 223 333 352 466 348 360 279 341 207 337 456 258 134
1 8 8
102 205 332 79 367 217 118 33
1 5 13
422 372 162 270 202 17 102 239 439 362 207 92 178
1 9 8
77 407 411 435 330 89 279 274
1 4 13
147 282 495 309 84 480 255 104 245 481 40 290 92
1 3 23
71 392 86 209 206 264 254 482 435 93 377 395 8 114 402 281 184 470 140 224 124 48 68
1 8 8
176 477 301 433 482 443 322 265
1 3 23
150 460 497 212 408 406 490 256 131 369 223 153 466 305 340 229 398 28 98 452 30 284 413
1 8 9
414 119 202 98 317 411 403 39 150
1 5 13
129 300 181 161 272 168 169 362 79 32 158 438 165
1 4 16
248 197 215 297 343 278 213 28 266 21 11 408 145 492 115 354
1 5 14
218 30 458 225 318 180 231 309 262 199 26 79 11 412
1 3 23
284 340 462 250 186 101 370 179 65 356 165 204 118 30 298 92 17 71 346 472 47 88 99
1 3 20
265 293 152 356 231 499 42 32 58 415 242 262 274 468 344 475 465 220 299 148
1 14 3
276 185 341
1 8 8
457 213 215 14 83 460 398 380
1 3 23
271 300 43 150 429 372 251 296 72 265 364 215 152 34 314 288 239 154 119 356 27 33 132
1 3 23
325 34 101 228 328 355 190 122 159 106 73 335 474 23 319 177 145 17 75 311 182 377 463
1 4 16
202 61 19 386 401 60 131 161 58 320 396 383 219 147 302 259
1 32 2
305 238
1 4 18
153 226 373 198 443 381 180 466 296 218 377 325 36 142 81 100 115 284
1 24 2
226 129
1 7 8
394 82 45 296 250 14 12 430
1 15 5
248 179 114 98 238
1 7 10
435 281 353 95 4 344 437 3 406 250
1 3 23
495 123 478 482 236 152 379 381 198 158 109 471 486 356 490 193 171 473 54 353 413 178 50
1 6 11
108 258 230 270 238 493 194 190 388 85 79
1 5 14
221 283 382 59 428 431 197 486 103 82 332 75 353 279
1 3 25
149 277 289 110 299 296 333 410 419 360 329 2 57 274 147 258 118 135 243 238 476 355 129 172 35
1 4 16
339 487 269 389 481 154 189 100 239 468 68 420 198 323 433 78
1 5 15
330 100 269 372 157 397 45 60 366 417 141 116 318 377 497
1 6 11
396 58 202 209 447 363 174 185 413 35 248
1 4 17
352 101 83 434 135 161 81 180 264 188 200 9 118 491 66 281 309
1 7 10
329 350 399 323 406 37 67 114 266 263
1 3 20
494 297 44 11 385 344 107 188 186 53 10 9 130 213 486 338 45 394 195 32
1 31 2
183 367
1 21 3
80 405 375
1 3 21
483 54 59 182 459 230 456 220 135 91 496 11 407 378 364 242 403 188 40 105 419
1 3 24
476 5 56 329 164 134 146 459 456 429 206 152 410 432 114 256 101 387 96 13 405 33 203 381
1 7 10
182 308 429 445 446 298 323 190 78 332
1 14 4
41 237 157 154
1 3 22
142 211 371 334 187 241 222 19 480 163 487 400 446 469 235 438 67 475 280 115 424 70
1 3 22
58 222 242 312 267 449 110 213 393 237 464 330 252 56 432 427 301 91 84 21 178 469
1 7 10
206 242 77 399 390 340 437 292 493 23
1 3 22
117 474 132 74 441 76 116 141 476 380 155 212 388 133 327 222 326 335 1 84 434 236
1 3 20
111 312 471 432 57 92 494 332 402 205 382 43 106 7 178 424 239 184 386 26
1 10 7
226 476 76 333 303 390 249
1 5 13
241 133 412 289 91 22 385 427 41 490 76 89 93
1 4 20
55 371 142 319 246 242 400 122 220 444 436 367 311 132 425 205 79 119 90 239
1 13 4
24 366 312 365
1 4 16
49 417 101 377 310 148 495 389 58 4 168 248 336 443 100 256
1 15 5
464 373 372 107 301
1 15 4
68 115 281 15
1 4 17
482 96 88 216 20 359 313 256 246 32 308 103 84 51 321 326 109
1 9 8
193 307 490 318 112 437 191 161
1 11 7
211 371 80 258 111 207 58
1 5 13
158 314 146 115 429 360 333 26 108 296 30 63 413
1 10 7
219 31 145 161 396 10 337
1 5 15
128 411 38 206 315 253 417 34 476 105 448 135 405 159 185
1 6 12
476 28 197 37 389 203 31 289 116 385 320 291
1 3 20
27 113 417 404 139 48 88 363 35 248 298 71 55 249 415 277 466 101 182 329
1 4 17
481 407 122 63 64 296 292 269 307 25 429 116 231 300 72 159 125
1 3 24
481 8 327 391 25 220 75 281 270 319 181 421 280 249 427 361 262 127 56 383 83 26 58 390
1 3 20
17 86 489 126 411 83 287 140 196 89 203 91 224 396 38 375 372 102 368 223
1 3 22
353 215 43 333 171 94 308 304 278 457 369 455 462 445 425 275 183 185 349 252 108 310
1 4 20
116 114 252 8 42 211 181 167 239 17 341 107 18 230 266 294 235 169 62 126
1 33 2
247 138
1 3 24
430 97 305 164 218 123 265 263 172 388 306 81 337 287 91 244 270 394 113 189 205 47 466 480
1 4 18
285 206 384 360 160 61 70 346 104 262 459 23 242 396 325 319 424 19
1 11 6
298 466 43 495 405 396
1 6 10
59 257 437 245 377 330 287 402 491 406
1 16 4
166 273 139 463
1 16 4
375 311 260 246
1 9 8
279 209 405 191 95 82 30 155
1 18 3
325 38 392
1 4 19
198 350 459 456 85 238 36 142 55 240 114 52 70 303 11 493 83 371 51
1 3 19
347 440 7 164 350 53 96 2 180 213 356 26 344 334 462 429 72 278 252
1 4 16
111 332 139 191 7 434 392 294 326 102 372 438 329 404 196 149
1 3 24
242 168 435 347 406 243 346 439 467 105 479 25 383 172 75 446 365 441 321 392 384 53 339 292
1 3 25
29 280 191 93 199 44 415 142 250 485 307 273 30 382 464 336 493 232 141 395 238 125 91 118 394
1 6 12
461 168 130 277 98 58 352 454 433 295 163 276
1 5 14
35 237 319 415 156 476 139 157 219 92 36 464 339 276
1 5 15
71 199 428 391 32 347 2 178 55 335 365 380 368 227 3
1 6 11
138 75 379 403 198 173 272 119 396 431 241
1 7 11
207 98 461 363 215 302 268 298 99 156 279
1 8 8
151 253 130 196 384 396 75 327
1 4 20
417 227 287 447 483 375 34 147 400 42 261 295 118 497 264 290 175 343 70 86
1 3 22
468 487 248 470 424 458 350 177 111 160 242 164 235 220 204 293 251 485 391 347 241 284
1 4 15
47 50 387 195 181 357 362 453 113 353 324 281 58 477 161
1 4 19
359 57 48 487 165 456 60 257 1 93 255 88 220 406 325 6 387 278 78
1 3 21
123 498 291 94 375 283 435 56 39 276 186 130 450 29 417 196 34 382 37 303 422
1 4 16
315 148 284 251 261 471 312 124 285 351 267 101 170 453 318 34
1 3 21
135 245 391 186 161 56 289 181 206 43 174 154 194 145 481 362 24 484 432 107 147
1 23 3
282 371 314
1 6 12
205 313 68 248 161 134 105 138 406 275 465 103
1 4 19
405 311 353 187 169 283 451 259 73 74 189 481 389 479 36 459 229 52 214
1 13 5
28 442 349 387 117
1 7 10
22 118 199 465 4 165 88 156 294 292
1 20 4
66 310 253 432
1 9 8
481 353 311 34 77 340 76 251
1 4 19
57 98 2 265 400 279 134 77 234 119 313 83 461 277 14 268 332 367 270
1 12 6
360 238 160 152 495 97
1 7 11
148 208 363 66 103 31 108 417 252 205 456
1 18 3
326 313 93
1 9 8
104 347 200 111 54 367 307 275
1 3 22
436 172 358 215 36 391 447 168 242 289 306 444 439 63 145 211 383 47 453 357 401 15
1 17 3
8 205 123
1 17 4
103 384 478 312
1 12 3
199 244 50
1 5 14
180 425 71 117 96 307 95 30 439 448 382 144 166 421
1 20 3
435 475 387
1 8 9
409 90 200 429 289 439 172 469 97
1 31 2
78 282
1 6 12
321 91 472 271 102 439 411 476 130 182 313 46
1 3 20
285 442 419 74 54 30 114 262 359 334 223 60 28 162 327 493 13 208 109 187
1 7 11
307 490 347 163 77 119 404 423 194 116 333
1 3 25
220 124 153 28 30 167 215 198 199 144 0 322 4 202 495 64 193 315 334 391 221 42 134 236 406
1 11 4
53 338 32 72
1 15 3
86 261 80
1 3 24
215 102 286 461 9 191 339 152 239 170 301 45 444 353 424 73 177 25 373 391 308 360 233 352
1 3 21
136 405 277 240 278 40 416 348 195 202 5 312 461 321 96 385 325 287 204 8 181
1 3 25
146 183 343 232 384 308 405 177 470 104 298 421 25 2 475 97 484 386 111 245 87 463 378 440 424
1 8 9
151 37 340 322 121 156 328 35 238
1 5 12
318 178 446 135 121 127 131 29 229 452 297 397
1 3 19
39 344 273 5 19 263 152 239 52 406 297 113 80 178 438 480 468 20 467
1 11 5
446 355 112 463 75
1 8 9
432 174 139 230 117 362 305 202 459
1 11 6
267 173 128 205 325 102
1 8 9
211 425 288 365 471 86 498 54 11
1 3 24
280 295 267 414 332 310 24 71 63 320 346 444 107 171 255 164 114 106 488 82 216 351 429 457
1 3 25
49 224 468 154 9 263 378 457 444 466 394 365 65 415 405 77 148 127 206 204 392 453 66 207 290
1 3 22
199 396 400 267 146 409 426 70 11 463 179 141 88 356 338 230 254 261 29 219 27 26
1 3 20
288 427 99 308 297 224 413 394 416 373 146 239 18 20 360 195 355 385 106 392
1 15 4
56 290 201 283
1 3 23
8 375 174 74 115 324 223 367 114 381 373 434 43 387 445 135 306 212 93 368 5 325 96
1 4 17
40 195 45 101 61 219 343 74 44 73 26 431 366 94 438 185 41
1 3 23
239 178 169 352 426 170 421 433 468 28 103 25 438 157 269 422 346 311 57 401 461 437 305
1 6 12
350 264 437 18 185 136 447 449 87 332 366 211
1 6 12
449 424 85 306 341 366 391 52 247 339 315 266
1 3 22
104 134 405 316 439 122 98 257 324 410 219 281 220 393 195 256 177 72 73 63 39 465
1 3 22
456 389 124 275 353 487 70 345 313 454 18 476 445 9 397 85 277 239 256 229 262 366
1 7 10
359 186 442 326 16 479 400 254 140 416
1 12 6
61 193 387 413 50 107
1 10 7
447 89 167 345 87 480 155
1 7 11
310 426 174 101 435 235 330 383 165 454 158
1 5 13
135 421 383 297 282 130 393 466 290 382 341 301 60
1 4 16
376 344 94 65 456 414 196 178 431 370 244 143 377 161 401 388
1 3 25
398 334 245 95 59 52 200 210 15 380 364 85 357 20 102 472 486 378 468 416 350 67 121 178 333
1 14 5
65 142 378 440 294
1 5 12
255 224 327 60 7 260 320 312 478 389 231 446
1 11 4
230 493 28 106
1 14 5
89 97 459 30 412
1 8 8
120 181 284 419 54 191 269 66
1 8 7
332 218 491 143 255 375 195
1 5 12
228 418 172 391 133 168 269 420 237 86 317 395
1 7 10
294 236 182 348 237 134 361 457 104 113
1 11 4
73 160 25 303
1 8 8
203 294 488 375 357 96 479 306
1 6 11
2 149 55 426 23 372 345 456 159 279 285
1 3 24
280 89 4 248 53 184 284 207 269 353 35 193 46 423 257 470 208 221 449 185 54 237 359 417
1 3 25
70 85 80 346 190 311 323 83 333 384 159 122 149 400 210 294 222 405 117 437 318 28 79 145 2
1 4 17
217 113 406 114 343 89 483 292 46 331 389 426 400 419 276 438 2
1 4 16
345 144 361 249 232 452 478 342 44 3 441 52 187 437 444 386
1 3 20
12 283 188 26 41 458 307 471 113 397 65 214 460 199 94 386 154 140 149 3
1 9 6
192 300 46 89 426 170
1 11 6
152 407 319 335 327 17
1 3 21
59 227 405 93 268 229 86 468 2 436 296 274 214 97 395 96 350 182 24 391 28
1 16 4
348 221 395 258
1 4 14
32 269 299 453 246 22 241 330 206 372 357 62 359 456
1 4 19
420 231 466 338 272 341 9 298 379 19 186 288 486 179 240 228 360 400 470
1 6 12
293 211 274 418 365 223 382 370 496 3 481 242
1 5 13
97 374 69 80 470 107 254 243 355 266 413 473 202
1 8 9
432 271 143 361 204 464 345 8 337
1 4 18
109 118 258 314 362 230 17 391 364 470 5 309 319 473 236 261 474 348
1 5 13
117 65 333 304 16 276 329 339 497 147 235 383 386
1 3 23
14 172 328 395 158 448 288 466 289 206 408 432 334 242 370 454 229 343 287 241 62 317 2
1 5 14
6 457 92 243 94 463 68 59 79 483 410 117 432 417
1 6 11
274 475 176 200 77 275 330 43 80 455 98
1 12 6
330 187 428 472 491 143
1 8 9
375 369 21 466 121 77 184 436 14
1 4 19
402 253 436 417 389 287 119 321 295 210 286 233 34 12 76 297 16 254 181
1 3 22
79 295 459 95 143 478 57 190 90 300 166 325 82 72 345 161 20 85 447 59 486 10
1 4 16
313 89 310 261 108 95 31 429 128 149 297 232 389 231 68 286
1 4 16
379 84 396 362 27 308 38 448 318 434 244 223 458 392 137 200
1 5 14
63 238 109 491 77 74 161 423 460 14 458 330 201 110
1 3 25
290 110 84 87 277 52 296 399 319 278 374 162 311 464 212 228 176 327 392 461 146 35 18 482 341
1 3 23
490 89 3 295 299 221 43 466 250 438 182 458 408 410 436 428 90 294 340 264 55 211 10
1 3 20
4 342 228 149 161 66 343 341 1 98 224 67 238 39 223 78 323 287 290 429
1 3 20
412 335 490 76 226 320 287 492 166 430 485 407 381 50 478 25 348 44 99 10
1 5 15
428 226 216 115 449 454 84 267 300 242 455 9 73 405 162
1 10 7
424 109 199 414 105 145 316
1 7 6
210 48 326 166 234 312
1 16 4
264 234 403 119
1 8 9
204 279 179 290 399 110 54 229 253
1 5 13
206 171 104 321 377 471 186 157 93 391 173 35 22
1 4 19
207 426 446 229 118 38 37 4 32 136 210 202 181 167 20 436 14 447 1
1 6 13
377 127 271 417 480 63 98 414 274 160 191 294 189
1 3 24
283 408 304 69 225 122 449 256 266 167 155 364 473 403 476 213 170 194 444 362 48 419 223 175
1 4 15
261 385 398 258 180 498 250 84 31 18 30 473 495 474 16
1 15 4
64 206 43 130
1 4 16
405 329 218 239 248 289 49 384 129 196 274 377 160 270 136 220
1 12 6
317 132 232 383 456 174
1 3 21
264 155 273 408 7 351 129 387 382 222 318 323 242 362 440 226 107 207 265 46 16
1 5 14
310 235 161 335 77 262 481 471 373 449 426 314 318 95
1 3 25
248 243 20 164 237 97 301 400 339 110 36 451 415 351 352 405 401 331 145 17 338 357 188 470 134
1 11 6
460 49 107 305 223 153
1 17 4
416 258 390 487
1 5 13
222 416 295 92 157 478 128 278 193 262 209 322 110
1 8 9
10 222 317 221 68 417 79 481 57
1 3 25
46 419 477 389 220 155 347 81 124 128 67 380 476 206 10 173 242 143 355 132 249 227 240 152 108
1 3 23
378 441 159 372 203 434 175 420 476 365 492 186 97 336 262 482 179 298 427 285 374 29 184
1 3 19
455 42 17 113 328 207 360 255 52 5 171 73 66 368 494 200 12 218 376
1 6 10
188 231 304 435 84 291 46 374 323 395
1 6 6
259 257 135 355 132 32
1 13 4
27 79 5 158
1 9 8
83 268 322 30 376 336 381 236
1 8 8
17 290 395 347 117 305 421 34
1 18 2
336 178
1 3 23
127 433 410 77 471 124 378 338 315 408 23 36 203 140 63 82 80 339 432 428 385 230 115
1 6 12
352 253 247 305 445 167 105 442 146 78 127 256
1 3 24
176 291 189 409 165 254 94 449 406 308 497 425 200 50 381 246 100 410 452 207 242 156 273 129
1 3 21
230 405 67 79 80 419 255 468 408 328 284 228 434 11 173 340 374 399 437 65 107
1 8 9
155 339 365 12 276 62 432 393 289
1 12 4
125 337 350 102
1 3 19
226 198 227 18 176 342 149 497 319 333 463 301 93 111 76 307 117 162 305
1 5 13
391 309 403 103 372 252 33 405 459 234 338 445 54
1 10 5
330 152 192 214 485
1 6 10
357 80 390 356 434 405 208 237 367 143
1 8 9
30 321 258 467 48 14 251 311 275
1 5 13
123 361 175 243 224 55 164 166 321 355 326 474 183
1 3 22
11 106 231 477 205 332 158 22 107 444 272 78 277 454 122 45 240 31 156 181 173 447
1 4 17
188 5 160 4 377 290 125 23 223 59 291 427 228 248 35 296 183
1 8 7
316 158 66 163 5 89 326
1 16 3
384 261 79
1 9 6
92 419 455 181 463 286
1 7 11
485 428 293 147 116 449 416 236 163 77 288
1 5 15
211 241 41 54 147 200 320 257 256 299 321 311 64 366 107
1 4 16
384 454 483 211 451 222 7 61 450 463 293 273 18 337 491 455
1 12 6
10 35 56 283 181 351
1 22 2
302 6
1 10 6
118 465 427 20 92 89
1 16 3
81 6 191
1 3 23
292 238 20 256 13 312 120 78 346 313 219 213 221 147 455 157 204 123 422 413 300 343 6
1 3 24
395 289 312 454 235 360 325 157 69 492 257 36 29 310 222 201 48 204 134 446 458 145 171 12
1 23 3
219 331 279
1 3 24
477 132 144 122 99 261 353 380 70 9 387 169 476 16 489 69 21 407 187 458 408 400 395 63
1 7 10
192 469 161 44 69 174 177 7 311 46
1 13 5
261 94 124 122 171
1 3 23
250 254 406 467 104 315 313 1 102 17 182 380 86 367 29 141 121 234 211 366 149 221 475
1 8 8
329 455 202 466 30 198 156 137
1 7 8
181 491 145 322 154 300 224 480
1 6 12
68 393 231 291 329 264 295 213 205 476 3 464
1 5 15
331 361 289 349 396 484 15 391 162 351 320 1 448 196 245
1 8 9
474 390 389 135 275 83 36 462 488
1 7 9
297 451 170 266 287 398 379 221 468
1 3 19
251 219 247 284 174 96 118 409 3 429 422 302 382 484 69 265 379 15 152
1 3 24
341 207 443 98 215 338 220 281 182 385 50 160 454 493 296 181 398 71 352 36 203 327 172 0
1 6 12
143 333 175 158 461 407 369 98 395 376 481 14
1 5 13
372 339 0 291 469 96 129 414 158 408 167 342 420
1 3 25
19 407 466 385 115 249 498 432 187 49 241 294 66 113 111 455 139 267 425 274 124 277 93 408 242
1 13 4
303 33 68 136
1 17 3
169 53 40
1 3 23
49 362 457 382 477 397 73 132 188 19 38 33 432 495 316 355 415 191 310 265 314 31 459
1 3 25
16 218 129 275 61 82 173 393 366 6 239 142 279 99 81 101 212 159 148 217 122 62 380 374 223
1 21 3
454 34 205
1 6 11
235 473 374 134 58 481 308 425 177 78 309
1 6 12
213 192 167 187 342 141 496 191 205 97 228 348
1 4 14
228 238 423 66 142 366 59 480 250 177 171 385 481 190
1 6 11
89 405 27 279 497 346 24 460 142 186 471
1 21 2
454 170
1 5 14
348 400 427 396 416 277 33 309 199 130 390 330 7 52
1 4 17
222 480 457 218 326 463 63 79 110 355 134 251 88 223 325 346 367
1 3 20
381 432 237 207 40 26 62 346 361 150 179 329 24 112 219 2 162 136 137 89
1 11 6
272 428 158 459 497 212
1 12 6
102 69 311 431 219 39
1 17 3
316 174 185
1 9 3
161 327 415
1 8 9
207 192 178 314 26 399 98 369 35
1 3 23
165 249 248 105 1 102 417 277 262 352 131 368 313 88 363 261 41 52 124 267 237 170 384
1 3 25
230 4 391 276 150 439 265 166 2 438 9 196 125 47 91 38 143 132 64 56 335 430 440 460 426
1 5 12
401 375 225 287 88 8 310 41 58 460 305 362
1 6 11
222 1 112 100 322 13 297 26 284 151 250
1 16 4
187 497 386 402
1 3 25
200 233 322 240 66 340 170 362 115 144 71 299 119 3 325 111 482 442 256 210 367 281 454 29 496
1 8 8
259 460 214 84 401 465 205 111
1 14 4
26 390 473 344
1 3 24
198 303 395 171 390 419 220 466 416 263 201 240 346 425 335 264 291 97 161 471 327 58 137 39
1 3 24
170 318 343 127 122 32 342 479 1 375 449 128 279 44 422 480 411 329 274 230 190 291 256 94
1 4 17
158 116 27 410 330 333 485 269 59 494 231 170 391 237 445 66 258
1 3 20
229 446 218 64 417 194 449 99 128 258 480 373 409 444 121 242 459 356 174 270
1 13 4
235 285 303 374
1 14 4
360 208 196 307
1 6 12
448 297 9 335 413 337 353 171 289 221 253 324
1 15 3
445 189 423
1 4 16
390 71 72 408 497 140 320 456 196 414 370 262 463 186 289 200
1 4 17
390 364 340 260 201 396 129 112 203 168 287 420 477 286 389 369 167
1 9 8
94 250 31 194 92 312 76 498
1 5 16
239 272 215 446 367 233 60 371 212 267 127 296 383 225 124 430
1 5 16
170 119 103 465 37 412 441 378 126 134 168 406 386 369 178 48
1 5 12
127 492 364 210 178 358 328 353 49 349 26 484
1 3 21
456 299 478 357 74 43 188 303 324 84 464 451 35 193 419 412 254 472 336 6 492
1 6 10
385 442 179 115 20 320 401 295 218 67
1 3 24
274 285 7 31 259 245 63 182 85 23 211 282 134 147 393 108 73 167 212 200 315 227 160 231
1 10 7
31 289 141 394 45 195 402
1 4 18
147 142 484 427 4 189 491 168 317 153 256 264 287 113 327 63 361 227
1 11 6
13 177 159 375 450 354
1 8 9
376 492 313 288 135 16 248 315 28
1 9 8
388 275 357 348 109 258 254 172
1 33 2
15 359
1 14 5
99 55 489 469 159
1 6 12
432 189 463 40 259 179 248 307 199 232 134 337
1 8 7
41 154 480 292 426 228 92
1 5 15
318 464 189 312 284 393 214 213 81 60 225 96 167 452 106
1 7 10
80 422 95 374 433 280 47 480 324 182
1 4 15
178 492 46 374 412 26 108 354 224 201 10 399 173 329 475
1 7 10
292 200 222 307 153 318 359 314 301 408
1 3 24
279 431 152 388 30 365 432 28 65 86 274 143 230 241 87 323 226 349 203 361 35 405 67 410
1 3 25
284 218 108 420 32 3 335 474 43 370 407 106 454 50 483 8 456 265 68 321 253 290 298 273 446
1 4 17
300 175 298 129 465 57 152 74 32 401 420 240 251 70 316 452 23
1 4 15
187 320 478 183 352 153 138 197 263 321 348 157 140 429 386
1 5 13
314 280 139 292 135 252 484 28 71 49 295 195 464
1 12 3
212 46 340
1 3 19
310 17 106 35 264 490 34 358 409 107 359 5 90 424 390 363 271 7 462
1 6 12
378 204 477 55 463 307 210 18 468 333 102 456
1 7 9
42 491 106 338 80 216 59 379 476
1 6 12
216 159 129 125 293 144 201 309 308 294 243 42
1 9 8
185 277 100 4 189 409 313 297
1 2 25
454 65 54 190 303 86 419 289 418 305 314 448 106 55 433 304 267 333 250 82 83 344 208 395 310
1 11 7
155 21 462 333 19 132 211
1 3 21
387 324 250 232 103 3 65 313 276 163 220 497 219 327 422 218 215 214 190 208 118
1 7 7
391 272 278 28 456 185 318
1 4 15
73 34 159 314 75 475 152 323 340 346 58 401 79 184 303
1 5 14
149 68 110 462 129 92 389 463 13 428 454 269 100 370
1 4 17
458 359 238 495 166 488 491 43 132 426 142 79 437 109 292 226 282
1 3 18
193 289 398 154 204 153 160 192 459 26 455 9 485 13 297 365 463 282
1 3 22
181 193 386 294 162 373 25 495 365 148 61 185 488 233 177 338 234 316 460 331 325 375
1 3 23
404 205 13 366 454 141 85 76 306 385 181 293 203 33 47 319 43 463 57 214 83 242 340
1 4 18
481 15 478 127 180 348 41 141 235 287 444 58 454 322 468 456 47 215
1 9 8
232 276 109 439 70 77 464 255
1 3 20
312 342 144 347 241 66 183 462 338 52 76 149 302 142 119 181 77 384 433 91
1 6 12
434 456 320 238 268 300 286 184 210 193 433 194
1 9 7
280 106 385 366 270 348 327
1 3 25
335 165 174 392 112 265 385 413 481 15 87 136 144 287 169 248 167 301 318 251 131 268 450 210 442
1 6 10
106 199 403 79 22 309 154 291 330 435
1 8 8
188 122 133 286 220 224 239 483
1 4 17
331 444 136 117 318 9 94 140 13 348 60 392 151 91 465 58 349
1 3 21
438 348 435 414 12 396 235 378 79 297 342 239 201 290 224 115 261 392 450 191 380
1 12 4
240 62 162 147
1 3 23
183 423 229 26 364 31 329 208 77 301 201 59 241 368 89 66 483 193 42 103 52 354 444
1 6 12
193 334 112 281 306 114 439 59 431 398 423 156
1 19 4
298 185 196 124
1 3 24
468 331 315 108 174 230 467 26 325 316 425 367 295 479 248 181 160 217 113 289 224 373 391 461
1 17 2
363 56
1 3 24
239 27 163 383 274 353 124 303 348 408 118 299 234 254 428 122 31 199 125 344 405 10 113 387
1 3 25
240 206 435 428 37 243 144 296 179 80 183 427 444 136 172 84 362 388 499 380 487 408 287 73 256
1 5 14
366 29 257 336 356 223 297 489 422 196 341 369 165 263
1 6 13
331 403 365 425 356 465 401 0 461 412 418 278 376
1 3 20
312 320 193 105 412 43 225 127 7 28 404 42 318 78 147 123 482 26 57 479
1 6 11
114 350 249 492 457 91 305 215 25 106 209
1 3 25
90 246 393 499 320 318 215 105 157 193 398 71 341 415 201 141 465 233 12 330 195 259 242 421 134
1 9 8
458 443 457 172 475 456 416 496
1 4 17
332 222 352 311 399 176 475 39 104 496 165 15 429 240 446 275 248
1 5 15
408 116 167 65 153 217 242 386 425 41 211 400 418 310 36
1 4 16
336 4 253 57 146 333 86 79 264 406 323 151 321 327 415 43
1 3 24
491 301 345 73 235 436 347 405 403 172 21 117 209 270 134 413 324 200 291 146 371 431 82 378
1 5 12
367 483 202 297 491 364 181 497 482 453 309 228
1 5 15
10 462 200 65 6 324 284 482 195 59 269 455 119 372 351
1 12 6
464 3 274 186 193 311
1 6 12
173 193 401 359 46 147 493 269 213 484 400 433
1 9 8
197 366 303 21 298 174 205 481
1 5 14
262 182 367 443 188 352 496 258 164 435 253 30 228 471
1 6 9
381 49 131 235 256 485 227 251 213
1 5 14
288 445 49 107 292 101 11 227 69 442 246 171 386 372
1 5 15
384 218 323 325 374 484 270 279 259 245 232 367 297 425 21
1 6 12
231 125 228 423 351 123 170 135 499 3 375 421
1 4 15
350 111 469 16 448 302 79 198 239 112 351 270 427 66 460
1 4 16
159 361 301 71 404 171 286 284 322 185 302 399 320 237 481 39
1 5 14
74 157 440 299 463 388 94 496 54 96 439 470 419 22
1 3 17
260 178 173 270 337 392 303 471 137 216 249 386 250 65 296 497 190
1 3 23
199 22 464 181 154 463 136 241 42 387 192 165 342 113 57 339 474 257 102 454 398 34 485
1 3 23
35 400 22 229 248 56 199 445 405 243 166 74 339 317 403 410 473 25 0 92 394 404 448
1 6 11
356 378 93 127 251 242 187 380 287 111 311
1 5 14
361 14 93 306 476 146 12 492 454 472 13 55 491 31
1 7 9
90 25 5 364 290 186 165 446 378
1 25 2
397 452
1 4 17
341 487 169 25 488 397 268 442 401 372 333 127 435 143 57 117 4
1 19 4
432 193 31 34
1 3 20
151 351 260 293 175 331 116 161 377 382 423 417 297 353 171 491 50 349 381 183
1 9 8
310 96 498 152 226 387 308 60
1 5 14
223 443 186 385 424 127 283 146 230 298 2 1 348 74
1 5 13
166 302 68 246 413 301 197 380 149 6 10 16 426
1 9 7
235 264 466 54 52 24 98
1 10 7
101 287 307 242 306 286 165
1 12 4
31 54 284 196
1 8 8
149 436 166 377 42 232 390 385
1 14 3
483 290 159
1 7 10
428 385 483 457 343 48 493 9 398 3
1 3 22
270 300 325 83 496 11 439 151 484 414 45 252 32 338 227 18 243 387 418 137 455 396
1 10 7
375 61 114 217 55 233 333
1 6 8
337 360 91 89 329 86 73 358
1 11 6
490 161 24 440 100 47
1 4 16
97 113 336 426 290 277 318 275 389 234 210 132 393 49 156 362
1 3 20
247 68 178 465 386 353 402 91 441 286 307 364 287 97 417 125 468 336 148 281
1 4 17
168 20 245 98 487 265 162 406 494 206 77 399 24 340 154 473 115
1 3 22
209 312 286 228 105 17 97 386 23 455 379 113 416 202 167 295 457 492 332 251 408 281
1 4 19
182 16 48 108 447 84 328 110 353 268 347 211 146 415 173 453 151 223 231
1 5 14
254 375 284 75 214 498 453 220 83 264 112 475 414 318
1 5 13
2 320 399 346 454 157 71 260 281 239 444 145 187
1 3 23
190 372 74 271 167 84 44 272 113 334 215 269 88 370 209 123 235 263 285 213 244 251 412
1 7 10
129 403 253 106 188 148 410 134 202 442
1 6 12
229 362 455 287 351 286 117 70 313 341 465 425
1 4 18
351 402 218 248 74 190 223 361 161 388 141 69 349 371 184 486 142 369
1 3 25
367 44 413 407 30 417 249 369 78 489 92 120 89 6 478 320 3 400 273 133 149 450 60 34 70
1 5 13
99 210 458 93 420 224 200 45 279 138 144 223 154
1 16 2
235 50
1 7 9
456 0 70 162 241 123 360 8 489
1 3 22
147 351 219 194 162 214 83 310 198 484 380 324 228 101 81 71 117 345 402 390 104 358
1 9 8
7 156 312 428 83 191 22 319
1 9 7
149 18 254 135 372 496 420
1 9 8
213 96 417 23 345 239 228 354
1 5 15
211 477 370 182 188 100 410 198 152 146 382 159 486 338 349
1 6 12
467 437 296 43 354 433 4 489 129 470 318 212
1 4 16
124 442 54 195 94 207 127 482 488 79 128 187 106 324 278 213
1 5 14
444 366 495 498 499 65 282 395 44 279 74 445 106 40
1 3 24
373 227 124 51 101 317 130 224 336 425 428 78 323 164 256 95 308 372 290 418 85 416 306 409
1 4 18
183 159 389 414 352 200 64 0 12 452 301 324 368 146 446 284 430 351
1 6 12
313 406 77 335 9 348 171 86 426 35 197 482
1 15 4
206 398 327 177
1 7 10
347 279 282 145 493 51 251 38 21 420
1 3 21
231 398 36 91 379 244 202 20 163 167 463 335 421 34 487 325 143 210 281 277 332
1 3 22
289 335 276 184 470 254 33 170 81 250 469 404 164 338 307 477 455 141 46 362 22 456
1 6 5
230 173 303 357 289
1 4 17
393 432 373 281 477 471 12 4 291 348 427 225 146 426 328 247 147
1 11 7
59 388 298 435 144 103 207
1 29 2
124 32
1 3 25
75 416 459 110 29 143 3 188 170 481 405 352 74 461 218 399 87 136 433 118 453 77 196 349 151
1 3 25
224 382 155 77 78 271 14 124 231 424 132 330 42 180 125 25 344 53 419 217 376 497 283 371 374
1 5 13
35 15 22 454 84 129 438 149 191 425 247 412 18
1 4 17
439 0 335 94 149 151 338 125 7 34 190 249 69 441 162 496 286
1 4 15
208 299 50 12 218 88 176 201 47 453 451 185 38 81 207
1 4 18
90 498 495 103 433 343 6 286 331 460 50 290 395 372 194 168 351 108
1 10 7
342 268 82 391 237 114 167
1 14 5
353 426 50 298 362
1 37 2
90 55
1 4 19
382 52 496 311 363 225 482 388 181 1 474 74 347 324 212 488 285 427 403
1 3 22
180 365 436 317 425 326 142 9 114 417 434 321 439 89 24 111 160 176 165 490 464 137
1 3 23
252 417 285 293 50 277 32 483 17 256 432 255 173 396 301 409 363 27 54 140 266 122 318
1 12 6
338 233 127 110 194 174
1 7 11
53 490 307 399 1 95 318 209 368 453 5
1 3 23
387 76 364 178 315 383 311 176 453 340 218 261 283 127 141 386 271 432 422 368 452 146 324
1 3 20
306 282 281 399 286 54 205 289 293 295 181 362 117 68 36 44 15 461 308 445
1 3 24
464 406 497 182 410 449 453 4 172 482 34 421 196 444 12 57 62 379 344 179 378 323 221 478
1 5 14
189 59 338 221 363 73 494 257 94 400 54 3 98 477
1 6 12
1 111 328 133 445 271 108 460 38 321 19 164
1 3 25
82 282 340 441 88 319 398 160 329 90 194 260 397 302 165 490 258 130 486 459 471 126 267 98 247
1 4 18
410 164 120 457 107 51 73 458 53 47 381 86 388 99 1 101 18 102
1 9 8
352 286 428 78 240 238 181 326
1 10 7
76 344 25 335 419 294 166
1 6 12
349 119 199 348 203 99 206 307 313 493 267 413
1 4 19
212 483 441 462 280 125 54 34 281 461 44 208 268 425 51 206 352 468 64
1 7 10
292 186 355 77 30 445 475 114 7 307
1 6 12
485 331 265 488 456 280 125 412 439 428 210 437
1 3 21
289 26 295 262 121 404 8 22 43 138 64 398 126 402 109 260 119 415 99 213 48
1 2 24
132 424 197 480 496 229 419 468 357 297 85 246 26 93 69 401 481 260 329 206 100 29 372 5
1 6 12
363 275 485 310 317 454 9 276 320 316 120 389
1 4 17
412 258 266 78 194 283 121 397 293 160 314 43 492 337 256 277 59
1 3 24
77 75 86 495 258 3 463 325 194 87 140 80 440 53 293 156 332 70 221 354 479 100 4 424
1 14 5
142 430 394 86 425
1 3 23
160 457 498 13 289 56 21 169 8 133 493 9 266 487 252 404 482 18 310 60 441 242 284
1 3 24
486 70 179 150 389 479 432 263 42 145 285 447 218 251 330 367 242 368 466 390 423 401 212 171
1 9 8
19 414 227 455 155 147 483 107
1 10 7
205 409 151 331 59 376 268
1 3 25
130 221 455 112 299 296 143 40 154 206 451 428 395 439 490 205 272 96 306 294 166 354 488 236 88
1 14 4
163 186 465 171
1 8 7
73 132 473 216 172 59 348
1 3 21
300 44 457 473 79 47 214 378 207 477 250 192 191 288 284 441 275 210 453 130 6
1 14 5
57 380 386 333 120
1 3 23
261 95 463 452 181 283 193 430 338 29 65 489 442 377 230 87 325 295 23 380 158 27 53
1 4 17
230 235 430 338 26 398 416 492 467 89 432 95 296 148 245 268 474
1 3 21
479 361 39 198 451 248 442 298 278 114 73 8 6 172 94 294 100 147 224 393 452
1 3 22
457 154 450 406 276 360 99 79 290 374 339 97 421 146 288 159 321 446 310 333 346 27
1 5 15
370 232 300 24 1 318 40 386 0 41 61 415 231 5 298
1 6 12
422 457 155 64 492 470 427 403 293 317 213 168
1 3 22
364 367 318 313 240 209 110 411 198 248 206 368 496 216 215 442 399 455 237 300 325 236
1 6 12
173 153 94 421 29 293 14 210 473 88 312 453
1 3 21
306 215 87 468 164 439 482 490 254 80 478 13 169 73 236 53 472 301 57 377 466
1 9 8
55 5 455 170 118 327 342 200
1 4 16
68 234 309 408 194 435 292 423 134 455 139 483 201 289 275 439
1 4 18
293 374 123 166 489 403 399 172 32 312 165 379 234 333 21 102 278 25
1 6 11
280 225 367 182 358 107 361 59 261 272 125
1 30 2
348 8
1 3 23
427 345 139 46 113 301 263 262 19 110 64 176 494 373 356 309 478 454 171 319 145 34 416
1 7 10
241 476 147 90 201 404 470 66 428 50
1 22 2
474 216
1 8 9
197 143 303 85 372 159 10 139 252
1 6 11
347 288 174 6 285 273 42 237 471 139 136
1 4 16
295 479 227 349 439 304 91 352 23 164 429 276 302 469 496 176
1 3 25
2 4 252 335 255 178 273 475 40 249 115 326 93 92 270 54 102 148 250 257 481 329 347 351 62
1 3 24
105 11 296 448 381 38 186 368 56 3 285 183 223 392 201 180 191 24 247 446 118 352 173 141
1 16 4
206 111 216 246
1 3 22
94 173 432 98 138 247 351 76 318 443 397 41 360 299 208 434 367 336 110 223 58 274
1 3 23
173 42 80 451 117 50 57 249 234 66 306 292 266 499 58 276 96 442 391 300 99 315 456
1 4 17
114 227 418 360 399 285 138 405 247 120 457 297 73 237 288 435 251
1 17 4
474 129 285 84
1 6 12
312 60 231 100 28 359 103 133 140 440 148 256
1 4 17
209 318 343 292 156 356 117 449 414 231 86 92 313 206 383 22 425
1 23 3
139 309 340
1 3 23
444 1 456 388 224 372 63 353 174 170 156 387 478 370 176 53 432 399 103 148 159 257 151
1 14 2
196 5
1 8 9
105 425 137 146 393 54 293 430 331
1 3 22
41 460 2 345 33 418 486 350 414 383 464 364 267 462 403 108 12 389 223 491 86 400
1 14 4
491 144 393 48
1 3 20
464 230 496 244 66 93 431 144 188 26 294 333 474 368 142 71 187 44 314 467
1 3 21
155 126 185 150 217 339 296 455 78 318 271 199 68 44 220 358 439 201 136 299 356
1 3 23
119 429 55 9 40 46 445 428 334 235 382 449 390 10 476 73 291 295 375 284 446 352 56
1 18 4
383 179 65 433
1 5 12
314 239 248 394 332 218 12 431 380 231 341 188
1 8 9
75 364 487 45 0 259 193 268 14
1 32 2
335 412
1 8 9
114 50 129 162 359 396 462 401 297
1 3 22
18 231 124 498 145 389 269 199 385 416 98 148 407 121 201 239 205 426 109 291 380 427
1 34 2
200 144
1 4 19
14 219 425 326 419 337 38 123 409 377 296 60 264 135 465 431 77 361 309
1 6 11
332 260 456 360 97 320 324 279 418 340 134
1 7 10
414 117 168 360 10 28 177 478 119 192
1 5 14
308 31 127 29 482 92 399 98 255 205 81 328 112 299
1 19 4
236 465 262 315
1 11 6
440 386 443 431 394 68
1 26 2
191 109
1 7 10
453 133 78 319 36 443 142 6 410 198
1 16 4
274 118 285 25
1 3 22
353 109 416 325 117 85 280 265 283 401 79 362 156 102 33 203 134 417 54 447 345 399
1 8 8
9 255 226 492 198 156 230 57
1 6 12
218 210 97 185 120 388 395 23 378 117 252 377
1 3 23
260 494 186 185 4 239 131 47 139 275 264 45 342 332 178 339 115 364 331 173 26 227 386
1 19 3
218 391 239
1 4 16
249 328 423 402 205 39 441 405 49 326 263 83 296 404 421 407
1 4 11
191 105 393 232 241 362 88 83 453 159 46
1 15 5
362 253 495 35 288
1 14 4
227 334 283 209
1 5 15
416 450 327 391 346 352 198 412 118 106 104 105 428 477 319
1 14 4
441 465 196 131
1 12 5
305 27 69 84 270
1 20 3
281 375 352
1 5 13
418 431 21 131 112 186 203 481 277 407 101 478 437
1 10 7
395 203 417 233 394 10 9
1 4 18
2 90 182 448 9 363 176 54 87 202 221 180 40 454 219 123 71 328
1 3 19
16 59 224 237 337 90 117 229 181 386 478 493 362 318 4 244 40 303 228
1 5 15
0 383 464 191 85 118 109 481 107 103 185 54 413 460 175
1 3 20
370 462 401 269 115 453 167 383 183 239 472 490 200 254 321 298 237 62 317 218
1 12 5
53 15 483 27 426
1 9 8
485 438 495 136 325 36 241 499
1 4 16
124 438 94 211 309 398 321 389 323 396 434 465 255 461 269 88
1 3 24
316 393 12 168 290 109 409 301 326 269 100 97 356 208 159 450 328 303 254 274 206 401 420 470
1 3 23
335 108 104 69 247 287 113 177 101 176 455 240 313 340 495 361 397 494 139 30 204 165 244
1 9 8
85 1 127 420 138 330 2 7
1 3 23
466 277 149 388 49 160 296 318 191 178 268 196 320 371 429 38 227 129 372 464 54 405 316
1 4 16
21 145 423 46 130 497 281 351 95 243 280 175 350 471 337 164
1 3 23
271 222 31 101 404 249 194 377 36 389 9 406 455 287 307 388 281 349 137 253 76 423 422
1 3 23
98 333 217 383 311 231 303 37 43 344 371 445 268 264 61 250 171 85 400 302 241 179 315
1 5 13
357 33 316 455 379 127 282 407 406 201 387 275 371
1 5 14
84 415 128 315 113 498 89 490 83 81 8 102 288 145
1 13 5
224 139 230 208 56
1 14 4
326 314 178 385
1 10 7
286 485 351 240 110 229 427
1 3 20
495 327 30 197 467 427 452 397 433 310 16 462 236 192 132 305 225 212 426 312
1 3 23
69 236 335 243 422 250 140 268 460 182 104 401 375 189 234 367 389 4 495 287 31 430 274
1 15 4
162 489 149 79
1 16 3
435 108 269
1 15 3
104 93 92
1 4 18
90 38 184 464 481 399 189 44 252 423 314 233 16 425 122 156 86 58
1 21 3
281 442 283
1 8 9
70 236 235 445 403 458 435 428 79
1 3 22
108 87 248 339 482 141 416 479 357 72 151 435 328 376 185 100 271 224 36 211 96 472
1 8 8
77 148 230 302 382 39 181 135
1 8 9
346 138 313 17 159 52 212 136 123
1 3 21
273 208 304 334 443 306 119 31 30 470 266 151 97 416 485 277 471 465 56 301 21
1 4 17
444 122 200 435 214 290 32 426 441 360 364 61 337 35 272 260 240
1 3 23
428 2 124 410 408 431 100 14 166 345 331 210 225 494 92 242 350 319 375 278 471 423 383
1 12 6
98 459 464 96 33 193
1 4 19
220 117 55 340 78 445 283 23 334 128 37 177 431 98 276 349 414 129 343
1 7 8
361 80 290 117 16 165 34 471
1 7 8
86 248 307 261 116 463 495 168
1 7 10
478 26 193 411 5 384 154 237 65 462
1 6 12
270 129 345 200 257 233 385 23 68 32 369 486
1 6 12
132 203 311 157 32 135 121 385 363 28 149 168
1 24 3
428 59 313
1 6 12
95 192 4 343 218 408 14 450 223 363 458 367
1 6 10
147 497 297 397 257 429 34 143 467 468
1 5 15
138 487 396 423 66 153 119 196 65 213 407 72 159 97 164
1 4 16
232 330 74 349 238 346 368 276 492 131 337 469 333 364 446 243
1 6 12
12 432 434 15 87 53 65 104 113 98 241 343
1 3 21
83 302 422 64 59 117 278 67 336 209 218 239 129 401 240 102 6 448 3 54 376
1 11 4
380 338 468 60
1 4 19
352 117 498 483 153 12 129 446 401 56 189 298 22 230 25 343 29 105 181
1 12 5
178 205 313 14 172
1 19 3
276 89 131
1 3 22
210 104 135 418 466 259 381 346 103 217 314 355 352 267 290 434 228 226 2 147 203 254
1 2 25
179 278 240 485 90 184 352 126 154 321 313 125 442 388 234 2 493 162 308 127 391 415 418 433 470
1 3 23
428 429 239 88 141 359 82 149 198 365 127 8 278 167 195 280 244 360 189 276 218 477 91
1 9 7
44 171 229 134 321 334 207
1 4 15
246 186 479 224 156 94 290 435 145 445 468 122 280 207 262
1 7 10
379 295 37 296 337 105 71 115 448 445
1 21 2
46 222
1 8 9
203 457 205 267 320 120 53 256 132
1 3 20
4 425 68 15 34 428 122 72 20 114 213 228 309 370 163 250 63 422 343 226
1 8 10
348 164 141 299 415 241 95 441 497 315
1 6 11
360 496 477 208 205 97 467 271 123 472 499
1 3 20
57 44 460 148 243 222 70 451 53 164 7 97 294 437 9 76 412 224 58 391
1 6 10
382 494 23 198 8 308 466 270 446 240
1 3 22
254 104 434 183 190 248 219 427 204 358 321 162 257 299 357 281 266 166 137 86 97 14
1 5 11
49 318 217 150 14 274 299 116 52 314 307
1 3 23
209 271 485 490 53 283 78 37 419 473 190 46 163 112 340 334 470 156 288 447 261 158 460
1 3 24
344 129 39 262 399 164 496 296 303 450 357 167 301 66 473 22 251 280 376 314 467 191 37 207
1 6 10
443 322 86 64 347 325 97 93 356 226
1 15 5
26 359 61 202 247
1 22 2
127 92
1 3 21
51 137 342 436 355 161 337 432 304 3 489 447 95 461 237 186 490 195 140 149 283
1 5 15
240 13 2 182 347 391 366 1 6 95 483 38 423 163 418
1 17 4
486 477 450 282
1 3 23
85 466 360 281 476 142 269 17 334 400 208 492 8 424 102 453 198 156 440 76 335 455 144
1 3 20
269 380 450 85 285 80 40 431 302 420 239 217 121 198 27 182 69 144 42 19
1 21 3
323 149 167
1 13 6
97 447 277 50 356 315
1 3 22
309 254 315 123 108 488 34 14 361 357 127 469 473 393 314 203 287 172 426 392 385 380
1 3 19
478 451 355 453 53 311 70 445 117 22 45 446 35 142 173 368 363 68 87
1 15 4
431 159 335 291
1 13 5
365 184 461 334 499
1 4 14
235 249 22 116 347 28 214 374 160 466 43 303 210 271
1 3 25
273 178 7 30 445 59 390 430 79 221 382 385 68 461 119 87 441 242 397 263 292 466 250 6 309
1 5 14
409 178 431 344 51 54 158 136 151 318 200 489 61 273
1 7 10
328 238 262 456 106 303 392 226 294 45
1 7 10
371 451 6 478 160 475 298 421 341 127
1 12 5
332 324 309 278 32
1 2 25
440 332 419 154 375 253 179 277 369 374 61 455 266 256 415 152 118 470 321 245 167 491 418 182 376
1 12 4
251 82 310 321
1 4 19
193 432 7 245 24 57 99 68 498 417 465 133 165 431 389 66 194 339 52
1 5 14
113 418 480 495 168 89 312 468 50 302 370 315 299 473
1 5 10
194 283 195 280 48 207 104 148 443 326
1 4 17
65 104 400 161 226 116 100 371 111 374 357 77 94 145 278 138 254
1 3 21
141 41 127 9 488 12 280 385 183 80 221 325 22 392 82 337 78 353 456 363 377
1 12 6
95 20 204 310 200 328
1 3 25
156 438 366 426 264 239 26 367 344 245 410 464 343 444 19 67 210 230 88 361 64 455 331 141 218
1 5 13
196 148 354 206 227 186 451 498 360 388 234 198 468
1 4 17
432 90 441 425 428 472 177 170 478 317 8 395 162 161 498 107 374
1 23 3
495 298 484
1 10 7
259 392 393 17 412 227 344
1 5 14
411 269 480 445 274 156 132 111 431 188 211 400 264 253
1 3 21
359 124 284 266 122 297 63 188 72 259 54 187 417 459 130 13 162 115 164 332 481
1 8 9
371 88 63 359 456 409 230 479 199
1 7 9
456 47 484 5 443 16 118 23 425
1 14 5
107 356 295 156 35
1 9 8
301 357 95 28 489 136 129 229
1 7 11
447 223 291 13 377 449 361 182 373 345 304
1 4 19
64 5 370 190 40 312 419 182 73 153 462 363 279 266 77 128 355 138 277
1 19 4
95 216 442 155
1 8 8
317 100 422 420 485 143 35 182
1 7 11
381 24 439 80 210 343 52 16 361 341 486
1 3 25
313 471 264 363 139 447 329 405 211 70 352 176 133 178 399 367 182 162 474 414 219 243 394 300 7
1 14 5
367 192 339 399 275
1 10 7
482 57 70 418 444 424 100
1 3 22
464 76 42 468 341 32 262 463 378 184 211 250 303 151 147 411 494 73 125 431 56 272
1 3 23
377 355 4 146 41 332 388 38 74 77 120 124 164 269 219 312 468 159 427 458 106 19 157
1 7 10
362 495 226 229 250 256 278 494 48 483
1 6 13
478 92 414 446 417 26 407 25 9 10 400 480 483
1 5 13
65 80 440 441 68 323 459 414 163 35 240 322 235
1 13 4
29 424 204 185
1 5 15
486 389 187 34 177 365 416 205 391 246 259 421 50 272 98
1 4 18
400 483 142 426 172 435 84 359 440 387 237 436 497 107 264 83 9 167
1 12 5
326 10 445 369 214
1 3 24
437 262 317 489 175 34 483 95 202 98 231 128 254 13 106 170 143 498 30 112 472 477 478 418
1 4 18
0 461 464 76 321 149 367 369 83 340 41 139 249 28 32 282 339 154
1 17 3
462 62 133
1 6 10
315 302 123 489 269 41 177 142 248 435
1 3 18
92 413 110 433 182 403 408 172 429 60 366 378 405 83 415 394 267 250
1 17 4
267 183 458 383
1 4 18
230 232 424 4 84 450 253 223 211 204 347 390 482 486 34 66 274 26
1 13 5
123 444 490 327 93
1 6 10
376 343 456 369 273 385 490 7 286 282
1 15 2
135 299
1 5 15
6 498 404 205 372 360 454 412 477 109 290 212 296 453 97
1 3 22
154 357 470 419 140 331 35 37 218 22 285 186 177 446 150 93 384 495 165 383 290 211
1 3 25
425 96 299 189 326 93 220 266 368 278 255 102 35 183 99 345 124 135 7 317 97 469 362 244 112
1 5 13
108 470 385 174 250 209 168 225 478 0 194 190 78
1 3 22
73 332 71 267 39 411 402 47 19 26 111 130 324 145 139 92 193 348 110 293 275 325
1 4 17
333 164 284 45 57 176 410 209 449 487 35 381 455 368 441 110 17
1 12 5
267 375 443 348 199
1 34 2
58 141
1 3 25
313 242 335 355 124 345 33 302 317 352 241 153 85 111 411 455 206 238 155 110 151 489 161 318 333
1 3 24
252 175 243 370 112 127 231 180 353 488 95 41 327 323 40 195 449 335 207 26 402 9 230 296
1 3 21
191 180 456 309 133 127 393 467 251 63 61 441 241 239 399 105 302 497 108 353 69
1 3 21
197 80 410 83 228 114 33 75 278 468 235 95 381 258 332 380 414 18 401 99 131
1 11 6
288 152 251 470 238 282
1 11 7
129 306 253 215 155 36 242
1 8 9
70 377 123 280 183 386 47 221 323
1 11 6
197 199 272 120 259 144
1 10 6
257 366 309 477 44 113
1 7 7
72 384 19 216 407 324 150
1 3 21
474 181 104 19 77 64 329 37 440 336 59 327 182 123 408 344 211 455 246 300 216
1 4 17
84 46 413 306 47 238 431 438 143 323 17 458 101 263 484 94 443
1 3 18
247 261 189 454 194 372 0 184 157 198 448 278 277 350 398 460 408 469
1 3 19
195 65 439 89 270 463 305 492 106 44 197 233 129 246 76 256 409 484 244
1 7 10
81 116 119 389 416 346 171 304 364 458
1 3 23
30 288 266 141 409 143 127 259 147 473 340 218 174 412 256 281 132 284 418 483 438 304 196
1 8 7
446 334 235 169 318 370 452
1 4 17
81 428 313 409 45 66 23 311 391 236 33 202 115 6 309 67 123
1 3 21
167 439 91 227 282 482 288 496 130 381 243 56 464 148 499 451 72 306 17 333 102
1 3 21
221 116 125 393 16 449 187 212 217 281 139 1 346 43 326 379 12 168 371 325 89
1 4 16
43 455 212 372 407 319 416 232 490 79 395 327 481 351 268 465
1 8 10
44 18 208 156 260 240 164 103 34 1
1 8 7
81 493 358 284 480 492 180
1 5 13
372 376 417 252 63 324 357 158 313 156 463 292 143
1 6 12
141 401 318 7 409 295 63 22 424 350 205 12
1 4 18
219 15 443 65 189 168 54 265 207 221 335 226 119 124 396 170 363 487
1 3 20
307 249 285 415 19 391 61 54 32 388 189 118 474 125 284 269 58 212 200 173
1 6 12
196 137 85 376 332 90 118 317 66 231 41 111
1 6 13
343 84 180 206 124 92 447 412 389 346 368 442 476
1 15 5
241 63 189 373 432
1 6 12
210 248 383 332 107 241 295 177 34 374 314 493
1 9 8
427 499 373 392 374 97 74 230
1 5 15
251 73 189 366 227 426 187 372 417 1 166 119 388 38 496
1 3 21
469 34 444 287 346 200 193 355 494 153 331 420 475 186 308 380 149 369 71 417 338
1 4 15
244 18 365 180 354 416 335 306 481 377 491 77 290 221 449
1 3 22
448 478 321 190 410 63 232 46 405 118 109 495 459 38 261 271 154 41 411 406 278 218
1 11 6
326 421 276 175 306 359
1 19 4
215 373 182 315
1 6 13
320 172 456 213 291 352 308 447 17 342 200 122 120
1 5 13
146 97 288 125 460 365 315 73 11 201 405 491 96
1 4 17
197 385 177 32 406 31 486 252 165 111 43 471 171 140 398 479 58
1 3 23
420 4 107 380 419 418 383 280 362 484 69 340 51 112 78 303 355 210 337 247 202 109 2
1 5 13
138 143 173 246 240 297 87 225 170 420 8 197 339
1 4 18
250 27 467 186 117 193 444 181 452 6 169 32 84 438 439 33 83 209
1 4 17
277 230 378 401 117 494 307 114 248 201 360 235 28 464 356 61 261
1 4 18
111 306 91 477 249 222 90 178 130 250 263 385 389 231 432 184 435 455
1 3 22
376 206 87 1 346 340 396 125 279 302 336 408 303 352 84 442 363 311 166 490 16 95
1 4 16
409 200 431 356 14 4 483 111 206 451 251 112 37 156 92 157
1 4 18
25 184 64 306 457 301 210 180 383 21 263 73 57 347 32 9 336 253
1 7 10
249 422 388 342 80 178 420 381 377 146
1 3 20
96 148 473 33 339 314 64 261 116 24 482 434 278 441 275 283 369 323 484 428
1 4 16
261 23 176 435 228 337 213 388 465 371 369 79 71 367 63 214
1 5 14
45 437 228 318 165 294 299 464 134 62 285 10 244 72
1 10 7
186 140 382 371 412 327 79
1 12 5
217 397 219 450 385
1 15 4
449 335 56 192
1 16 4
215 35 332 45
1 7 9
231 33 140 121 234 363 227 411 144
1 7 10
252 403 297 383 273 344 11 431 492 154
1 3 24
73 90 29 200 317 196 415 147 408 349 0 244 11 221 104 149 81 142 494 495 472 345 56 139
1 3 23
223 322 379 286 383 192 448 403 334 6 352 305 48 115 490 255 365 432 184 377 121 257 19
1 10 7
142 486 122 365 424 45 174
1 6 10
178 159 23 381 162 394 323 374 252 25
1 4 18
368 298 448 25 124 451 359 440 425 407 485 377 392 315 189 194 472 92
1 4 18
62 251 301 195 400 50 479 184 138 85 333 21 443 292 294 236 452 28
1 12 6
278 491 109 486 184 322
1 21 2
48 89
1 3 24
313 326 308 203 4 149 300 263 402 138 441 310 250 101 447 456 118 117 195 467 487 429 356 405
1 3 21
156 9 285 63 493 89 72 60 454 284 370 45 317 102 166 177 326 226 121 417 257
1 4 19
473 193 209 366 168 83 354 245 171 447 144 375 260 53 202 312 306 326 342
1 10 6
290 39 8 147 180 87
1 4 14
204 87 50 341 157 492 153 433 379 44 142 396 420 334
1 3 21
151 57 439 224 142 118 190 278 495 397 161 282 402 54 19 303 129 405 102 249 52
1 4 19
61 406 95 380 140 187 92 361 332 137 381 70 296 99 425 365 161 49 212
1 17 3
62 60 201
1 3 21
354 29 316 78 247 60 307 446 398 389 394 56 304 88 269 121 276 226 467 412 94
1 3 23
101 303 168 412 406 494 483 489 238 275 472 458 193 39 414 250 30 349 310 138 186 338 170
1 36 2
35 17
1 4 17
97 233 50 457 374 441 408 344 472 150 238 211 471 179 72 391 28
1 5 14
473 409 252 72 58 185 104 20 210 272 282 186 30 200
1 3 24
370 77 408 160 453 467 10 228 90 359 117 297 177 411 329 373 190 429 485 224 146 204 6 199
1 4 16
221 72 422 431 174 277 282 491 135 426 62 294 310 30 329 481
1 3 20
19 489 140 25 451 239 477 33 23 157 215 173 63 47 423 58 146 245 27 57
1 7 7
62 23 96 152 472 12 478
1 6 12
40 384 351 84 494 109 342 311 79 430 407 1
1 5 14
173 406 353 84 227 496 90 113 441 230 237 16 386 323
1 9 7
78 115 67 317 271 424 130
1 6 11
483 455 38 0 232 356 347 223 405 139 215
1 8 10
56 208 195 431 413 409 432 132 211 358
1 5 13
111 266 471 74 118 170 406 248 66 43 290 393 209
1 5 15
481 177 112 289 150 372 179 356 137 428 295 495 389 386 304
1 17 4
253 485 28 265
1 5 15
124 467 23 116 263 166 134 179 167 154 276 451 71 226 55
1 8 10
1 185 22 36 387 95 354 115 11 99
1 3 20
335 87 90 319 63 108 208 422 383 9 85 467 286 391 314 251 414 213 377 407
1 3 22
366 443 122 318 328 351 359 252 156 416 482 147 453 279 466 361 480 181 137 168 183 243
1 6 5
100 112 172 245 260
1 5 13
336 148 131 316 428 374 271 462 5 220 328 79 70
1 3 21
446 46 23 167 19 10 59 294 251 290 421 57 302 458 453 229 382 1 287 410 345
1 3 20
436 469 271 45 280 96 457 60 84 169 2 215 43 288 318 247 133 173 212 17
1 10 6
441 16 382 401 424 185
1 3 22
46 193 382 126 349 347 86 445 498 409 160 334 234 107 168 463 288 238 405 47 57 274
1 7 11
38 36 252 442 87 431 153 225 419 143 251
1 11 7
9 42 124 386 326 461 333
1 3 19
279 60 206 49 92 324 316 12 3 352 147 292 201 379 346 288 350 24 22
1 3 23
457 341 429 413 213 266 480 414 333 204 316 201 95 490 269 46 346 71 49 40 339 434 423
1 3 24
435 268 385 332 157 204 163 271 250 325 16 346 464 168 14 155 247 269 395 285 433 10 185 9
1 4 19
421 372 229 354 23 22 244 255 45 393 194 14 431 258 309 55 457 402 136
1 11 6
252 463 51 314 481 341
1 7 10
95 178 194 463 67 291 11 43 379 429
1 14 3
52 94 240
1 9 6
240 343 171 68 48 316
1 9 8
124 2 291 25 6 246 44 412
1 6 10
87 248 132 322 152 265 377 483 166 348
1 3 21
44 262 248 240 389 455 352 161 166 142 94 205 309 61 191 312 480 22 47 392 367
1 4 15
318 471 329 269 127 338 117 437 303 186 240 375 61 6 31
1 9 7
92 67 20 100 382 35 198
1 4 16
363 31 162 320 13 92 158 461 382 434 392 28 98 72 113 286
1 3 20
83 383 84 277 30 455 137 198 142 102 155 188 204 276 340 251 418 179 486 378
1 5 14
469 237 372 195 58 91 4 387 349 310 244 315 38 488
1 5 13
22 162 410 469 306 360 52 247 371 367 408 382 71
1 3 23
214 131 139 103 382 192 117 161 296 264 396 335 9 16 327 457 140 208 186 383 498 266 294
1 21 3
237 101 266
1 6 11
354 155 116 92 360 157 83 2 412 266 289
1 9 8
234 128 56 254 361 177 311 326
1 3 22
106 388 402 416 211 411 372 29 449 222 234 292 459 127 464 434 163 255 2 252 149 242
1 32 2
264 461
1 3 25
446 302 232 474 451 151 211 60 476 79 36 383 256 282 384 408 343 311 314 300 86 362 496 463 271
1 3 24
84 40 51 3 252 156 50 465 215 394 202 435 284 421 9 254 440 349 185 20 6 406 313 235
1 3 23
271 83 477 46 139 156 406 333 428 116 96 149 298 205 324 377 480 260 141 492 81 150 338
1 9 8
133 293 228 368 244 381 63 422
1 7 10
164 110 483 308 398 496 444 330 36 422
1 6 12
283 462 101 229 208 228 479 103 14 18 407 139
1 6 11
169 189 271 493 197 498 61 83 233 449 71
1 4 17
26 379 287 120 202 183 63 392 265 177 442 78 315 244 448 209 323
1 19 4
428 403 128 341
1 3 21
37 217 431 342 416 340 468 244 63 156 250 444 12 153 159 460 204 478 77 287 111
1 9 6
104 459 73 113 394 48
1 4 14
183 288 139 73 358 468 47 408 471 444 436 403 488 338
1 5 14
432 340 361 445 36 235 273 459 386 51 239 190 189 416
1 6 11
319 271 275 25 148 311 217 188 187 53 44
1 3 25
422 329 147 256 170 463 327 5 291 60 378 417 249 246 171 276 364 228 265 362 416 403 356 261 247
1 10 7
392 480 176 106 320 295 167
1 5 13
290 404 8 186 190 227 194 346 2 221 462 106 179
1 3 21
369 432 76 404 66 131 420 40 279 313 398 174 143 274 439 481 437 10 371 383 473
1 5 12
187 72 239 260 277 289 182 479 347 186 492 122
1 3 19
117 145 200 49 377 384 173 380 138 454 177 13 241 4 339 78 468 104 29
1 3 23
359 235 344 277 391 449 129 248 10 492 80 130 338 207 224 306 44 265 121 231 201 491 49
1 3 21
498 64 203 60 172 41 51 230 210 232 163 205 490 127 129 300 115 351 3 82 13
1 5 14
357 249 71 370 469 141 462 206 281 395 475 467 165 64
1 5 12
352 411 477 335 79 174 322 106 82 184 458 413
1 4 18
206 344 237 471 231 391 79 389 321 361 177 77 266 23 431 172 140 132
1 13 5
469 399 116 484 207
1 27 2
297 175
1 11 5
326 49 202 190 342
1 5 15
25 245 223 167 293 18 238 39 366 320 100 179 138 164 265
1 14 4
244 231 175 398
1 20 2
196 138
1 3 23
129 211 125 137 33 291 389 492 55 354 333 493 52 341 407 383 429 202 287 88 115 472 325
1 3 23
219 181 435 455 307 33 183 382 402 143 175 411 413 379 277 395 248 119 366 381 294 433 351
1 6 12
156 243 237 217 247 290 238 63 55 212 419 23
1 2 24
291 165 482 218 135 15 490 436 232 56 244 42 48 229 58 473 483 227 45 434 278 279 451 102
1 6 12
186 115 8 208 331 454 153 457 217 193 333 39
1 12 6
487 412 19 190 261 388
1 13 5
256 101 138 392 45
1 3 20
179 266 258 85 86 157 200 131 277 435 428 392 262 256 359 315 58 362 337 144
1 3 21
170 247 115 295 400 402 304 178 344 238 207 265 100 120 94 32 303 366 424 127 386
1 4 20
87 353 52 211 428 399 61 418 340 405 336 376 117 161 57 479 4 5 253 424
1 11 6
161 362 459 357 439 277
1 3 19
198 259 154 30 439 114 73 442 257 430 494 331 378 449 130 203 399 262 415
1 9 7
67 327 212 342 477 158 235
1 3 25
258 19 190 121 72 42 457 497 394 156 231 224 114 16 136 431 376 356 365 137 280 180 475 437 406
1 4 18
392 271 395 200 6 353 212 293 61 490 270 272 226 302 266 329 181 166
1 22 3
179 333 116
1 3 22
30 464 114 333 448 266 477 435 259 215 25 201 206 396 279 461 191 117 282 6 0 243
1 3 18
51 183 437 365 172 344 398 134 471 372 303 306 31 89 83 88 194 177
1 12 6
365 487 195 201 272 135
1 4 18
382 109 368 92 38 367 208 357 482 473 89 351 448 424 291 198 336 389
1 6 11
450 90 495 246 240 189 60 199 27 139 247
1 3 21
307 499 464 75 493 390 16 43 254 230 402 338 441 303 156 348 204 185 247 407 166
1 8 9
384 129 93 417 153 131 293 487 321
1 5 14
299 118 82 110 427 203 318 19 416 31 482 317 133 356
1 4 18
283 155 303 99 79 319 71 218 328 369 249 307 325 174 38 12 282 23
1 10 6
92 30 493 335 74 305
1 3 21
299 479 368 358 7 396 161 442 107 268 434 352 17 490 40 97 57 469 12 108 314
1 8 8
294 48 316 152 297 189 171 32
1 9 7
433 415 54 424 326 121 233
1 6 12
61 184 284 365 183 268 63 213 241 274 478 138
1 3 21
289 450 121 220 438 345 247 24 130 219 198 439 389 227 9 78 316 173 405 178 138
1 6 10
296 58 360 351 41 444 262 446 450 388
1 3 20
96 460 53 255 99 399 212 175 229 311 298 86 90 443 485 330 426 423 314 477
1 4 16
266 383 68 94 236 190 423 471 70 270 67 57 126 489 289 5
1 6 10
168 237 369 302 255 202 90 160 459 94
1 12 5
228 63 280 234 248
1 7 10
434 414 392 111 14 287 190 134 468 319
1 4 18
273 387 403 209 424 396 140 475 401 172 497 74 322 136 37 316 183 198
1 6 11
0 328 153 173 436 67 62 315 46 194 149
1 4 19
161 488 119 466 185 442 197 23 479 98 472 8 267 239 452 450 497 394 202
1 4 20
399 408 272 1 348 133 470 108 171 425 62 45 50 344 163 350 362 253 132 169
1 3 21
437 317 292 216 401 286 107 139 161 364 382 93 381 356 429 284 96 168 494 457 90
1 7 7
374 479 389 256 445 465 266
1 4 16
426 379 28 492 135 234 163 353 252 140 406 99 494 393 336 463
1 3 24
387 171 289 55 419 68 143 358 356 359 465 81 232 399 319 85 231 408 16 136 397 150 10 92
1 6 12
243 296 346 295 255 417 299 41 225 101 442 62
1 17 3
173 468 430
1 3 21
380 162 123 41 314 255 310 316 7 334 387 312 225 455 135 425 325 171 326 76 137
1 8 8
146 333 459 157 71 102 7 5
1 3 23
446 22 228 342 167 144 53 102 383 280 125 58 48 396 423 214 206 146 13 119 478 472 179
1 6 12
64 126 37 298 400 459 457 380 23 300 246 14
1 9 7
311 442 350 133 433 222 241
1 9 8
3 102 98 82 344 49 308 404
1 3 22
227 88 166 76 401 250 276 328 232 114 93 27 362 391 5 370 348 129 8 355 293 264
1 9 4
23 245 172 329
1 9 7
170 495 44 255 250 437 390
1 3 21
79 264 168 137 410 21 165 418 254 40 320 111 191 376 164 188 84 180 52 422 107
1 4 19
402 205 438 119 44 278 395 238 2 118 248 482 173 111 106 480 340 491 102
1 3 23
405 112 213 158 310 451 406 466 61 297 192 194 433 343 448 286 294 377 63 410 37 346 256
1 13 4
84 25 356 137
1 5 13
363 381 463 52 358 448 495 375 97 443 353 280 479
1 13 5
444 225 61 423 85
1 10 7
372 432 63 52 113 438 250
1 7 9
302 76 255 446 245 35 144 306 229
1 28 2
24 106
1 16 3
396 166 289
1 10 6
349 307 256 25 416 145
1 3 25
57 317 50 412 463 163 68 248 368 39 418 356 8 488 249 270 162 401 494 131 159 373 436 56 71
1 14 4
121 153 335 228
1 12 4
234 495 302 483
1 8 9
150 487 357 237 491 147 288 351 425
1 4 19
32 94 10 120 38 177 443 22 293 384 93 125 370 345 498 386 352 203 197
1 3 24
480 222 157 121 187 482 130 409 70 394 47 288 115 145 58 305 369 382 246 283 205 178 362 488
1 5 13
481 19 234 180 185 178 338 335 240 175 456 96 486
1 8 9
166 436 78 196 63 303 425 139 456
1 11 4
292 226 138 212
1 5 14
46 118 470 275 396 238 457 437 327 452 374 312 390 366
1 5 13
131 218 91 414 129 338 138 151 306 189 166 426 389
1 3 20
123 339 344 91 102 403 46 249 10 453 119 105 327 154 422 181 452 59 8 125
1 18 4
76 415 334 238
1 10 6
203 8 411 363 86 232
1 7 11
385 201 217 37 347 311 253 256 85 467 97
1 8 9
229 461 475 477 436 290 254 164 86
1 3 20
465 94 331 115 335 371 118 60 489 412 250 166 81 227 228 200 332 370 482 351
1 10 7
48 295 320 155 401 215 16
1 6 12
174 123 410 224 456 190 211 110 38 452 168 346
1 15 5
325 156 462 442 439
1 3 19
152 117 396 381 54 260 233 393 63 365 412 392 375 59 221 420 9 436 255
1 5 13
445 70 385 125 278 82 209 348 18 104 153 299 369
1 3 19
163 317 458 52 484 147 377 30 391 132 402 456 38 186 92 23 144 413 234
1 9 5
210 289 220 134 261
1 5 13
174 61 194 407 149 92 247 156 436 372 471 389 295
1 3 25
127 469 82 63 207 79 6 347 389 486 365 117 204 60 346 299 195 178 315 377 449 445 335 186 70
1 4 18
398 93 215 97 395 413 404 198 460 405 177 429 354 21 283 86 15 407
1 18 3
155 121 386
1 6 11
118 260 284 161 495 264 413 399 233 334 380
1 7 11
222 212 484 213 498 145 227 237 1 229 486
1 3 24
223 14 375 245 447 448 378 116 18 42 33 179 436 102 434 35 230 43 36 278 495 13 483 442
1 13 5
444 454 216 46 359
1 7 10
82 217 359 483 108 157 255 175 220 432
1 10 7
396 267 351 118 190 477 427
1 4 10
123 324 132 243 172 45 391 73 482 81
1 6 12
138 249 410 48 454 200 290 488 402 268 12 346
1 3 21
21 250 384 485 188 47 60 439 57 180 62 360 125 366 284 229 177 322 237 132 493
1 3 25
406 437 6 132 256 480 295 472 407 104 414 96 359 3 195 252 473 301 87 433 60 313 307 31 215
1 10 7
317 59 310 224 415 82 95
1 12 6
139 287 267 298 226 201
1 4 18
300 267 254 425 161 183 64 385 320 456 294 182 304 46 169 410 480 248
1 3 20
101 62 262 488 253 325 79 344 490 334 305 30 238 438 321 228 493 318 277 371
1 5 14
498 97 261 355 35 168 120 214 54 437 70 163 117 492
1 3 23
192 276 144 478 200 94 116 172 241 459 268 6 288 353 43 334 202 341 262 471 205 393 10
1 4 16
41 454 397 20 316 273 143 372 387 366 206 249 421 199 84 39
1 3 23
39 175 201 124 427 77 496 415 430 493 396 215 147 95 22 123 497 364 141 319 433 380 64
1 6 12
141 346 269 114 402 463 128 204 122 144 390 93
1 3 23
77 418 52 321 265 374 56 45 30 485 225 44 104 395 350 375 241 222 184 224 227 137 483
1 3 21
271 368 493 88 366 192 377 214 463 85 466 66 305 160 187 67 326 275 46 193 91
1 3 23
145 166 162 297 384 425 342 155 499 185 291 354 480 71 277 188 26 475 443 434 498 78 338
1 4 19
124 384 295 237 69 349 239 313 7 8 475 250 196 105 426 319 147 21 43
1 12 5
337 34 46 2 287
1 4 19
141 241 164 353 37 370 347 123 382 333 482 213 295 445 413 487 96 170 233
1 25 3
50 457 252
1 3 21
5 49 426 407 197 348 301 92 164 115 365 112 304 329 232 38 373 177 262 363 447
1 5 11
25 319 134 84 172 262 365 212 483 207 493
1 3 24
468 168 112 129 37 303 269 403 409 464 178 60 373 392 162 439 169 187 430 109 458 319 304 260
1 3 25
126 367 28 287 467 371 303 323 13 426 396 137 187 72 189 49 442 139 337 132 53 136 270 352 454
1 19 2
408 283
1 6 11
481 236 252 148 317 430 40 68 467 365 245
1 11 6
331 309 302 144 199 388
1 8 9
271 114 89 225 356 301 193 58 86
1 4 16
407 419 253 386 243 371 142 7 372 183 11 401 423 392 154 444
1 18 3
283 30 258
1 6 12
315 451 16 290 499 122 86 380 125 337 149 399
1 4 14
208 317 454 409 485 229 216 366 269 183 160 15 302 230
1 5 12
244 67 334 281 215 209 168 440 80 87 9 466
1 24 2
488 342
1 16 4
423 80 353 496
1 4 18
272 251 195 106 190 21 259 170 203 193 334 178 278 157 408 346 462 350
1 7 9
407 99 489 73 10 93 437 492 183
1 24 3
490 367 347
1 7 10
65 195 384 432 425 362 203 173 301 43
1 6 12
457 308 470 63 31 446 62 323 68 271 414 142
1 11 7
7 275 28 104 299 36 51
1 3 20
185 240 274 90 250 163 309 1 11 481 347 125 356 249 16 334 468 345 162 438
1 8 6
29 380 304 420 385 320
1 3 24
367 275 282 174 115 120 357 82 145 402 488 469 103 164 231 246 479 316 380 222 451 286 374 432
1 3 21
482 364 450 192 36 50 347 458 348 260 216 330 197 250 443 248 305 58 353 62 101
