500 1500 775
11 37 21 37 30 13 32 22 27 20 18 14 26 28 19 18 18 12 11 37 18 11 24 31 14 31 29 14 16 24 30 22 13 36 38 12 37 27 25 27 37 18 16 16 27 37 15 27 15 11 14 13 27 15 39 27 14 40 28 32 14 22 28 37 24 26 16 18 13 34 39 11 13 17 22 32 26 11 26 19 38 40 23 29 26 23 20 32 26 15 11 13 22 20 19 29 24 22 36 26 12 17 35 38 28 12 22 24 18 36 37 20 21 12 28 35 14 13 24 36 39 19 17 26 27 12 13 22 38 34 35 11 20 15 28 35 19 30 27 25 27 40 29 21 20 22 11 27 35 28 28 27 35 27 25 31 31 35 34 17 13 26 15 13 30 40 37 28 20 29 38 15 16 34 23 28 21 30 32 32 19 25 19 12 38 38 21 35 21 20 22 19 31 36 40 32 39 16 11 22 12 18 35 19 13 28 22 25 40 34 37 19 39 28 20 40 34 13 21 18 16 21 30 22 38 33 34 13 40 38 12 13 18 36 15 37 31 20 36 14 34 13 16 40 13 32 28 18 11 21 29 23 37 40 19 37 20 11 28 24 29 21 31 30 20 26 13 18 34 35 14 25 30 28 34 14 26 30 36 40 31 39 35 14 32 34 21 20 21 39 22 27 40 29 14 13 20 28 19 25 38 12 35 12 23 32 13 16 33 20 22 25 26 33 40 22 22 22 36 28 13 26 37 28 19 14 16 13 25 34 16 39 19 29 12 14 15 14 29 32 11 16 14 25 11 36 25 19 34 33 38 25 23 11 13 25 22 31 14 23 34 38 18 16 17 17 24 15 12 14 36 39 28 23 35 17 29 30 26 31 36 22 33 28 21 30 17 30 16 23 18 38 12 21 40 27 38 24 20 25 24 13 16 31 34 37 22 27 16 29 28 40 21 35 34 18 18 26 17 30 24 19 34 31 28 18 21 39 18 34 30 13 18 14 40 27 27 20 40 31 23 34 30 17 22 16 14 14 17 18 23 27 29 17 27 12 27 30 16 40 25 31 16 12 14 18 18 35 39 21 11 26 29 24 36 32 33 33 36 36 19 13 13 36 18 16 26 23 11 19 37 39 20 12 26 26 36 25 19 28
1 27 11 27 20 3 22 12 17 10 8 4 16 18 9 8 8 2 1 27 8 1 14 21 4 21 19 4 6 14 20 12 3 26 28 2 27 17 15 17 27 8 6 6 17 27 5 17 5 1 4 3 17 5 29 17 4 30 18 22 4 12 18 27 14 16 6 8 3 24 29 1 3 7 12 22 16 1 16 9 28 30 13 19 16 13 10 22 16 5 1 3 12 10 9 19 14 12 26 16 2 7 25 28 18 2 12 14 8 26 27 10 11 2 18 25 4 3 14 26 29 9 7 16 17 2 3 12 28 24 25 1 10 5 18 25 9 20 17 15 17 30 19 11 10 12 1 17 25 18 18 17 25 17 15 21 21 25 24 7 3 16 5 3 20 30 27 18 10 19 28 5 6 24 13 18 11 20 22 22 9 15 9 2 28 28 11 25 11 10 12 9 21 26 30 22 29 6 1 12 2 8 25 9 3 18 12 15 30 24 27 9 29 18 10 30 24 3 11 8 6 11 20 12 28 23 24 3 30 28 2 3 8 26 5 27 21 10 26 4 24 3 6 30 3 22 18 8 1 11 19 13 27 30 9 27 10 1 18 14 19 11 21 20 10 16 3 8 24 25 4 15 20 18 24 4 16 20 26 30 21 29 25 4 22 24 11 10 11 29 12 17 30 19 4 3 10 18 9 15 28 2 25 2 13 22 3 6 23 10 12 15 16 23 30 12 12 12 26 18 3 16 27 18 9 4 6 3 15 24 6 29 9 19 2 4 5 4 19 22 1 6 4 15 1 26 15 9 24 23 28 15 13 1 3 15 12 21 4 13 24 28 8 6 7 7 14 5 2 4 26 29 18 13 25 7 19 20 16 21 26 12 23 18 11 20 7 20 6 13 8 28 2 11 30 17 28 14 10 15 14 3 6 21 24 27 12 17 6 19 18 30 11 25 24 8 8 16 7 20 14 9 24 21 18 8 11 29 8 24 20 3 8 4 30 17 17 10 30 21 13 24 20 7 12 6 4 4 7 8 13 17 19 7 17 2 17 20 6 30 15 21 6 2 4 8 8 25 29 11 1 16 19 14 26 22 23 23 26 26 9 3 3 26 8 6 16 13 1 9 27 29 10 2 16 16 26 15 9 18
1 3 19
367 386 66 339 145 299 278 221 89 284 37 378 475 87 273 224 97 329 189
1 4 17
136 152 408 256 447 23 315 260 360 100 488 193 306 316 226 221 74
1 3 21
77 419 413 13 477 89 456 266 284 28 496 197 275 244 373 131 324 51 156 454 187
1 3 19
177 61 461 110 271 5 148 195 189 416 421 179 277 464 103 51 398 313 254
1 23 3
382 19 338
1 4 19
111 394 64 492 78 292 174 239 325 388 367 233 443 338 456 290 494 474 170
1 3 22
118 376 2 421 334 400 72 319 343 239 71 304 65 216 53 48 467 203 429 399 120 163
1 9 8
82 331 278 204 477 40 38 464
1 13 6
80 292 371 19 59 211
1 10 6
260 454 6 484 430 334
1 4 16
451 33 230 38 392 442 123 265 385 291 397 498 68 67 27 261
1 4 17
494 282 372 427 285 295 158 407 189 115 229 68 316 106 64 174 224
1 8 9
166 375 19 49 461 27 255 280 448
1 3 21
389 230 354 407 6 261 145 412 279 189 39 114 439 45 202 142 193 83 121 414 295
1 3 22
301 101 267 343 29 383 349 197 249 466 493 4 286 177 56 116 274 132 398 399 418 431
1 8 9
59 312 74 426 438 24 26 430 221
1 16 4
103 291 163 401
1 3 19
52 225 79 272 32 395 476 306 398 152 178 226 391 2 416 223 409 360 205
1 8 8
186 158 38 222 242 263 499 313
1 4 17
207 36 288 139 378 362 132 492 134 360 151 278 94 99 123 150 172
1 6 11
136 245 125 335 444 9 485 275 279 351 106
1 8 8
222 489 58 118 294 403 251 490
1 6 11
483 458 358 321 168 237 300 473 214 61 322
1 4 14
294 150 373 274 462 407 260 213 121 43 338 189 24 426
1 4 16
268 212 464 360 192 457 475 365 449 49 8 183 243 448 259 18
1 4 17
70 92 195 238 166 408 129 142 322 405 312 33 151 172 452 404 470
1 16 4
150 473 297 233
1 14 3
204 293 71
1 3 22
396 237 492 248 444 50 172 214 376 18 498 339 388 280 356 256 301 440 262 99 452 208
1 4 18
424 415 349 377 333 128 439 233 458 456 362 368 88 367 260 432 34 429
1 26 2
158 480
1 4 18
52 417 240 419 475 476 392 361 395 71 168 274 97 431 482 330 437 488
1 9 6
328 312 294 321 338 341
1 3 22
415 61 434 421 145 368 50 96 392 351 140 371 74 68 407 101 170 212 373 237 495 449
1 10 8
390 434 194 444 307 59 181 88
1 4 16
238 174 420 269 441 81 77 75 51 184 159 179 341 354 218 339
1 7 9
94 481 471 155 166 256 460 321 309
1 7 11
89 446 113 416 427 26 180 120 175 392 239
1 23 2
312 9
1 3 19
152 474 424 135 430 119 258 221 377 477 12 216 110 418 47 78 71 197 422
1 4 18
186 446 393 165 361 269 326 17 378 37 451 386 308 218 309 487 470 26
1 3 21
493 442 280 31 360 9 241 105 396 327 440 110 39 35 346 458 336 281 200 191 117
1 3 25
348 342 140 73 477 423 36 406 282 369 143 11 253 378 353 323 35 66 93 144 361 239 408 17 0
1 3 22
1 495 162 305 40 276 441 52 176 121 114 116 480 190 214 131 23 280 156 324 278 376
1 3 25
285 355 314 134 323 163 149 67 292 98 289 439 219 187 61 390 195 478 144 420 159 42 201 479 246
1 6 11
418 169 224 340 341 364 0 351 192 327 481
1 7 9
252 311 327 0 399 173 290 174 106
1 5 11
457 487 23 142 311 262 401 17 386 197 260
1 10 5
266 460 452 306 162
1 3 24
431 486 476 494 77 327 388 173 182 41 297 191 368 2 390 273 256 214 312 434 342 243 107 240
1 4 19
141 55 428 249 229 412 192 105 410 47 355 411 331 475 156 114 86 491 210
1 6 13
78 114 97 479 215 36 31 208 476 489 10 330 437
1 9 6
71 230 0 456 451 390
1 3 21
181 488 27 304 120 191 100 18 414 111 386 57 252 251 8 88 402 494 204 192 70
1 11 6
223 301 377 471 65 289
1 3 22
439 427 111 3 308 351 171 130 78 428 77 284 285 195 397 341 372 200 319 246 458 288
1 3 23
458 91 459 173 245 286 350 451 156 53 456 154 260 233 491 296 231 424 116 316 26 369 275
1 4 19
286 111 481 143 49 491 187 124 399 420 141 264 407 385 408 181 41 198 283
1 3 21
173 410 479 273 385 226 57 433 151 37 42 454 318 379 112 499 190 136 169 336 115
1 3 21
367 363 388 174 369 75 466 189 391 270 315 120 347 191 289 274 437 63 324 113 264
1 19 4
150 3 141 377
1 17 3
96 175 444
1 9 6
352 231 242 286 444 269
1 18 3
51 271 169
1 5 14
493 244 361 423 340 286 366 415 136 39 419 258 305 276
1 3 22
491 143 294 81 88 252 393 60 296 221 346 395 239 109 134 139 388 481 267 108 316 488
1 6 11
251 303 480 421 274 58 443 385 62 15 229
1 3 24
295 98 133 461 356 37 437 370 381 336 444 358 129 287 416 387 267 451 82 376 328 71 293 230
1 4 20
161 439 47 224 304 82 295 378 488 133 438 329 91 413 482 467 55 232 253 293
1 16 4
294 367 3 273
1 4 13
324 89 161 325 236 449 248 448 203 145 125 137 390
1 31 2
474 47
1 9 5
197 91 471 172 352
1 3 23
246 482 97 378 308 12 297 29 13 105 203 109 245 259 197 325 407 156 237 260 484 58 92
1 3 22
75 264 412 36 123 421 349 259 480 402 284 322 216 205 132 184 248 180 487 317 214 470
1 3 19
219 121 354 365 348 409 148 306 486 309 207 65 139 149 24 250 199 106 483
1 4 17
355 461 401 204 285 107 157 467 414 78 111 485 364 308 186 449 460
1 13 5
19 62 420 66 315
1 5 14
126 237 400 152 234 64 450 232 370 310 142 102 471 414
1 25 2
460 497
1 4 19
363 469 289 224 405 349 41 317 82 205 464 413 425 233 146 158 373 200 86
1 3 21
93 298 126 338 248 70 109 190 56 188 393 435 361 362 108 57 216 367 300 416 95
1 7 9
426 440 85 446 251 455 423 395 240
1 4 16
334 111 189 33 17 75 414 305 454 27 438 413 185 0 339 102
1 12 5
469 407 178 25 307
1 3 19
254 373 250 405 200 286 343 43 256 2 97 56 204 258 112 412 389 187 264
1 9 6
186 43 71 387 104 364
1 5 14
450 264 130 461 283 52 477 458 97 386 254 350 50 116
1 3 21
259 199 98 41 429 49 149 215 84 405 38 118 169 11 198 344 179 143 388 233 16
1 3 25
81 38 348 245 266 218 247 441 205 75 7 407 322 325 414 112 198 209 19 494 109 476 162 147 392
1 13 5
430 162 280 140 63
1 4 18
192 85 295 108 354 299 468 51 275 246 3 452 329 376 340 439 49 362
1 22 2
219 436
1 3 21
214 361 206 434 78 217 450 413 182 397 197 441 378 276 146 119 189 191 282 347 388
1 6 12
358 470 362 212 473 219 445 434 299 345 183 57
1 5 13
367 317 489 222 164 468 274 12 286 217 258 68 405
1 14 5
233 71 229 82 280
1 8 9
235 386 412 417 497 479 496 333 53
1 7 8
341 351 144 259 320 50 63 418
1 10 7
405 206 65 43 494 106 34
1 5 16
250 444 81 187 408 394 247 485 438 265 270 120 401 376 216 152
1 3 22
475 263 124 435 411 47 273 295 75 255 108 308 269 225 274 452 81 232 341 450 279 23
1 20 3
450 468 43
1 12 5
320 156 137 486 343
1 14 4
196 342 113 432
1 21 2
367 395
1 4 19
134 369 328 489 473 315 40 382 44 381 431 349 442 219 11 415 289 330 466
1 10 7
258 266 446 175 115 488 396
1 5 14
133 105 281 132 291 122 215 497 83 117 85 237 47 314
1 5 13
317 472 268 431 369 201 235 284 191 141 478 466 199
1 6 11
205 376 55 19 90 172 285 196 92 133 226
1 7 10
298 315 65 69 167 220 62 117 456 468
1 18 4
279 360 463 197
1 6 13
434 489 56 306 43 141 252 319 204 200 322 237 68
1 7 9
453 458 284 309 334 468 84 168 336
1 8 7
219 87 344 486 428 290 494
1 5 13
491 143 90 443 182 226 246 400 305 351 157 132 169
1 4 16
104 498 478 152 129 38 296 435 102 361 436 26 340 77 114 494
1 11 5
100 62 433 138 377
1 5 15
63 232 314 338 215 408 70 41 39 305 487 249 390 243 361
1 3 23
210 122 254 81 451 153 334 372 103 208 142 179 364 485 342 183 414 69 430 411 135 104 440
1 23 3
225 370 37
1 4 16
237 154 88 165 167 426 320 309 21 95 379 344 440 29 121 82
1 7 8
42 0 116 355 341 205 368 404
1 3 21
48 285 177 369 223 249 95 325 195 283 141 300 250 38 453 32 230 263 217 432 99
1 7 11
228 390 305 470 480 229 474 485 363 325 255
1 6 12
155 247 27 385 166 393 315 119 241 117 95 465
1 5 12
254 27 482 449 65 205 370 11 348 134 105 7
1 5 13
149 419 260 50 210 162 460 68 30 374 320 54 368
1 3 23
51 238 391 262 143 381 421 107 105 108 425 130 169 470 373 104 256 217 179 430 89 152 401
1 5 14
270 272 397 150 126 476 38 354 410 162 113 358 224 300
1 3 24
327 187 455 188 305 231 423 347 285 181 496 48 158 56 438 167 70 122 397 330 94 389 196 318
1 3 22
359 495 442 70 460 323 171 150 64 243 409 114 39 140 215 191 167 489 295 378 234 148
1 5 12
304 379 175 24 347 140 173 7 288 108 132 291
1 11 6
305 354 470 249 473 318
1 4 15
69 407 313 32 465 127 364 176 217 31 52 441 435 34 299
1 12 6
374 63 149 458 280 367
1 3 24
322 266 268 80 164 368 162 297 366 135 342 109 472 10 447 70 161 273 307 214 353 41 456 408
1 5 12
56 499 1 306 219 14 248 143 2 290 113 355
1 6 10
492 472 102 358 488 186 259 254 301 395
1 5 16
382 411 126 428 327 88 135 224 151 394 191 19 184 337 59 132
1 24 3
196 274 4
1 6 10
475 448 75 258 104 342 282 6 308 154
1 10 8
422 165 319 397 104 359 434 248
1 7 10
409 33 62 491 448 61 177 482 278 289
1 6 11
281 499 435 252 397 306 296 453 167 124 323
1 4 17
116 229 365 325 433 360 382 291 253 420 201 288 157 140 295 331 416
1 3 19
321 206 14 418 285 177 384 43 62 383 338 35 329 73 203 477 224 288 129
1 23 3
397 141 472
1 5 13
49 368 440 236 297 408 10 182 298 194 167 211 339
1 9 7
325 164 321 474 190 227 273
1 13 4
447 359 449 339
1 4 17
154 387 258 280 305 278 5 478 134 160 25 289 218 496 125 346 133
1 4 16
10 238 274 415 499 215 36 455 375 45 269 476 129 132 149 89
1 4 16
221 454 20 265 199 28 115 133 303 26 323 212 85 451 129 178
1 5 14
103 239 203 18 139 37 87 439 137 90 357 46 92 181
1 3 24
36 171 408 299 282 225 3 376 247 255 202 253 280 356 360 343 190 417 27 346 83 409 472 216
1 11 7
215 144 378 38 341 141 160
1 4 18
196 214 5 96 38 33 462 300 212 288 111 292 336 103 290 339 366 266
1 4 18
63 372 138 205 197 250 71 160 453 105 56 387 17 208 371 234 348 122
1 8 7
234 87 397 232 335 122 68
1 3 19
372 490 496 430 374 59 257 246 222 393 91 328 310 480 47 51 170 278 356
1 4 17
375 156 188 130 292 308 303 222 310 125 173 38 486 361 192 45 185
1 11 6
124 178 476 464 256 193
1 5 14
184 102 260 488 124 176 376 385 360 331 255 63 212 478
1 12 6
385 440 66 300 121 119
1 3 24
307 379 120 225 337 93 216 213 185 52 309 108 353 383 238 128 480 174 121 76 465 131 166 270
1 7 9
115 334 89 376 433 293 68 147 340
1 8 9
297 60 192 119 278 335 470 224 202
1 3 19
342 205 295 38 101 122 395 148 464 346 102 499 72 87 61 323 427 131 259
1 10 5
227 386 333 259 381
1 12 6
411 74 166 405 151 92
1 25 2
449 475
1 6 8
49 340 297 32 259 346 27 204
1 6 10
19 420 452 163 290 378 15 336 108 430
1 5 16
253 19 243 201 233 272 412 274 199 422 263 96 401 126 311 378
1 11 6
144 344 84 408 90 394
1 3 20
148 282 164 459 406 480 331 360 268 336 412 289 16 229 76 420 242 408 300 405
1 4 18
154 157 323 117 489 102 257 25 429 470 174 231 255 190 480 457 112 261
1 5 14
321 472 42 110 369 61 24 391 169 282 69 379 242 226
1 5 10
407 201 25 466 150 392 108 395 175 425
1 3 18
206 485 296 164 122 12 401 129 52 16 137 258 305 201 222 408 285 166
1 6 12
21 40 75 286 371 457 300 487 141 295 81 121
1 3 21
4 305 378 465 428 234 132 493 360 358 437 406 36 368 451 21 429 491 354 442 34
1 3 23
321 182 429 131 173 228 69 289 214 465 262 125 189 274 75 340 297 235 64 71 132 209 433
1 6 12
160 270 413 273 253 242 484 423 320 414 95 70
1 18 4
356 423 240 292
1 4 16
339 194 306 257 286 333 219 316 247 55 27 261 149 422 175 170
1 5 12
470 147 445 261 393 383 367 137 249 370 347 492
1 22 3
468 140 211
1 7 11
268 362 87 398 28 15 111 141 292 281 354
1 8 8
189 290 238 287 464 68 315 150
1 5 14
189 451 106 95 253 426 155 121 470 422 367 390 355 295
1 13 6
371 165 92 412 220 13
1 6 11
496 169 291 4 71 103 55 112 453 214 277
1 3 21
454 272 169 279 151 56 219 296 212 244 156 233 364 225 191 479 112 495 148 315 18
1 4 20
78 0 133 421 199 238 328 17 264 467 113 459 448 74 256 35 118 479 246 434
1 7 9
209 47 475 368 69 162 320 110 407
1 5 15
182 116 499 195 94 99 340 422 27 42 208 59 287 120 151
1 2 23
105 32 445 186 266 249 7 150 344 113 457 416 332 286 319 217 139 338 260 272 490 89 258
1 10 4
392 168 86 316
1 8 8
202 313 119 374 362 62 413 334
1 2 25
188 95 347 357 267 124 333 90 397 125 102 62 108 481 182 20 275 461 391 225 92 360 104 471 17
1 6 11
473 178 98 264 33 402 120 461 0 78 30
1 8 8
465 56 188 147 15 423 390 414
1 6 11
104 336 285 260 239 267 48 235 94 380 158
1 4 17
370 73 12 264 253 365 197 236 190 248 300 151 432 419 462 347 210
1 3 25
322 127 59 290 489 369 227 384 450 264 211 296 240 351 246 218 409 188 208 269 195 348 105 326 341
1 4 18
377 296 58 478 150 429 308 234 297 285 328 239 325 101 208 499 477 52
1 5 13
18 412 396 128 227 123 275 469 112 152 290 431 39
1 4 15
481 14 109 199 393 382 452 46 200 86 264 426 123 93 73
1 16 4
53 412 178 349
1 5 16
208 51 305 15 346 85 364 414 471 495 439 399 388 303 30 434
1 9 5
484 296 211 13 234
1 6 12
1 394 478 200 442 358 423 463 102 97 467 118
1 20 3
323 433 209
1 3 21
76 378 119 99 134 459 184 42 50 225 495 201 140 130 48 30 451 165 299 212 305
1 3 20
170 356 351 443 22 207 276 52 209 126 41 495 280 383 45 179 314 154 202 473
1 5 15
277 117 23 331 95 250 330 417 480 116 386 112 497 215 496
1 6 12
279 65 201 294 208 495 96 457 81 198 21 409
1 3 22
144 3 35 380 428 228 485 323 271 309 365 288 299 171 334 306 361 130 280 325 495 202
1 12 5
287 484 396 188 315
1 8 9
10 412 30 360 105 1 318 80 90
1 9 7
447 231 332 157 26 258 247
1 13 4
217 399 457 415
1 4 18
428 365 347 130 392 35 283 423 159 11 144 349 314 176 460 402 281 335
1 6 12
223 211 435 413 105 83 141 181 274 415 374 341
1 3 24
44 228 247 252 493 319 372 433 261 373 327 365 287 385 358 35 223 355 236 31 447 127 47 160
1 12 4
218 134 390 7
1 4 16
463 240 153 44 262 125 81 229 195 474 107 375 197 179 144 446
1 22 2
206 92
1 5 14
238 460 107 274 290 421 369 8 45 160 71 376 448 390
1 3 21
334 375 326 234 1 185 406 481 428 357 63 433 182 8 350 338 4 20 216 183 73
1 8 8
180 193 130 83 47 282 287 58
1 3 25
214 441 126 143 329 327 14 42 419 351 264 269 432 208 195 52 358 479 474 494 105 15 254 384 377
1 15 3
77 217 226
1 3 24
462 460 449 21 371 418 23 198 0 62 268 414 370 309 498 493 40 314 403 170 98 479 249 491
1 13 5
264 476 347 284 33
1 5 15
66 253 305 111 409 299 408 466 374 351 212 329 49 350 249
1 6 11
364 450 290 276 115 79 224 375 369 328 378
1 7 11
413 198 438 499 136 189 435 213 228 201 74
1 14 3
492 392 106
1 9 8
297 340 473 350 190 238 394 7
1 9 7
299 133 404 324 363 425 148
1 4 20
219 356 94 148 228 372 477 123 340 358 147 140 314 41 312 185 88 8 47 107
1 4 20
216 250 141 357 304 385 147 314 370 132 462 254 364 330 123 36 461 319 80 401
1 4 19
428 270 22 220 458 414 214 3 332 403 18 159 402 185 46 279 473 66 459
1 4 15
152 204 422 117 259 357 11 335 252 60 377 423 304 375 93
1 15 5
314 259 436 236 233
1 4 19
128 78 38 296 279 260 221 302 329 406 143 230 76 331 176 319 211 408 150
1 8 7
223 135 35 20 92 324 257
1 17 3
486 406 44
1 3 21
254 86 489 173 395 298 250 191 314 424 373 348 229 341 303 57 192 170 223 278 97
1 4 17
240 233 26 209 181 101 334 231 430 19 244 163 464 133 8 266 137
1 3 21
399 370 441 287 43 108 440 470 290 408 149 414 87 484 98 420 324 339 160 492 366
1 3 25
274 345 238 46 401 120 166 369 4 180 285 367 87 70 129 266 447 162 171 83 55 271 483 296 333
1 10 7
437 401 225 205 21 63 462
1 4 19
303 72 328 88 425 229 455 280 87 58 393 300 350 150 228 385 326 41 122
1 13 5
313 369 476 64 299
1 3 25
150 82 8 170 125 156 5 18 192 369 470 159 427 374 54 311 230 10 232 384 146 455 203 110 135
1 4 18
338 154 177 55 236 300 43 477 71 197 102 329 136 308 85 381 282 384
1 4 18
416 367 271 386 380 465 331 124 216 301 175 432 27 376 375 273 61 146
1 3 20
472 91 322 76 425 266 131 32 389 420 295 484 135 137 263 401 66 392 428 348
1 4 15
123 61 256 399 85 344 404 475 117 431 177 264 252 126 137
1 3 24
422 56 298 286 266 99 376 426 198 367 62 89 247 174 264 496 361 254 192 54 20 41 374 113
1 34 2
40 179
1 3 20
316 250 122 263 471 455 191 354 77 216 364 314 264 112 0 254 396 124 24 372
1 4 17
22 365 112 173 40 220 239 250 121 16 74 63 26 479 363 420 126
1 8 8
84 39 339 227 415 233 164 382
1 9 8
302 45 119 344 374 2 109 375
1 6 12
129 54 110 450 282 189 451 264 295 357 96 337
1 12 5
240 211 91 344 273
1 13 5
413 226 363 480 385
1 6 11
116 46 418 241 344 124 102 126 439 92 402
1 8 8
22 325 147 190 442 292 24 428
1 3 21
75 483 262 28 136 255 473 368 372 489 231 442 260 326 443 46 55 150 232 76 94
1 6 11
298 20 178 429 354 242 169 371 409 160 442
1 5 13
236 234 197 437 257 63 325 399 215 409 272 479 135
1 6 11
139 13 111 209 177 144 56 297 362 194 138
1 3 20
218 466 140 97 52 275 268 232 194 368 117 456 202 80 176 463 319 235 63 135
1 5 12
488 315 272 476 7 497 94 417 450 334 32 296
1 5 14
14 386 250 328 474 121 117 120 417 76 333 147 389 271
1 5 15
211 111 240 305 196 94 339 423 124 165 299 216 47 238 271
1 21 3
474 288 293
1 2 23
365 149 364 109 179 455 304 236 118 79 77 10 416 354 283 356 51 420 87 286 417 206 445
1 34 2
54 137
1 3 21
469 328 76 289 15 239 322 135 279 362 388 56 343 90 104 165 18 366 358 33 147
1 37 2
240 279
1 2 25
28 413 86 137 116 428 313 50 340 418 122 368 407 377 437 426 412 59 74 234 449 415 100 20 338
1 12 6
40 468 272 429 31 349
1 3 22
264 95 205 148 336 223 145 498 29 363 440 55 274 43 137 81 194 109 367 311 278 127
1 4 19
293 282 458 307 68 369 152 212 383 228 24 104 372 463 99 100 468 4 439
1 3 24
139 95 496 121 406 329 352 272 201 469 479 256 115 253 94 46 364 56 271 148 225 467 365 169
1 3 20
477 495 18 112 309 315 334 396 36 234 287 26 497 169 446 407 85 163 253 418
1 3 17
238 369 358 263 386 100 340 182 271 151 375 400 431 48 357 144 472
1 3 22
2 147 249 137 113 424 308 84 353 22 38 397 328 426 455 327 366 152 270 362 107 241
1 3 25
417 304 223 242 434 489 47 220 415 125 318 154 386 88 210 451 429 59 178 40 357 164 399 428 303
1 4 18
19 216 9 140 475 52 229 347 274 86 185 182 29 457 122 59 472 304
1 25 2
128 17
1 5 15
292 103 66 256 295 170 60 306 420 88 475 48 407 26 199
1 9 8
493 441 50 205 314 80 324 112
1 5 15
454 301 336 106 178 29 372 212 497 55 166 176 47 496 284
1 22 3
98 67 179
1 4 16
460 468 320 313 27 363 105 5 15 74 91 336 457 272 327 281
1 3 22
73 406 93 454 241 173 43 6 273 396 87 53 433 441 110 427 320 222 455 191 322 47
1 4 16
381 65 111 254 356 308 64 26 309 235 314 87 329 31 175 93
1 33 2
282 475
1 5 13
417 425 264 451 494 343 88 154 156 102 338 342 273
1 8 8
499 160 386 201 471 169 103 66
1 3 21
13 358 141 271 238 474 251 2 186 50 421 163 379 156 452 22 145 378 158 275 391
1 3 25
361 65 483 301 90 341 376 217 402 186 312 408 190 70 487 82 23 77 219 439 473 143 78 280 366
1 5 14
67 135 193 3 299 2 417 125 181 245 428 157 411 252
1 25 3
187 438 288
1 18 2
230 271
1 6 12
176 98 346 471 276 214 312 364 123 458 439 322
1 5 13
77 29 338 22 231 44 378 123 417 254 128 425 257
1 4 16
181 299 237 327 329 53 268 147 475 354 146 392 210 328 16 233
1 12 6
464 371 360 254 238 307
1 4 17
415 435 461 342 41 413 152 301 274 6 54 13 422 19 495 229 263
1 3 16
79 298 180 352 287 375 17 369 435 317 297 73 367 78 97 24
1 3 23
447 485 278 330 26 40 79 377 497 343 296 345 388 404 19 65 490 438 224 353 487 324 33
1 4 17
391 207 85 110 411 416 288 219 175 127 7 209 390 364 150 248 227
1 4 19
320 1 31 476 456 255 56 67 471 0 428 337 71 366 9 314 185 433 262
1 5 15
12 264 296 335 98 255 171 326 228 438 367 419 248 120 61
1 4 17
176 3 363 463 156 149 267 353 399 58 439 61 26 193 80 305 123
1 5 15
344 174 416 117 427 1 248 406 91 297 29 367 337 300 296
1 3 22
275 410 278 29 468 89 263 491 370 11 118 39 346 130 354 21 211 417 90 52 67 228
1 8 9
439 462 150 102 313 354 348 81 494
1 3 20
445 202 232 292 54 231 340 437 222 338 480 193 361 206 406 157 353 318 132 245
1 24 3
308 20 281
1 3 23
140 338 104 29 112 207 421 117 276 138 185 204 193 59 8 16 213 237 337 156 444 105 231
1 3 25
428 429 406 322 264 310 319 52 57 160 158 10 318 415 308 314 114 130 387 217 361 91 285 177 15
1 3 21
278 215 359 86 348 473 55 498 114 206 459 98 297 101 411 186 122 209 437 489 187
1 3 24
31 98 108 365 264 461 413 298 72 270 460 445 376 332 183 141 5 196 23 112 73 410 118 61
1 3 20
293 138 89 384 460 390 356 271 212 337 388 95 156 374 363 82 453 409 395 283
1 3 24
196 98 212 49 21 353 163 220 47 127 489 231 75 155 26 437 436 115 216 82 63 83 352 91
1 6 12
58 36 464 115 46 410 240 477 271 265 89 255
1 4 15
416 28 245 402 41 150 258 463 76 321 12 173 10 318 290
1 3 21
369 312 17 473 403 200 318 282 327 288 398 125 16 132 193 122 382 399 230 417 42
1 3 20
474 30 54 110 367 463 120 415 441 128 21 255 498 137 313 304 196 329 413 497
1 3 24
434 30 418 7 62 115 104 372 94 340 257 358 243 97 475 381 2 488 100 212 73 266 150 219
1 29 2
376 430
1 4 17
454 129 193 142 108 246 482 128 284 314 8 481 178 300 439 287 236
1 3 19
37 313 60 169 449 3 64 374 483 5 131 320 327 44 266 213 302 170 200
1 3 23
485 177 300 328 123 432 190 488 128 162 348 15 464 34 238 477 127 87 104 426 431 361 239
1 9 8
427 287 158 476 198 497 101 457
1 6 10
358 412 77 55 311 480 424 158 444 285
1 4 18
121 151 72 37 208 330 281 315 442 308 56 366 466 127 32 324 3 9
1 6 13
411 300 311 329 91 130 30 488 159 95 428 348 119
1 5 14
406 481 15 62 460 268 107 86 345 193 410 16 441 452
1 9 8
259 124 276 120 286 208 281 282
1 3 20
495 456 89 261 319 82 64 41 300 15 0 21 152 154 223 445 150 33 212 427
1 13 4
104 118 218 307
1 3 24
398 269 217 371 477 378 26 329 78 39 176 143 90 436 76 287 238 386 137 445 330 101 95 61
1 3 24
108 483 265 184 476 40 216 10 449 245 155 408 435 42 334 45 209 247 121 214 116 87 23 151
1 4 17
484 355 488 257 315 486 350 123 3 155 58 4 463 228 330 187 20
1 8 7
257 337 453 87 373 39 287
1 7 9
121 301 156 78 390 374 421 483 377
1 11 6
173 388 30 209 167 436
1 6 11
232 349 297 104 398 111 240 119 136 338 381
1 5 13
405 499 365 187 379 393 197 285 452 229 274 19 148
1 3 24
43 482 85 396 279 75 339 390 255 202 489 385 495 114 360 27 64 188 275 171 267 442 97 89
1 5 11
133 117 393 498 27 372 400 313 450 178 432
1 15 4
183 495 448 216
1 15 5
436 331 125 279 64
1 3 24
161 430 108 378 277 187 60 320 264 464 333 346 21 335 165 163 416 49 490 152 46 184 120 41
1 4 16
208 475 0 235 178 363 376 421 111 341 174 304 9 467 132 85
1 22 3
487 262 479
1 6 12
54 274 287 202 263 212 383 495 314 333 55 140
1 9 6
328 266 358 333 122 273
1 7 10
97 412 71 442 410 354 307 302 282 462
1 3 21
461 136 456 4 437 11 204 80 430 498 95 450 280 497 255 310 423 171 71 29 130
1 5 15
468 347 276 464 475 344 318 480 34 410 277 323 446 217 339
1 6 9
223 150 56 403 92 32 168 60 250
1 4 16
459 153 232 149 421 49 458 46 374 455 182 34 151 74 440 462
1 5 13
197 169 35 258 446 126 224 398 155 18 71 444 482
1 4 17
445 156 477 119 290 448 238 199 450 182 68 292 8 380 111 422 341
1 18 4
331 469 187 334
1 5 15
123 340 144 89 468 26 188 306 358 249 35 329 404 479 162
1 6 10
321 93 77 329 404 15 117 352 304 104
1 3 21
61 65 252 471 298 204 339 138 249 72 311 479 134 400 91 498 74 460 196 423 212
1 4 16
477 128 112 355 366 297 417 335 271 275 426 238 91 388 127 496
1 5 14
482 21 266 382 112 68 12 411 416 481 431 473 56 330
1 3 23
206 435 270 433 394 75 96 181 165 69 495 437 370 482 258 403 422 142 269 47 41 287 257
1 8 8
317 372 37 313 293 269 145 7
1 3 23
69 266 326 280 253 468 235 419 183 196 134 90 23 366 398 9 2 438 351 339 160 148 84
1 15 3
174 364 82
1 4 15
419 457 393 260 356 297 367 435 248 268 283 313 2 228 485
1 5 15
448 57 245 376 251 301 117 178 78 222 152 295 305 103 200
1 4 17
291 270 381 276 479 376 148 287 162 72 164 178 364 355 458 212 0
1 5 15
98 376 1 223 39 313 51 316 113 248 80 382 277 103 351
1 4 17
142 333 110 65 45 164 344 207 268 370 183 28 347 217 489 187 136
1 35 2
245 103
1 3 25
290 228 109 258 160 136 203 38 304 432 85 362 271 144 225 490 368 103 318 259 436 173 319 243 311
1 3 21
16 107 137 183 457 396 180 161 365 41 125 358 427 130 62 496 456 490 13 135 426
1 10 6
232 421 145 464 424 187
1 26 2
140 460
1 23 2
378 264
1 4 17
261 491 51 476 52 314 147 29 270 419 218 88 268 33 480 18 459
1 16 3
151 214 85
1 5 14
148 11 234 321 224 363 79 397 214 306 426 267 135 206
1 5 15
244 463 483 112 120 314 489 208 3 191 59 277 306 21 431
1 3 21
213 341 94 233 215 115 344 419 270 42 365 321 198 441 368 85 334 68 123 379 465
1 10 6
324 385 97 135 342 353
1 11 7
26 148 380 292 468 125 286
1 3 19
100 16 485 17 351 66 90 114 295 328 182 276 181 160 150 368 26 360 356
1 3 20
339 94 435 372 450 220 449 55 12 486 360 98 420 306 216 433 332 199 369 318
1 6 12
0 84 389 79 315 165 414 178 87 189 14 226
1 4 19
300 68 275 468 159 101 375 378 34 294 55 321 439 137 183 261 414 322 328
1 10 5
435 399 11 306 471
1 4 19
394 397 391 134 61 273 245 365 240 20 108 359 104 101 409 466 430 345 52
1 4 16
29 158 195 112 289 77 68 146 176 136 43 494 21 461 367 316
1 8 8
73 291 151 451 318 304 301 403
1 4 18
228 360 155 407 120 85 1 415 427 332 449 263 46 474 275 355 369 421
1 21 3
88 231 331
1 3 25
154 418 382 468 334 431 482 411 230 299 397 284 225 456 65 153 237 80 100 283 68 243 178 169 304
1 6 13
18 25 107 217 118 116 278 228 286 234 222 323 194
1 3 18
127 443 344 183 418 494 199 221 308 94 226 25 210 60 492 138 451 285
1 5 14
398 359 113 156 203 316 27 201 426 20 252 39 256 185
1 6 12
360 107 331 99 368 391 295 463 365 115 94 378
1 7 10
460 196 419 395 101 50 331 96 71 376
1 5 12
214 451 431 279 180 16 463 373 137 324 333 205
1 3 22
37 424 62 229 452 188 74 317 96 342 54 470 0 457 352 301 256 30 351 205 67 435
1 6 11
479 297 359 424 260 85 470 259 248 345 305
1 8 9
136 401 414 66 404 397 491 333 181
1 3 21
2 429 277 314 298 410 215 11 339 430 395 344 115 143 345 10 15 32 25 252 408
1 3 22
260 233 111 119 24 371 90 150 47 25 256 34 461 10 120 265 89 427 149 232 116 491
1 4 16
422 305 108 251 230 118 255 210 101 19 84 382 47 23 444 302
1 3 20
300 486 388 382 23 84 423 152 70 212 162 199 495 119 192 185 52 430 224 437
1 10 7
256 306 359 228 336 318 102
1 5 14
193 29 407 409 225 319 282 291 31 3 340 7 223 220
1 3 22
127 166 67 473 483 436 372 45 95 291 145 355 433 369 451 111 328 386 179 82 402 0
1 8 9
21 192 361 59 103 286 276 462 357
1 3 25
451 29 401 207 283 482 38 473 423 39 311 11 398 441 456 488 120 468 124 176 40 26 276 323 65
1 9 8
115 328 69 233 118 119 467 361
1 8 4
71 364 48 15
1 7 9
489 47 162 273 330 256 78 19 93
1 3 23
141 463 384 387 195 299 357 230 175 201 110 362 65 20 244 215 415 257 297 67 445 209 31
1 19 3
477 12 241
1 2 25
402 440 407 136 107 58 375 387 11 490 254 186 2 327 82 366 12 18 183 227 271 412 53 249 220
1 5 15
86 44 128 9 390 217 455 181 471 497 210 466 76 185 401
1 5 12
202 298 180 222 257 395 390 15 193 364 349 173
1 10 7
271 441 361 379 458 160 460
1 10 8
355 101 419 160 341 4 228 438
1 20 3
303 69 372
1 4 18
239 190 261 489 207 42 117 264 412 470 401 220 229 135 471 441 109 356
1 8 8
271 9 380 133 112 297 465 164
1 10 6
485 237 311 364 221 19
1 4 15
399 225 498 270 131 308 450 340 462 364 285 272 221 489 138
1 22 3
483 270 87
1 4 15
3 282 324 41 123 333 255 402 435 150 453 32 319 248 234
1 4 18
290 450 480 68 141 15 339 350 18 422 306 33 168 209 443 384 342 228
1 10 6
351 41 280 387 409 13
1 4 15
64 417 411 132 52 133 163 340 312 379 24 207 195 126 246
1 11 7
252 30 215 497 143 81 63
1 4 15
496 465 226 202 257 263 76 216 297 351 293 388 397 139 162
1 7 8
410 47 237 222 378 8 325 162
1 3 21
74 335 124 209 222 448 404 143 481 460 233 38 158 360 307 408 486 301 424 339 413
1 3 19
440 340 197 114 102 91 417 55 92 252 163 471 199 362 127 130 377 203 350
1 13 5
134 268 414 29 424
1 13 6
61 286 358 361 194 261
1 3 22
354 417 445 363 366 88 53 312 441 491 104 389 314 321 255 276 78 386 414 334 235 465
1 4 13
362 402 58 367 416 378 355 178 392 239 31 407 153
1 3 22
62 472 237 213 29 37 177 207 41 265 50 94 120 242 287 318 198 416 426 197 295 19
1 3 22
317 97 371 290 349 380 90 281 158 291 246 157 46 162 164 310 182 120 75 2 292 454
1 3 21
472 265 50 229 418 130 195 109 28 480 495 350 456 482 18 178 190 201 1 259 240
1 23 3
361 254 155
1 4 16
389 230 66 206 167 314 69 497 172 424 447 144 461 392 207 104
1 4 18
71 81 454 5 138 60 285 492 64 493 83 498 355 181 26 235 370 146
1 8 8
423 114 135 356 484 189 381 321
1 3 23
499 4 422 159 229 389 406 201 258 464 98 272 368 74 413 231 383 152 289 402 172 429 356
1 3 25
334 421 78 157 1 459 271 162 336 155 167 72 484 207 134 189 387 13 169 215 17 15 294 166 28
1 3 25
430 303 85 414 326 135 39 191 34 172 216 350 154 356 79 311 199 76 473 86 387 426 273 453 321
1 21 2
197 451
1 9 7
235 346 92 353 91 442 84
1 6 11
456 67 379 167 299 118 359 413 293 15 398
1 5 13
423 96 190 420 239 452 246 438 105 122 399 150 142
1 3 24
243 107 414 148 152 465 182 173 201 206 57 196 105 53 380 285 73 479 222 21 307 11 133 353
1 3 24
414 130 402 389 330 476 275 145 37 102 363 265 295 364 300 8 444 158 35 174 149 288 44 237
1 5 12
23 492 461 153 282 385 393 94 223 388 318 115
1 5 13
56 404 463 16 282 92 372 301 166 491 152 99 245
1 3 23
427 390 218 127 366 105 57 78 294 436 357 363 391 118 149 178 68 344 337 20 497 332 351
1 4 13
452 113 477 288 258 71 97 118 248 293 213 436 168
1 8 9
466 57 79 320 8 295 292 348 46
1 22 3
260 300 107
1 13 5
120 12 91 67 251
1 7 5
365 201 340 426 275
1 4 17
349 412 59 145 401 120 208 182 28 114 194 346 464 391 215 428 343
1 5 14
116 374 371 476 240 215 139 175 121 146 238 303 93 191
1 3 25
301 309 23 311 371 404 326 64 201 297 38 485 239 183 240 408 495 178 479 22 127 425 451 103 383
1 6 11
240 17 96 406 465 234 256 447 173 60 142
1 6 12
394 288 435 10 28 425 214 454 239 98 30 339
1 3 20
496 14 389 0 166 176 182 490 478 232 364 350 100 319 400 103 62 380 113 290
1 5 11
263 30 216 153 4 319 499 356 381 180 254
1 3 23
221 364 179 486 269 123 225 331 237 181 474 21 481 47 218 178 81 24 27 50 80 206 6
1 9 6
218 332 356 29 123 150
1 7 9
126 73 135 24 160 478 382 291 290
1 4 18
254 351 97 110 118 346 361 60 275 356 271 93 285 200 450 326 185 461
1 32 2
216 385
1 12 5
2 32 291 206 166
1 4 19
493 410 435 464 6 165 241 216 116 24 288 391 378 45 178 98 255 69 106
1 4 17
254 421 418 288 104 103 441 430 332 218 365 181 258 299 109 198 3
1 4 19
444 341 158 164 93 219 196 65 448 122 451 369 351 87 282 44 472 80 455
1 6 12
461 258 401 106 111 235 232 289 179 298 181 457
1 4 16
74 182 104 467 403 91 201 95 217 146 350 183 424 461 129 380
1 6 11
359 399 273 173 381 378 427 157 389 137 261
1 5 14
411 32 257 21 270 360 454 39 191 120 127 233 260 364
1 3 21
446 231 147 25 475 97 215 333 482 358 159 266 419 57 295 217 137 297 453 68 196
1 3 24
251 157 391 431 270 5 43 192 441 219 268 306 199 442 209 158 131 280 107 170 264 409 482 128
1 16 4
346 198 474 167
1 3 22
442 413 94 202 185 312 342 277 233 200 51 40 318 249 220 248 93 147 314 62 29 356
1 3 25
54 213 390 288 144 106 130 278 387 456 372 448 321 176 76 123 199 241 83 383 206 138 63 328 422
1 5 13
355 463 216 188 97 362 487 387 106 195 309 388 110
1 3 19
369 437 97 310 48 5 450 495 320 327 475 289 358 220 221 406 313 368 464
1 4 16
193 120 171 323 119 335 81 492 138 410 247 97 15 350 0 287
1 6 12
255 212 386 337 218 22 134 383 330 57 74 98
1 3 25
311 89 360 206 411 283 441 492 169 244 216 436 345 52 251 413 92 211 279 396 237 323 460 254 432
1 2 25
62 382 219 179 256 200 484 442 301 498 199 127 69 470 186 404 364 27 4 447 153 227 225 434 340
1 4 20
20 387 285 95 410 46 279 433 384 298 35 477 18 489 175 271 243 2 24 346
1 5 15
132 236 218 357 72 279 429 387 170 311 59 308 435 77 249
1 8 9
120 476 333 163 223 52 19 61 345
1 3 25
199 26 183 177 483 413 89 266 381 141 341 255 451 56 285 166 244 159 90 179 171 149 262 197 314
1 18 3
131 215 46
1 9 8
487 342 371 363 151 308 207 217
1 5 16
254 358 215 381 484 63 29 122 258 155 438 227 373 158 313 457
1 5 15
453 397 140 458 327 21 86 110 341 84 497 366 300 67 153
1 8 9
338 350 343 322 129 234 364 436 18
1 4 16
109 238 152 255 458 447 286 202 70 243 285 166 80 154 99 156
1 4 16
1 174 116 115 344 8 281 347 372 465 497 64 248 495 73 337
1 9 6
373 137 327 205 389 131
1 5 14
491 82 39 142 41 215 119 472 332 347 350 448 223 17
1 3 25
483 373 236 333 493 23 229 101 242 71 365 391 303 202 276 295 469 132 173 186 232 222 412 487 308
1 4 16
239 146 62 307 408 426 357 163 319 194 443 466 156 259 230 219
1 5 13
268 273 123 173 317 378 418 372 83 207 159 370 436
1 31 2
454 496
1 3 23
119 196 53 481 205 129 400 130 26 5 150 324 217 409 447 453 120 250 154 311 251 142 373
1 11 6
158 373 149 414 99 405
1 4 18
386 253 176 48 17 483 141 146 60 57 207 76 368 79 169 373 36 329
1 3 25
235 159 88 244 497 389 144 7 353 435 395 461 319 462 443 14 249 398 454 143 120 126 477 172 169
1 16 4
27 172 99 103
1 6 11
121 111 283 465 14 434 355 342 370 211 59
1 4 16
213 321 60 236 465 400 384 157 46 496 379 423 316 327 89 280
1 6 12
314 264 100 474 374 396 322 300 109 212 131 436
1 3 22
4 189 50 223 35 179 57 6 482 403 163 373 294 220 309 53 496 7 488 30 235 90
1 3 22
313 56 179 95 353 277 411 263 330 472 160 332 218 296 429 34 190 392 52 434 117 57
1 5 14
187 358 9 340 315 150 165 412 229 70 66 161 65 357
1 18 4
238 73 371 430
1 8 9
208 496 1 308 175 27 256 94 306
1 3 22
2 157 155 385 7 173 237 462 193 252 161 107 381 413 447 308 115 80 94 135 126 473
1 16 4
43 151 85 235
1 6 12
203 80 72 444 390 22 216 384 474 50 293 478
1 3 19
429 111 207 415 124 115 360 446 485 87 392 229 483 132 38 439 159 272 262
1 4 17
104 66 106 16 374 288 213 347 169 414 367 290 363 470 364 304 205
1 4 17
492 333 161 26 318 151 157 169 395 139 177 193 64 451 264 214 74
1 4 18
201 261 229 6 246 186 264 46 287 386 276 494 347 101 330 135 191 455
1 4 16
60 245 31 307 411 371 316 364 265 51 233 273 276 384 350 443
1 3 25
328 247 432 489 243 21 163 487 335 59 25 375 105 122 104 352 139 257 457 467 388 43 273 348 355
1 5 10
267 471 448 254 272 402 344 223 78 248
1 4 16
254 68 464 468 154 227 142 463 384 156 480 391 361 486 376 49
1 12 5
164 25 499 247 335
1 12 6
371 398 310 405 327 91
1 16 5
434 283 352 141 461
1 30 2
97 196
1 4 17
392 302 360 324 407 198 245 44 473 370 453 236 401 126 312 107 393
1 7 9
42 240 10 94 33 89 173 163 226
1 4 18
422 259 146 440 426 190 361 107 434 362 193 78 374 314 302 397 467 98
1 4 14
159 467 349 105 5 284 268 125 365 402 440 112 288 181
1 4 19
362 469 271 137 382 157 400 491 226 202 206 108 395 283 208 179 0 402 7
1 3 25
274 450 119 393 488 464 49 206 456 229 301 220 116 120 438 409 155 11 324 221 365 93 268 87 234
1 3 21
240 320 385 317 221 229 42 291 6 99 117 158 272 393 468 170 284 37 283 140 179
1 7 11
196 55 225 201 53 258 75 81 439 424 119
1 5 16
234 407 166 129 421 114 450 102 276 434 139 57 235 342 254 213
1 3 25
329 394 156 108 443 465 165 448 423 489 415 151 403 244 293 70 63 464 231 298 365 243 418 347 119
1 5 13
18 466 337 370 21 354 284 45 183 78 328 173 130
1 6 12
241 25 283 451 38 402 349 11 215 263 346 490
1 12 6
1 97 161 202 214 102
1 17 2
71 22
1 5 12
194 425 96 346 232 472 126 390 143 363 410 473
1 7 10
173 148 262 404 338 80 447 332 112 463
1 10 7
446 380 271 410 495 219 240
1 3 22
88 257 472 492 412 464 291 27 6 36 98 399 343 265 329 135 481 414 13 456 15 62
1 7 10
189 304 348 210 484 457 459 8 206 390
1 3 24
224 411 42 19 392 98 140 189 401 168 136 306 91 386 122 318 297 372 473 405 362 426 44 9
1 3 21
274 166 184 158 168 211 164 24 147 310 61 394 352 465 364 104 487 191 278 455 275
1 4 18
328 107 165 147 174 263 413 295 148 91 444 79 31 7 194 168 316 407
1 11 6
126 356 132 398 212 407
1 12 4
88 487 86 408
1 6 12
187 385 83 181 436 247 434 432 161 449 335 15
1 3 25
163 286 284 301 402 103 124 451 293 225 230 287 116 295 173 434 133 176 64 281 138 499 410 396 358
1 7 11
78 350 463 413 348 32 79 91 196 42 2
1 5 13
136 53 104 396 86 7 304 400 425 317 233 338 130
1 7 11
86 103 80 312 244 5 336 449 331 362 17
1 5 14
424 94 191 91 28 132 267 367 155 440 331 67 74 398
1 4 19
411 83 451 57 471 448 27 33 347 227 466 490 334 308 99 214 286 401 498
1 5 15
177 319 213 472 28 378 89 198 356 448 110 188 208 128 186
1 30 2
115 497
1 4 16
142 360 152 190 35 402 206 237 26 133 425 454 337 466 201 191
1 4 13
460 97 89 15 265 495 116 113 266 162 186 337 48
1 4 19
420 438 270 196 445 367 456 396 127 124 202 149 225 152 333 95 426 294 42
1 3 21
168 348 88 365 332 31 346 152 48 47 415 179 462 30 483 395 248 329 393 90 125
1 7 11
314 467 254 433 428 331 74 216 483 130 54
1 18 4
63 350 274 270
1 3 23
364 202 330 270 436 206 101 204 215 197 246 451 255 415 403 65 123 15 13 91 243 257 122
1 5 14
207 309 108 318 67 56 231 476 470 203 40 226 63 457
1 3 22
187 272 228 301 320 110 213 363 30 418 476 71 429 374 489 224 434 349 296 88 298 277
1 9 7
49 442 471 78 182 178 87
1 4 19
470 85 169 451 5 398 40 498 400 221 342 345 106 191 331 3 484 315 434
1 8 9
381 2 239 263 88 81 255 342 138
1 3 24
245 210 13 309 347 249 444 483 351 420 479 206 219 58 11 55 42 94 285 292 481 362 305 269
1 3 25
274 231 402 322 417 297 28 460 58 464 391 62 365 40 385 277 355 13 269 117 156 15 121 71 103
1 13 5
222 294 63 368 245
1 9 7
485 451 324 82 199 371 443
1 3 20
289 415 157 189 411 414 62 282 237 64 129 473 364 207 34 488 36 361 362 455
1 11 7
101 103 196 127 415 428 478
1 5 15
361 25 19 373 43 206 338 188 105 50 317 146 252 215 249
1 15 4
214 121 98 291
1 7 11
266 103 405 490 194 10 422 147 489 360 469
1 12 6
474 228 425 477 381 202
1 4 15
442 448 91 104 280 465 365 182 156 476 183 203 262 414 342
1 8 10
185 248 373 99 136 341 57 106 311 394
1 7 10
250 52 367 252 397 227 133 145 65 329
1 7 10
447 61 230 133 332 481 253 435 475 329
1 12 4
353 136 379 230
1 3 21
319 102 216 397 44 206 41 8 258 68 241 27 240 73 237 292 190 416 378 286 242
1 5 12
22 458 442 28 7 139 63 88 143 325 452 352
1 3 21
143 325 203 415 220 353 15 228 145 214 424 154 53 375 138 1 386 433 273 87 46
1 27 2
399 430
1 3 22
477 401 55 295 250 311 368 169 53 213 367 6 133 392 29 13 8 459 197 33 235 21
1 13 6
208 424 391 473 24 19
1 4 12
418 71 153 442 465 445 315 41 286 176 49 297
1 29 2
175 156
1 3 25
469 495 40 133 124 34 3 147 26 240 371 130 373 171 227 462 198 91 294 326 210 486 94 118 163
1 4 18
59 322 122 38 416 230 209 189 6 64 151 410 395 298 446 376 1 372
1 10 7
254 13 487 187 371 344 67
1 3 22
406 139 234 373 156 113 257 103 342 54 431 130 399 63 499 128 390 438 2 266 85 175
1 3 21
57 203 55 13 266 333 45 99 200 157 270 415 431 422 73 248 489 487 295 161 371
1 5 13
252 126 229 137 152 335 340 175 331 301 423 461 385
1 3 24
434 113 87 182 407 403 447 55 164 153 222 194 173 285 138 197 306 389 114 142 102 354 188 452
1 15 4
296 456 272 357
1 4 18
349 83 3 296 370 486 404 230 228 283 361 360 21 466 220 456 431 439
1 7 8
232 79 186 332 122 440 346 479
1 5 14
381 377 289 424 413 493 325 59 444 100 382 55 448 338
1 17 3
145 385 283
1 4 17
396 54 265 258 160 237 306 135 11 376 55 308 28 452 487 365 448
1 5 13
352 271 162 134 36 73 435 396 383 329 175 149 123
1 3 25
260 206 52 214 320 144 290 263 33 2 474 271 102 252 426 202 398 340 186 223 429 441 296 194 331
1 4 18
229 488 125 149 141 275 206 321 299 249 251 164 196 365 483 35 472 223
1 15 4
290 280 52 293
1 15 5
331 289 311 388 19
1 3 20
428 100 47 56 112 486 473 442 353 195 67 343 26 270 253 161 17 14 103 126
1 15 5
255 185 106 228 380
1 3 21
417 488 4 253 254 94 25 56 364 304 139 62 290 404 282 148 407 196 152 90 113
1 4 17
456 352 388 45 435 177 452 117 206 33 440 482 65 376 459 374 6
1 3 24
136 133 51 110 485 366 24 318 492 329 68 447 378 373 406 195 145 347 379 396 84 432 30 100
1 10 6
122 87 35 16 138 439
1 4 16
246 376 327 161 89 181 298 113 350 224 447 295 335 141 254 278
1 14 5
266 429 361 259 369
1 4 19
70 313 33 360 286 428 40 18 472 35 346 474 92 153 425 458 290 29 10
1 3 20
457 478 27 274 480 59 30 420 136 17 56 176 433 104 174 409 100 237 69 251
1 5 15
337 375 322 414 50 391 357 390 230 313 30 180 382 135 80
1 8 7
71 96 221 447 48 178 358
1 5 13
258 314 407 146 366 395 377 39 457 204 178 318 462
1 4 17
377 331 395 44 444 387 327 227 236 443 251 65 209 291 383 110 146
1 3 23
69 111 408 169 338 266 490 115 131 215 14 437 413 255 121 256 375 11 199 452 249 288 35
1 5 13
141 418 157 282 167 53 14 341 178 18 303 274 259
1 4 19
71 67 134 456 156 54 96 466 162 223 97 1 492 68 207 416 38 31 75
1 4 16
319 156 363 286 166 436 393 153 10 266 210 43 64 413 347 26
1 3 22
139 447 491 66 282 434 306 90 314 416 56 232 357 474 335 344 157 422 91 384 363 262
1 5 15
421 351 427 265 163 437 412 153 232 236 59 63 448 319 413
1 10 6
96 142 446 445 69 137
1 7 11
95 211 462 89 30 453 196 248 194 62 73
1 5 14
387 17 172 415 351 498 369 347 331 223 458 53 405 175
1 17 3
388 336 148
1 6 11
262 436 467 179 157 242 373 315 95 116 0
1 3 24
440 296 244 252 131 96 460 192 483 70 142 354 420 320 120 355 431 258 424 16 98 118 352 182
1 7 10
375 393 110 346 185 419 15 286 451 177
1 7 5
32 256 449 324 0
1 7 9
444 205 387 234 245 147 195 193 150
1 3 20
54 242 199 233 356 337 170 262 389 243 422 238 441 16 383 348 482 327 321 137
1 3 21
443 496 145 184 409 372 334 441 19 37 87 120 226 48 259 314 439 353 395 432 434
1 6 13
3 243 350 157 193 348 485 352 15 345 191 36 214
1 4 15
90 124 460 346 158 275 101 233 166 62 178 359 169 63 378
1 7 11
135 79 353 415 54 253 196 74 101 257 213
1 4 17
159 145 351 224 398 111 156 467 46 52 319 329 265 234 472 236 5
1 12 5
345 395 28 258 154
1 14 5
234 66 129 457 314
1 24 3
141 162 75
1 3 24
72 139 55 177 451 141 351 88 301 256 0 60 115 339 146 118 344 448 333 246 64 325 426 461
1 6 12
254 103 405 363 495 108 402 329 376 242 382 281
1 5 14
296 247 178 479 358 312 72 238 109 56 412 17 171 382
1 8 8
487 32 59 395 429 114 99 162
1 7 7
384 20 85 127 47 211 395
1 13 5
39 17 52 440 70
1 4 18
331 99 309 82 203 297 413 149 11 200 193 498 8 472 231 336 182 189
1 14 3
121 271 449
1 3 23
265 58 476 293 395 255 384 20 81 182 253 9 351 378 460 323 245 456 357 349 421 127 97
1 3 23
198 75 409 297 315 338 135 55 158 455 471 429 369 430 347 376 361 16 476 411 360 187 157
1 4 15
183 169 59 44 422 232 1 17 399 332 38 176 111 189 368
1 8 9
100 149 190 325 240 251 350 486 437
1 3 25
137 44 408 185 311 433 414 483 324 413 497 394 79 25 251 259 60 51 407 278 281 338 233 23 325
1 3 23
348 462 140 62 23 447 171 224 308 55 139 340 101 379 261 138 89 79 476 222 484 392 8
1 12 5
467 383 42 338 482
1 3 25
272 4 216 316 394 388 337 416 168 200 276 33 63 408 249 195 290 28 313 15 331 301 498 251 280
1 3 25
103 499 437 101 69 42 291 21 167 197 406 452 120 162 323 150 478 328 496 210 392 444 333 81 41
1 6 9
68 102 420 418 482 381 88 85 21
1 4 15
235 44 332 101 492 158 415 451 122 348 240 168 358 161 93
1 7 11
5 458 103 236 335 309 453 490 435 281 126
1 6 13
96 395 431 305 286 297 135 50 279 391 284 152 136
1 11 7
315 435 132 3 411 111 74
1 4 16
294 68 38 254 97 118 429 308 51 149 276 270 105 91 45 325
1 30 2
221 314
1 32 2
323 193
1 11 7
383 218 100 329 98 196 491
1 9 8
414 158 314 366 152 420 73 300
1 3 23
277 110 37 441 105 108 224 175 271 286 499 394 386 118 361 198 148 172 414 202 117 207 480
1 3 22
345 159 191 405 420 308 238 61 257 30 389 145 334 317 293 110 153 67 387 63 247 310
1 19 2
363 317
1 4 19
112 27 253 317 452 144 474 18 12 395 387 431 270 167 479 172 104 109 391
1 3 20
467 91 156 138 490 305 26 460 260 489 79 164 112 393 55 98 126 340 344 94
1 3 21
298 54 269 498 484 264 96 418 467 245 180 197 399 41 299 451 483 27 382 186 282
1 3 21
339 98 254 78 263 92 488 441 182 490 52 255 129 82 443 396 188 415 421 104 376
1 8 9
225 354 419 56 54 341 132 499 412
1 10 7
471 306 246 157 387 279 368
1 3 20
205 93 378 376 152 423 337 177 102 270 453 409 399 240 429 221 33 388 308 0
1 10 6
23 381 230 466 403 182
1 3 21
173 221 92 176 138 299 311 153 154 19 104 457 397 23 124 483 179 365 267 351 313
1 3 22
410 332 429 263 257 175 350 85 461 234 310 103 467 252 201 20 387 11 318 189 493 330
1 11 6
37 262 186 474 321 266
1 3 23
99 0 367 461 422 389 80 41 249 326 79 92 212 211 398 307 61 445 424 489 254 278 293
1 3 20
139 377 478 50 52 466 272 0 146 361 54 218 3 494 110 302 448 483 194 199
1 8 9
276 11 364 330 459 417 170 344 100
1 3 24
64 79 144 260 268 329 378 69 119 294 182 448 314 195 470 400 77 286 175 87 323 359 430 433
1 6 11
146 238 202 306 271 444 228 326 64 30 354
1 3 20
178 424 377 36 185 49 124 169 177 226 240 232 234 242 45 100 282 382 357 225
1 15 5
103 215 209 235 65
1 3 24
388 275 497 363 37 232 160 441 171 192 359 231 378 260 6 278 221 92 465 407 310 491 309 499
1 4 19
187 72 87 270 238 426 470 331 63 496 236 388 302 197 375 70 422 79 182
1 3 19
250 192 84 96 111 460 406 176 17 204 394 401 220 246 183 144 46 31 321
1 8 9
166 99 304 492 0 490 442 88 236
1 6 11
270 178 420 439 14 446 85 214 414 262 383
1 4 20
215 351 52 474 30 255 349 381 141 39 53 409 317 44 249 279 299 188 85 206
1 4 19
299 142 356 83 331 161 101 377 442 271 475 397 427 75 301 230 452 355 282
1 15 2
241 484
1 4 19
66 164 253 52 37 162 353 212 346 492 113 121 269 11 454 63 182 448 304
1 12 2
71 227
1 6 12
236 5 279 328 64 123 142 422 292 470 148 419
1 2 25
347 129 182 300 133 443 421 145 385 265 43 138 22 207 263 360 317 52 336 131 12 197 435 220 478
1 16 2
307 375
1 9 8
73 131 475 253 496 175 231 110
1 4 15
209 495 363 336 348 364 104 254 247 292 401 400 353 158 431
1 8 9
289 328 273 180 244 278 467 248 382
1 5 14
229 281 440 431 494 92 468 368 282 223 231 293 381 203
1 6 7
18 49 304 328 463 51 449
1 9 8
70 351 383 363 166 176 334 23
1 3 21
133 242 219 10 247 298 263 429 354 63 447 331 198 391 123 339 482 164 270 260 235
1 8 9
496 484 180 107 199 149 244 3 293
1 9 8
245 379 105 478 291 303 433 491
1 7 8
469 117 457 7 249 156 96 494
1 4 20
471 87 485 438 44 98 494 167 376 147 484 91 137 318 97 477 213 488 20 208
1 3 22
34 252 260 172 62 39 12 94 82 420 369 490 398 400 253 382 242 125 406 246 212 345
1 8 9
395 36 167 196 110 402 59 385 360
1 4 18
468 32 53 36 368 441 280 349 383 183 471 175 105 22 81 323 180 34
1 2 24
27 71 412 157 403 349 49 150 274 154 226 283 273 62 138 139 319 136 86 231 240 190 338 290
1 3 21
277 477 259 396 463 431 419 93 75 485 66 188 124 128 95 353 301 336 458 148 444
1 9 8
499 459 211 428 356 146 461 289
1 5 15
33 494 318 45 270 81 303 228 280 367 236 10 327 115 213
1 4 17
465 200 277 225 436 463 324 81 329 453 366 261 197 65 297 367 205
1 3 18
353 142 387 150 497 453 43 178 135 137 245 151 62 471 422 297 118 410
1 19 4
184 339 361 156
1 9 6
337 84 319 181 270 355
1 3 25
171 470 95 305 76 234 159 56 498 104 252 453 482 336 173 354 125 421 412 115 148 228 400 109 1
1 18 3
46 437 478
1 5 15
111 389 1 361 387 99 175 101 419 296 445 114 95 336 354
1 11 6
134 425 367 264 421 229
1 7 9
68 186 135 191 48 436 421 329 286
1 11 7
468 233 303 426 432 366 300
1 8 8
324 436 362 269 344 49 293 312
1 9 8
305 192 455 34 268 171 51 205
1 13 6
487 225 253 164 459 113
1 15 5
255 457 81 311 286
1 3 24
467 1 73 237 388 357 213 268 166 428 210 140 437 66 327 160 320 156 387 47 375 329 188 247
1 15 3
298 372 239
1 8 9
181 11 148 467 48 80 219 496 401
1 5 15
403 289 450 328 212 376 359 46 101 148 97 293 59 243 48
1 3 25
320 396 219 16 294 334 470 244 53 196 23 251 342 59 189 477 4 116 71 403 97 340 415 363 478
1 4 19
127 206 65 161 458 281 258 152 451 44 4 477 180 360 97 253 223 338 3
1 4 18
436 206 398 252 181 150 13 434 471 104 32 77 391 233 417 216 110 15
1 5 11
494 44 6 452 30 365 162 62 4 72 116
1 12 5
398 412 223 253 43
1 4 16
45 499 325 262 274 337 289 203 428 16 157 133 415 154 317 423
1 12 4
221 437 55 473
1 5 13
424 382 34 175 49 328 106 452 110 33 84 467 486
1 9 8
202 377 477 490 248 45 359 240
1 5 13
135 444 226 28 338 186 16 195 64 397 349 440 223
1 3 22
291 278 11 100 250 72 390 465 42 440 184 135 20 150 277 113 327 129 403 109 63 94
1 4 16
198 37 62 381 204 147 410 145 372 461 208 79 478 189 455 470
1 22 3
397 34 58
1 12 5
415 60 389 254 166
1 3 19
174 305 1 435 309 226 250 378 175 481 475 171 439 347 106 300 355 285 359
1 9 7
206 485 423 6 390 408 410
1 4 17
345 233 375 303 109 418 306 235 24 422 160 226 54 290 449 55 398
1 12 6
499 102 52 278 111 371
1 5 14
443 166 56 123 425 4 231 327 272 240 286 450 472 330
1 3 25
428 462 93 472 230 192 407 53 400 167 191 331 139 406 365 287 165 177 153 144 466 193 494 131 235
1 4 17
93 31 249 176 359 362 391 478 464 122 390 191 52 178 427 107 448
1 8 9
395 468 75 169 420 203 264 459 161
1 3 20
0 460 34 431 425 125 235 226 64 271 217 67 168 44 342 369 111 325 332 382
1 25 2
355 265
1 18 4
57 214 183 339
1 4 16
429 210 307 119 86 72 85 80 168 116 346 486 279 90 466 355
1 5 13
264 395 5 409 166 431 330 145 332 464 164 285 344
1 4 17
347 276 423 323 465 358 425 202 60 291 363 4 205 361 145 110 197
1 4 18
445 101 39 109 181 169 124 447 380 395 50 103 230 284 462 294 377 483
1 5 13
380 151 445 420 485 92 205 135 75 454 443 468 351
1 3 24
54 225 356 314 52 395 63 288 466 420 351 376 188 19 115 437 24 23 468 386 454 57 404 441
1 3 20
29 475 390 94 337 241 285 373 39 178 119 234 461 93 107 444 308 70 26 272
1 5 15
494 253 51 468 138 465 170 216 46 94 472 184 268 333 327
1 10 6
179 66 439 200 475 171
1 4 19
223 303 146 471 52 175 315 274 24 394 420 286 407 105 333 224 1 101 337
1 4 17
241 466 187 28 43 167 302 464 494 409 389 384 124 380 290 52 423
1 13 5
146 25 266 373 350
1 5 13
145 214 429 227 480 184 293 90 377 380 444 71 153
1 7 9
29 175 418 341 493 439 158 489 431
1 3 19
37 262 187 111 379 393 492 471 267 232 112 169 210 221 333 158 211 114 23
1 17 2
163 97
1 6 11
95 221 214 425 175 426 10 141 148 277 106
1 3 22
53 285 400 440 81 222 405 314 239 437 343 421 180 111 104 395 442 381 286 233 129 246
1 3 22
454 398 363 121 126 119 455 115 451 281 110 240 147 128 443 291 350 107 329 232 209 220
1 8 8
407 477 45 382 295 368 276 198
1 3 20
138 377 463 380 85 171 252 493 141 440 435 302 137 71 346 393 293 206 25 396
1 4 18
25 448 11 327 66 405 409 212 484 356 214 158 151 458 308 51 55 20
1 6 11
404 347 128 485 379 339 209 367 499 290 354
1 7 10
250 281 373 18 355 216 11 209 360 140
1 6 12
78 163 215 282 74 421 194 476 491 240 321 4
1 5 13
348 427 285 53 7 304 150 63 474 12 258 485 409
1 3 25
208 111 149 213 90 347 185 94 325 17 499 223 154 331 489 327 314 486 8 454 370 472 107 138 274
1 6 12
47 275 498 323 66 199 327 36 215 269 363 111
1 18 4
361 177 102 28
1 5 13
344 410 246 150 278 327 77 310 2 331 409 169 134
1 4 15
3 268 312 480 217 354 297 161 294 471 164 67 256 497 296
1 4 18
376 345 272 74 182 464 433 314 193 231 466 4 168 413 209 487 17 367
1 4 16
409 461 222 476 368 316 92 94 147 81 51 301 4 244 323 8
1 6 9
309 447 273 424 237 476 244 134 299
1 15 5
206 57 56 100 36
1 4 19
267 464 432 248 110 287 438 193 347 348 279 280 454 126 127 79 475 76 114
1 6 10
176 227 335 92 192 5 357 487 249 84
1 4 16
498 99 320 344 199 275 157 394 449 132 48 164 342 297 51 116
1 8 9
224 465 165 394 385 140 476 86 277
1 6 10
423 431 298 56 147 135 10 312 52 455
1 31 2
409 225
1 6 12
407 456 252 38 139 306 443 149 106 110 488 409
1 13 5
123 22 311 208 321
1 3 22
5 456 109 157 399 492 36 76 309 83 389 135 297 175 151 279 301 34 319 91 149 123
1 3 25
416 84 296 369 268 14 13 161 204 233 301 217 65 48 473 251 383 402 302 270 478 108 434 191 92
1 8 7
138 275 140 50 161 85 422
1 6 10
450 432 83 395 86 191 379 225 24 27
1 3 21
296 153 484 115 244 292 245 57 301 83 249 103 492 2 138 30 125 242 32 23 106
1 6 12
383 66 200 378 80 26 260 134 36 299 462 100
1 9 6
106 454 334 156 481 176
1 3 22
400 138 470 174 313 97 487 42 83 173 181 274 15 399 213 21 334 126 291 243 18 495
1 3 25
277 24 491 420 143 354 74 286 102 181 451 464 302 446 64 440 188 385 2 316 317 373 482 427 163
1 3 24
453 385 481 201 298 152 182 423 324 349 4 444 438 270 320 160 76 348 316 140 223 403 239 211
1 16 4
322 303 250 265
1 4 16
154 94 239 164 393 409 209 317 153 114 468 457 377 176 467 492
1 3 20
376 64 26 365 14 321 255 383 424 493 349 83 56 307 59 353 118 40 343 244
1 8 8
293 70 221 234 401 471 62 447
1 7 10
93 352 424 438 10 65 0 339 100 278
1 12 5
448 183 461 333 142
1 3 24
86 195 495 269 435 5 466 429 160 424 36 458 428 265 352 380 256 440 303 470 321 219 477 49
1 5 15
298 314 403 474 21 20 108 243 119 106 147 294 214 174 478
1 3 25
24 106 230 280 7 222 8 69 159 235 3 194 441 433 496 11 438 192 298 385 216 250 417 409 403
1 4 16
484 378 326 238 42 7 114 487 424 143 91 122 137 322 60 418
1 22 3
380 315 403
1 3 24
219 485 76 445 466 494 240 209 183 434 109 410 354 258 120 115 337 389 281 370 158 129 420 351
1 18 3
119 113 108
1 7 9
286 32 164 280 5 68 370 288 44
1 9 7
383 90 430 377 497 380 339
1 5 14
269 462 499 432 339 85 265 419 435 378 275 331 28 496
1 5 13
267 46 366 428 138 239 411 324 223 398 335 29 40
1 6 13
26 278 27 484 428 97 194 420 177 396 141 429 218
1 4 14
274 288 334 150 481 358 337 475 290 118 230 267 426 369
1 5 13
416 46 280 58 100 170 368 222 68 161 362 423 212
1 5 14
42 407 432 247 409 196 102 295 228 472 140 56 64 388
1 4 19
196 19 253 21 121 338 151 318 136 94 487 384 231 458 212 77 252 290 26
1 4 17
166 67 162 310 345 224 383 321 251 298 171 134 319 90 87 121 346
1 3 21
219 274 164 5 272 434 188 171 160 179 419 248 455 300 466 314 331 243 458 442 256
1 8 9
144 68 103 493 225 275 24 318 223
1 4 16
476 380 249 347 344 460 82 485 160 382 176 341 441 286 394 59
1 12 6
454 158 391 280 294 471
1 5 13
263 333 223 343 379 106 362 234 142 191 382 421 187
1 9 8
107 161 430 19 386 357 295 314
1 13 5
219 142 446 294 224
1 3 19
30 287 317 241 282 154 140 106 405 36 321 410 337 401 443 466 130 453 461
1 5 15
397 291 66 82 438 166 77 81 217 457 315 220 420 357 125
1 8 9
422 487 267 130 419 103 203 273 256
1 3 25
475 416 395 25 279 393 444 399 104 344 481 87 339 92 350 109 295 456 118 119 491 174 426 10 259
1 12 6
353 490 370 176 374 108
1 5 14
371 280 312 393 214 299 199 150 188 132 198 427 73 330
1 10 5
49 50 66 343 372
1 6 12
3 18 207 126 72 409 384 68 93 19 134 492
1 4 19
408 357 221 292 235 7 40 166 291 465 254 358 267 468 219 248 296 231 320
1 9 8
279 90 340 23 75 326 0 494
1 5 13
87 352 166 433 123 246 51 472 14 239 140 26 10
1 4 18
71 58 26 130 96 92 470 452 12 310 156 431 39 448 300 306 179 204
1 4 19
423 210 331 141 462 280 92 244 352 136 240 388 108 51 289 361 389 69 338
1 7 9
315 392 425 341 235 485 386 206 124
1 3 25
221 492 148 488 112 187 289 123 434 429 360 495 168 157 204 56 468 120 141 294 131 69 272 375 154
1 6 11
194 412 189 89 277 159 359 454 446 23 423
1 5 13
224 135 182 45 91 112 401 160 346 26 185 62 357
1 4 18
214 227 454 239 13 432 269 372 474 124 12 319 164 40 406 423 477 446
1 5 13
425 362 132 40 43 160 317 226 452 326 196 169 118
1 3 24
103 360 464 213 176 57 48 330 202 134 99 119 222 278 468 346 281 448 45 162 41 252 444 433
1 15 5
331 196 450 384 489
1 5 13
328 201 489 39 316 9 0 388 461 198 236 186 411
1 3 25
10 331 393 270 292 111 389 492 108 229 216 447 13 273 115 20 192 257 329 67 351 445 429 253 493
1 2 24
489 168 193 153 10 381 288 463 291 269 392 374 105 190 400 393 334 112 451 458 316 133 261 284
1 4 16
421 210 402 111 103 283 93 452 390 191 374 156 145 135 157 43
1 14 5
370 64 249 213 240
1 4 17
344 91 75 8 333 392 291 148 179 487 24 186 65 207 427 443 59
1 4 17
69 155 234 376 42 119 22 289 259 190 147 198 220 5 28 102 373
1 3 22
398 20 296 323 277 223 218 36 269 494 103 272 215 384 423 153 16 70 15 59 9 298
1 3 22
278 414 129 116 1 201 194 339 360 157 260 479 454 153 398 431 132 214 180 492 473 158
1 12 5
27 372 225 311 432
1 38 2
208 98
1 3 20
453 87 373 279 291 441 207 370 375 326 221 160 384 217 233 478 129 464 51 317
1 7 10
434 151 14 195 82 113 303 133 139 483
1 4 17
499 408 494 127 220 348 257 72 346 293 196 349 157 270 35 7 139
1 7 7
51 160 77 60 309 99 333
1 3 24
372 228 448 63 73 13 129 244 496 249 101 359 312 333 60 9 237 351 7 454 96 4 322 260
1 5 14
39 23 215 380 477 119 362 484 324 316 342 159 353 191
1 6 12
289 328 188 324 332 384 78 97 218 144 278 283
1 3 20
327 216 217 267 35 214 383 7 240 497 112 313 42 392 13 181 82 280 353 478
1 23 2
417 188
1 8 8
390 377 359 54 39 6 101 366
1 15 3
256 65 295
1 6 12
393 438 385 10 59 305 408 20 128 431 485 5
1 4 16
400 441 166 138 228 60 444 73 93 158 357 436 70 163 125 304
1 3 19
421 26 406 432 466 67 82 219 65 32 151 158 41 480 58 78 273 354 290
1 15 4
172 211 456 413
1 12 5
49 403 376 463 486
1 5 15
459 338 402 279 164 472 363 314 283 298 197 2 54 344 9
1 3 25
300 305 441 36 122 336 165 163 107 343 307 341 381 451 399 384 289 375 218 80 235 153 286 314 396
1 3 21
94 133 394 267 389 441 322 31 286 63 284 19 269 217 129 385 351 33 248 362 438
1 17 3
381 48 272
1 20 3
106 165 197
1 3 21
451 222 50 399 34 420 328 210 132 267 67 91 208 107 174 157 265 140 223 395 60
1 21 3
129 439 392
1 25 2
292 18
1 3 21
274 421 133 77 475 499 398 184 477 251 484 182 4 55 459 337 165 227 115 388 311
1 3 25
386 266 133 33 264 423 165 319 194 233 329 272 246 209 98 468 87 99 428 487 61 47 155 453 31
1 6 12
34 76 67 26 39 243 2 297 70 135 254 61
1 13 5
456 114 264 232 103
1 4 17
303 183 369 143 271 107 368 53 120 19 264 272 223 166 386 172 413
1 7 9
258 91 382 76 484 166 464 23 359
1 3 17
180 463 304 158 337 419 448 319 161 368 220 113 423 308 221 179 455
1 7 10
196 264 258 83 241 493 24 327 357 320
1 4 13
139 297 244 96 399 246 353 449 336 470 423 227 421
1 3 23
120 461 397 291 97 435 10 437 61 322 5 65 497 489 96 308 430 165 307 86 185 480 300
1 3 24
426 1 215 279 441 256 371 350 395 250 149 191 82 298 15 159 318 34 471 443 160 356 337 284
1 4 17
496 494 54 172 413 448 330 73 187 322 499 468 191 385 396 246 340
1 10 7
462 209 35 231 91 448 215
1 6 11
157 314 221 5 280 318 211 452 52 125 306
1 7 10
239 84 90 300 122 277 314 388 115 353
1 3 22
288 314 170 301 93 19 172 262 72 33 237 150 365 376 91 224 391 253 182 233 193 90
1 7 10
23 154 493 78 474 441 139 307 31 301
1 5 13
176 240 222 8 61 492 497 449 84 469 129 137 208
1 14 3
221 266 356
1 3 21
13 418 411 220 435 483 367 195 206 75 306 248 235 12 399 335 214 20 93 111 118
1 10 6
124 242 304 1 153 462
1 5 15
101 212 227 66 112 186 421 181 32 170 362 270 78 262 238
1 13 4
359 96 424 388
1 4 20
491 411 89 81 33 48 138 76 365 352 124 187 37 499 233 235 496 93 167 51
1 25 2
355 378
1 6 11
441 164 269 379 185 32 454 6 439 7 19
1 6 12
331 419 110 492 374 480 258 408 167 473 1 13
1 3 25
6 165 262 160 209 266 224 84 280 216 383 403 430 435 245 336 321 226 192 411 464 194 229 389 275
1 2 25
359 49 284 235 437 168 276 60 412 379 214 222 17 39 397 422 88 486 478 453 87 231 2 458 108
1 5 15
441 124 340 182 416 64 462 499 183 175 438 388 456 194 205
1 4 16
108 123 68 439 45 419 321 106 297 275 40 27 368 443 166 7
1 16 3
338 93 242
1 3 22
160 11 263 237 468 70 187 289 311 294 158 257 262 102 197 431 465 348 35 477 387 308
1 6 11
215 60 156 89 157 68 263 294 65 218 359
1 5 15
105 29 281 455 494 170 195 472 171 443 147 321 154 348 422
1 4 19
149 341 336 285 418 391 458 402 204 233 448 116 220 499 81 234 36 173 301
1 4 17
159 263 80 130 9 371 294 1 402 227 162 99 61 107 66 189 323
1 3 24
491 346 253 174 136 408 439 252 295 324 203 191 270 132 441 127 489 119 226 6 286 290 430 154
1 5 11
11 91 319 155 26 452 480 52 473 84 298
1 13 3
176 390 20
1 7 10
426 187 414 427 466 233 397 482 162 285
1 11 7
252 92 358 150 87 215 392
1 16 4
284 161 296 216
1 4 18
220 137 477 40 274 80 160 5 325 403 362 367 248 201 179 188 417 433
1 5 15
125 398 485 499 70 109 204 261 33 397 408 307 26 100 63
1 8 7
183 439 125 96 259 494 60
1 4 20
5 127 434 19 375 460 485 242 246 425 439 414 0 401 295 81 441 13 308 132
1 6 11
499 389 293 343 440 186 255 360 395 297 249
1 7 9
271 107 477 116 124 436 71 322 330
1 4 14
200 176 12 428 255 448 293 316 425 489 375 298 153 11
1 4 17
173 358 117 485 45 179 60 400 156 450 434 281 76 284 245 264 183
1 4 18
316 364 117 425 102 84 188 387 205 304 486 315 113 186 229 351 40 204
1 25 2
307 240
1 6 13
52 438 218 75 296 223 477 294 81 139 240 170 37
1 7 10
146 404 493 33 162 237 266 58 99 223
1 6 10
398 325 82 51 15 408 284 360 306 328
1 3 21
220 260 211 223 427 287 209 111 430 322 299 90 409 8 229 130 165 278 279 225 437
1 4 17
177 476 25 80 431 263 239 47 68 495 288 19 428 148 450 83 110
1 3 19
93 173 316 148 118 181 367 88 275 103 10 430 108 369 286 95 180 200 235
1 6 11
24 35 135 482 173 324 298 280 287 370 270
1 5 15
374 223 280 33 63 264 122 229 20 396 370 109 351 182 296
1 10 7
88 3 281 221 409 89 255
1 8 8
1 482 466 367 309 8 465 359
1 4 14
421 327 280 43 415 48 446 328 195 151 311 342 188 416
1 3 21
454 47 276 161 381 125 449 341 290 64 23 286 238 60 183 411 398 242 97 171 376
1 16 4
123 303 269 423
1 6 11
161 36 412 105 341 200 246 205 389 123 396
1 15 3
254 88 197
1 4 20
376 51 239 465 363 422 309 397 191 228 323 436 434 312 168 201 57 493 418 279
1 7 11
66 1 254 333 453 307 237 477 57 444 195
1 22 3
164 145 391
1 4 18
165 325 23 247 365 146 287 297 80 94 197 238 226 173 496 483 198 293
1 3 25
298 302 11 47 476 94 422 192 278 389 327 165 199 375 210 458 218 61 3 415 233 297 200 343 202
1 16 4
400 14 243 309
1 4 16
407 252 259 47 122 246 91 498 220 80 419 290 275 415 367 399
1 3 21
26 389 157 404 122 454 212 39 17 250 231 362 446 152 246 485 336 373 473 88 228
1 3 24
161 263 298 466 185 163 464 396 168 26 286 107 300 303 408 308 109 456 458 277 317 293 255 75
1 4 18
5 75 62 120 379 442 406 306 380 119 187 322 318 270 76 198 294 372
1 5 13
372 400 250 190 387 146 113 15 353 143 260 474 242
1 3 25
418 447 393 444 225 421 130 243 4 239 121 353 218 125 384 394 70 349 105 73 202 424 425 189 317
1 4 16
44 210 174 465 153 337 253 148 303 33 350 261 184 353 221 430
1 17 3
56 44 29
1 8 6
17 367 489 431 146 409
1 4 16
298 23 134 315 135 62 384 202 355 354 444 386 166 297 16 482
1 18 4
372 115 448 166
1 2 25
360 333 105 312 97 125 179 366 67 73 228 410 173 9 140 94 352 265 161 214 412 437 368 420 280
1 14 3
207 421 125
1 20 3
247 313 376
1 9 8
33 322 362 37 11 114 419 289
1 8 9
454 234 322 83 323 237 40 53 257
1 4 17
189 163 180 192 22 191 403 491 75 100 86 145 213 315 64 36 408
1 6 12
304 309 244 363 81 402 336 279 297 487 382 106
1 9 6
91 188 64 385 267 111
1 12 6
226 297 189 123 478 228
1 3 23
18 51 42 321 31 203 92 243 499 267 159 188 386 99 196 70 444 255 335 329 336 52 148
1 4 19
213 388 405 478 79 221 227 434 126 454 140 386 459 484 10 231 1 413 473
1 3 21
0 26 401 281 447 105 55 18 132 485 292 376 283 167 172 465 319 2 448 476 453
1 6 11
485 390 103 19 126 130 184 66 207 452 257
1 7 10
443 288 152 33 407 329 186 287 464 31
1 4 18
140 309 447 498 69 344 190 245 3 439 81 54 207 355 339 458 150 316
1 3 21
164 329 314 439 323 372 158 301 160 75 67 141 343 497 445 275 95 246 119 307 249
1 3 22
322 10 492 372 180 295 450 476 293 348 383 14 60 238 315 354 221 350 465 87 183 129
1 7 11
108 354 321 107 351 372 47 396 345 208 320
1 3 22
11 227 443 128 349 262 54 363 452 26 332 180 10 166 102 13 0 147 308 114 99 330
1 3 25
403 248 275 367 33 214 63 457 484 379 321 450 120 354 155 205 280 20 300 458 494 330 148 287 113
1 15 3
0 343 106
1 34 2
208 424
1 3 20
19 22 352 399 101 131 187 229 485 177 35 89 146 20 321 339 422 67 418 428
1 3 23
29 386 20 93 263 49 5 460 480 486 489 174 102 244 419 414 110 101 333 62 217 163 352
1 19 4
448 350 170 122
1 4 16
103 143 164 227 363 205 223 46 273 18 396 81 493 370 220 454
1 4 17
281 386 129 264 263 488 371 415 208 454 251 292 355 326 304 267 203
1 3 24
496 318 109 114 21 273 362 393 311 450 417 348 339 50 134 327 490 359 480 89 44 369 332 427
1 4 17
303 261 23 6 171 258 60 14 181 384 249 413 415 443 125 170 101
1 6 11
294 480 230 125 293 210 449 174 328 216 49
1 5 15
318 111 372 482 193 90 158 117 308 174 69 80 322 142 437
1 7 9
324 284 347 195 312 56 350 72 471
1 3 20
201 156 399 362 207 460 309 278 290 376 247 415 96 461 426 491 448 41 31 419
1 8 8
242 465 241 190 380 403 124 160
1 5 14
398 339 341 225 300 418 130 426 281 81 310 214 499 14
1 4 18
354 412 455 193 337 164 27 228 222 172 150 331 382 462 183 178 306 225
1 4 18
496 300 302 215 139 57 489 75 375 287 25 135 278 432 448 193 411 307
1 6 12
0 461 188 403 112 496 466 416 137 452 345 187
1 12 5
134 408 359 474 92
1 8 8
173 458 171 266 101 395 25 16
1 5 14
289 160 322 32 45 303 335 70 112 162 172 63 95 196
1 17 3
267 155 176
1 26 2
120 335
1 3 18
277 27 291 49 326 406 455 418 6 65 439 61 251 481 104 113 240 283
1 3 25
496 479 359 73 231 277 455 320 364 63 166 399 75 295 15 61 168 10 467 50 347 241 491 367 356
1 8 7
484 18 150 232 383 77 339
1 10 6
52 200 13 121 374 132
1 10 7
180 201 291 129 92 326 193
1 3 24
131 461 286 184 224 473 135 1 116 432 298 218 493 40 149 339 94 166 419 259 167 292 376 377
1 5 13
285 273 26 308 55 477 104 268 244 181 493 396 212
1 3 22
497 228 300 347 250 229 361 59 332 111 349 120 173 179 193 171 125 10 333 402 0 164
1 16 3
266 332 192
1 5 14
403 81 49 241 76 85 270 19 212 183 264 277 88 198
1 7 10
32 156 175 235 192 63 326 12 182 353
1 4 18
192 491 127 397 325 440 70 452 19 57 247 281 432 438 138 211 193 436
1 4 15
78 110 318 204 388 340 309 381 380 439 13 82 150 315 252
1 4 18
49 127 185 102 310 295 27 333 413 412 344 401 232 64 161 147 263 135
1 14 5
88 405 285 231 423
1 5 11
313 266 444 25 160 0 85 22 142 461 239
1 11 6
268 48 36 14 398 317
1 10 5
169 364 85 469 389
1 9 6
174 277 328 104 421 431
1 3 22
418 94 28 112 52 29 185 251 488 419 208 212 382 464 400 429 425 0 315 309 313 291
1 16 3
213 390 9
1 7 10
238 445 471 323 366 43 193 122 300 350
1 13 6
153 257 165 157 185 221
1 6 11
22 94 280 214 349 203 462 81 132 62 356
1 3 19
273 293 422 299 401 159 371 369 177 275 365 416 494 277 237 313 385 113 53
1 9 8
324 183 475 226 476 207 269 411
1 7 7
410 79 418 389 20 460 61
1 3 20
496 332 15 296 165 54 128 470 83 352 310 372 227 442 304 138 450 247 104 389
1 10 7
438 44 96 364 53 395 404
1 7 9
446 492 317 452 188 169 413 482 0
1 13 3
304 415 247
1 4 19
17 120 104 261 26 86 159 258 415 238 425 282 116 168 57 145 429 166 117
1 7 10
486 281 286 318 266 384 11 87 422 468
1 3 18
445 83 182 311 295 323 153 28 238 192 354 139 115 455 231 264 446 453
1 11 6
228 398 270 385 273 42
1 20 3
131 350 7
1 4 16
450 242 234 397 355 35 233 373 216 444 478 319 19 305 40 226
1 3 24
275 122 484 19 54 351 488 137 292 188 392 37 0 328 331 255 497 349 461 378 100 53 318 263
1 3 24
28 321 276 183 427 176 337 200 153 167 158 374 56 397 480 445 217 384 76 62 336 12 10 134
1 6 12
31 48 117 137 372 387 20 267 286 215 300 354
1 18 4
195 128 8 135
1 7 6
61 462 402 21 66 406
1 3 23
264 231 314 207 395 167 373 367 405 179 21 355 280 487 259 200 429 492 4 68 136 234 366
1 3 23
110 190 81 47 449 244 434 27 381 152 446 168 444 472 206 477 171 201 151 233 391 13 453
1 7 10
81 219 17 388 241 181 366 491 151 370
1 3 25
386 65 256 26 99 331 293 5 30 335 399 125 351 33 108 3 413 358 376 330 288 289 47 349 181
1 5 15
259 253 472 346 1 364 494 131 169 227 286 108 360 418 24
1 6 10
143 8 343 26 51 217 123 447 119 219
1 8 8
374 234 397 426 178 271 202 28
1 26 2
277 381
1 3 21
92 342 208 21 209 416 182 458 5 167 213 349 447 485 27 98 57 80 348 198 317
1 3 17
0 339 111 324 191 24 55 454 477 297 275 364 306 466 99 248 201
1 10 7
113 80 455 19 346 273 127
1 14 5
34 295 238 178 61
1 14 4
442 376 481 453
1 2 25
153 362 496 6 145 98 43 415 187 41 248 441 386 444 55 426 23 190 51 4 351 418 324 50 8
1 5 13
110 258 265 473 169 109 204 372 465 369 272 58 212
1 4 16
11 348 253 479 367 3 488 351 493 131 338 1 296 88 468 158
1 3 20
396 421 9 335 3 293 330 473 302 417 484 315 459 181 176 372 466 278 461 136
1 8 7
399 408 158 254 96 410 5
1 3 22
433 481 402 102 4 473 484 286 297 161 467 100 74 198 26 55 379 380 234 35 17 364
1 3 23
369 216 69 409 0 233 484 340 40 201 210 364 335 47 94 311 460 382 223 347 267 285 277
1 4 18
425 337 17 230 325 316 332 487 26 157 472 169 224 192 78 62 181 198
1 5 15
287 242 90 310 120 86 42 445 231 212 429 45 440 89 446
1 5 12
305 37 291 276 451 151 101 359 30 489 50 234
1 33 2
339 414
1 4 15
20 436 424 36 480 162 209 449 117 82 76 104 237 272 6
1 19 3
38 469 476
1 3 21
456 21 359 496 74 412 469 222 62 8 92 355 170 116 95 108 180 94 208 77 198
1 3 21
159 212 165 128 80 485 160 143 213 214 50 320 130 202 473 33 440 256 339 110 282
1 3 22
155 52 88 495 64 261 239 254 104 272 295 371 252 1 375 21 82 163 177 378 101 306
1 10 4
118 493 101 369
1 4 13
38 251 336 201 181 116 214 246 65 282 145 443 159
1 4 19
206 55 423 419 43 210 120 115 85 169 56 404 91 121 258 329 139 171 451
1 8 8
232 181 207 26 78 302 175 192
1 4 20
266 243 420 175 314 129 412 51 259 368 344 47 289 367 26 378 435 31 104 478
1 4 16
402 224 49 135 340 232 21 67 79 328 288 210 53 313 222 15
1 7 10
219 427 292 113 31 21 382 386 166 224
1 7 8
10 261 188 128 311 448 271 145
1 8 6
323 168 218 72 432 92
1 6 11
2 167 459 347 219 132 335 147 73 217 319
1 5 15
51 136 63 234 185 470 230 237 476 202 86 441 101 205 307
1 3 22
354 147 5 86 296 238 484 127 144 220 205 38 295 279 217 362 215 417 453 266 82 241
1 5 15
495 434 332 399 278 318 489 383 370 481 307 490 239 326 405
1 3 22
252 332 70 192 396 304 62 351 394 199 379 170 36 292 283 185 225 421 79 43 289 405
1 5 12
363 403 53 276 224 11 41 201 197 172 205 471
1 3 23
7 216 62 169 70 261 174 247 296 153 99 238 417 408 340 65 82 96 499 235 30 138 289
1 6 11
267 46 166 11 16 495 418 9 20 409 265
1 9 8
7 181 274 289 385 214 26 11
1 3 23
10 244 258 80 81 377 336 407 386 346 408 343 418 55 471 266 482 311 324 490 188 485 363
1 7 11
54 230 222 341 109 9 210 267 120 232 226
1 4 17
356 37 32 201 207 47 206 492 43 119 371 255 2 296 25 435 157
1 7 11
183 70 458 100 90 310 48 327 243 491 289
1 5 16
488 147 379 81 273 490 384 149 123 412 88 398 202 269 98 208
1 3 20
393 82 92 212 217 496 120 452 205 364 35 398 139 103 210 435 51 25 356 277
1 3 24
108 279 71 231 364 1 148 421 334 321 227 165 491 159 399 241 327 140 153 202 288 41 307 179
1 3 22
71 15 483 278 399 312 152 84 142 482 272 16 358 224 179 193 456 499 270 405 153 469
1 5 15
189 294 124 283 17 336 354 423 495 228 395 459 461 280 452
1 24 2
398 319
1 3 20
134 477 366 80 114 197 19 433 233 261 386 317 14 264 327 483 214 108 463 194
1 4 19
466 478 470 199 240 223 12 270 471 445 248 314 113 480 297 103 243 350 426
1 7 11
72 113 292 452 4 252 495 223 301 205 59
1 9 8
136 441 278 396 446 306 9 253
1 8 8
285 407 93 476 110 217 16 461
1 25 3
306 350 229
1 5 10
147 113 239 206 338 131 499 164 105 363
1 7 6
35 397 455 143 90 204
1 4 17
144 340 352 183 472 394 459 367 78 21 182 390 311 264 452 243 471
1 4 19
301 179 279 241 380 245 417 126 337 121 185 85 148 474 364 64 384 433 280
1 3 19
462 35 36 268 23 269 154 273 262 106 250 31 419 143 413 51 339 402 309
1 11 7
193 120 443 20 367 128 274
1 6 13
331 382 425 392 488 332 409 120 322 372 32 117 324
1 3 24
387 28 71 149 418 162 26 7 20 96 154 53 137 38 358 136 170 362 211 468 298 385 108 47
1 14 5
187 420 103 324 37
1 8 9
165 39 395 132 229 469 271 491 148
1 3 20
294 238 115 397 86 342 152 54 127 466 329 201 177 193 11 3 8 55 81 46
1 7 9
231 149 445 467 24 135 272 113 161
1 4 17
126 469 249 66 108 117 399 70 340 120 220 404 243 230 185 94 445
1 5 12
313 367 302 285 108 421 82 270 329 93 12 28
1 4 17
421 263 154 216 485 200 277 119 169 139 394 278 275 79 137 132 9
1 3 19
164 293 85 412 319 29 37 276 379 295 307 442 77 298 423 1 183 38 122
1 6 13
461 486 314 231 476 48 401 181 11 350 27 368 485
1 27 2
467 93
1 5 13
294 23 227 195 43 275 283 50 310 51 298 303 253
1 4 19
49 198 400 211 83 390 4 284 265 69 424 493 184 237 446 228 290 40 209
1 5 14
121 300 494 80 88 97 215 102 228 476 326 186 346 386
1 7 7
462 337 328 42 149 232 307
1 4 18
115 481 40 202 143 239 422 193 55 345 149 437 246 416 66 377 283 368
1 3 20
337 259 369 331 71 383 234 451 177 262 40 470 149 493 255 95 245 150 421 481
1 7 10
441 103 134 226 342 115 382 98 164 495
1 3 24
2 443 111 277 24 400 259 126 223 406 390 422 153 438 386 446 322 410 216 403 317 187 108 109
1 3 23
399 487 471 160 268 250 496 407 105 477 112 26 240 498 143 0 493 173 369 203 383 414 15
1 4 14
23 72 172 449 357 475 458 315 118 263 140 425 39 193
1 3 18
284 76 35 499 268 458 62 231 318 316 137 273 67 126 395 89 158 117
1 5 15
487 280 86 246 403 236 468 176 405 268 464 304 325 388 392
1 3 23
300 41 409 354 198 78 143 242 444 97 319 361 68 46 412 481 486 49 391 197 236 279 17
1 21 3
260 423 348
1 4 16
277 212 188 92 418 47 410 457 221 477 184 115 269 255 171 140
1 14 2
341 204
1 3 22
104 391 80 275 310 100 90 114 150 39 488 62 429 479 91 279 333 362 345 458 112 118
1 3 21
82 483 484 207 129 99 401 185 222 215 139 186 466 3 36 241 251 296 278 306 206
1 23 2
213 191
1 12 5
28 327 407 166 470
1 4 17
346 52 126 22 72 376 44 301 160 98 167 114 75 49 231 88 388
1 5 13
74 311 413 127 443 263 420 423 456 483 146 499 221
1 6 12
277 237 15 449 384 225 33 206 210 389 88 0
1 3 21
327 481 319 251 385 419 438 453 243 59 124 130 266 140 488 289 218 87 132 430 473
1 4 18
247 333 34 361 14 166 32 211 476 421 420 129 183 408 210 48 312 64
1 7 9
339 348 55 303 465 162 358 267 16
1 23 3
34 41 155
1 6 11
235 351 241 317 10 145 43 117 78 60 152
1 4 17
300 168 101 432 156 497 476 111 351 120 32 288 317 34 412 379 223
1 10 4
131 493 471 418
1 7 10
245 451 220 278 473 75 88 380 423 194
1 29 2
187 251
1 4 16
310 470 489 122 405 183 216 434 9 163 160 7 169 407 301 125
1 10 7
393 413 355 184 142 124 37
1 6 13
50 408 112 375 477 6 89 300 308 273 259 292 108
1 4 18
240 215 193 328 13 158 75 77 142 368 264 263 498 0 7 493 411 413
1 5 15
403 1 482 380 85 271 55 204 164 330 191 311 124 57 173
1 19 4
217 459 119 123
1 5 13
276 233 484 402 271 306 313 121 202 464 176 465 307
1 3 24
154 156 350 303 21 10 420 412 108 311 353 279 488 7 443 243 281 91 393 388 118 346 168 221
1 8 7
86 290 436 308 368 364 424
1 19 2
217 84
1 11 5
244 486 53 333 61
1 4 17
18 372 35 85 316 477 297 54 381 48 33 142 252 1 422 374 222
1 6 11
213 224 276 388 74 453 82 139 188 101 370
1 6 11
384 440 427 499 211 488 186 418 195 286 377
1 6 13
274 62 453 462 489 126 168 190 37 243 315 391 175
1 3 25
418 325 59 362 271 342 419 313 47 365 382 356 7 449 497 446 141 326 253 346 266 49 447 237 394
1 3 24
497 108 291 440 485 292 347 239 89 12 495 300 314 242 463 454 155 315 140 128 458 251 380 183
1 3 19
308 20 178 326 35 264 246 377 220 3 472 389 200 174 214 213 143 319 83
1 5 14
394 370 141 348 352 369 192 110 166 292 233 443 249 452
1 4 18
480 415 235 301 43 310 483 319 101 11 14 57 17 69 112 195 194 22
1 6 12
256 296 396 247 462 429 303 356 40 140 276 233
1 8 7
211 122 62 258 443 145 495
1 7 8
276 245 264 385 403 435 207 223
1 3 25
423 482 311 436 234 368 494 25 35 313 142 294 419 155 365 307 42 374 481 323 121 132 4 215 182
1 6 12
482 208 262 227 327 46 430 21 231 18 201 119
1 14 3
363 122 311
1 3 21
478 173 249 424 444 328 438 376 381 31 403 397 189 151 111 123 408 243 46 335 292
1 3 24
75 53 131 172 324 326 36 244 380 176 9 189 441 17 476 312 114 196 261 40 267 499 191 167
1 3 22
471 12 438 234 377 105 412 117 339 31 46 474 173 128 7 29 291 341 368 418 306 280
1 6 13
118 288 472 81 438 235 17 449 183 140 371 415 393
1 6 11
312 320 261 123 140 109 360 424 134 487 271
1 9 8
199 438 488 70 116 260 357 424
1 3 19
407 386 206 89 276 405 439 302 145 155 270 291 337 365 235 367 183 404 274
1 5 15
93 73 67 117 275 187 365 495 71 290 253 241 100 456 97
1 15 5
160 119 317 434 487
1 7 10
141 398 105 144 291 259 175 198 453 156
1 10 7
166 498 158 325 151 364 201
1 22 2
114 445
1 20 2
376 301
1 4 18
244 191 297 201 135 272 342 231 390 383 12 192 195 262 348 212 78 208
1 5 12
470 320 311 459 42 432 214 172 377 20 344 10
1 25 2
442 132
1 11 6
361 169 406 424 58 182
1 3 23
177 398 159 110 443 31 187 259 450 51 249 302 229 409 322 273 251 469 58 451 29 272 487
1 19 3
296 461 291
1 9 7
189 30 226 137 200 269 133
1 5 13
238 32 344 352 215 313 414 96 475 207 354 389 282
1 4 14
261 251 231 368 307 297 389 388 83 97 475 477 349 473
1 4 16
194 203 64 238 413 175 47 331 497 31 386 214 463 205 494 344
1 4 16
355 392 226 166 22 101 124 298 257 87 32 41 119 293 187 431
1 2 23
179 46 32 73 172 147 387 219 214 401 91 451 222 327 2 160 135 471 448 286 303 242 60
1 7 10
172 459 403 41 288 311 469 378 169 361
1 3 24
334 420 394 64 44 4 335 10 377 190 447 416 383 132 401 483 358 249 288 480 452 173 174 265
1 6 12
427 472 275 256 405 429 260 106 461 441 392 69
1 4 16
45 76 451 49 24 57 286 373 397 143 108 482 134 251 67 458
1 8 9
385 449 315 470 383 59 312 81 193
1 3 24
278 321 207 327 463 447 459 429 9 13 71 81 72 154 448 152 479 311 161 472 365 395 60 183
1 5 14
309 381 70 389 91 441 19 370 332 405 334 254 217 100
1 8 8
213 3 328 414 417 357 336 60
1 3 20
321 351 9 472 325 123 178 262 19 4 357 340 385 98 29 232 45 197 322 258
1 3 22
321 398 244 163 135 478 219 476 57 0 322 411 30 217 393 118 490 270 460 286 466 280
1 9 5
453 131 358 267 451
1 4 16
49 20 347 404 380 208 259 127 183 478 268 168 466 182 62 364
1 6 12
361 462 34 312 158 221 470 416 96 413 332 39
1 4 16
105 126 67 464 479 417 119 121 416 166 134 112 367 435 26 452
1 8 8
424 163 379 311 39 179 168 427
1 12 6
7 396 495 331 242 475
1 7 10
441 198 45 455 461 374 288 333 469 431
1 7 10
3 64 423 38 170 276 460 224 306 114
1 5 14
77 476 40 145 231 85 200 468 95 177 83 98 289 298
1 8 7
182 46 44 417 59 137 264
1 5 13
395 236 315 439 448 414 309 175 80 278 311 380 76
1 6 10
254 153 291 82 5 64 150 455 345 275
1 4 15
234 249 150 367 172 198 269 216 275 461 295 263 16 206 425
1 4 15
455 470 485 406 188 105 356 55 320 111 285 430 379 107 294
1 8 9
324 488 108 278 462 484 185 378 110
1 7 10
278 193 432 25 238 204 379 271 101 467
1 12 6
36 281 410 288 33 322
1 4 17
153 42 215 40 467 223 60 368 145 394 239 83 335 201 111 2 490
1 15 4
451 225 431 457
1 27 2
418 45
1 6 11
151 29 129 234 285 37 382 81 458 358 499
1 3 24
39 80 368 151 436 287 164 285 420 330 27 130 385 146 342 165 19 245 220 329 218 474 133 457
1 5 13
407 260 395 142 194 45 392 137 48 211 461 96 55
1 4 16
9 349 34 73 384 423 382 184 227 120 417 30 15 102 148 328
1 3 21
134 470 394 361 238 383 48 439 142 333 184 235 345 252 60 403 289 141 10 487 153
1 26 2
19 330
1 4 16
275 276 352 26 126 4 315 340 304 104 140 66 369 249 309 196
1 23 3
293 57 328
1 4 20
479 140 369 450 251 437 273 16 471 311 298 344 260 253 319 281 215 111 203 83
1 4 14
368 56 293 143 473 301 366 66 8 389 376 454 65 155
1 2 25
391 480 17 337 291 312 377 153 42 119 254 137 450 178 388 156 67 385 11 479 124 123 381 384 213
1 4 19
361 479 255 373 333 277 366 29 447 95 112 377 426 404 164 103 1 204 265
1 6 12
164 432 64 74 62 169 343 70 382 496 433 249
1 3 21
265 398 462 218 263 170 140 10 363 424 15 51 394 114 309 290 211 137 31 144 414
1 10 7
74 481 20 277 152 48 282
1 10 7
309 402 327 442 50 15 438
1 13 4
172 296 160 404
1 3 22
346 317 31 314 283 469 463 232 81 320 472 141 273 78 130 440 497 140 290 18 177 62
1 4 17
15 114 77 43 64 486 33 434 489 440 232 297 82 320 272 10 448
1 6 11
464 225 18 385 349 218 132 411 123 104 315
1 5 13
459 222 25 415 286 136 251 457 374 26 12 98 299
1 6 12
487 80 279 412 25 157 93 252 471 326 479 253
1 6 10
467 351 108 75 164 275 499 383 26 73
1 11 5
92 452 163 24 387
1 5 12
238 356 364 35 41 222 362 486 58 88 188 139
1 3 24
31 62 429 153 180 311 29 36 405 165 217 341 438 489 407 466 198 461 423 259 85 290 112 346
1 11 6
213 404 230 233 308 107
1 5 16
126 105 276 314 235 287 112 318 288 326 387 217 208 57 465 224
1 5 15
36 145 83 447 471 280 32 417 152 466 492 109 378 468 421
1 3 22
189 23 406 403 433 71 7 140 368 30 207 15 247 438 470 271 165 67 161 55 304 277
1 5 14
468 100 111 368 134 389 47 450 394 470 256 228 473 217
1 4 16
369 194 358 221 385 289 229 442 493 200 44 201 236 338 248 486
1 17 3
444 387 117
1 3 23
479 421 159 446 314 31 133 291 186 142 146 154 467 24 175 263 304 38 50 415 101 84 298
1 15 5
452 205 470 215 1
1 5 13
368 444 362 274 174 90 135 248 382 22 12 491 490
1 3 23
71 161 284 360 81 409 256 219 446 330 20 373 396 177 343 89 404 38 423 271 107 84 204
1 4 17
140 136 148 103 227 10 112 401 365 478 208 109 169 110 259 124 84
1 9 6
168 431 187 340 325 74
1 4 18
460 199 175 220 295 255 26 84 277 411 283 438 132 408 85 119 305 444
1 8 7
440 498 162 474 146 191 76
1 4 19
183 142 234 210 72 284 230 122 427 238 419 391 80 316 379 443 157 459 79
1 6 12
282 197 13 28 45 68 490 11 262 153 247 243
1 5 15
488 251 246 361 163 345 404 346 451 476 376 394 109 227 467
1 12 6
210 393 102 221 77 299
1 3 22
373 188 351 127 486 423 441 148 376 444 234 306 382 397 28 380 195 152 346 465 52 341
1 2 25
344 251 230 214 350 483 283 86 423 20 320 242 74 263 403 399 96 278 375 336 87 115 205 377 49
1 5 13
261 109 450 344 200 227 410 273 83 146 190 324 297
1 3 25
34 445 121 79 35 126 177 467 217 439 385 201 204 199 186 411 270 454 289 47 482 329 26 101 233
1 5 12
373 125 109 75 162 60 241 155 431 47 222 23
1 11 7
253 289 370 463 273 263 82
1 6 9
136 433 492 276 337 25 47 494 499
1 7 10
72 193 0 410 42 2 187 255 432 309
1 3 22
200 499 58 409 69 216 403 110 142 176 10 375 164 266 112 310 227 163 151 311 267 199
1 6 10
95 163 116 248 164 435 341 399 216 494
1 7 11
51 320 293 338 194 37 232 464 454 490 267
1 4 17
430 406 463 85 207 361 243 215 270 157 366 330 354 165 0 178 171
1 7 8
137 118 231 182 381 25 296 219
1 4 14
471 313 92 100 32 274 407 259 473 296 323 283 351 297
1 3 22
372 420 80 440 272 380 297 28 348 233 280 130 368 163 346 369 247 464 49 316 78 36
1 3 22
249 428 285 174 305 80 310 208 363 15 38 332 93 317 11 283 1 298 284 46 471 90
1 9 8
493 288 270 282 443 300 129 165
1 4 17
370 100 348 444 430 210 422 128 204 484 459 362 271 179 419 92 283
1 3 25
493 7 187 463 496 298 304 328 366 63 283 413 480 90 184 257 432 423 201 166 78 472 430 17 130
1 6 11
289 122 278 65 104 152 285 259 338 176 121
1 23 2
214 12
1 5 15
398 340 365 14 10 39 369 411 87 466 251 427 59 268 146
1 5 15
242 116 16 165 56 195 225 167 453 66 304 339 35 468 447
1 3 20
284 202 235 135 465 269 461 38 440 453 51 6 373 254 49 290 372 97 182 333
1 3 23
392 235 311 406 1 252 155 29 299 116 376 244 357 483 281 438 164 57 258 417 190 98 381
1 7 10
278 32 478 397 192 152 73 143 484 390
1 6 10
397 321 425 66 143 319 126 451 306 329
1 3 22
208 82 276 213 81 474 217 100 209 140 281 55 437 90 287 267 481 126 80 369 351 230
1 11 6
142 354 63 111 473 35
1 3 19
490 207 305 96 320 306 340 433 476 134 353 463 328 137 13 460 132 391 171
1 3 25
139 150 384 31 261 165 380 205 275 388 126 94 188 220 46 387 369 422 243 488 325 491 373 338 230
1 5 13
90 315 203 181 5 459 307 402 439 498 374 127 96
1 4 17
160 81 424 260 251 452 269 412 364 470 108 83 283 149 365 330 104
1 5 13
476 52 201 55 219 339 320 390 446 265 137 363 54
1 11 5
102 367 334 53 359
1 25 2
219 382
1 26 2
407 417
1 4 16
9 196 142 333 212 310 385 233 419 467 425 482 468 207 160 24
1 15 5
133 438 284 235 457
1 3 21
455 289 14 176 160 473 85 223 164 91 313 428 275 284 368 19 333 228 306 96 352
1 23 2
499 232
1 8 8
14 359 319 427 207 237 155 258
1 9 8
77 49 268 330 414 42 300 35
1 17 2
92 105
1 7 11
165 295 214 264 161 52 202 18 337 1 406
1 4 18
446 207 123 370 423 463 82 18 304 174 372 11 167 369 95 269 428 235
1 27 2
109 232
1 14 5
231 420 478 46 380
1 9 8
79 49 86 401 413 397 437 243
1 3 23
236 56 249 498 317 367 267 74 347 355 245 166 397 76 188 405 143 197 168 422 349 64 180
1 7 9
35 142 31 151 202 398 169 191 240
1 4 18
36 191 307 18 269 6 70 212 406 114 330 331 165 455 100 440 119 376
1 6 11
97 432 156 498 367 482 393 465 394 206 105
1 7 10
387 3 403 398 51 333 189 199 432 233
1 4 17
481 436 304 120 209 176 499 348 50 457 57 404 21 126 422 289 434
1 3 20
44 442 5 122 206 87 265 51 444 224 278 222 288 105 74 423 78 300 338 398
1 7 8
90 74 218 177 430 247 364 475
1 9 8
198 73 115 103 350 468 363 157
1 4 19
350 191 303 226 281 404 217 166 63 210 9 367 354 93 306 70 360 392 321
1 5 13
190 398 384 109 127 434 216 155 18 450 250 256 305
1 3 19
456 266 347 260 21 365 257 203 334 80 205 337 307 182 471 424 89 242 197
1 10 7
426 222 233 162 158 384 300
1 8 8
171 159 416 374 383 428 319 479
1 4 20
91 438 232 386 198 271 445 362 476 393 403 253 131 489 102 456 109 169 62 376
1 20 3
101 384 81
1 19 3
9 114 403
1 10 7
200 308 273 46 483 309 196
1 19 4
496 112 435 459
1 4 18
11 412 318 31 309 411 239 297 96 264 408 234 103 174 458 151 449 6
1 4 15
98 4 126 489 193 417 103 106 198 246 419 284 381 293 323
1 22 3
55 300 333
1 4 18
254 379 397 326 225 398 318 84 306 19 169 355 249 235 350 60 78 496
1 5 13
49 114 441 248 131 303 62 199 439 177 130 128 144
1 3 25
325 289 2 476 173 491 44 150 237 14 20 152 122 64 9 344 426 56 493 87 425 191 96 405 427
1 7 9
395 20 200 119 327 340 48 382 126
1 5 15
474 489 229 274 471 224 340 457 479 417 88 118 492 327 108
1 3 23
240 372 40 116 146 370 159 355 236 306 409 241 117 298 208 442 387 362 145 1 150 45 209
1 7 8
354 439 310 113 486 385 12 32
1 4 15
440 105 111 74 327 406 426 413 367 451 319 237 8 341 26
1 3 24
372 434 182 165 435 430 62 432 281 73 378 380 293 381 53 345 107 397 103 484 29 59 128 218
1 4 17
280 167 447 303 397 58 258 306 468 288 491 95 458 490 97 371 481
1 4 16
253 454 320 250 127 408 19 190 203 398 496 193 77 14 26 274
1 5 15
240 223 211 361 47 25 179 341 491 292 139 298 50 72 136
1 3 18
185 254 435 349 339 283 344 14 316 473 23 323 27 18 295 489 313 388
1 10 6
210 124 352 286 44 499
1 14 4
399 338 246 41
1 3 23
316 405 4 271 368 306 417 49 240 195 183 363 420 359 356 375 210 118 494 61 33 422 325
1 15 4
372 308 64 426
1 8 8
313 273 447 152 38 74 205 462
1 3 25
103 134 471 121 6 168 17 245 11 212 401 323 41 63 28 173 322 257 176 107 13 205 380 241 473
1 3 24
65 256 453 421 464 406 70 217 105 431 148 83 367 133 489 281 474 477 271 154 365 332 55 202
1 5 14
470 87 1 242 411 345 241 47 460 26 226 171 499 318
1 4 16
415 115 27 51 324 413 473 15 373 309 71 107 348 144 301 242
1 13 5
199 114 73 417 252
1 22 2
498 65
1 5 14
121 190 3 280 97 125 89 242 126 334 488 300 395 339
1 4 17
314 486 454 376 404 296 138 78 458 307 391 31 119 341 249 280 490
1 8 9
148 23 429 278 280 395 299 79 361
1 4 15
177 379 401 419 216 61 167 12 307 293 210 395 352 112 203
1 3 25
370 238 424 320 195 190 336 25 433 427 368 107 343 304 396 218 115 207 170 459 194 182 371 436 352
1 6 12
352 467 76 81 205 32 380 346 180 494 419 453
1 6 13
369 259 312 167 50 331 212 270 149 201 290 273 315
1 4 18
408 8 146 307 432 210 306 239 80 244 471 127 267 356 93 211 100 221
1 12 4
167 309 53 2
1 3 20
177 352 162 8 444 197 348 140 454 61 2 376 56 145 335 468 0 172 181 310
1 4 18
473 20 267 84 146 185 325 5 440 245 237 411 97 264 27 142 316 374
1 6 11
9 326 252 401 150 40 256 344 147 435 339
1 12 4
161 146 432 460
1 10 6
249 143 246 357 96 379
1 3 19
480 381 127 460 366 163 412 263 390 53 451 309 143 278 435 28 313 104 166
1 15 4
421 91 145 434
1 6 12
291 419 339 149 276 79 292 91 73 269 46 139
1 3 25
146 144 61 410 239 170 430 437 210 73 106 142 126 395 130 102 380 432 342 278 488 207 438 163 382
1 6 12
53 122 129 284 72 71 281 340 386 496 100 466
1 6 10
370 200 245 100 408 321 132 89 254 433
1 3 19
399 327 55 309 421 410 413 472 236 325 131 45 370 207 278 211 319 373 108
1 3 22
374 382 162 88 101 333 484 403 225 63 377 283 463 262 390 216 13 217 92 188 416 218
1 7 8
9 306 425 190 126 143 148 234
1 5 15
317 470 259 459 34 268 193 241 51 487 14 12 150 110 240
1 7 10
76 393 389 174 145 400 170 280 291 193
1 3 22
46 487 13 88 218 279 87 426 411 200 117 102 243 139 361 277 433 367 128 496 299 254
1 3 24
284 151 226 95 332 213 75 100 99 26 7 440 391 363 90 181 120 392 495 214 53 442 129 197
1 5 14
15 482 81 156 271 176 75 249 1 40 115 309 26 186
1 3 21
113 190 44 339 181 307 10 125 229 406 149 184 428 334 249 132 464 246 6 401 338
1 11 7
426 186 255 373 237 140 438
1 10 5
247 263 352 163 136
1 4 15
92 375 444 320 58 417 100 53 237 150 246 429 61 487 129
1 4 17
405 297 131 118 479 290 62 184 28 358 389 191 58 9 251 114 367
1 5 12
474 240 211 209 384 53 267 91 237 280 337 367
1 5 15
474 110 57 211 18 13 431 116 105 46 379 312 179 99 302
1 5 13
162 495 21 106 236 113 347 205 235 34 127 161 442
1 14 5
170 415 441 14 250
1 8 9
226 6 416 179 94 406 67 305 229
1 8 9
99 434 33 282 67 350 194 9 384
1 4 19
108 177 242 284 266 56 29 406 395 239 337 170 466 128 336 457 271 201 121
1 3 23
199 292 210 117 189 341 175 115 368 36 138 140 369 39 459 116 218 231 471 295 277 477 192
1 14 3
28 347 450
1 3 20
4 459 45 235 344 351 299 168 22 352 92 474 329 360 163 404 372 117 470 312
1 4 17
330 50 252 92 490 324 418 163 169 98 439 298 382 347 46 59 155
1 6 12
80 24 249 430 204 34 311 125 435 409 255 385
1 10 5
367 95 67 288 203
1 3 21
312 109 202 79 116 373 102 58 34 139 427 441 259 69 75 290 396 376 397 479 404
1 4 16
121 185 211 436 363 460 193 462 289 417 238 368 199 93 299 167
