500 1500 775
11 20 27 18 24 38 38 26 40 21 39 11 14 23 36 15 16 20 36 20 32 13 19 32 27 15 26 27 14 31 40 31 40 21 24 15 26 24 20 19 19 14 38 14 39 30 23 18 13 16 21 38 19 24 32 15 23 18 33 26 36 37 29 16 27 25 40 16 25 34 33 30 35 33 16 26 15 16 39 21 31 30 16 38 24 15 28 37 23 24 20 24 34 21 28 21 37 26 23 24 21 19 33 39 20 26 17 33 19 21 32 30 12 34 13 13 37 16 20 14 24 14 18 18 13 11 35 28 32 28 32 26 30 17 24 26 32 29 21 38 25 33 33 19 39 19 24 17 35 28 13 38 21 15 23 37 14 30 29 38 15 25 18 38 32 29 25 31 16 39 39 19 32 25 37 19 35 16 22 30 16 22 19 13 13 37 20 24 30 24 38 24 29 29 35 15 22 29 21 20 25 34 13 31 13 12 25 29 38 40 11 24 14 28 27 20 22 25 27 30 31 12 20 27 38 12 23 40 38 34 37 11 27 29 19 25 17 28 29 36 34 34 37 34 14 36 12 17 16 37 30 39 34 40 21 40 24 22 13 11 12 30 20 24 30 16 22 12 32 32 18 18 35 19 38 20 28 15 14 19 37 18 27 36 13 39 30 34 19 22 19 30 39 18 33 40 23 33 13 39 21 31 23 22 13 19 29 38 17 13 14 18 20 17 31 30 34 39 14 33 39 25 28 38 23 37 17 21 27 16 13 28 18 26 38 30 16 31 12 33 37 31 13 21 37 17 25 18 38 16 27 28 34 20 22 32 12 11 14 31 18 16 31 32 38 14 25 30 39 16 39 14 14 37 38 38 37 24 16 21 36 32 23 31 17 29 21 25 24 22 16 38 17 36 33 40 20 29 31 26 23 18 13 25 35 19 36 23 21 29 14 20 31 26 34 35 23 23 14 22 33 40 30 29 14 30 22 12 31 15 11 20 16 35 37 34 23 33 26 35 23 27 12 18 26 27 16 32 14 25 24 18 16 18 16 35 15 18 15 14 32 27 30 40 36 38 18 13 14 33 40 35 28 23 26 20 19 34 13 34 34 15 12 39 34 26 29 31 15 16 39 31 40 27 35 21 25 36 33 15
1 10 17 8 14 28 28 16 30 11 29 1 4 13 26 5 6 10 26 10 22 3 9 22 17 5 16 17 4 21 30 21 30 11 14 5 16 14 10 9 9 4 28 4 29 20 13 8 3 6 11 28 9 14 22 5 13 8 23 16 26 27 19 6 17 15 30 6 15 24 23 20 25 23 6 16 5 6 29 11 21 20 6 28 14 5 18 27 13 14 10 14 24 11 18 11 27 16 13 14 11 9 23 29 10 16 7 23 9 11 22 20 2 24 3 3 27 6 10 4 14 4 8 8 3 1 25 18 22 18 22 16 20 7 14 16 22 19 11 28 15 23 23 9 29 9 14 7 25 18 3 28 11 5 13 27 4 20 19 28 5 15 8 28 22 19 15 21 6 29 29 9 22 15 27 9 25 6 12 20 6 12 9 3 3 27 10 14 20 14 28 14 19 19 25 5 12 19 11 10 15 24 3 21 3 2 15 19 28 30 1 14 4 18 17 10 12 15 17 20 21 2 10 17 28 2 13 30 28 24 27 1 17 19 9 15 7 18 19 26 24 24 27 24 4 26 2 7 6 27 20 29 24 30 11 30 14 12 3 1 2 20 10 14 20 6 12 2 22 22 8 8 25 9 28 10 18 5 4 9 27 8 17 26 3 29 20 24 9 12 9 20 29 8 23 30 13 23 3 29 11 21 13 12 3 9 19 28 7 3 4 8 10 7 21 20 24 29 4 23 29 15 18 28 13 27 7 11 17 6 3 18 8 16 28 20 6 21 2 23 27 21 3 11 27 7 15 8 28 6 17 18 24 10 12 22 2 1 4 21 8 6 21 22 28 4 15 20 29 6 29 4 4 27 28 28 27 14 6 11 26 22 13 21 7 19 11 15 14 12 6 28 7 26 23 30 10 19 21 16 13 8 3 15 25 9 26 13 11 19 4 10 21 16 24 25 13 13 4 12 23 30 20 19 4 20 12 2 21 5 1 10 6 25 27 24 13 23 16 25 13 17 2 8 16 17 6 22 4 15 14 8 6 8 6 25 5 8 5 4 22 17 20 30 26 28 8 3 4 23 30 25 18 13 16 10 9 24 3 24 24 5 2 29 24 16 19 21 5 6 29 21 30 17 25 11 15 26 23 5
1 4 17
332 426 391 302 42 184 320 318 115 224 292 335 178 256 322 462 239
1 4 17
379 377 63 23 488 433 26 137 375 138 199 90 311 82 414 393 80
1 7 10
362 272 399 250 374 234 66 400 149 201
1 9 7
137 248 37 402 379 241 474
1 6 12
136 276 350 139 393 95 301 76 447 419 205 495
1 9 8
477 326 481 392 334 124 20 164
1 7 9
22 149 468 164 90 88 311 404 63
1 5 15
67 437 395 236 366 65 401 337 238 289 345 176 277 484 381
1 3 21
104 363 423 221 384 367 50 170 147 160 122 281 52 127 379 442 176 119 101 243 483
1 7 10
5 147 262 316 333 66 82 238 259 75
1 5 12
487 403 365 281 274 95 339 16 310 24 205 308
1 4 19
395 31 404 149 183 453 44 34 37 456 372 76 354 265 11 463 399 67 490
1 4 17
332 94 467 118 68 65 375 22 52 128 29 168 15 377 356 143 431
1 4 19
460 21 188 357 368 14 487 246 194 156 279 489 179 426 251 230 362 453 431
1 18 3
55 313 42
1 15 4
20 351 443 260
1 19 3
125 460 64
1 4 14
467 378 479 386 143 203 471 398 427 489 256 85 440 225
1 7 9
462 65 351 379 80 3 195 70 68
1 3 21
32 262 426 36 235 417 226 140 119 38 103 18 248 230 168 237 336 473 76 399 157
1 6 12
204 295 337 225 55 497 397 439 460 372 235 124
1 3 23
182 250 66 347 83 454 197 228 429 31 299 483 72 218 355 220 26 54 472 33 413 338 109
1 12 6
247 376 420 78 415 245
1 12 6
426 318 285 464 24 416
1 10 7
305 240 285 286 199 359 321
1 4 17
317 458 303 7 321 39 15 154 256 153 288 156 107 130 3 383 439
1 4 18
105 290 24 17 377 299 27 124 188 53 176 311 444 29 239 382 284 424
1 3 23
382 259 349 83 76 2 299 172 314 367 49 283 300 276 56 383 58 492 193 312 412 246 187
1 5 14
306 148 91 123 356 348 134 464 473 293 478 266 341 199
1 6 11
425 212 213 457 486 85 332 17 220 497 36
1 3 24
286 395 345 58 2 317 293 224 390 359 383 150 299 197 287 127 331 154 66 41 434 6 372 35
1 3 23
370 342 102 391 285 426 299 84 435 23 464 480 452 324 31 421 204 296 347 339 493 194 390
1 8 9
324 138 41 362 323 75 267 251 335
1 3 21
303 251 491 39 19 21 204 465 308 216 258 479 44 190 344 217 94 457 483 74 151
1 3 21
108 439 402 458 368 190 347 438 385 126 299 301 352 29 230 472 261 98 391 432 99
1 3 23
180 368 23 329 481 222 158 433 145 408 291 15 78 412 284 16 239 141 288 215 40 357 70
1 4 19
321 484 223 401 214 466 200 8 70 322 353 61 146 179 459 454 374 323 224
1 4 16
181 72 152 338 421 156 452 268 16 300 478 324 424 454 362 132
1 15 5
391 293 342 485 325
1 21 2
324 19
1 11 6
202 238 319 196 406 444
1 11 5
49 330 347 496 479
1 21 3
473 354 32
1 3 21
23 192 398 302 319 367 487 305 146 214 188 181 390 360 30 222 397 132 20 135 104
1 7 7
48 346 74 56 152 403 476
1 3 20
122 396 32 327 414 489 43 203 213 496 100 107 53 466 487 337 0 9 483 339
1 3 20
92 35 358 153 121 327 71 124 21 215 151 259 18 59 379 199 357 497 386 138
1 8 9
27 139 145 94 228 465 270 273 32
1 6 12
411 90 364 249 202 187 288 157 120 94 457 159
1 19 3
108 437 166
1 5 14
410 101 282 474 479 144 362 384 58 82 454 25 142 476
1 9 8
447 350 446 266 413 327 42 251
1 6 12
13 12 95 207 33 129 463 445 112 212 5 87
1 10 7
36 434 317 76 94 459 444
1 5 15
220 87 137 165 9 399 123 170 312 267 330 268 419 357 60
1 4 17
66 132 146 364 152 415 217 205 465 458 255 16 280 182 193 405 120
1 5 14
4 382 362 340 77 414 397 267 161 317 142 153 152 105
1 3 20
77 433 108 217 171 272 25 427 392 467 326 63 163 460 112 111 231 52 384 41
1 3 25
163 1 324 369 495 235 499 145 33 295 267 440 464 421 11 497 205 193 48 157 283 127 241 326 307
1 6 12
391 414 143 470 221 490 150 160 330 62 101 446
1 6 10
100 134 395 318 75 118 89 410 330 277
1 5 16
255 395 285 52 126 468 371 88 429 310 189 129 225 41 26 380
1 10 7
487 210 413 442 493 275 8
1 31 2
61 140
1 4 18
433 86 336 417 188 354 442 465 338 290 283 165 218 299 295 192 116 186
1 5 13
3 415 204 293 18 212 430 268 43 347 401 432 305
1 5 16
470 382 34 231 32 103 394 335 158 474 128 264 100 7 357 3
1 15 4
491 309 341 37
1 14 4
496 55 142 410
1 3 20
135 372 17 442 37 3 472 57 182 99 346 223 19 384 459 275 177 435 424 343
1 7 10
215 231 70 102 149 274 53 405 0 440
1 5 12
11 68 118 427 435 38 445 303 217 444 384 115
1 4 16
288 156 19 152 76 433 452 78 446 34 188 445 290 454 342 335
1 9 7
280 216 259 31 4 372 120
1 3 24
234 184 24 334 473 95 392 374 416 407 141 361 373 368 281 437 61 219 23 424 412 494 354 289
1 4 15
103 422 383 13 12 79 204 80 499 485 496 217 99 407 232
1 23 2
442 148
1 9 7
380 250 293 127 4 67 195
1 3 19
344 333 440 471 180 242 110 294 289 86 487 475 59 106 151 143 125 18 305
1 9 8
201 308 12 352 170 7 5 47
1 7 11
52 299 459 200 234 102 190 217 29 37 108
1 10 7
106 69 161 169 97 426 107
1 6 11
113 62 185 7 166 309 138 194 416 261 462
1 5 15
251 399 300 264 305 266 385 444 463 168 113 344 20 322 95
1 4 16
295 179 444 39 150 357 358 213 318 167 126 475 33 206 153 361
1 12 6
367 355 283 319 345 30
1 19 2
160 473
1 4 16
298 330 291 197 23 83 135 275 121 240 144 103 229 181 43 399
1 3 25
160 453 220 56 205 350 209 479 463 226 308 484 44 396 362 254 270 494 474 133 138 225 415 33 111
1 33 2
42 233
1 18 3
363 389 247
1 3 25
257 389 232 348 143 67 186 157 119 419 452 267 450 471 302 484 365 202 474 409 158 309 449 312 144
1 30 2
373 53
1 5 11
219 226 412 197 312 125 401 438 313 97 269
1 3 24
239 115 68 139 164 376 280 248 294 455 3 14 96 109 498 367 452 163 335 100 360 147 488 364
1 12 6
337 302 48 209 23 423
1 3 22
11 462 236 246 321 164 468 351 184 481 14 211 28 311 407 344 403 485 95 16 85 352
1 3 23
376 125 287 493 64 251 135 148 245 220 402 100 7 219 307 200 138 171 127 96 387 18 151
1 16 4
309 18 306 178
1 37 2
455 368
1 4 18
21 187 435 321 394 227 375 31 442 353 185 388 490 349 246 480 116 1
1 3 24
258 134 321 352 349 159 156 179 243 261 225 271 405 486 128 431 498 196 236 442 46 491 185 296
1 4 18
153 217 289 69 27 206 486 490 265 100 273 489 145 243 457 164 352 113
1 6 10
198 28 399 95 360 46 474 143 464 260
1 6 10
54 122 206 50 256 378 29 91 454 303
1 3 23
231 476 26 398 91 311 355 349 22 175 208 320 109 174 27 378 198 358 287 251 128 222 494
1 8 8
459 134 111 335 196 67 432 484
1 7 6
244 431 332 389 37 293
1 4 17
87 193 159 92 240 104 302 388 113 160 326 117 207 101 285 125 175
1 4 18
153 116 345 171 129 267 173 434 28 214 72 397 62 385 381 489 96 448
1 11 7
450 376 146 30 196 88 237
1 17 4
342 131 297 391
1 3 25
223 290 13 92 318 373 356 350 252 288 470 469 2 474 87 449 491 153 246 37 337 377 240 11 266
1 4 16
390 31 104 439 147 22 221 66 217 141 146 91 59 163 139 429
1 17 3
379 173 149
1 5 14
209 461 2 222 238 492 437 72 274 380 273 387 123 119
1 3 20
365 69 187 281 304 241 200 233 497 100 269 198 339 287 3 400 392 267 199 124
1 5 14
348 182 20 239 128 188 214 385 108 25 95 59 142 114
1 4 19
151 98 6 197 153 196 410 378 369 345 217 149 423 344 209 430 216 279 449
1 18 4
464 140 185 232
1 5 15
60 8 476 339 152 113 109 277 101 25 281 225 487 367 417
1 3 20
477 111 404 284 320 303 187 20 251 211 227 322 289 349 318 461 335 356 85 161
1 4 17
470 88 299 434 289 205 52 64 122 11 223 62 396 65 441 258 240
1 6 12
295 318 336 407 398 389 328 242 437 346 219 454
1 4 17
17 251 270 484 203 276 388 129 492 353 427 179 328 134 426 242 133
1 3 22
177 432 300 48 461 409 54 286 265 222 227 94 38 467 128 90 480 473 285 376 216 260
1 11 6
356 418 178 141 72 142
1 4 18
272 384 303 15 184 163 22 120 58 236 94 413 417 308 436 496 470 5
1 4 19
483 137 331 201 54 341 345 350 46 268 486 307 220 451 27 225 204 17 380
1 20 4
66 92 209 191
1 19 3
5 234 392
1 4 15
472 191 354 182 405 12 32 331 304 256 303 327 252 36 392
1 9 8
477 352 106 228 53 459 165 460
1 10 5
234 310 358 20 365
1 6 13
414 160 49 276 492 155 306 406 334 177 345 3 459
1 22 2
118 217
1 7 11
217 110 398 180 190 311 169 25 5 355 51
1 4 19
118 22 190 167 470 385 402 51 63 478 391 303 48 307 11 459 457 82 201
1 8 9
295 139 74 344 264 362 378 241 309
1 3 24
60 402 198 47 321 376 341 255 490 257 298 271 218 156 48 486 304 66 453 182 24 35 188 225
1 7 10
1 415 180 156 153 227 7 361 286 236
1 8 9
400 368 290 110 283 247 194 27 469
1 9 8
201 303 406 474 136 149 70 492
1 3 20
118 477 45 297 484 3 356 397 299 369 384 485 99 270 246 308 88 75 77 473
1 3 18
290 452 264 422 316 411 279 302 430 0 31 399 296 113 57 359 27 204
1 6 12
12 92 248 145 343 425 323 330 329 114 208 207
1 8 7
273 50 173 212 474 165 351
1 6 10
74 204 211 438 372 346 462 101 362 270
1 3 23
121 174 60 315 371 88 27 13 421 92 378 493 251 81 12 277 149 148 499 264 49 205 54
1 4 19
210 497 270 191 260 345 425 68 256 452 163 376 252 6 499 436 404 325 134
1 3 22
371 102 185 33 47 182 463 5 27 265 75 469 205 11 96 407 35 378 318 399 263 165
1 4 19
470 235 497 268 244 409 61 326 228 283 396 493 327 258 441 201 239 315 323
1 3 20
108 272 328 411 439 199 198 121 64 364 135 221 494 154 249 42 435 65 230 137
1 11 7
13 392 32 33 465 170 304
1 4 16
453 124 332 318 63 14 161 1 433 430 313 447 105 402 446 171
1 7 9
297 56 254 252 158 239 298 367 365
1 3 23
306 117 477 425 24 22 91 485 133 299 171 419 5 409 59 108 90 39 253 209 84 319 218
1 3 24
325 282 428 1 344 300 19 328 245 85 425 184 82 385 450 343 380 314 258 320 386 493 140 32
1 8 8
402 420 384 246 480 296 427 453
1 3 20
424 175 472 190 251 81 460 84 226 328 102 121 135 273 194 408 54 451 96 227
1 25 3
320 498 155
1 6 12
105 172 74 95 245 137 12 263 465 322 182 209
1 4 19
452 439 231 323 320 290 196 222 206 422 105 398 462 201 48 112 193 10 156
1 7 10
365 66 461 217 380 184 431 316 443 315
1 5 12
64 211 23 305 286 472 76 132 435 125 400 221
1 21 3
275 334 36
1 10 6
98 111 50 54 142 453
1 3 20
457 51 111 46 36 353 11 81 294 479 151 396 275 320 449 371 33 201 113 390
1 4 17
458 128 119 359 217 259 436 246 71 364 457 421 361 487 483 88 336
1 5 13
236 438 147 61 464 203 286 387 351 201 28 401 63
1 5 13
10 128 464 494 267 257 495 266 141 419 300 123 408
1 4 17
158 172 333 63 119 455 40 326 367 493 50 406 399 255 165 364 339
1 5 13
21 71 316 108 383 89 375 68 81 269 137 411 341
1 15 4
176 276 119 206
1 4 16
305 48 245 425 398 274 331 161 420 141 303 321 185 264 219 177
1 8 7
257 97 131 328 343 268 9
1 4 18
358 102 252 268 30 322 300 185 229 441 497 180 397 155 369 129 132 82
1 6 11
122 63 58 39 13 325 486 148 498 177 198
1 7 10
27 35 164 134 44 223 57 316 428 363
1 8 7
54 89 466 387 199 53 409
1 8 9
295 390 477 5 491 272 441 252 318
1 7 7
160 419 186 236 215 4 173
1 7 10
41 185 383 322 310 373 68 274 263 389
1 7 10
401 322 329 223 141 183 192 17 55 10
1 6 12
258 409 81 447 496 402 58 103 8 44 212 397
1 20 3
293 138 253
1 3 20
57 172 214 195 357 38 430 237 147 442 137 94 219 51 412 424 310 121 326 175
1 5 15
62 173 70 221 497 449 237 296 454 255 261 495 399 417 490
1 9 7
97 471 332 52 201 107 111
1 3 24
424 166 7 276 381 336 245 204 8 491 126 63 412 314 105 295 156 283 360 386 478 181 366 279
1 4 19
281 81 153 192 408 30 298 241 449 148 20 25 133 122 212 396 305 154 144
1 28 2
351 409
1 3 25
203 151 242 324 37 100 210 0 188 245 290 22 297 144 161 103 139 479 19 248 469 427 63 355 129
1 9 8
308 30 389 256 330 35 272 261
1 24 3
149 169 194
1 23 2
461 38
1 5 13
354 431 436 492 384 382 478 308 411 487 442 100 201
1 4 16
318 415 405 289 189 471 340 67 217 220 87 275 409 473 29 232
1 7 8
212 289 410 193 162 475 94 89
1 11 6
287 72 439 35 404 360
1 3 20
67 487 226 214 7 239 142 416 107 358 16 462 130 199 387 437 24 403 132 219
1 3 20
499 493 275 437 119 431 272 264 491 95 335 6 156 489 192 124 221 171 137 415
1 3 22
144 71 416 33 26 213 163 413 297 62 401 66 266 146 128 359 312 497 134 496 322 369
1 11 5
256 217 22 218 460
1 3 24
347 194 163 426 70 75 245 237 171 129 265 170 60 140 488 346 332 242 111 353 1 397 116 292
1 8 9
131 117 334 30 149 274 374 275 497
1 3 24
216 34 439 78 188 179 336 175 418 264 399 214 277 47 282 127 6 411 381 487 344 98 80 491
1 14 5
50 132 243 15 209
1 9 7
73 394 45 28 128 177 444
1 3 23
497 209 70 115 262 139 444 131 300 467 251 161 123 91 72 490 180 153 492 168 25 332 465
1 6 13
370 6 325 53 262 172 157 103 140 216 467 486 352
1 6 12
309 236 130 92 61 322 266 51 367 127 67 11
1 3 23
1 179 35 127 239 201 7 210 111 46 37 76 87 42 112 436 266 389 3 258 199 469 490
1 7 10
51 474 75 223 129 209 303 192 273 406
1 7 7
161 114 152 115 7 145 409
1 16 4
412 53 49 497
1 3 20
357 78 363 210 325 141 499 95 148 276 291 21 14 437 229 48 440 484 165 468
1 3 20
198 351 377 210 332 389 189 44 148 484 289 293 3 154 10 33 412 53 287 230
1 3 19
147 107 445 196 53 7 465 315 431 365 58 149 133 221 399 435 405 382 410
1 20 3
303 180 10
1 3 20
119 69 134 192 153 425 245 463 139 154 400 392 262 420 354 343 498 17 452 92
1 6 12
395 349 425 80 112 109 33 277 197 96 16 114
1 4 18
415 233 217 177 2 320 97 286 36 88 327 178 315 316 364 305 16 98
1 5 14
206 265 494 443 263 482 72 333 36 403 208 110 62 407
1 7 10
8 393 222 412 490 291 206 139 494 29
1 5 14
105 143 130 22 474 289 218 346 261 392 73 492 239 379
1 6 9
221 184 434 231 119 234 90 53 246
1 4 16
24 278 219 93 458 13 33 126 183 159 209 20 356 226 326 230
1 7 10
311 87 147 191 28 453 373 437 464 340
1 3 25
148 466 330 163 354 82 458 146 454 126 375 270 195 258 247 489 481 23 66 403 332 452 406 380 365
1 3 25
251 206 5 162 383 30 237 241 39 433 273 428 190 344 499 72 135 487 381 1 335 227 168 197 465
1 6 12
480 122 363 411 465 487 269 82 399 151 63 391
1 27 2
181 164
1 13 6
137 376 66 108 389 323
1 5 13
34 191 87 2 237 42 420 80 344 45 270 83 397
1 10 7
460 273 6 274 20 79 290
1 7 10
441 307 451 4 152 325 345 296 77 453
1 12 5
87 400 416 140 0
1 3 25
486 442 397 456 329 296 270 180 115 400 39 401 272 120 153 63 255 368 356 228 66 99 131 86 160
1 3 20
130 155 487 330 185 374 134 64 340 251 229 403 380 479 462 472 62 206 190 108
1 2 25
62 387 392 256 388 276 369 263 141 71 498 81 355 472 222 298 401 315 281 128 447 53 297 114 52
1 9 8
289 389 227 185 248 268 464 274
1 3 22
271 96 95 204 143 447 118 474 443 54 290 449 49 272 402 412 154 114 23 27 251 254
1 4 16
159 230 172 165 169 320 130 168 207 215 64 335 204 56 231 19
1 3 24
183 225 63 10 242 1 180 211 279 422 23 334 18 152 39 262 382 139 142 157 335 403 237 369
1 19 2
467 403
1 3 22
150 93 417 365 242 85 104 413 446 309 473 2 352 421 414 397 22 258 157 79 348 90
1 13 4
67 100 205 398
1 9 8
394 421 31 458 189 351 283 5
1 8 9
340 170 399 492 146 446 122 141 328
1 9 8
208 395 268 177 482 197 488 469
1 7 9
327 31 417 278 388 29 426 336 251
1 23 3
435 289 272
1 4 19
442 172 457 460 377 163 229 151 270 261 402 232 491 312 63 191 41 111 452
1 4 18
77 305 361 454 302 372 296 230 243 472 354 345 208 491 320 168 373 99
1 3 22
198 147 479 75 78 220 9 151 347 227 383 361 222 39 45 139 313 491 80 351 36 238
1 3 21
65 412 481 317 105 273 425 422 251 316 48 206 460 388 339 311 439 195 204 35 203
1 3 22
317 499 474 61 431 476 283 158 75 239 395 346 408 25 399 129 110 198 20 493 338 428
1 3 25
134 235 219 175 199 163 22 90 244 293 154 242 8 290 385 4 309 152 427 437 296 418 227 70 149
1 8 9
167 214 256 1 485 344 373 67 238
1 4 17
198 40 357 493 160 131 61 228 314 297 463 205 412 43 319 58 477
1 5 14
110 337 177 296 173 491 475 397 4 383 68 387 380 253
1 4 19
302 453 374 440 152 191 264 478 221 208 351 452 206 219 370 421 393 125 131
1 3 21
48 203 3 346 337 481 115 323 259 80 327 99 277 178 445 443 141 28 221 455 35
1 4 17
257 407 171 369 229 408 98 473 42 133 483 252 25 299 70 344 325
1 4 16
84 311 401 282 317 221 126 119 422 28 442 105 157 187 498 249
1 5 14
392 14 294 388 102 334 467 73 19 122 81 174 341 440
1 5 13
97 391 440 272 150 126 215 397 346 433 279 497 431
1 3 25
166 136 302 139 447 371 463 286 3 173 303 333 164 299 82 161 399 0 227 240 437 355 448 235 263
1 5 14
441 193 60 39 184 272 306 115 421 490 98 69 331 76
1 5 13
358 279 484 437 242 265 77 268 308 92 273 125 112
1 13 2
221 85
1 6 12
276 225 76 337 147 97 178 64 384 391 148 211
1 22 2
312 217
1 4 18
187 464 431 344 45 176 498 338 285 154 160 38 448 334 8 460 373 326
1 9 7
496 396 35 284 178 480 130
1 21 3
481 73 264
1 4 17
81 182 401 44 152 465 470 309 360 89 36 442 6 279 325 141 394
1 3 23
437 456 445 475 386 256 200 340 382 148 143 353 210 83 249 239 33 170 413 334 108 188 481
1 3 22
44 169 1 452 240 471 458 297 205 480 243 487 417 314 234 393 401 186 14 49 414 350
1 4 16
137 164 184 112 418 133 76 458 177 4 195 437 265 394 439 196
1 3 21
475 116 452 44 295 140 488 8 373 170 62 64 378 179 267 69 246 65 122 148 422
1 3 22
393 15 237 423 177 90 315 23 341 65 450 30 267 54 456 486 85 448 367 32 249 26
1 6 12
279 473 57 130 63 402 371 458 441 452 227 4
1 3 22
329 373 310 141 483 1 83 306 253 237 422 221 280 468 88 385 383 76 317 311 427 214
1 7 11
309 90 174 281 218 381 115 36 34 0 421
1 4 16
175 322 272 419 79 1 281 6 134 67 311 72 100 145 189 398
1 15 5
485 190 393 274 201
1 6 12
112 18 186 341 216 287 323 184 301 158 493 148
1 5 14
487 447 425 319 83 181 224 414 248 198 206 484 401 12
1 6 11
155 289 0 391 343 33 161 304 281 303 352
1 2 22
486 93 318 39 64 279 369 0 55 52 119 213 275 386 223 91 381 456 321 62 172 135
1 19 3
349 334 273
1 8 9
126 307 422 183 466 21 47 495 55
1 9 8
94 164 261 218 390 230 373 239
1 3 22
175 385 399 305 373 222 499 402 6 378 293 244 355 22 46 243 153 37 36 295 371 61
1 5 15
149 416 340 280 70 179 294 227 214 101 88 309 76 238 237
1 5 15
437 162 169 419 320 148 338 434 497 401 412 141 184 197 295
1 15 3
481 333 95
1 4 18
388 176 269 466 471 480 136 257 352 14 420 311 435 89 170 270 56 193
1 8 8
45 324 214 441 455 453 486 234
1 8 9
161 224 169 471 258 214 495 183 59
1 3 22
441 64 360 413 75 184 62 240 296 106 291 130 12 237 271 199 111 133 294 329 326 365
1 4 17
258 276 37 477 41 83 79 115 404 219 173 171 178 14 181 192 92
1 3 22
28 332 356 210 261 166 235 69 383 91 93 158 240 275 151 260 347 357 12 119 102 249
1 4 19
80 169 420 50 353 430 410 260 469 36 381 259 108 445 368 217 38 64 497
1 6 10
457 473 467 95 477 36 72 258 405 264
1 8 9
77 368 89 113 402 350 471 289 105
1 5 13
380 298 311 0 304 460 90 407 433 301 100 203 124
1 3 21
273 401 85 474 34 356 114 7 294 428 203 207 329 383 365 335 21 212 8 378 121
1 3 25
401 182 368 393 144 73 445 408 411 292 336 261 48 27 381 405 68 446 345 104 80 282 13 2 343
1 27 2
192 333
1 6 12
312 28 232 339 440 281 434 424 441 418 240 163
1 5 13
113 472 164 474 14 404 255 330 493 222 314 394 72
1 3 23
394 432 346 112 69 267 343 188 121 284 275 304 495 467 388 8 448 497 17 324 76 331 134
1 8 9
219 388 95 31 226 318 298 295 380
1 3 25
391 430 124 314 275 113 237 8 149 498 70 323 220 155 334 272 0 303 454 359 394 290 176 24 456
1 6 10
397 9 208 123 432 346 431 429 442 112
1 8 9
98 121 17 401 63 309 457 368 439
1 15 5
18 492 247 122 10
1 3 21
273 305 88 491 412 451 160 103 204 201 378 444 324 413 186 241 231 399 224 263 337
1 3 23
458 160 117 132 75 109 396 308 374 437 357 424 97 311 44 434 250 202 489 484 322 478 464
1 26 2
20 222
1 3 23
0 220 240 74 476 477 379 109 393 380 411 318 430 126 157 37 319 436 128 48 93 25 280
1 3 20
206 125 449 189 116 219 195 413 408 89 1 10 472 186 144 199 155 318 419 4
1 3 24
26 496 20 284 5 452 229 225 385 338 153 189 35 168 244 415 215 27 103 276 19 78 48 76
1 9 8
414 94 374 47 194 164 109 71
1 3 18
473 361 216 281 218 82 21 311 262 350 119 385 499 483 343 11 16 330
1 3 20
424 232 82 116 434 134 222 217 270 77 192 100 219 370 496 495 148 171 93 375
1 3 19
489 461 108 377 344 31 446 73 392 427 80 95 249 348 464 180 199 367 237
1 5 13
253 60 392 64 428 95 459 484 137 267 142 362 193
1 5 14
253 276 453 298 465 40 282 271 422 496 30 57 408 224
1 3 20
263 442 88 490 145 344 261 395 144 67 221 311 289 332 276 195 78 466 422 369
1 7 10
265 292 435 404 27 451 25 456 66 134
1 22 3
239 337 322
1 3 23
84 105 29 384 232 159 366 158 67 439 75 241 470 296 41 311 321 135 333 461 323 459 140
1 12 4
459 449 499 473
1 8 9
322 45 432 60 114 438 24 151 425
1 6 9
59 22 403 389 448 134 467 130 57
1 13 4
54 396 133 25
1 15 5
465 377 280 24 449
1 3 21
442 229 173 414 1 337 34 66 92 172 175 298 215 68 273 320 339 154 193 278 15
1 3 25
92 477 20 345 188 200 454 398 194 114 429 17 401 101 387 430 441 28 437 300 112 442 292 83 465
1 3 25
176 94 217 48 115 77 8 263 363 407 189 480 439 118 335 482 286 268 177 64 38 285 421 400 164
1 4 17
491 482 303 154 414 226 340 101 467 370 266 389 480 419 147 143 203
1 3 23
77 330 328 300 498 399 291 343 257 454 29 102 70 230 313 208 181 444 462 261 1 259 197
1 4 17
241 116 145 208 172 399 42 249 222 123 111 465 127 165 49 260 92
1 9 8
251 420 237 472 182 315 106 268
1 6 11
222 45 239 315 369 98 321 176 422 495 149
1 3 23
245 210 107 410 405 278 14 104 124 158 217 141 251 23 136 256 353 34 399 25 446 81 89
1 5 16
499 44 187 421 150 322 134 248 253 148 178 353 485 8 209 333
1 4 17
180 274 245 406 360 81 336 388 383 284 390 69 163 481 287 46 430
1 15 5
10 428 165 470 388
1 6 12
230 384 15 455 351 308 99 324 164 417 251 147
1 3 21
393 268 196 62 490 120 328 405 351 418 67 372 408 325 358 24 149 240 315 368 398
1 4 16
236 283 185 216 384 252 200 116 404 491 282 118 279 266 424 441
1 22 3
197 325 0
1 9 8
496 415 50 208 475 265 56 342
1 4 17
312 62 165 28 246 281 320 196 364 67 133 119 362 279 136 431 170
1 4 17
329 484 372 490 63 61 43 118 239 395 259 109 205 398 180 364 415
1 11 5
25 427 452 33 479
1 4 18
467 191 302 120 109 279 10 88 476 3 227 477 440 378 194 271 249 64
1 3 24
126 36 20 167 6 206 60 89 204 81 368 106 367 442 96 248 283 64 418 298 0 407 338 325
1 5 12
416 296 423 230 328 117 192 310 425 55 129 195
1 3 23
421 458 53 391 67 383 22 244 400 2 291 425 340 163 418 210 190 319 478 388 226 34 355
1 3 24
499 109 229 79 265 94 163 355 492 369 420 312 96 42 358 34 218 332 334 97 193 202 50 137
1 6 10
157 379 176 378 485 24 363 217 401 216
1 9 7
206 319 204 396 21 345 219
1 6 10
428 36 188 76 316 472 352 27 94 1
1 5 13
146 149 357 350 242 411 331 184 435 92 173 423 337
1 6 12
410 25 240 143 223 58 304 247 313 464 391 366
1 12 6
249 373 345 235 232 166
1 7 9
452 168 352 485 93 15 290 342 54
1 9 5
63 52 475 322 338
1 5 14
494 208 298 98 174 263 429 0 17 292 496 334 112 461
1 5 15
214 189 420 415 300 39 320 492 273 138 468 179 135 394 148
1 3 25
458 330 452 208 431 323 415 341 368 179 430 408 313 87 230 177 35 413 21 284 3 197 256 454 12
1 4 18
376 439 280 126 91 336 3 6 466 42 384 225 210 69 30 279 380 484
1 3 24
318 90 305 196 444 293 370 485 437 432 395 496 86 407 476 416 447 248 371 323 178 130 134 100
1 11 7
66 6 221 161 295 146 133
1 4 16
185 178 24 376 419 358 309 272 232 0 368 69 432 459 361 412
1 8 8
129 304 67 62 112 49 499 406
1 5 15
386 96 145 441 62 126 141 442 313 317 246 439 409 202 423
1 3 23
157 4 300 280 296 348 301 113 371 470 362 175 266 345 498 93 346 18 20 49 194 78 335
1 3 24
384 201 129 244 35 320 268 74 443 143 194 195 343 328 258 207 108 382 154 348 304 313 305 257
1 7 10
167 1 383 69 253 53 262 213 416 293
1 6 13
40 73 210 405 168 38 229 162 353 253 256 463 440
1 3 19
250 85 443 400 26 81 306 284 293 241 422 79 437 24 15 5 473 420 86
1 3 22
330 163 421 128 297 242 31 336 460 231 214 257 268 254 428 420 56 279 57 387 458 298
1 3 21
452 356 215 393 328 315 297 154 141 156 184 294 37 432 322 44 165 16 442 149 20
1 13 4
254 65 192 260
1 3 25
323 462 225 45 166 109 156 0 100 21 202 92 178 490 50 164 73 334 366 53 64 457 469 222 328
1 13 5
241 214 82 471 306
1 5 11
279 297 345 382 267 112 29 298 130 134 27
1 5 16
32 488 395 249 144 103 63 217 281 196 221 310 283 237 70 268
1 5 15
222 224 195 177 67 255 257 298 371 239 492 62 458 369 40
1 4 19
133 172 208 427 296 160 449 412 480 188 463 230 257 10 216 486 281 155 60
1 3 25
195 293 186 56 27 190 400 1 437 330 476 363 294 419 161 223 162 261 281 227 112 89 389 301 275
1 16 4
283 193 234 278
1 19 3
459 300 87
1 5 14
263 224 479 299 389 448 209 427 259 234 326 439 162 48
1 10 7
290 74 422 204 110 410 159
1 3 24
11 483 108 204 202 213 152 453 369 166 229 186 334 455 26 465 177 396 335 371 155 165 440 249
1 7 10
378 203 29 155 0 352 188 167 156 427
1 3 25
162 193 35 452 353 21 20 197 136 387 79 185 320 331 167 186 498 37 67 307 497 486 113 262 219
1 8 5
338 263 175 432 184
1 10 5
23 22 181 378 309
1 3 24
308 289 275 152 211 171 107 448 391 341 176 276 35 247 248 29 134 182 370 373 316 489 329 139
1 6 9
131 429 481 89 358 11 288 56 102
1 5 12
460 432 203 409 389 415 266 160 65 182 201 21
1 3 25
296 75 346 182 278 464 270 491 252 129 184 32 44 91 12 123 444 89 368 80 59 388 459 419 229
1 3 23
49 376 129 215 186 313 387 210 377 284 332 475 54 124 56 84 280 485 174 426 243 241 10
1 3 20
316 493 151 185 240 219 213 326 329 211 444 60 48 434 148 59 440 465 369 454
1 6 11
311 48 146 414 97 231 270 249 162 316 484
1 4 19
37 228 278 57 474 493 73 40 417 252 473 20 81 259 358 466 48 304 42
1 8 9
34 5 190 350 392 494 388 276 92
1 6 13
459 320 184 169 452 277 8 296 450 292 227 138 107
1 4 12
36 218 330 121 457 310 371 296 101 91 262 27
1 6 10
495 458 187 268 135 389 71 315 322 119
1 13 5
463 247 305 38 399
1 3 20
453 173 291 320 343 301 195 347 53 142 369 230 408 91 264 380 417 234 344 451
1 3 20
121 178 328 39 399 381 331 384 21 172 35 63 115 420 410 219 411 239 344 461
1 8 9
96 16 235 329 139 154 86 369 188
1 24 3
424 470 113
1 3 20
30 332 271 474 40 46 147 323 315 387 19 322 81 109 217 414 136 479 374 408
1 3 23
426 439 94 211 124 295 417 240 95 85 214 60 72 46 79 161 263 174 166 251 460 143 84
1 3 24
452 413 51 325 222 336 0 27 472 23 80 377 101 498 485 223 195 133 370 216 387 211 156 33
1 9 8
68 462 418 231 60 14 326 222
1 7 5
288 182 405 21 106
1 8 9
179 87 413 236 255 443 185 206 174
1 3 21
226 294 436 201 329 120 238 215 344 350 451 266 261 332 15 19 325 438 241 32 295
1 4 16
445 232 352 403 48 81 336 153 6 31 443 430 460 378 186 183
1 3 23
97 297 275 189 162 76 448 17 405 92 24 52 457 462 471 324 31 186 11 370 49 134 10
1 5 14
391 116 58 103 317 150 14 232 30 373 128 178 9 71
1 9 7
476 260 218 95 287 132 220
1 4 18
197 194 304 314 404 186 431 181 107 129 443 435 55 93 437 256 151 115
1 14 4
77 385 177 137
1 4 17
450 302 368 74 451 278 242 262 386 301 75 492 473 44 108 300 9
1 8 9
440 483 391 480 260 46 298 188 279
1 6 11
231 83 462 382 301 159 189 196 302 34 457
1 3 25
78 320 443 82 362 369 224 247 346 252 147 221 420 152 117 441 306 305 68 24 371 58 412 333 227
1 28 2
270 6
1 3 21
90 419 203 400 412 83 413 115 356 461 118 189 481 478 77 256 315 151 92 373 78
1 13 5
347 413 368 77 382
1 3 22
268 29 264 345 202 59 115 199 347 454 404 33 125 381 36 469 330 74 384 81 213 15
1 4 16
148 196 45 398 336 142 141 222 183 473 4 227 70 428 31 125
1 3 21
35 383 375 135 42 198 132 363 2 209 395 104 439 79 88 454 225 24 215 262 185
1 5 14
237 225 442 294 137 469 169 378 203 465 355 436 109 232
1 3 22
465 370 456 168 429 176 469 215 374 395 141 96 183 464 22 427 406 327 1 448 117 480
1 22 2
457 413
1 16 4
107 183 0 435
1 7 8
450 49 424 493 350 48 314 31
1 3 19
458 271 384 16 201 293 390 304 143 123 232 412 484 139 241 481 466 268 444
1 3 25
17 163 446 206 130 344 219 162 155 25 124 400 208 199 387 51 112 471 69 260 186 320 64 405 228
1 11 6
64 179 467 11 222 163
1 6 11
9 214 456 460 452 72 17 336 102 61 316
1 3 22
11 175 303 496 441 228 328 480 253 183 40 169 289 153 12 95 98 484 67 294 193 369
1 3 24
110 168 50 157 288 353 49 293 76 119 7 336 173 376 138 354 406 476 229 399 1 230 2 405
1 6 12
362 16 292 21 270 58 269 286 234 355 55 345
1 14 4
203 361 237 366
1 4 15
303 285 482 188 265 166 494 94 321 388 189 499 3 355 357
1 4 16
249 445 119 232 39 160 256 353 270 193 310 341 139 13 325 484
1 32 2
64 242
1 4 16
96 462 190 394 361 100 203 391 74 121 441 34 434 81 239 322
1 21 3
281 444 228
1 7 10
355 488 440 78 282 239 286 225 326 177
1 10 6
261 221 413 445 111 137
1 13 4
259 287 175 332
1 3 22
489 44 459 47 178 51 86 145 308 182 246 68 252 104 498 26 94 373 219 229 370 375
1 5 13
352 70 133 322 356 405 56 226 196 263 111 84 186
1 4 18
213 370 341 452 292 190 281 376 86 409 453 10 225 224 63 277 7 273
1 3 23
432 385 80 283 236 233 68 495 443 161 46 110 93 151 115 5 353 296 92 306 395 331 175
1 15 4
451 383 108 110
1 6 11
20 415 453 384 435 49 140 406 199 4 288
1 4 17
330 251 342 334 200 258 349 62 328 193 345 105 99 127 398 36 240
1 5 15
197 361 465 452 421 460 306 435 167 166 301 467 51 75 152
1 15 5
85 340 51 380 392
1 6 12
225 180 125 167 287 279 275 328 478 59 333 470
1 4 17
360 64 264 242 49 117 443 406 199 252 369 315 333 122 217 204 434
1 18 2
28 473
1 3 20
195 91 6 57 40 456 151 212 313 266 305 402 310 90 216 193 378 95 138 188
1 9 8
253 74 200 372 465 78 286 408
1 5 14
308 272 295 161 82 199 370 454 278 241 203 126 51 133
1 14 4
199 82 101 169
1 13 5
411 172 93 70 332
1 4 18
372 124 320 46 264 60 443 322 12 483 187 79 496 415 156 454 390 128
1 5 15
92 57 115 190 490 459 463 494 42 93 134 156 72 167 409
1 6 8
184 22 99 456 475 183 302 59
1 11 5
145 416 180 210 394
1 3 23
141 91 415 167 129 127 316 444 88 8 378 422 229 421 405 26 233 342 78 69 313 187 133
1 4 13
481 1 489 89 311 59 77 222 286 262 275 247 234
1 5 14
96 462 292 296 133 165 268 11 493 363 425 382 149 224
1 3 23
75 455 297 21 366 282 150 423 31 357 3 20 69 197 116 171 203 123 182 249 467 35 332
1 4 19
194 240 448 162 133 310 366 120 114 495 213 116 42 478 38 402 455 208 425
1 4 18
109 352 416 181 228 465 294 173 156 182 387 321 252 48 46 342 260 58
1 4 16
450 307 28 137 83 248 353 380 498 126 348 143 296 421 493 213
1 4 19
213 58 45 62 265 436 292 309 335 483 90 316 151 344 286 486 426 98 260
1 25 2
291 152
1 6 11
168 242 385 437 250 248 359 91 195 423 111
1 9 7
305 137 346 231 347 399 242
1 3 20
44 454 42 251 365 464 412 416 430 361 91 227 493 244 312 53 314 125 126 15
1 3 24
2 467 253 216 235 80 427 208 310 393 210 384 397 40 498 363 316 398 201 172 130 198 151 343
1 6 13
419 209 253 486 270 477 479 208 206 58 468 32 219
1 6 11
99 474 440 405 43 320 400 142 359 358 114
1 10 7
203 436 168 141 253 330 258
1 5 15
356 366 137 120 307 376 60 225 412 218 124 130 214 470 79
1 4 18
27 382 442 78 210 312 58 264 430 151 31 38 283 431 8 243 147 470
1 3 25
434 288 396 129 289 138 294 54 55 370 389 44 207 258 486 416 467 405 279 244 228 0 290 369 404
1 4 18
362 244 70 137 394 420 401 21 175 152 38 457 368 293 12 51 349 339
1 3 20
260 67 76 344 297 190 197 381 6 334 331 163 449 271 128 426 282 270 160 92
1 5 15
142 126 426 304 409 375 301 423 334 207 192 90 46 337 148
1 4 17
342 20 374 264 159 195 9 99 162 36 292 166 351 275 85 242 412
1 4 17
119 153 139 356 478 428 383 470 219 42 324 136 294 359 279 405 62
1 7 11
434 254 338 286 253 298 291 137 335 35 269
1 5 13
84 161 127 430 118 450 367 385 360 348 301 311 36
1 5 12
423 130 449 52 277 217 365 73 454 469 58 269
1 7 10
427 411 119 421 52 11 342 366 250 448
1 4 16
295 39 214 278 374 74 250 419 355 312 231 16 113 65 483 331
1 7 8
436 207 310 363 90 111 417 296
1 3 21
273 254 271 298 196 49 321 135 428 174 478 307 30 39 167 380 208 434 447 14 149
1 6 12
211 469 90 178 142 1 255 381 427 272 339 154
1 15 5
307 377 470 45 99
1 5 13
451 43 270 185 159 486 235 90 102 244 53 465 45
1 3 22
255 195 200 31 448 205 282 172 396 336 202 225 34 389 239 61 348 355 152 45 167 105
1 3 23
66 64 340 392 356 171 172 416 83 101 117 352 303 474 154 230 8 70 218 12 164 258 343
1 2 25
384 214 395 226 388 128 142 338 73 430 92 80 405 276 417 160 496 63 81 414 308 213 342 237 257
1 8 9
462 38 103 124 433 41 412 239 304
1 2 25
113 330 446 29 121 450 499 16 305 467 286 309 304 302 197 242 181 247 269 27 319 91 82 108 377
1 7 9
119 491 264 433 485 63 146 337 213
1 3 20
128 367 170 222 336 40 33 398 129 488 211 346 476 176 166 214 242 314 289 67
1 4 18
260 416 215 168 306 418 193 497 108 111 241 253 86 465 335 471 65 209
1 6 13
256 348 394 23 353 275 392 156 317 295 172 58 380
1 3 20
196 244 287 304 299 435 243 272 100 106 289 208 493 417 190 154 148 332 351 204
1 6 12
32 17 9 205 375 362 475 96 383 138 196 210
1 7 11
223 488 69 296 304 76 0 439 5 343 169
1 3 24
31 463 100 183 469 145 423 3 221 392 96 143 116 367 255 457 47 472 430 111 118 200 401 170
1 3 20
286 494 266 178 169 211 273 408 362 113 467 252 220 208 468 328 186 132 387 51
1 8 8
466 293 255 397 472 302 341 308
1 4 17
97 343 79 455 285 125 150 262 141 4 255 11 428 136 273 420 59
1 5 13
39 389 173 134 171 41 95 326 375 293 491 423 104
1 6 12
486 414 208 255 10 489 452 134 261 13 151 329
1 7 10
462 304 51 358 250 106 382 338 243 263
1 2 25
495 321 351 158 235 50 79 198 268 328 35 83 201 41 343 290 153 39 29 310 108 398 232 294 200
1 3 25
480 191 187 92 283 232 111 40 63 249 349 165 240 53 35 83 166 179 84 218 1 32 418 438 81
1 7 10
380 259 153 156 202 422 238 468 270 69
1 3 25
126 198 114 76 375 19 197 121 185 252 54 451 123 146 43 480 346 216 326 440 280 26 44 387 217
1 10 5
53 149 284 267 59
1 15 5
255 285 411 495 102
1 4 18
369 316 106 21 414 18 161 436 28 394 137 253 110 490 460 483 241 54
1 3 21
168 394 78 465 69 228 63 201 371 83 0 280 326 214 128 315 200 379 104 229 16
1 19 3
233 85 81
1 4 17
327 373 428 387 412 273 397 71 34 96 93 152 362 411 187 244 12
1 12 5
470 180 108 302 446
1 14 5
319 401 408 421 484
1 3 20
334 82 498 442 150 297 222 361 102 67 257 401 280 76 409 464 373 188 28 121
1 9 8
283 366 188 68 103 43 204 138
1 3 21
40 402 475 371 12 168 334 46 432 333 433 65 242 171 435 390 99 70 314 322 398
1 3 22
15 101 228 109 94 490 126 145 442 210 307 2 296 329 286 381 13 465 43 278 430 21
1 3 21
386 46 450 142 192 168 139 95 62 452 478 14 161 443 117 469 267 261 391 370 219
1 15 5
373 465 450 100 157
1 4 17
114 1 86 240 382 324 274 59 190 494 104 290 490 150 97 448 199
1 8 9
41 303 310 400 283 163 317 356 359
1 4 18
11 213 21 275 315 140 145 218 62 172 355 201 295 247 273 78 88 436
1 18 3
467 413 129
1 4 19
204 265 442 0 323 386 32 295 97 347 129 24 226 406 3 88 314 71 55
1 6 11
298 6 185 474 200 234 22 350 13 414 442
1 4 17
62 476 399 236 215 288 429 50 22 230 422 209 68 369 381 334 471
1 3 20
272 235 159 455 350 298 282 161 233 297 204 172 453 48 337 141 412 62 238 318
1 8 9
307 128 435 450 368 373 459 437 363
1 12 6
224 305 481 24 296 155
1 9 8
28 248 13 38 252 148 163 180
1 3 24
310 197 0 15 449 92 261 373 306 270 212 264 201 407 326 152 391 184 38 7 461 287 162 161
1 11 6
377 400 155 256 423 384
1 2 25
88 29 128 91 475 114 440 265 478 217 405 326 476 358 152 309 471 291 67 132 378 205 487 337 200
1 3 24
387 301 451 297 176 57 391 44 356 381 63 149 20 341 397 103 61 41 238 430 122 360 263 308
1 8 7
381 345 11 221 94 231 486
1 12 6
291 257 368 297 400 149
1 3 25
323 466 238 423 9 24 73 244 106 177 228 148 36 312 382 29 225 390 20 472 344 493 387 290 200
1 7 9
69 64 28 418 37 43 167 451 332
1 3 23
481 57 248 135 26 60 198 90 489 416 359 451 145 180 391 204 130 476 419 440 53 206 231
1 17 2
114 254
1 4 14
499 68 75 381 16 1 432 243 309 279 458 62 415 50
1 4 19
264 150 311 349 45 344 413 91 50 319 53 348 248 282 462 151 192 295 278
1 4 18
382 87 227 341 404 0 179 193 15 159 412 387 196 308 445 217 420 3
1 7 9
81 57 357 472 311 12 437 264 427
1 5 13
325 411 264 52 294 151 1 362 424 497 120 380 314
1 11 6
435 180 24 437 26 135
1 29 2
70 26
1 5 14
66 329 154 258 9 137 53 279 168 43 371 439 393 267
1 11 7
147 91 139 371 10 33 80
1 24 3
142 128 483
1 3 20
465 330 110 278 446 266 456 157 176 238 360 386 264 4 73 483 29 228 402 294
1 4 18
57 233 386 0 242 13 97 437 356 472 305 60 339 75 150 429 325 330
1 3 21
208 146 219 211 383 149 374 165 463 317 256 490 264 135 447 232 494 44 369 50 215
1 11 4
459 133 365 197
1 7 8
277 425 444 279 238 303 68 24
1 5 14
86 407 481 457 240 385 292 158 164 291 43 328 59 56
1 8 8
284 37 169 57 152 9 355 150
1 12 6
340 426 72 289 78 397
1 31 2
197 480
1 6 11
462 362 79 44 93 481 9 338 219 272 394
1 4 15
275 396 113 461 220 202 186 26 108 427 365 476 378 105 472
1 3 22
202 62 183 337 370 310 210 249 261 208 411 189 84 410 268 465 169 132 129 164 486 123
1 14 3
217 405 288
1 10 7
329 356 440 235 158 428 103
1 5 13
92 298 49 414 425 395 435 31 7 269 437 262 125
1 8 8
392 142 84 443 481 208 235 49
1 7 9
315 351 109 115 207 72 301 206 413
1 8 10
40 463 120 5 280 485 146 466 395 361
1 4 19
6 105 310 207 403 118 103 366 50 229 431 33 148 378 18 130 473 406 374
1 3 22
487 51 403 360 91 115 461 407 373 183 133 314 381 136 71 424 324 441 23 388 389 371
1 13 6
413 8 370 416 161 48
1 3 24
184 464 51 450 280 383 214 229 469 227 332 447 320 419 7 14 466 240 433 346 438 30 305 206
1 14 5
12 484 85 456 30
1 3 24
460 14 472 25 488 442 130 352 347 121 193 164 134 378 33 190 149 46 304 329 393 38 174 145
1 24 2
85 479
1 4 17
27 283 339 308 348 53 61 326 474 152 417 382 85 448 102 225 491
1 3 21
472 481 288 486 54 38 285 394 329 213 450 436 92 154 324 170 172 342 420 166 235
1 5 15
126 83 16 445 4 90 229 486 97 352 390 120 192 209 318
1 6 11
122 166 261 459 271 431 447 112 474 92 310
1 9 8
284 103 164 384 491 404 169 119
1 10 7
69 128 388 219 391 402 324
1 9 7
34 409 490 124 438 192 346
1 4 13
369 337 381 11 425 408 101 397 322 71 110 318 211
1 7 10
366 259 224 260 275 58 157 28 313 428
1 3 23
493 419 45 301 156 288 498 216 102 406 159 481 85 367 466 470 439 326 332 198 474 452 237
1 7 11
183 63 62 301 255 287 454 127 10 101 151
1 14 4
90 479 378 13
1 7 8
27 90 214 336 381 322 446 218
1 3 22
234 483 206 242 9 290 48 117 106 101 99 247 100 145 334 249 272 229 38 191 262 465
1 7 10
177 247 200 340 224 318 125 359 458 136
1 7 11
260 193 190 407 95 213 327 395 81 107 373
1 6 12
274 49 15 51 249 20 307 184 219 207 272 105
1 24 3
10 252 115
1 8 8
291 50 253 279 171 305 152 328
1 10 6
375 399 427 189 9 333
1 3 22
295 44 444 425 447 41 487 217 372 479 398 216 275 209 492 188 294 118 241 101 168 102
1 5 15
143 460 115 137 44 72 79 222 464 38 432 454 97 248 290
1 3 25
307 285 444 120 128 124 229 117 38 218 34 144 183 280 399 288 3 162 236 332 211 458 360 72 279
1 7 9
317 154 257 104 271 278 175 447 422
1 6 12
407 300 236 74 280 203 163 168 3 253 96 424
1 10 5
158 153 244 88 187
1 12 5
165 486 187 471 192
1 5 15
157 313 402 381 146 380 192 194 346 280 112 162 123 497 32
1 3 25
141 175 28 3 407 198 85 192 296 228 53 386 285 349 221 420 325 235 270 272 366 57 171 497 447
1 8 9
282 82 441 201 416 45 97 27 490
1 5 14
225 327 150 285 35 289 98 197 298 204 456 319 54 165
1 7 10
452 65 270 179 363 154 7 75 148 348
1 35 2
374 136
1 3 24
411 427 493 176 277 457 211 159 282 253 331 27 248 360 284 35 256 431 353 438 207 304 29 328
1 4 18
359 368 278 222 95 493 386 61 270 70 353 292 1 245 115 57 110 317
1 27 2
208 446
1 13 5
135 229 112 356 362
1 3 21
131 340 443 297 416 465 407 357 78 414 67 347 348 431 462 42 328 30 184 372 481
1 3 23
423 174 253 36 206 43 461 172 189 361 128 327 224 394 349 225 334 213 240 390 459 75 211
1 2 25
210 226 144 218 191 265 232 77 420 313 433 175 67 21 338 33 164 445 88 188 31 84 25 173 1
1 12 6
362 480 340 455 383 307
1 3 24
191 78 79 44 494 36 324 348 491 284 110 411 28 33 222 381 216 122 160 162 257 176 451 203
1 10 7
4 31 10 223 453 127 113
1 7 10
81 482 281 62 84 319 185 440 257 311
1 3 25
218 429 210 136 328 148 77 165 85 418 53 192 315 270 320 284 64 280 92 224 447 205 294 82 51
1 14 3
217 184 270
1 3 24
184 417 199 435 340 111 452 436 23 420 479 101 445 145 336 412 274 7 292 423 297 220 153 444
1 12 5
79 89 278 116 85
1 3 24
496 186 453 426 281 293 100 497 340 225 376 125 433 53 309 68 37 150 413 64 412 264 62 141
1 22 3
243 498 171
1 3 20
292 110 167 212 376 192 235 17 414 429 12 285 103 440 215 312 488 88 209 70
1 5 16
365 212 301 66 266 307 472 304 44 302 267 226 34 8 233 303
1 3 20
106 184 410 9 467 451 364 384 230 137 476 442 175 177 74 273 244 191 465 179
1 3 22
164 232 215 148 298 101 360 423 54 177 39 253 119 379 43 429 166 142 157 267 73 132
1 6 10
3 287 217 118 449 119 192 356 454 277
1 4 16
76 396 118 295 180 193 406 152 105 151 153 216 260 239 104 489
1 5 14
19 414 66 194 264 475 110 293 172 107 261 369 173 113
1 6 11
269 415 434 398 393 113 204 376 187 92 150
1 5 12
243 360 38 117 269 453 189 2 28 426 155 411
1 7 9
44 309 399 49 302 121 167 436 450
1 19 4
421 342 74 169
1 3 21
85 89 237 11 311 177 353 388 12 310 235 155 467 339 141 415 267 362 24 50 139
1 5 13
396 322 296 393 472 159 191 250 176 87 121 4 407
1 20 2
85 135
1 3 25
411 423 66 50 102 150 242 140 235 278 348 358 123 190 302 344 137 416 51 176 117 178 361 325 280
1 4 18
238 225 345 289 420 295 23 285 144 256 169 428 467 411 361 446 400 491
1 4 18
177 79 476 44 343 480 204 148 84 31 400 212 478 353 178 99 152 132
1 3 25
341 355 255 141 179 330 473 93 463 160 92 303 243 483 21 425 30 155 89 244 100 246 267 452 351
1 9 7
9 191 444 172 125 445 383
1 22 3
115 364 423
1 7 9
112 293 441 93 73 422 248 269 388
1 7 9
429 233 428 478 384 293 414 277 238
1 4 17
43 50 94 192 372 175 267 495 307 9 240 380 499 466 49 184 488
1 14 5
249 57 429 280 322
1 7 10
410 335 195 203 212 185 159 447 332 0
1 4 18
165 261 286 498 271 117 209 149 86 234 138 247 11 425 329 16 226 26
1 3 24
443 199 380 151 257 308 31 121 367 116 283 126 337 260 494 357 351 216 427 456 336 97 375 94
1 3 24
134 335 238 150 198 483 83 466 101 336 43 197 126 146 4 75 424 102 488 137 87 330 143 144
1 8 6
394 104 25 17 273 225
1 3 25
145 83 226 253 472 190 72 236 357 478 25 23 318 484 281 420 437 67 78 55 106 32 121 39 367
1 24 3
116 87 109
1 3 21
321 292 340 26 185 434 122 436 97 477 34 268 309 24 221 218 127 174 44 100 184
1 5 13
38 340 205 334 120 113 230 469 474 352 62 25 184
1 7 10
54 126 433 122 451 124 460 6 106 442
1 3 22
129 367 443 21 215 323 278 160 493 231 271 382 41 19 356 216 172 442 96 494 373 324
1 15 4
130 149 284 184
1 3 21
346 435 155 58 477 212 209 173 29 124 462 33 55 352 339 106 86 415 481 288 252
1 7 10
404 320 432 489 179 227 480 393 362 61
1 16 3
499 326 428
1 11 6
256 136 64 271 72 489
1 4 19
482 384 205 228 411 264 308 383 491 348 246 352 287 152 285 117 418 82 145
1 4 15
17 218 237 125 303 268 482 469 81 333 261 388 122 476 411
1 4 16
48 241 349 86 254 439 290 409 245 445 458 378 211 355 26 375
1 23 2
403 95
1 8 8
351 59 152 145 312 193 273 497
1 7 9
109 209 288 82 134 178 286 77 161
1 6 11
182 219 141 351 153 464 64 121 119 374 201
1 3 23
142 181 446 467 285 267 27 183 214 474 375 388 180 312 105 35 277 132 387 293 395 487 200
1 3 22
242 349 182 162 231 305 477 381 453 490 112 172 397 260 238 308 250 409 2 484 447 23
1 4 15
77 85 71 90 84 28 91 126 448 302 189 480 127 473 299
1 6 11
148 25 405 222 92 153 84 223 59 250 51
1 3 19
67 409 488 398 452 461 104 53 230 201 61 372 52 265 189 212 328 306 262
1 3 22
466 272 14 354 222 492 89 412 406 198 255 471 77 143 83 120 491 394 487 258 276 447
1 31 2
366 224
1 20 3
81 164 466
1 3 20
351 376 391 487 329 490 90 355 344 411 5 37 136 13 220 165 223 196 478 159
1 12 6
228 225 113 284 68 102
1 8 8
339 92 218 81 494 50 90 153
1 4 18
421 162 433 141 54 445 254 493 168 30 309 105 496 310 386 487 350 383
1 7 10
364 206 140 199 288 406 363 30 296 389
1 3 22
108 389 292 372 114 241 490 199 226 312 338 342 349 385 478 397 185 400 120 126 333 444
1 6 13
153 8 323 314 350 173 170 308 413 259 207 130 186
1 4 18
373 441 95 191 497 436 343 317 437 316 52 372 139 338 122 35 132 272
1 3 25
413 304 234 164 268 431 114 412 74 405 408 341 92 238 50 277 227 174 296 194 334 120 289 44 327
1 12 5
162 171 351 164 458
1 3 20
454 495 72 124 165 413 362 379 468 177 111 466 453 171 374 344 286 143 59 246
1 3 21
457 453 193 62 264 418 141 172 428 454 34 139 126 22 178 385 475 278 414 377 128
1 4 18
35 132 63 131 473 140 345 334 32 223 138 352 439 180 302 308 214 295
1 11 6
286 455 432 85 392 352
1 13 6
499 8 144 13 397 496
1 11 4
305 211 33 281
1 3 21
354 263 210 447 63 1 360 316 439 388 409 221 112 55 264 40 289 19 38 333 398
1 3 23
26 429 158 117 395 302 123 397 347 133 69 212 425 417 416 271 380 47 241 20 463 362 192
1 10 5
449 150 279 313 276
1 11 6
50 77 282 70 455 238
1 4 18
350 29 428 240 327 300 65 42 354 366 110 452 96 382 432 405 84 246
1 5 15
107 446 47 35 137 53 388 14 394 442 76 390 292 63 291
1 13 5
497 168 467 296 362
1 5 10
336 232 25 493 449 31 441 419 288 310
1 13 5
263 64 465 388 186
1 3 25
410 236 255 153 238 218 261 98 211 353 274 214 250 2 213 395 389 270 422 114 111 47 423 468 70
1 5 15
353 79 287 268 37 363 380 300 329 233 483 76 265 66 97
1 5 14
94 277 435 78 122 252 432 116 438 495 121 58 42 177
1 3 23
194 299 384 176 450 216 230 34 70 187 480 266 11 46 2 389 267 495 319 103 225 72 8
1 3 22
262 7 352 18 286 343 61 129 399 319 376 216 345 151 225 263 114 15 194 486 304 326
1 6 11
488 25 124 451 213 436 348 93 377 28 274
1 3 21
186 7 435 159 483 396 295 358 189 492 196 298 195 174 294 93 203 114 54 166 404
1 4 17
397 102 355 365 399 486 206 412 436 193 424 300 191 73 384 188 42
1 12 4
138 332 291 9
1 8 9
88 436 87 499 129 260 491 249 227
1 3 23
347 312 49 64 376 224 445 96 310 399 55 138 122 486 454 233 116 498 53 270 290 451 98
1 11 6
386 112 144 215 191 276
1 16 5
80 255 227 366 129
1 8 8
324 114 489 313 126 111 342 469
1 3 23
203 303 329 108 277 469 357 336 39 323 125 213 205 379 497 288 358 434 166 321 429 118 174
1 5 13
401 18 230 442 30 129 152 62 258 447 438 467 212
1 3 24
401 469 44 190 348 18 495 222 120 262 176 382 105 361 269 424 121 118 202 28 46 450 452 384
1 9 6
43 459 34 301 210 369
1 3 25
310 370 330 37 467 238 331 97 367 167 307 479 477 93 260 107 289 432 441 291 157 288 365 185 257
1 4 17
221 407 213 358 452 351 458 220 283 286 23 429 344 52 441 73 300
1 11 6
68 151 382 282 462 23
1 3 17
75 347 207 486 372 258 342 445 269 411 409 326 194 426 438 140 402
1 5 16
324 97 49 395 433 198 227 371 205 123 185 50 293 32 5 246
1 8 8
495 397 426 304 32 119 99 459
1 3 20
391 104 202 217 158 319 355 256 232 227 365 280 377 163 330 268 127 14 149 31
1 4 19
11 49 249 451 327 477 246 391 120 388 444 245 218 60 31 431 115 170 408
1 3 25
231 430 491 269 69 207 387 316 30 288 112 332 108 392 100 163 454 60 217 386 498 131 439 110 341
1 5 13
139 452 231 261 444 455 288 329 33 195 36 495 319
1 7 11
278 96 127 184 14 477 135 392 349 32 418
1 12 6
169 117 297 448 240 13
1 10 7
120 325 316 40 228 122 294
1 5 13
140 456 463 325 442 388 322 99 400 338 3 268 196
1 8 9
109 341 471 469 444 448 16 30 367
1 3 24
47 288 441 380 347 488 497 393 192 343 250 246 166 362 415 251 383 287 305 217 464 310 196 296
1 7 11
33 11 66 163 416 464 406 493 465 131 460
1 7 10
484 56 229 272 328 498 171 249 343 338
1 18 4
280 289 87 491
1 3 25
486 228 238 86 172 431 358 266 444 191 52 188 56 136 98 452 35 351 404 356 252 389 299 470 27
1 17 4
106 497 164 436
1 10 7
33 196 176 465 46 140 310
1 8 9
106 328 488 285 120 388 184 92 55
1 6 12
453 221 461 478 36 381 334 145 380 310 374 163
1 9 7
475 256 54 114 21 439 89
1 17 4
378 135 315 465
1 18 3
38 303 128
1 34 2
185 363
1 7 10
147 261 9 320 476 102 115 216 371 372
1 6 11
289 419 103 120 386 3 454 38 230 434 345
1 3 19
241 352 189 445 225 198 294 39 322 207 390 372 151 383 345 378 291 131 12
1 7 10
218 5 390 440 483 276 413 309 353 406
1 7 11
35 8 385 80 433 362 237 285 349 65 198
1 3 25
471 28 117 238 411 20 98 462 126 407 140 351 5 435 285 450 118 464 457 13 401 456 168 60 202
1 5 14
329 286 321 441 14 447 140 151 383 272 50 105 489 420
1 4 17
254 57 319 363 492 335 80 266 299 14 124 79 107 59 238 292 54
1 3 24
347 127 348 290 103 270 244 260 259 313 150 499 460 340 75 497 1 452 52 139 284 96 362 394
1 4 16
341 468 102 356 350 137 284 174 142 35 211 0 256 149 260 423
1 3 24
467 51 243 7 239 245 288 382 361 447 223 158 42 6 196 17 291 108 30 199 377 281 342 362
1 20 3
295 39 178
1 3 20
121 256 92 252 72 403 237 406 439 24 216 22 346 238 422 318 164 471 91 142
1 8 8
303 282 375 390 41 495 162 223
1 5 12
114 448 387 456 94 12 493 101 428 315 338 491
1 6 13
492 450 389 169 24 145 381 37 318 218 397 29 42
1 16 4
481 323 2 195
1 4 18
435 150 311 178 448 48 442 363 138 364 194 494 373 386 93 438 303 356
1 10 4
411 152 271 28
1 3 25
285 220 15 248 133 325 403 102 167 247 265 331 75 296 71 425 424 353 213 211 334 42 278 150 64
1 4 16
355 235 285 52 328 418 297 4 255 121 102 486 84 221 383 15
1 3 20
470 103 480 158 179 82 59 328 413 412 393 260 389 91 370 337 160 364 407 132
1 3 23
102 496 167 152 489 166 446 470 298 27 374 12 279 333 108 436 210 353 471 253 487 53 170
1 11 6
197 442 387 278 348 495
1 13 4
180 12 459 283
1 2 25
88 436 167 184 160 258 494 462 406 257 468 376 384 150 261 135 113 247 275 99 181 383 415 266 268
1 5 13
352 443 452 92 159 291 154 118 204 388 259 272 189
1 3 20
134 82 321 133 217 289 213 284 74 240 495 271 385 263 371 499 231 73 118 60
1 3 22
131 231 67 124 499 409 61 72 274 73 125 287 437 39 60 444 244 281 329 128 400 471
1 3 23
291 79 391 97 4 416 453 395 323 57 334 147 229 451 268 424 114 382 191 183 461 76 258
1 6 11
253 161 414 372 396 477 147 254 289 290 0
1 5 15
473 4 291 206 421 382 398 470 387 138 213 124 153 369 60
1 7 9
2 78 187 300 273 24 89 387 266
1 3 23
5 216 111 176 415 26 77 249 483 18 0 394 150 406 23 325 122 350 42 482 363 121 13
1 4 19
351 118 49 331 100 327 441 472 348 301 43 224 92 27 196 392 62 3 58
1 3 23
479 480 131 40 324 245 271 493 223 445 95 300 217 276 251 129 85 458 305 224 0 101 474
1 5 12
306 52 150 164 270 135 290 220 288 289 214 448
1 3 25
489 284 357 50 140 399 475 289 276 196 286 320 180 107 168 209 301 119 141 446 462 16 199 115 148
1 4 19
210 68 335 292 46 23 379 373 262 413 471 205 496 144 441 308 486 237 479
1 3 21
147 246 475 381 69 35 164 54 158 395 488 343 249 76 228 460 79 214 56 49 253
1 7 9
203 364 437 383 394 345 432 269 410
1 4 19
352 126 186 236 3 402 100 209 161 344 260 72 233 228 13 370 96 291 334
1 20 2
127 338
1 5 13
166 330 57 375 481 137 377 490 384 352 16 346 234
1 13 5
220 229 231 356 379
1 3 22
119 370 80 216 187 240 425 400 395 61 177 443 109 120 415 488 180 82 168 303 371 213
1 5 14
421 244 248 146 334 212 162 151 185 36 227 206 413 301
1 5 12
316 107 437 192 342 494 246 396 60 188 466 405
1 10 6
384 244 467 474 111 319
1 12 6
51 392 141 279 143 116
1 3 22
151 95 163 362 40 445 47 191 94 392 418 212 135 325 230 393 148 213 433 204 343 221
1 7 9
238 57 231 89 265 49 401 181 241
1 13 6
482 295 379 84 492 193
1 4 16
79 148 145 273 282 266 329 192 489 440 202 50 292 327 312 114
1 3 20
319 317 493 60 16 378 52 172 118 194 128 98 443 462 100 168 416 6 44 398
1 16 4
185 277 302 306
1 5 13
152 444 375 82 361 99 497 459 374 214 88 329 323
1 9 8
321 208 320 182 368 266 374 210
1 4 17
477 367 431 481 342 231 346 1 292 132 333 311 462 432 337 215 200
1 4 14
335 168 459 20 257 404 211 67 75 204 444 22 437 446
1 21 2
457 200
1 10 4
481 216 298 353
1 31 2
333 245
1 4 17
361 442 484 37 31 155 414 344 221 432 27 310 222 417 322 4 392
1 28 2
364 182
1 7 10
392 197 313 493 356 300 180 297 375 0
1 4 18
300 60 29 312 351 198 484 269 230 181 81 261 168 130 74 191 253 186
1 23 3
116 147 268
1 19 3
105 428 322
1 3 24
414 105 258 484 88 402 32 345 377 212 495 356 254 273 392 499 0 321 430 196 350 400 431 349
1 3 21
390 374 6 238 205 40 16 86 70 186 199 302 3 230 17 8 301 95 498 156 20
1 9 8
345 421 299 54 97 481 288 318
1 3 24
230 83 242 457 64 168 208 253 441 91 82 274 250 23 360 465 265 450 218 362 375 314 169 236
1 4 16
397 457 338 290 474 454 455 253 326 402 92 23 238 87 60 329
1 13 5
402 395 147 347 445
1 4 18
70 391 411 419 188 259 47 360 287 138 200 11 430 0 477 207 16 28
1 3 24
278 365 459 219 217 447 482 42 222 381 275 356 295 96 160 183 246 470 414 34 290 367 353 438
1 3 21
65 114 7 28 220 116 456 255 305 258 247 404 53 172 160 126 434 390 222 147 93
1 3 22
414 493 359 66 224 391 161 242 77 229 331 79 57 288 365 175 289 157 58 377 123 281
1 3 19
390 157 192 369 363 237 347 231 147 75 402 129 432 306 212 407 466 265 452
1 3 21
437 18 458 206 494 94 346 196 71 463 0 231 402 243 446 411 40 61 464 420 247
1 4 17
182 357 60 397 286 385 399 160 174 89 76 148 77 455 349 87 355
1 3 21
307 253 215 391 61 309 13 15 163 408 38 451 280 385 114 50 4 85 399 156 372
1 17 4
227 13 389 86
1 3 24
26 163 161 255 295 176 128 110 302 150 238 273 203 89 429 38 360 90 260 453 397 290 21 35
1 37 2
272 10
1 20 3
240 405 237
1 29 2
364 95
1 5 13
146 195 302 450 72 470 12 90 189 387 485 84 471
1 7 11
43 319 123 284 435 359 227 185 44 304 333
1 15 4
84 491 172 203
1 9 5
46 22 499 281 450
1 8 9
226 322 494 421 75 202 411 484 369
1 3 22
389 232 223 263 401 162 107 318 92 340 85 101 496 412 114 103 294 440 450 377 94 489
1 9 8
361 268 8 186 10 247 62 14
1 6 11
450 86 113 149 473 306 415 331 360 447 379
1 4 18
185 335 336 407 354 141 66 35 90 162 55 149 285 194 485 347 254 14
1 4 15
298 168 164 115 0 215 379 80 178 194 157 278 256 108 477
1 4 19
343 258 356 48 439 209 68 243 103 329 167 87 328 197 456 315 436 120 89
1 3 22
276 424 354 165 162 168 343 120 391 90 182 491 358 232 149 279 372 484 151 426 41 461
1 5 15
250 242 227 125 58 78 77 356 194 357 46 390 405 289 173
1 6 11
289 173 160 366 461 494 279 74 240 382 381
1 9 8
375 429 307 109 452 64 251 354
1 8 8
302 30 366 127 338 234 260 424
1 5 13
353 181 440 31 42 2 276 212 445 266 18 49 207
1 5 15
8 327 171 134 65 56 413 187 341 463 390 445 493 375 249
1 22 3
81 174 219
1 3 25
60 456 224 388 113 330 315 259 344 156 313 114 204 379 345 270 327 37 390 13 428 230 433 383 451
1 5 15
41 298 248 170 389 335 273 241 433 404 333 381 116 468 45
1 3 23
120 483 168 291 24 204 50 162 440 185 140 391 128 110 375 267 211 183 428 466 416 152 243
1 4 17
375 115 446 284 380 296 466 244 88 464 140 434 163 169 396 99 52
1 4 20
464 99 199 205 395 209 189 384 408 334 168 226 270 85 56 100 235 20 102 471
1 3 20
423 265 454 323 384 331 135 367 251 55 0 407 320 462 433 247 245 289 465 109
1 4 16
418 436 404 217 425 41 51 426 257 183 158 137 411 493 261 334
1 4 14
263 423 466 142 178 214 360 35 316 204 4 34 85 487
1 4 18
19 104 38 146 276 138 307 51 48 139 192 105 77 467 80 313 65 401
1 20 3
21 289 492
1 3 20
205 499 388 310 338 13 292 54 68 222 109 112 69 116 325 358 148 340 240 85
1 12 5
446 105 193 102 15
1 8 6
386 267 106 390 147 54
1 10 7
71 9 261 107 492 180 394
1 15 4
495 276 302 414
1 15 5
190 83 428 309 311
1 3 25
289 339 348 48 496 187 47 487 377 492 418 27 149 43 251 166 143 340 400 93 198 324 474 406 365
1 9 7
481 313 58 216 397 60 173
1 5 15
277 146 86 30 443 317 401 166 177 359 264 173 326 249 376
1 4 17
356 485 136 247 275 30 179 317 389 395 469 100 206 339 187 116 110
1 3 23
22 423 183 453 233 448 66 177 152 413 213 429 366 166 320 153 278 11 54 128 167 357 365
1 7 10
280 332 6 488 23 120 138 216 170 117
1 6 11
63 222 144 430 129 310 426 438 418 181 221
1 4 17
436 348 33 175 329 281 306 404 211 450 443 27 5 191 272 227 389
1 3 23
40 58 248 428 393 94 87 468 132 72 307 352 226 192 433 476 415 284 225 477 176 103 357
1 4 17
391 393 139 172 0 83 283 7 453 319 374 238 467 183 425 499 458
1 8 8
196 302 356 106 288 238 174 462
1 5 14
179 143 92 455 252 152 45 147 11 350 106 364 209 215
1 4 18
182 365 64 149 262 7 226 286 105 205 128 363 26 189 485 63 2 30
1 3 24
130 138 351 332 139 224 371 345 379 197 103 489 360 483 163 416 179 78 462 30 385 229 244 476
1 4 18
421 150 243 411 201 293 331 88 159 475 167 348 115 204 109 457 433 473
1 8 9
69 333 205 317 434 106 487 99 381
1 4 17
11 78 228 107 361 402 290 355 43 482 436 8 200 144 83 209 75
1 3 22
342 430 241 243 30 259 340 449 288 291 58 15 399 302 488 294 98 374 476 198 70 405
1 5 14
393 201 45 198 121 33 28 381 365 448 231 286 135 119
1 15 3
489 108 485
1 6 10
247 328 184 0 182 310 43 28 439 402
1 3 24
91 455 231 308 295 400 279 497 312 210 86 269 444 147 284 453 452 459 181 387 75 432 50 244
1 4 17
168 116 496 256 257 278 414 29 66 156 187 186 342 306 112 431 144
1 4 15
53 342 11 26 215 278 297 473 40 267 479 313 17 287 304
1 7 9
452 312 40 361 293 332 69 280 259
1 3 23
423 382 116 0 84 52 499 200 281 329 497 238 219 348 408 185 31 459 81 77 98 462 361
1 7 11
411 337 203 186 251 365 372 262 227 131 152
1 9 8
40 438 5 118 324 126 173 57
1 11 7
35 241 151 332 62 10 215
1 3 19
283 418 389 249 435 294 372 279 248 82 477 142 154 70 99 393 108 315 391
1 3 23
192 287 225 177 343 417 72 382 357 335 193 68 221 120 493 161 155 254 13 78 464 347 416
1 9 7
198 459 130 363 135 316 50
1 10 6
37 239 146 265 309 482
1 5 15
453 169 1 412 369 5 387 462 135 351 196 41 360 268 233
1 3 21
234 166 356 220 440 285 480 437 323 69 399 110 306 183 163 328 46 295 101 123 304
1 11 7
462 382 153 192 209 471 242
1 6 11
199 430 468 342 20 301 348 389 38 42 121
1 14 5
90 460 285 357 124
1 24 2
416 366
1 5 14
479 394 454 464 240 323 492 299 483 14 158 160 328 391
1 3 19
452 59 209 466 191 488 493 164 287 7 259 149 460 315 28 290 107 244 121
1 4 17
175 276 351 471 150 492 89 271 408 223 437 25 139 326 394 13 61
1 3 23
418 304 79 235 295 272 378 340 134 395 206 367 266 417 185 391 39 225 339 294 261 497 139
1 3 23
24 168 107 304 307 45 47 204 155 475 279 183 456 325 449 386 257 51 44 191 269 487 123
1 5 13
368 398 112 252 111 183 153 160 434 180 271 62 264
1 3 19
5 186 254 400 65 330 197 100 101 288 301 447 461 343 161 96 394 414 155
1 3 20
339 494 4 128 47 170 119 16 270 83 203 107 472 240 177 378 69 280 413 343
1 4 18
91 448 474 382 30 384 303 116 486 199 142 414 79 353 279 391 98 284
1 4 16
473 418 174 261 384 92 203 135 330 440 161 320 307 187 399 325
1 7 11
147 330 38 303 323 308 39 28 408 139 170
1 8 7
499 294 387 206 37 135 369
1 9 8
2 476 452 135 24 430 483 274
1 4 19
103 282 161 281 126 173 107 473 67 143 428 337 482 189 89 232 120 280 257
1 3 23
59 130 396 395 249 79 50 182 113 251 462 348 241 374 163 454 307 435 378 472 149 185 121
1 10 3
361 55 117
1 3 20
434 324 369 114 205 79 346 311 462 215 354 88 23 264 10 349 28 184 147 134
1 3 21
349 380 396 75 446 166 313 435 224 227 277 162 127 168 45 199 16 308 220 383 225
1 22 3
268 93 239
1 4 18
297 379 39 326 249 26 64 128 298 328 27 322 316 458 250 370 101 382
1 3 22
205 255 479 454 300 304 140 273 34 451 130 392 0 382 112 90 489 101 43 244 276 62
1 6 11
197 461 102 110 146 290 227 237 195 117 246
1 4 19
41 180 133 409 255 10 274 272 40 176 390 124 84 341 424 114 146 104 212
1 5 15
263 365 201 409 354 334 333 2 366 55 451 217 261 194 185
1 3 24
257 376 157 149 364 238 261 297 354 425 475 423 30 0 467 378 363 254 450 154 326 60 166 427
1 3 20
451 142 284 268 27 177 473 416 19 110 258 4 478 469 13 351 46 100 207 370
1 13 5
449 341 250 290 92
1 4 18
61 26 379 18 11 352 3 363 225 17 409 477 364 376 274 41 396 52
1 6 12
404 422 23 329 285 467 51 479 63 41 478 123
1 12 3
28 426 16
1 3 25
449 42 194 494 1 361 195 113 140 240 30 110 316 168 331 455 477 56 153 415 162 99 459 164 456
1 8 7
175 39 112 430 47 88 464
1 20 3
395 392 222
1 7 10
460 289 285 46 211 17 256 176 213 302
1 4 18
243 109 341 23 358 405 317 357 40 112 185 63 59 4 318 85 417 75
1 4 18
116 246 181 111 203 294 99 54 105 499 471 131 234 488 418 210 293 340
1 3 22
164 497 359 461 296 124 309 499 9 488 422 372 424 302 199 440 253 368 92 183 279 465
1 3 22
440 414 279 280 206 211 130 255 176 58 62 421 41 402 286 171 253 413 334 376 136 488
1 9 8
397 66 123 285 355 205 326 354
1 3 20
346 196 122 436 287 270 361 472 131 320 431 253 172 389 280 376 245 150 142 300
1 3 22
337 249 370 208 442 447 399 181 413 482 188 92 384 391 261 50 458 11 215 139 342 97
1 3 19
493 194 466 28 117 429 133 357 241 413 325 234 138 444 377 453 416 154 297
1 6 11
496 187 154 333 250 340 193 400 376 284 76
1 3 22
233 370 478 148 241 19 16 250 175 44 69 268 297 201 213 150 153 389 154 328 141 234
1 9 8
251 146 58 455 403 482 44 285
1 3 22
316 410 328 362 412 397 438 168 97 282 224 442 354 260 95 359 44 18 50 105 446 398
1 22 2
193 76
1 5 15
367 366 360 253 491 432 357 213 21 351 466 382 22 252 116
1 3 24
373 208 250 489 112 408 334 492 224 479 265 170 18 21 35 135 246 279 257 410 66 207 26 23
1 3 20
27 233 440 374 481 228 485 350 271 404 428 139 441 291 206 488 147 405 41 23
1 3 23
32 386 158 364 306 216 60 320 368 334 302 331 1 348 145 50 227 56 377 298 260 241 129
1 4 18
353 262 102 175 357 499 280 323 298 227 386 349 87 304 409 443 185 64
1 6 13
179 93 231 408 199 255 326 290 184 405 482 10 413
1 5 15
424 257 332 161 28 352 450 171 168 364 344 124 117 472 274
1 8 9
254 424 103 78 319 346 31 196 359
1 19 3
49 409 264
1 35 2
136 364
1 19 4
475 66 298 14
1 8 9
223 238 97 437 255 489 0 338 367
1 3 21
434 172 127 260 292 17 31 323 91 256 318 175 451 441 26 181 311 314 103 488 155
1 5 14
3 287 0 42 384 349 154 110 280 122 387 379 166 45
1 6 13
307 453 157 192 25 479 149 316 327 421 66 489 77
1 3 23
55 284 127 101 392 377 248 479 390 279 499 274 325 185 142 378 270 87 369 419 417 163 260
1 5 13
281 300 222 188 112 127 88 220 64 400 122 31 295
1 5 13
220 204 88 98 434 264 231 93 140 381 249 213 388
1 19 3
198 475 325
1 3 19
271 482 105 47 471 363 73 330 415 211 393 346 283 299 40 193 12 456 176
1 5 13
406 391 291 64 325 445 360 361 402 76 414 111 324
1 3 20
4 55 9 491 67 45 65 177 321 482 426 277 103 74 361 434 102 229 266 18
1 5 15
335 270 378 253 8 5 324 152 51 191 380 141 258 395 203
1 4 16
443 429 229 27 360 422 142 388 48 336 416 235 279 124 361 317
1 4 18
91 45 170 115 492 121 150 455 458 340 343 151 431 308 171 83 86 249
1 5 15
56 182 270 34 263 328 391 229 260 442 35 495 409 369 170
1 2 22
360 412 244 268 127 129 332 276 172 405 383 149 100 28 196 75 158 441 381 146 346 115
1 3 20
210 413 107 10 451 350 209 50 280 390 58 294 359 453 416 335 474 17 332 173
1 9 6
50 264 423 424 181 158
1 8 8
375 305 412 453 85 351 360 342
1 4 19
477 260 285 416 160 294 484 235 359 429 395 64 443 278 121 433 258 223 50
1 3 24
131 198 82 366 13 336 193 357 393 246 160 233 75 11 448 132 219 484 483 372 459 182 184 431
1 4 18
78 211 395 35 143 147 206 26 218 75 412 89 314 439 168 404 493 463
1 4 18
62 405 456 156 444 406 224 270 475 422 228 419 468 105 341 273 389 455
1 12 5
360 451 100 6 257
1 3 18
453 294 288 24 111 157 182 335 100 56 165 481 92 284 478 379 41 247
1 14 4
396 133 282 219
1 5 15
14 378 484 8 106 232 9 158 16 381 403 219 136 222 155
1 6 13
470 347 435 407 368 137 451 462 476 94 461 326 284
1 3 25
152 365 290 297 399 92 82 241 52 216 29 242 28 106 373 374 186 394 385 147 127 454 38 53 142
1 4 17
206 434 301 138 334 175 201 255 236 303 127 148 194 59 218 237 172
1 6 13
352 14 119 134 399 208 461 295 173 261 71 346 291
1 4 18
346 143 74 41 153 366 154 303 34 420 434 374 99 344 476 53 223 465
1 4 16
428 337 63 477 340 21 112 48 6 188 471 387 239 169 76 419
1 4 18
216 426 60 141 123 14 269 32 452 422 466 6 340 232 69 487 291 264
1 12 6
176 223 258 205 174 204
1 3 22
424 183 199 159 318 171 294 476 81 473 445 280 494 406 241 218 94 449 373 422 55 119
1 15 5
94 102 277 323 368
1 5 14
178 210 338 73 58 88 213 50 452 87 230 434 348 466
1 4 15
230 85 328 234 474 142 20 344 247 462 121 217 62 423 277
1 3 21
220 285 4 25 42 188 265 426 31 480 224 203 207 2 147 112 478 173 433 41 334
1 8 8
147 56 412 126 49 71 132 277
1 3 18
111 453 127 364 177 493 95 203 140 41 20 184 386 481 322 152 475 52
1 7 11
463 370 124 283 68 61 357 445 175 318 49
1 7 10
175 47 201 79 41 34 83 422 108 256
1 5 11
47 136 381 9 16 314 456 25 79 81 140
1 3 23
323 460 479 37 141 308 268 390 249 368 208 1 240 51 403 413 485 235 365 28 355 229 112
1 7 9
423 43 165 71 432 356 153 66 100
1 5 14
306 330 368 69 376 307 239 260 221 424 353 381 198 392
1 18 4
37 393 208 181
1 5 15
88 24 146 210 299 2 472 388 374 291 417 151 209 370 172
1 3 21
129 373 48 306 293 21 450 367 55 227 314 318 159 215 124 396 424 401 482 5 67
1 3 23
337 481 258 90 27 296 369 419 460 128 243 455 222 238 373 111 433 62 94 328 215 402 138
1 5 15
13 111 480 95 369 344 488 444 399 3 291 85 146 317 244
1 9 4
396 401 16 177
1 5 13
480 207 137 248 485 173 136 156 408 491 163 338 117
1 30 2
239 206
1 8 9
427 2 107 42 363 208 309 35 336
1 7 10
315 420 8 139 15 432 169 370 480 392
1 6 11
485 358 26 176 378 5 52 193 307 361 155
1 15 4
243 423 390 446
1 6 13
320 379 485 357 19 292 93 60 342 267 489 117 451
1 3 22
473 1 15 474 302 492 187 450 52 434 158 436 382 241 201 377 116 388 46 395 156 259
1 4 18
1 331 182 205 29 491 371 24 479 40 130 250 191 499 436 196 169 213
1 3 24
160 322 446 73 33 360 269 25 267 361 451 171 444 70 295 237 323 236 132 350 491 248 335 457
1 5 14
82 306 89 480 343 143 340 243 418 347 350 189 399 36
1 2 23
201 175 316 71 356 366 40 312 359 150 207 55 130 24 337 79 145 351 450 332 277 93 423
1 6 12
244 210 91 464 142 90 341 96 480 182 66 135
1 3 25
478 148 486 338 279 323 264 234 14 60 292 171 93 446 104 10 248 198 253 335 194 398 377 106 19
1 3 22
387 182 95 340 378 190 388 282 372 121 217 478 108 380 151 295 18 136 279 191 423 87
1 3 20
158 352 237 410 402 399 249 162 381 160 455 373 376 69 137 36 270 234 307 121
1 4 17
163 62 401 408 16 222 154 302 355 329 244 411 467 281 79 443 76
1 3 20
70 445 275 73 353 155 288 29 166 97 68 413 260 384 317 391 295 234 27 235
1 21 3
92 383 38
1 24 3
72 169 439
1 4 17
385 0 455 433 304 87 451 443 176 312 208 408 234 240 35 479 301
1 11 5
372 17 260 406 357
1 16 4
105 225 226 139
1 5 14
17 353 145 85 248 29 90 41 227 379 84 220 450 367
1 3 22
349 163 24 334 133 402 260 267 229 305 287 441 190 146 185 474 414 499 372 204 419 370
1 4 13
112 447 301 361 311 296 236 321 146 467 386 449 138
1 3 21
153 3 466 28 6 165 453 476 485 73 230 152 117 297 15 303 120 396 29 427 269
1 23 3
167 66 354
1 12 5
235 420 369 401 197
1 4 17
476 108 32 235 73 398 96 38 356 357 33 293 195 19 205 168 244
1 17 4
263 218 344 110
1 5 13
333 322 312 1 97 304 355 110 310 9 331 245 157
1 15 5
470 315 195 251 299
1 3 24
227 383 224 317 57 159 395 417 473 281 111 443 18 213 457 157 106 431 209 478 476 121 299 64
1 4 19
136 455 368 133 339 483 238 240 173 421 43 52 169 92 105 125 272 338 98
1 12 6
255 60 114 140 400 37
1 6 11
335 471 379 61 153 387 136 176 412 141 274
1 3 25
411 237 414 304 296 383 377 1 347 339 454 278 335 191 487 99 13 202 490 277 275 165 269 344 371
1 8 8
398 293 444 55 227 276 199 13
1 3 19
22 314 60 244 491 245 49 322 238 484 297 411 220 157 385 217 330 494 219
1 8 9
341 250 223 321 303 110 376 415 327
1 3 24
161 470 102 13 297 414 455 379 460 44 33 74 426 265 233 391 330 104 234 228 114 498 147 453
1 27 2
60 293
1 4 18
377 333 204 110 434 341 149 68 483 230 246 295 64 66 485 385 249 389
1 6 12
463 98 452 492 457 311 418 272 498 283 165 285
1 9 7
28 481 233 266 110 453 415
1 3 21
488 308 349 311 154 369 225 364 51 260 436 115 290 391 304 61 16 363 426 143 392
1 9 5
443 262 321 49 400
1 8 9
313 469 76 344 468 176 115 90 71
1 24 3
274 126 369
1 3 20
428 172 96 151 444 350 134 135 9 165 217 32 103 499 257 490 246 461 328 147
1 7 8
63 328 319 158 476 160 238 430
1 6 11
204 147 423 266 9 387 364 390 307 220 242
1 25 3
366 194 227
1 3 22
115 442 465 246 191 190 357 400 182 140 116 8 243 78 360 209 199 421 394 392 4 461
1 11 6
30 312 213 115 64 262
1 8 9
60 117 21 100 340 325 43 118 337
1 8 9
63 229 10 372 364 118 499 415 48
1 28 2
59 264
1 8 9
293 233 492 417 209 452 283 415 298
1 6 11
178 382 325 445 396 453 478 449 190 462 424
1 3 20
244 433 425 297 64 437 248 422 54 152 404 364 419 189 85 420 417 107 459 305
1 3 25
50 408 243 481 235 158 225 119 30 42 443 176 188 346 379 220 287 308 76 409 162 385 152 296 386
1 4 17
226 145 116 203 423 351 425 59 444 395 334 267 83 19 108 147 433
1 18 3
372 289 128
1 9 7
203 319 261 219 114 119 461
1 6 12
219 387 303 326 227 194 18 482 489 245 89 203
1 5 15
136 305 293 308 44 395 174 139 269 69 71 260 192 100 368
1 7 10
40 280 380 344 74 252 224 304 294 394
1 3 23
362 380 326 17 412 250 307 188 431 77 129 325 206 262 417 183 383 236 126 315 138 136 21
1 20 3
158 418 412
1 12 3
396 390 329
1 3 24
60 322 197 338 101 274 47 202 308 297 24 397 309 256 435 413 226 487 163 482 472 25 350 15
1 6 13
387 43 304 415 403 462 406 253 209 146 204 140 427
1 3 22
104 443 42 341 280 234 137 37 412 182 495 441 26 487 413 273 416 33 71 238 192 150
1 6 11
157 498 36 172 359 183 373 355 16 135 106
1 25 3
42 344 461
1 7 4
117 458 212 478
1 6 13
60 332 30 321 186 371 358 21 143 374 22 28 207
1 4 17
223 192 489 308 480 6 208 346 417 483 128 29 497 118 371 151 126
1 13 4
195 270 425 226
1 6 8
149 40 198 88 284 0 354 121
1 10 5
324 468 97 260 36
1 4 17
191 499 139 39 497 157 42 212 431 224 402 259 239 418 465 54 109
1 4 19
471 285 301 78 486 124 94 469 123 420 149 139 310 226 437 214 474 253 201
1 9 7
201 176 417 13 206 331 462
1 3 24
291 92 424 207 490 429 225 475 21 385 157 358 376 127 76 456 262 233 60 280 377 310 160 171
1 3 22
250 367 426 461 401 392 415 432 450 97 93 366 157 64 406 470 434 108 148 303 52 12
1 6 10
221 378 407 254 164 362 11 112 423 308
1 4 18
284 14 238 31 191 6 303 178 81 430 45 255 471 70 138 380 44 169
1 3 19
414 48 76 493 347 323 39 300 91 256 322 407 199 447 56 286 402 376 488
1 3 25
117 444 227 245 164 156 169 310 342 257 464 69 491 393 354 215 424 465 348 440 230 201 66 79 101
1 10 7
5 181 305 381 473 266 236
1 10 7
110 458 375 439 238 58 51
1 7 10
44 348 367 235 215 195 93 135 481 6
1 5 12
77 222 233 7 120 356 297 363 101 373 204 171
1 5 12
53 214 226 97 106 253 221 64 35 250 182 82
1 6 12
238 278 1 362 63 15 295 419 299 115 50 425
1 4 16
469 397 145 216 91 326 70 200 486 205 438 478 307 119 496 334
1 9 8
473 29 479 312 65 206 348 413
1 6 13
27 191 421 75 370 444 123 375 364 498 58 170 65
1 3 23
196 370 276 411 185 112 190 167 85 463 362 115 40 93 423 113 36 400 152 198 134 306 342
1 15 5
253 304 197 46 376
1 6 10
411 96 360 49 54 448 388 269 95 88
1 14 2
195 124
1 3 23
372 95 177 227 184 418 171 173 79 29 179 343 225 90 204 6 323 405 311 231 441 339 316
1 3 24
378 355 497 451 223 18 495 146 312 102 266 135 232 73 422 91 80 133 219 268 439 494 31 197
1 15 4
17 497 366 384
1 4 18
265 320 335 387 336 242 112 166 237 139 365 379 207 364 372 476 162 300
1 6 10
367 221 226 79 193 432 467 78 426 298
1 4 16
200 350 104 403 176 465 242 392 313 133 387 43 286 430 290 285
1 4 15
60 358 25 105 67 226 272 198 491 19 329 316 266 96 220
1 3 21
74 11 295 139 192 67 235 446 380 471 174 434 116 21 451 280 331 377 190 60 132
1 4 17
392 88 251 464 400 30 363 104 407 110 129 43 360 28 209 275 221
1 3 22
167 210 228 459 365 339 59 446 476 417 151 453 206 150 300 215 62 121 403 486 416 170
1 21 2
349 444
1 4 16
291 447 275 461 493 18 120 10 328 90 359 69 211 290 171 50
1 5 14
25 134 135 3 222 455 307 80 19 157 291 1 182 234
1 20 3
106 238 447
1 5 13
63 276 268 18 329 471 374 271 87 120 388 346 21
1 7 10
268 478 417 285 258 327 363 367 167 380
1 22 3
148 136 53
1 3 21
127 468 167 306 82 139 488 337 289 424 346 18 59 150 168 479 97 85 473 334 372
1 4 19
261 104 17 324 245 384 209 411 286 190 350 141 432 366 30 495 308 357 137
1 13 5
343 257 412 480 93
1 4 17
228 180 419 215 259 281 86 263 431 128 448 392 312 137 365 258 440
1 14 5
449 230 448 232 92
1 23 2
441 22
1 6 11
242 52 337 399 338 476 166 356 324 92 430
1 9 8
478 51 214 379 2 467 208 94
1 9 8
283 236 202 174 379 359 204 14
1 9 8
114 233 201 73 269 348 279 471
1 8 9
3 450 427 342 349 478 391 12 421
1 6 11
144 435 376 176 39 372 451 289 486 237 53
1 5 14
408 384 354 293 359 45 161 397 314 312 100 375 464 378
1 20 2
77 496
1 10 7
157 45 339 301 144 158 29
1 17 4
298 174 71 92
1 24 2
2 196
1 5 15
126 493 316 469 44 343 26 498 220 375 77 458 322 83 265
1 18 4
243 488 323 185
1 5 15
60 432 295 398 15 448 126 279 47 321 336 421 266 210 109
1 5 15
375 160 37 304 399 230 414 368 367 459 212 117 411 337 149
1 9 8
11 277 5 312 192 189 219 483
1 3 23
401 326 408 430 198 90 259 419 224 31 424 447 285 333 382 432 384 171 256 159 387 361 119
1 34 2
155 110
1 6 13
282 69 368 81 216 127 317 191 414 272 388 107 314
1 8 9
229 392 266 255 218 83 366 375 66
1 4 17
404 346 112 328 322 208 197 165 461 351 428 8 217 193 379 361 61
1 21 3
69 11 188
1 5 14
421 317 496 127 461 427 124 376 442 292 419 361 218 250
1 3 24
279 462 319 31 291 140 405 295 335 8 232 470 81 476 134 481 396 142 450 306 370 131 456 466
1 5 14
61 138 53 152 165 440 498 318 11 122 94 5 308 460
1 6 11
83 119 154 19 181 394 491 277 100 128 467
1 5 13
248 211 121 445 480 377 21 95 342 404 180 60 227
1 4 16
229 136 178 340 244 2 441 21 103 28 65 482 66 151 33 117
1 3 22
314 456 203 131 95 150 79 92 29 390 120 197 177 172 311 123 34 283 15 21 32 193
1 22 3
238 348 257
1 16 4
369 473 339 498
1 4 18
336 484 46 382 296 331 150 212 412 158 262 218 279 305 143 375 321 273
1 19 3
480 210 377
1 25 2
63 484
1 14 5
379 170 133 499 70
1 6 13
32 54 444 221 83 471 320 336 276 348 401 326 389
1 4 17
172 419 336 495 384 124 156 4 164 269 481 334 174 249 221 49 236
1 3 23
491 348 310 420 102 23 14 403 211 236 451 336 429 428 325 17 383 315 83 168 411 328 144
1 3 19
480 7 180 327 211 1 233 451 104 468 243 133 85 158 387 39 444 443 251
1 22 2
270 282
1 12 3
204 216 121
1 21 3
382 331 148
1 7 10
3 427 352 443 372 8 346 445 31 429
1 3 20
73 390 317 408 356 190 462 302 143 366 400 250 32 180 176 4 493 297 330 372
1 3 24
31 202 5 1 98 424 340 159 215 265 61 454 227 178 44 474 32 112 194 25 319 106 395 439
1 5 14
22 85 146 295 201 496 449 156 308 161 63 29 247 157
1 5 11
238 431 485 173 106 351 354 222 366 437 458
1 12 6
295 262 488 461 413 69
1 6 12
147 343 323 152 451 36 344 327 300 133 252 375
1 4 19
479 33 242 234 237 215 300 44 20 114 71 59 77 14 469 430 271 463 311
1 6 11
73 443 461 49 366 257 113 444 238 160 433
1 6 11
483 205 376 485 129 138 416 335 97 137 71
1 7 10
174 420 6 438 131 393 200 110 410 88
1 29 2
80 322
1 3 24
10 1 448 381 33 398 177 486 347 394 415 86 157 102 252 114 297 49 225 147 473 30 320 40
1 3 25
79 299 12 394 43 375 228 42 169 338 88 211 262 425 427 82 397 458 300 396 142 323 438 350 370
1 3 23
131 399 98 27 415 461 196 437 355 210 2 460 235 343 247 374 51 445 23 436 77 475 385
1 13 6
230 366 209 207 44 236
1 9 8
329 281 209 142 302 465 367 354
1 3 20
104 105 385 356 222 464 109 329 74 110 183 430 378 172 52 456 318 255 182 64
1 4 16
94 384 193 478 424 420 137 264 246 83 340 347 255 486 245 16
1 5 15
463 330 401 459 51 450 374 413 242 305 299 498 462 183 160
1 5 14
210 384 170 334 166 463 293 340 239 262 346 153 229 460
1 3 20
223 469 388 489 23 126 102 460 400 445 104 5 274 178 488 109 359 278 10 306
1 10 7
13 299 38 96 193 98 397
1 3 25
145 43 330 315 49 316 99 213 348 341 19 463 295 123 373 461 86 380 221 391 400 5 203 349 413
1 3 21
253 458 375 279 248 203 238 51 172 304 97 327 93 311 377 141 3 217 175 343 361
1 3 25
332 11 187 434 202 356 58 447 382 286 238 486 487 381 349 274 37 219 322 234 385 16 481 165 83
1 5 15
396 140 61 123 285 62 347 300 136 360 459 462 334 290 0
1 3 20
25 251 168 126 278 14 109 52 493 432 44 135 260 217 87 131 192 237 214 199
1 3 24
458 248 410 476 23 262 311 448 37 100 459 363 444 131 124 17 391 224 422 474 125 226 414 397
1 3 24
476 25 339 391 202 382 288 347 356 35 205 2 305 224 457 361 432 68 239 76 244 71 252 40
1 3 24
234 450 76 455 49 312 224 315 361 298 47 376 411 225 117 104 15 179 204 18 431 205 272 63
1 2 25
286 11 79 367 188 371 404 18 260 76 99 293 393 154 234 256 413 143 482 26 412 151 247 438 324
1 3 25
240 255 387 284 3 373 476 236 323 270 379 374 172 445 294 123 392 441 95 450 26 137 238 279 176
1 3 25
19 435 90 466 201 116 198 140 85 77 376 455 81 353 249 76 268 35 25 307 18 151 229 397 6
1 19 4
425 68 169 170
1 27 2
87 392
1 29 2
493 80
1 3 22
34 272 494 287 488 450 154 190 71 204 114 84 427 459 466 32 489 320 17 93 265 323
1 22 3
64 172 272
1 4 19
350 148 164 449 345 399 3 20 48 467 184 199 255 287 205 245 258 406 409
1 5 16
126 423 17 321 294 101 392 355 470 172 249 463 7 440 348 161
1 11 5
86 495 122 396 137
1 3 21
259 280 252 402 258 428 267 92 84 346 372 332 361 193 479 413 35 317 404 128 32
1 15 4
65 346 270 307
1 5 13
138 116 386 468 190 236 244 243 131 93 58 158 332
1 12 5
250 440 73 277 401
1 12 5
295 125 204 138 109
1 3 20
88 321 344 199 436 316 42 173 142 233 125 8 467 345 153 366 318 176 439 56
1 12 4
199 237 205 210
1 7 10
38 401 387 362 260 399 166 317 463 396
1 10 6
472 318 260 293 339 430
1 11 6
158 136 97 350 131 465
1 11 6
107 65 217 21 250 239
1 3 25
100 301 274 242 86 370 66 69 341 84 75 153 411 282 371 43 208 255 295 250 497 184 376 233 488
1 6 12
311 416 303 134 159 163 162 261 169 80 396 222
1 3 23
55 370 269 374 349 380 132 283 260 493 449 419 290 126 343 299 258 226 225 490 42 475 23
1 4 16
272 65 11 346 357 77 140 280 8 59 234 279 230 485 201 372
1 5 15
328 186 366 128 462 397 329 153 57 437 265 364 174 287 303
1 3 21
290 462 498 63 467 339 211 490 359 321 353 238 418 8 284 370 260 309 386 145 404
1 6 13
322 243 147 206 264 478 353 374 307 132 321 311 253
1 6 7
205 21 443 22 382 312 16
1 16 4
238 474 223 18
1 3 23
303 466 286 351 5 283 207 403 372 318 321 489 81 293 473 195 128 410 328 451 457 232 462
1 5 15
196 334 188 11 404 21 344 297 472 458 396 376 492 476 119
1 10 7
293 344 499 413 208 197 472
1 19 3
447 59 191
1 3 22
221 392 328 144 414 49 168 283 455 305 495 297 359 235 139 57 456 165 187 34 128 293
1 8 8
214 254 382 347 76 248 61 195
1 5 14
55 304 402 276 272 440 4 35 189 310 335 262 395 216
1 3 23
323 246 15 194 496 85 141 239 445 224 479 206 293 254 55 314 217 126 111 317 115 211 292
1 10 3
67 11 429
1 4 19
407 83 326 29 121 448 189 202 139 322 420 122 21 168 298 50 205 497 494
1 4 17
360 6 109 52 444 220 429 237 86 483 244 364 134 290 18 253 293
1 3 25
3 262 110 39 21 100 308 171 44 347 323 496 328 8 109 418 284 218 75 15 467 374 23 255 436
1 3 23
388 10 165 353 374 397 240 64 439 380 381 156 77 297 458 187 112 383 145 492 322 36 46
1 7 10
456 265 280 93 102 186 425 282 474 114
1 15 4
128 419 343 314
1 8 8
461 44 93 349 117 200 82 281
1 3 22
313 341 115 227 158 352 479 212 376 137 112 192 406 463 367 458 197 201 233 140 258 175
1 6 9
26 468 181 484 386 86 2 304 235
1 8 9
128 208 306 238 75 145 64 272 254
1 3 21
299 173 237 239 471 324 472 390 272 310 75 463 34 136 109 244 465 193 303 274 180
1 7 10
179 392 274 480 464 153 208 430 18 111
1 3 24
497 285 53 171 39 277 87 361 172 256 206 364 448 182 336 370 20 341 475 438 381 290 454 408
1 5 15
282 378 28 37 9 332 254 149 448 185 91 323 204 200 330
1 3 20
448 491 282 42 189 231 367 55 228 407 409 285 225 369 48 387 354 361 331 463
1 14 4
28 178 215 245
1 12 4
234 367 160 361
1 5 12
327 333 351 222 36 357 491 73 386 284 381 79
1 3 22
109 355 298 261 16 115 98 102 232 426 194 345 359 56 441 220 107 450 145 255 331 99
1 3 25
491 87 427 177 387 158 492 159 440 142 450 481 82 408 265 409 100 201 480 179 219 163 83 442 78
1 3 24
351 316 494 292 183 305 277 185 469 18 191 219 132 21 262 459 275 197 460 110 217 438 353 472
1 4 18
183 382 227 469 209 131 129 122 130 330 228 397 234 341 323 75 290 36
1 3 24
381 180 88 123 378 127 82 196 420 67 438 226 150 99 431 342 265 313 114 155 299 495 21 75
1 3 23
360 79 44 27 345 147 120 217 70 54 391 110 235 410 22 191 474 324 284 434 322 11 454
1 4 18
328 109 62 312 239 487 377 20 393 301 94 68 374 412 395 324 400 380
1 3 21
50 395 13 391 225 283 28 200 410 194 27 374 412 473 167 363 432 494 220 245 360
1 22 2
312 256
1 3 23
299 427 337 312 81 202 43 389 358 5 381 119 46 93 144 159 140 318 341 386 54 108 118
1 5 13
453 298 122 247 437 498 407 53 334 346 85 194 252
1 11 6
392 406 195 326 244 157
1 18 4
227 328 341 54
1 8 9
498 413 497 319 193 486 168 190 453
1 7 8
222 24 216 382 347 497 396 446
1 8 7
41 195 127 438 458 352 183
1 6 11
488 281 167 17 271 245 209 188 352 150 491
1 8 5
403 271 16 468 290
1 3 23
16 488 497 234 436 341 252 35 255 317 62 10 242 485 366 98 355 264 158 460 136 356 382
1 24 2
244 243
1 6 12
23 185 459 99 9 353 455 414 43 281 212 135
1 3 23
395 210 363 144 110 232 81 82 52 470 39 277 434 452 40 304 463 184 127 154 429 214 271
1 4 17
104 294 212 178 57 292 373 109 13 324 20 196 155 85 474 441 249
1 3 21
54 89 286 314 19 420 61 229 95 23 241 422 366 263 283 451 10 351 363 82 423
1 25 3
404 209 300
1 30 2
359 111
1 3 23
326 227 158 294 339 495 177 201 160 354 167 147 403 446 342 328 332 299 82 379 43 439 421
1 4 18
351 67 375 4 470 249 210 190 151 480 225 259 318 379 310 76 155 295
1 12 5
259 58 7 264 326
1 10 6
147 282 300 181 406 74
1 7 9
283 478 74 123 196 309 332 52 110
1 12 5
85 376 154 296 19
1 9 4
150 426 82 43
1 6 11
129 396 164 198 169 26 230 67 152 381 100
1 12 5
300 420 19 223 267
1 3 22
131 314 328 136 55 5 395 39 88 499 438 488 53 121 184 496 409 344 281 48 47 192
1 3 25
462 152 292 24 355 467 352 414 132 285 432 253 138 438 338 422 391 42 232 447 321 150 328 449 81
1 9 7
385 357 244 272 236 383 341
1 4 17
41 272 76 242 255 399 328 383 149 490 347 374 271 196 165 414 230
1 6 12
306 35 58 328 391 222 82 346 56 194 303 381
1 6 12
169 392 338 112 81 364 409 329 141 145 439 193
1 17 3
206 388 135
1 31 2
44 99
1 4 16
173 55 180 460 421 228 367 403 77 121 370 279 471 221 5 14
1 3 22
200 107 318 385 189 358 469 48 232 299 462 16 213 24 86 283 324 334 193 282 366 497
1 7 11
141 165 15 470 384 142 186 404 76 228 450
1 13 5
336 123 198 229 29
1 5 15
3 111 198 268 222 125 468 154 337 333 375 325 331 284 33
1 6 12
292 151 121 51 449 78 450 361 475 197 124 281
1 7 9
185 181 122 112 287 237 142 336 407
1 8 7
196 306 215 261 101 57 349
1 20 2
289 332
1 4 17
386 448 424 360 293 8 98 369 67 325 268 151 138 245 423 193 154
1 4 19
203 236 305 28 408 266 393 146 67 390 314 283 253 229 414 191 355 290 117
1 4 16
406 412 331 139 184 67 128 337 121 55 18 256 388 234 437 345
1 5 13
185 332 9 4 496 11 499 248 419 239 337 22 199
1 4 17
224 456 244 296 189 310 2 195 213 11 330 387 104 95 85 434 409
1 5 15
497 410 467 216 92 64 490 475 375 227 45 387 200 169 252
1 3 22
5 316 29 154 479 219 366 474 80 128 186 466 155 251 109 428 122 66 457 211 253 58
1 6 11
449 56 366 79 194 344 86 106 294 338 446
1 6 11
377 173 309 447 294 101 113 98 119 223 106
1 8 8
219 192 402 426 497 363 291 89
1 3 20
275 455 106 442 124 208 140 3 477 261 79 401 11 332 348 86 296 265 144 300
1 3 20
293 244 186 196 328 35 190 298 26 68 378 173 107 262 229 172 81 108 403 460
1 3 23
308 453 283 404 321 120 45 190 329 70 207 395 423 364 238 306 440 47 113 81 416 29 164
1 4 15
386 74 427 86 492 286 133 371 337 332 168 97 13 182 282
1 3 23
172 25 83 364 267 474 192 394 417 384 173 42 231 373 165 60 161 76 61 205 170 245 193
1 4 17
484 402 9 431 275 172 120 342 17 100 469 187 426 381 483 283 62
1 5 11
0 203 333 68 337 281 216 101 352 168 353
1 8 8
143 107 381 85 225 274 234 237
1 5 14
447 436 183 392 491 275 489 51 357 298 208 196 430 93
1 10 7
42 269 354 418 366 264 208
1 6 9
247 221 488 306 475 211 264 13 467
1 6 11
493 31 382 62 488 430 345 41 228 497 420
1 4 17
233 371 235 412 196 87 299 216 331 171 59 143 276 252 431 91 369
1 8 8
1 85 204 185 493 453 275 284
1 11 4
440 271 123 189
1 4 19
124 39 342 178 344 325 375 241 17 239 495 208 256 424 151 410 51 285 386
1 7 10
378 339 238 51 249 261 269 123 233 246
1 5 9
281 302 382 111 156 119 117 199 41
1 13 5
427 352 453 282 494
1 7 9
391 390 360 16 402 31 343 48 449
1 19 3
286 461 166
1 3 25
157 106 425 147 311 495 395 245 284 418 35 359 217 283 385 161 30 191 281 378 144 183 368 244 82
1 19 3
222 55 465
1 3 23
389 402 385 448 18 214 365 232 494 95 132 359 192 211 283 397 457 164 314 166 51 258 227
1 6 13
70 249 220 489 85 320 271 45 298 17 452 255 150
1 4 18
121 483 316 25 420 463 201 238 412 345 386 247 404 390 430 459 359 288
1 3 21
108 77 448 178 48 399 139 358 294 461 137 51 136 173 363 453 29 130 432 195 333
1 13 3
360 302 115
1 3 20
144 464 374 446 401 447 319 409 414 204 310 423 187 277 74 456 325 136 381 411
1 3 22
245 199 397 133 319 111 296 313 107 18 35 183 315 333 190 226 242 173 460 472 423 196
1 8 9
272 489 253 286 457 396 9 454 206
1 5 15
318 176 381 87 24 232 479 27 496 200 486 151 368 314 327
1 4 18
406 262 293 395 71 494 399 432 466 322 258 114 445 496 78 105 185 146
1 5 15
382 357 236 453 113 416 482 366 185 26 490 201 359 470 143
1 3 21
301 227 390 77 168 388 499 327 317 414 178 356 146 116 42 194 316 90 48 305 389
1 3 20
424 19 414 112 125 118 203 359 90 148 471 145 426 95 314 46 341 96 100 431
1 3 25
473 305 129 317 247 499 74 196 131 488 187 288 351 164 176 194 123 457 279 269 229 1 171 39 249
1 3 21
263 423 446 219 140 111 272 316 79 148 91 100 313 300 318 362 336 442 396 166 209
1 4 18
207 93 258 215 388 114 471 129 446 317 106 35 101 178 499 290 212 256
1 3 20
445 280 114 378 275 348 53 414 235 481 399 219 464 70 492 21 396 290 105 294
1 6 11
359 193 330 490 367 408 141 434 119 385 102
1 15 2
186 231
1 7 9
65 342 336 431 193 219 307 49 443
1 3 21
231 276 232 24 46 82 467 29 236 297 142 459 106 445 255 134 490 147 19 456 117
1 15 4
404 59 331 12
1 5 15
377 459 290 46 151 89 302 16 137 460 271 269 446 19 224
1 4 16
45 362 306 158 264 174 25 9 199 426 494 98 321 208 424 312
1 26 2
8 304
1 8 9
246 386 289 496 251 148 8 150 72
1 4 18
128 144 474 261 93 319 43 451 146 115 333 374 272 1 343 80 396 492
1 17 2
236 326
1 4 17
358 426 25 490 155 282 375 367 276 277 384 278 120 439 494 57 159
1 3 22
112 129 91 100 491 83 286 245 298 261 380 178 231 281 390 230 109 140 257 351 123 150
1 2 24
454 412 263 303 305 100 331 207 241 191 425 98 46 308 117 352 160 85 0 469 104 238 232 275
1 5 15
229 259 284 192 312 110 202 102 415 214 138 67 274 486 103
1 3 20
384 337 206 446 36 207 278 139 42 60 15 376 224 284 401 431 313 436 418 323
1 11 6
339 254 294 309 419 149
1 16 4
55 337 429 480
1 10 7
105 147 272 271 463 367 69
1 7 11
490 333 117 434 92 197 391 189 156 115 456
1 6 7
123 213 275 122 57 119 371
1 9 8
409 368 290 158 126 437 241 401
1 3 24
21 498 287 276 271 100 257 57 499 486 225 487 60 441 239 202 224 494 449 263 73 291 392 39
1 11 6
174 335 425 104 356 154
1 8 9
87 77 225 341 292 281 454 409 267
1 11 7
196 148 220 406 307 410 492
1 4 16
259 335 62 104 308 366 163 224 192 398 59 97 30 237 52 60
1 5 15
130 118 137 66 449 81 133 484 223 387 59 447 443 139 344
1 4 19
21 498 383 54 25 318 235 105 175 176 190 492 35 438 267 329 463 348 7
1 3 24
248 255 299 317 55 455 414 407 111 291 390 278 456 82 4 45 243 388 342 332 420 172 297 146
1 3 20
280 297 485 332 362 168 482 207 176 51 262 201 456 0 24 365 62 412 115 148
1 3 21
234 370 390 36 294 415 93 438 272 488 312 341 228 308 72 496 41 82 494 407 176
1 18 4
475 206 373 87
1 12 6
325 22 299 13 343 174
1 8 9
236 422 95 431 494 434 200 286 322
1 7 10
210 442 6 4 100 58 196 319 180 5
1 3 25
263 408 74 77 166 61 312 314 152 279 430 453 398 399 367 28 424 116 309 441 231 274 334 281 365
1 6 13
19 303 421 426 202 353 65 465 105 58 423 478 192
1 18 3
348 67 365
1 3 25
299 376 354 116 425 155 123 448 405 456 339 91 304 235 118 428 450 186 165 221 469 274 253 382 238
1 4 16
400 279 359 133 376 149 340 126 145 114 194 190 0 379 324 352
1 13 6
377 302 66 307 244 81
1 3 21
354 416 478 310 321 496 57 11 407 122 390 480 363 275 150 333 96 262 91 128 58
1 4 20
12 151 58 205 115 46 264 369 133 253 331 313 492 140 357 400 372 245 42 383
1 7 9
409 480 398 384 389 207 2 472 392
1 4 16
352 100 360 414 334 480 208 295 319 138 298 433 211 228 144 141
1 5 13
401 240 356 243 415 245 173 18 74 87 185 133 404
1 3 24
397 116 391 184 302 203 31 348 368 430 13 456 253 45 83 337 50 154 362 200 244 477 1 296
1 13 5
487 431 182 423 480
1 12 6
374 184 223 415 276 401
1 8 9
103 324 96 176 101 454 413 158 64
1 4 16
277 237 19 203 141 466 490 453 352 497 269 82 156 47 188 48
1 3 20
271 193 359 376 199 332 194 91 366 415 200 189 314 98 71 102 227 11 23 217
1 4 16
53 282 111 427 329 11 88 398 278 103 197 292 50 307 168 456
1 6 10
386 296 288 70 310 218 114 487 378 297
1 9 8
438 72 179 399 349 226 317 405
1 3 21
23 461 381 303 250 108 395 66 12 377 101 146 264 140 129 98 145 89 432 465 230
1 9 8
105 364 150 393 483 402 478 166
1 4 16
150 431 4 315 98 342 483 166 94 344 77 268 145 67 452 253
1 6 11
493 491 81 111 264 461 176 74 396 435 354
1 17 3
205 340 212
1 3 25
194 474 482 415 39 38 389 387 340 61 205 14 28 248 150 332 89 465 234 221 396 219 106 209 267
1 3 24
122 378 82 17 311 246 237 264 103 306 66 16 59 171 30 185 26 250 498 100 176 303 92 341
1 8 8
23 110 136 109 213 384 332 5
1 3 25
473 283 269 450 114 445 307 123 442 19 4 431 281 16 44 455 426 448 47 243 146 23 58 111 305
1 20 3
263 121 245
1 16 4
414 268 74 284
1 4 16
147 0 26 470 182 231 443 400 173 389 324 7 282 423 329 388
1 3 25
187 156 456 272 498 310 213 337 118 416 138 178 45 420 248 86 283 408 421 413 243 136 161 319 104
1 10 5
275 67 143 402 286
1 3 23
259 28 178 468 207 330 393 78 53 145 400 76 406 298 154 162 172 109 121 101 253 68 181
1 3 21
113 430 407 105 15 183 171 485 174 454 455 479 91 63 212 215 66 323 443 413 6
1 7 10
440 171 181 366 365 128 178 35 317 78
