500 1500 775
11 11 21 17 26 25 12 13 38 22 40 18 11 24 17 32 25 28 35 26 20 12 38 20 34 25 13 37 25 21 18 36 35 36 23 21 28 37 12 28 30 40 40 14 20 28 31 33 18 14 40 21 14 22 13 16 40 18 14 30 26 12 21 38 32 13 35 33 14 29 36 16 26 36 35 16 19 35 27 40 12 20 12 18 28 32 31 17 40 13 24 37 25 29 40 24 13 40 35 21 14 34 31 28 40 15 39 28 32 29 25 26 35 15 36 40 24 33 39 37 18 34 31 18 37 31 24 15 24 14 13 21 28 34 21 39 11 19 27 31 13 28 34 24 22 34 24 21 19 33 23 21 28 15 21 17 36 35 33 17 15 37 40 33 32 37 21 36 28 32 21 26 25 12 26 28 12 33 26 37 30 17 20 30 27 24 25 28 25 29 13 34 27 30 35 11 39 34 30 15 18 19 30 32 24 31 21 35 35 33 32 21 40 23 26 32 33 25 13 15 18 35 13 23 26 28 38 14 33 16 14 35 31 25 26 36 11 20 31 18 31 23 12 40 18 23 20 34 26 33 14 30 39 36 17 33 39 20 27 21 40 33 40 32 18 34 35 18 24 12 24 32 40 29 19 31 29 36 32 14 16 23 14 18 40 33 20 31 32 36 13 28 15 35 17 22 21 26 27 25 40 20 23 13 36 23 32 24 34 20 27 39 27 12 12 33 34 13 32 23 26 13 38 17 16 27 17 20 32 28 40 36 40 38 37 15 32 15 38 31 31 14 37 18 23 23 14 32 32 29 39 39 31 25 24 31 25 36 24 31 33 20 13 15 36 25 31 22 12 30 34 33 34 35 19 18 38 27 26 40 40 38 14 12 12 12 21 19 32 39 17 24 15 11 11 25 27 36 33 27 18 30 28 33 31 28 27 11 34 15 31 25 16 33 33 30 32 22 13 18 34 25 23 21 17 27 19 15 36 32 24 38 35 16 33 15 34 28 32 38 31 36 40 15 22 38 27 23 12 27 17 22 28 40 30 26 18 20 15 19 13 33 11 36 21 21 11 34 31 32 16 23 26 14 28 29 16 19 24 39 12 27 13 14 29 27 14 27 35 38 23 20 38 22 27 36 25 29 11 23
1 1 11 7 16 15 2 3 28 12 30 8 1 14 7 22 15 18 25 16 10 2 28 10 24 15 3 27 15 11 8 26 25 26 13 11 18 27 2 18 20 30 30 4 10 18 21 23 8 4 30 11 4 12 3 6 30 8 4 20 16 2 11 28 22 3 25 23 4 19 26 6 16 26 25 6 9 25 17 30 2 10 2 8 18 22 21 7 30 3 14 27 15 19 30 14 3 30 25 11 4 24 21 18 30 5 29 18 22 19 15 16 25 5 26 30 14 23 29 27 8 24 21 8 27 21 14 5 14 4 3 11 18 24 11 29 1 9 17 21 3 18 24 14 12 24 14 11 9 23 13 11 18 5 11 7 26 25 23 7 5 27 30 23 22 27 11 26 18 22 11 16 15 2 16 18 2 23 16 27 20 7 10 20 17 14 15 18 15 19 3 24 17 20 25 1 29 24 20 5 8 9 20 22 14 21 11 25 25 23 22 11 30 13 16 22 23 15 3 5 8 25 3 13 16 18 28 4 23 6 4 25 21 15 16 26 1 10 21 8 21 13 2 30 8 13 10 24 16 23 4 20 29 26 7 23 29 10 17 11 30 23 30 22 8 24 25 8 14 2 14 22 30 19 9 21 19 26 22 4 6 13 4 8 30 23 10 21 22 26 3 18 5 25 7 12 11 16 17 15 30 10 13 3 26 13 22 14 24 10 17 29 17 2 2 23 24 3 22 13 16 3 28 7 6 17 7 10 22 18 30 26 30 28 27 5 22 5 28 21 21 4 27 8 13 13 4 22 22 19 29 29 21 15 14 21 15 26 14 21 23 10 3 5 26 15 21 12 2 20 24 23 24 25 9 8 28 17 16 30 30 28 4 2 2 2 11 9 22 29 7 14 5 1 1 15 17 26 23 17 8 20 18 23 21 18 17 1 24 5 21 15 6 23 23 20 22 12 3 8 24 15 13 11 7 17 9 5 26 22 14 28 25 6 23 5 24 18 22 28 21 26 30 5 12 28 17 13 2 17 7 12 18 30 20 16 8 10 5 9 3 23 1 26 11 11 1 24 21 22 6 13 16 4 18 19 6 9 14 29 2 17 3 4 19 17 4 17 25 28 13 10 28 12 17 26 15 19 1 13
1 13 5
98 44 99 4 347
1 4 16
494 72 457 67 342 270 6 141 165 439 326 303 435 197 184 32
1 5 15
346 470 413 9 495 52 486 382 69 458 240 257 238 380 244
1 5 14
230 313 305 225 482 304 4 159 194 329 463 168 386 37
1 5 15
128 25 132 459 463 196 91 306 337 99 197 374 305 363 395
1 6 10
26 127 434 70 169 147 280 216 318 55
1 5 13
178 392 100 388 301 303 184 133 482 197 165 430 349
1 5 15
292 373 252 12 139 211 422 309 473 401 375 411 430 431 94
1 7 10
2 351 187 470 236 201 155 433 492 43
1 3 21
194 398 192 43 309 75 124 498 435 42 265 478 198 381 240 197 427 455 88 317 156
1 4 16
89 247 265 325 187 35 454 389 340 298 107 312 47 338 29 457
1 6 12
348 358 147 417 316 244 326 359 346 380 0 138
1 10 7
231 439 30 157 487 277 64
1 5 10
421 229 57 270 325 368 225 374 30 375
1 8 8
60 65 188 76 462 50 446 110
1 3 22
375 38 61 247 55 133 78 195 209 91 310 275 392 169 208 433 74 371 418 113 293 395
1 22 3
158 32 45
1 3 20
342 377 406 41 312 114 294 160 473 60 465 254 451 258 407 405 87 383 129 237
1 9 7
21 237 201 238 353 85 327
1 5 12
13 474 340 208 78 296 1 17 95 219 278 117
1 8 7
362 455 414 44 444 29 257
1 14 4
399 150 387 287
1 11 6
15 345 342 183 191 52
1 4 18
404 281 106 393 15 249 137 239 295 53 482 80 414 314 123 485 311 207
1 3 25
275 263 235 344 320 223 202 28 239 111 477 62 291 399 379 274 363 373 60 132 492 375 138 255 215
1 18 3
496 335 366
1 11 6
404 75 346 459 412 431
1 5 14
460 34 214 229 132 120 397 285 313 436 490 340 168 42
1 9 8
416 340 104 415 241 141 55 66
1 22 3
436 372 412
1 3 23
360 115 467 322 347 331 369 302 208 16 291 432 88 258 12 430 4 330 43 195 362 105 255
1 3 25
383 295 276 232 358 347 148 387 356 13 185 438 362 202 395 259 56 47 342 79 15 400 183 244 278
1 3 20
451 371 395 290 466 265 284 98 85 209 286 70 116 34 4 151 57 78 402 91
1 6 13
479 288 370 438 496 468 188 300 215 302 250 175 317
1 4 17
448 201 440 45 42 301 141 330 293 66 364 469 97 189 102 343 405
1 4 19
439 327 314 57 482 437 359 484 56 448 185 339 280 399 29 240 374 334 459
1 6 13
62 470 5 389 339 497 486 412 331 373 300 196 259
1 3 24
143 471 4 380 230 290 38 350 462 121 11 477 392 447 221 179 329 23 197 245 165 470 291 387
1 8 9
55 411 235 486 441 78 25 247 212
1 3 20
182 194 347 98 348 391 429 359 173 446 237 79 164 329 105 240 309 458 175 461
1 4 16
287 122 263 344 465 78 2 206 226 250 313 8 256 404 161 275
1 5 14
341 228 421 109 408 42 332 311 132 389 75 85 410 261
1 5 14
447 236 297 441 312 161 489 139 352 295 257 286 290 9
1 4 15
19 60 1 365 413 470 28 454 127 269 39 447 146 271 27
1 3 23
434 97 360 499 399 12 266 52 271 100 314 142 382 323 169 342 73 453 404 289 441 23 380
1 4 19
470 202 170 423 300 390 191 321 232 389 449 348 396 274 182 38 13 415 355
1 3 23
490 80 28 284 327 2 67 7 172 12 186 89 74 290 310 304 422 390 110 106 213 301 90
1 5 13
328 211 394 476 289 356 258 199 442 498 247 254 30
1 5 14
147 289 377 384 153 348 239 321 485 79 241 282 471 174
1 3 22
398 481 106 27 322 155 495 342 386 432 130 453 411 372 199 111 499 263 409 490 314 348
1 5 15
145 62 464 380 394 311 349 46 199 102 80 291 412 81 323
1 3 25
375 110 265 68 198 13 54 48 200 164 446 31 481 66 187 5 313 262 237 430 325 301 125 227 202
1 4 16
367 383 14 102 4 36 360 357 114 284 256 427 467 407 378 423
1 5 15
408 494 477 223 163 274 268 467 442 273 97 413 57 270 227
1 9 8
351 374 85 125 114 47 115 96
1 10 7
402 381 360 227 419 182 111
1 6 11
112 80 42 134 308 34 229 71 219 287 373
1 6 11
28 325 425 63 321 428 484 369 236 119 394
1 13 4
214 242 38 276
1 6 12
483 106 19 264 132 348 9 308 7 86 126 206
1 5 14
443 254 89 383 339 453 112 98 126 227 61 475 198 262
1 10 8
250 334 442 228 440 119 458 115
1 14 2
279 105
1 26 2
220 316
1 4 16
2 425 390 457 415 459 188 168 461 0 275 287 177 7 126 94
1 18 3
384 121 99
1 4 15
476 54 316 338 205 454 488 496 357 227 221 172 215 368 43
1 13 5
46 399 187 37 443
1 6 13
86 387 439 485 281 162 316 133 202 70 288 78 256
1 10 7
8 63 321 136 205 254 177
1 6 13
42 72 165 254 445 375 1 92 238 472 326 117 470
1 26 2
374 209
1 13 4
175 23 427 496
1 10 8
464 97 392 272 313 420 422 461
1 34 2
216 253
1 4 18
314 432 148 428 24 467 250 223 443 87 132 320 78 403 356 379 64 240
1 4 18
156 228 481 115 37 333 186 490 309 416 447 273 192 343 367 134 149 281
1 3 21
24 402 445 323 276 202 252 11 209 281 182 151 44 5 478 50 424 250 76 413 240
1 3 23
114 82 228 475 396 471 173 441 212 206 497 47 179 361 101 48 143 238 162 40 352 167 103
1 5 15
221 456 388 457 379 107 61 91 402 250 64 84 92 461 350
1 4 18
433 212 321 197 21 422 18 27 459 92 19 448 99 133 298 182 58 225
1 3 21
343 59 317 360 292 414 421 298 467 457 85 392 304 126 326 393 134 8 152 79 485
1 3 22
140 183 469 341 217 407 372 167 314 116 53 389 352 5 32 391 250 390 151 496 87 115
1 7 9
6 160 320 246 289 447 197 71 340
1 3 23
202 257 294 415 85 12 448 100 61 33 120 80 103 371 441 50 313 311 282 277 329 31 229
1 6 12
488 101 175 409 391 385 489 43 261 92 6 78
1 6 12
277 455 265 321 329 250 438 376 484 379 34 42
1 3 20
212 463 363 336 90 213 238 434 44 404 427 294 189 269 229 46 148 288 486 34
1 3 20
268 390 51 43 13 295 375 298 460 177 155 39 110 60 339 227 432 245 16 198
1 5 13
77 53 288 74 446 449 425 480 7 252 341 250 132
1 3 24
191 413 203 313 281 190 183 148 134 361 437 484 56 294 218 66 24 159 405 325 334 360 257 357
1 14 4
313 222 11 351
1 5 12
146 131 269 152 52 368 329 181 413 120 315 83
1 3 22
18 246 449 97 125 276 22 257 93 288 372 65 247 15 183 411 25 267 109 76 429 220
1 10 7
6 436 17 31 391 181 487
1 12 5
234 468 5 198 424
1 3 19
13 251 462 50 255 113 480 180 12 184 426 23 417 24 216 237 403 195 93
1 15 4
493 359 169 128
1 4 18
139 184 292 361 226 223 369 219 380 372 241 354 156 2 64 178 331 272
1 6 12
264 482 480 497 448 360 209 114 16 492 187 312
1 8 9
452 73 378 479 470 251 342 441 125
1 11 7
431 287 69 317 228 115 167
1 8 8
181 481 368 167 337 233 40 72
1 9 7
460 103 410 470 241 317 373
1 27 2
62 413
1 3 19
263 245 4 385 437 25 393 490 204 392 153 362 355 375 436 395 132 87 487
1 3 25
153 102 318 485 76 292 477 13 210 1 167 146 114 397 348 23 424 256 7 388 191 354 465 216 484
1 5 14
209 464 148 93 10 470 123 489 399 260 3 64 292 350
1 4 16
206 19 395 4 352 418 386 101 95 23 482 433 393 76 361 320
1 25 3
52 334 118
1 7 10
178 493 347 311 341 302 155 199 205 309
1 4 16
317 335 276 9 223 93 273 203 492 114 168 193 149 42 288 496
1 4 19
412 230 173 256 133 108 151 110 381 250 113 46 165 341 106 455 150 143 141
1 3 18
21 138 249 13 157 363 141 238 301 11 437 279 154 449 193 44 382 440
1 8 8
466 87 10 327 25 448 81 130
1 6 12
283 392 59 365 235 341 463 484 174 292 305 395
1 4 16
156 14 389 170 138 393 479 238 201 21 51 33 264 468 474 84
1 12 6
252 192 304 283 175 447
1 4 19
59 330 218 393 141 62 127 422 360 247 367 266 449 450 87 222 364 484 269
1 19 3
268 221 99
1 5 14
176 199 488 379 196 458 445 323 220 343 337 62 472 411
1 4 19
21 429 201 486 235 83 331 280 223 290 408 257 243 410 58 90 251 30 73
1 5 13
244 402 13 137 430 26 287 175 392 140 436 157 301
1 3 24
272 313 456 187 415 493 412 201 449 287 321 207 299 25 237 304 127 394 79 23 285 464 218 95
1 4 18
214 10 174 41 194 218 190 166 318 311 472 141 12 373 72 146 389 70
1 5 14
145 26 415 413 291 269 80 304 3 494 385 474 423 270
1 3 25
489 74 332 55 235 319 339 157 463 392 312 347 448 363 63 410 461 354 310 437 422 247 104 478 204
1 4 18
277 112 363 253 12 432 231 497 321 327 373 64 457 2 260 315 263 367
1 7 10
351 157 132 347 22 289 135 299 124 167
1 14 5
239 348 119 33 78
1 17 4
355 242 152 115
1 5 14
116 321 90 86 426 162 108 229 287 428 439 30 138 244
1 5 15
337 274 281 467 408 193 452 126 137 251 364 107 396 351 481
1 4 17
261 111 355 30 188 143 354 144 248 321 437 55 294 399 221 233 326
1 22 2
84 3
1 4 17
214 344 484 61 111 272 420 77 328 339 369 139 242 201 362 211 439
1 4 16
476 122 441 494 473 185 429 346 338 472 220 341 44 263 187 0
1 4 15
9 139 185 310 199 390 105 188 30 356 278 283 28 69 144
1 3 23
7 314 191 189 307 297 385 61 92 51 146 184 79 445 207 369 394 440 84 298 86 169 22
1 3 21
273 48 407 55 481 270 200 221 226 493 366 485 342 210 174 89 172 82 282 457 8
1 14 5
105 86 352 479 148
1 11 7
204 333 348 350 422 300 339
1 3 20
140 113 134 133 132 456 183 304 440 30 429 165 199 448 237 432 32 334 248 153
1 3 23
383 475 255 300 252 411 279 158 75 283 122 144 47 431 347 222 117 468 370 289 59 94 274
1 16 4
488 25 86 138
1 13 5
465 51 398 464 318
1 4 18
211 364 389 215 273 77 62 54 348 385 338 327 207 2 88 106 402 421
1 3 23
228 448 79 487 310 335 494 295 37 259 358 280 393 337 397 308 496 318 292 118 134 138 276
1 3 23
385 195 425 405 30 183 415 342 391 222 113 421 26 406 92 270 319 138 106 249 288 312 417
1 3 21
410 476 133 299 233 412 165 424 23 362 151 157 488 471 440 297 254 36 429 473 437
1 3 22
79 319 229 249 124 101 257 201 490 58 5 171 484 275 287 363 165 283 335 391 123 367
1 14 5
424 492 204 144 463
1 3 18
11 383 494 303 55 39 485 316 421 298 138 146 158 187 463 98 211 210
1 7 10
200 277 37 57 96 402 281 59 105 60
1 19 4
359 351 196 8
1 7 10
43 140 388 491 483 80 30 481 22 324
1 4 17
59 10 251 100 381 82 123 310 270 117 266 437 485 134 129 115 169
1 6 12
102 497 10 269 326 58 67 211 7 436 95 260
1 4 18
192 341 279 332 168 89 174 112 495 246 254 308 84 223 195 85 357 205
1 5 16
440 468 380 239 18 12 409 352 402 281 93 453 211 266 225 244
1 4 19
486 272 448 388 328 493 339 416 200 375 413 67 158 184 435 281 360 270 338
1 25 3
382 114 135
1 3 21
299 99 350 70 180 85 179 252 129 116 285 370 335 20 469 208 385 277 417 433 442
1 11 6
301 334 352 171 229 392
1 4 18
393 335 243 401 103 269 167 25 347 376 327 495 49 33 209 436 68 266
1 13 5
14 261 455 108 213
1 3 24
186 8 111 227 349 259 439 313 43 286 176 282 104 443 204 126 214 486 232 290 368 244 334 405
1 3 24
232 258 144 396 133 17 121 169 128 88 162 424 321 77 252 32 22 359 402 413 155 71 309 485
1 3 25
496 212 133 372 286 385 377 234 273 274 39 236 429 282 72 400 457 94 443 229 470 191 36 492 79
1 3 23
295 99 443 301 286 302 385 236 26 493 198 221 218 138 408 337 431 52 461 119 261 449 173
1 8 9
376 382 280 55 167 115 273 445 429
1 5 13
225 123 380 462 285 307 215 96 470 335 47 250 46
1 10 7
209 422 224 304 477 358 445
1 3 20
203 132 391 246 405 458 457 79 77 116 125 142 240 499 147 71 58 6 465 70
1 3 24
307 401 242 88 303 445 448 40 330 196 494 210 412 190 332 295 469 254 219 7 26 193 414 60
1 4 17
177 354 83 361 380 482 257 154 52 74 246 161 427 201 494 70 487
1 3 20
62 476 42 480 378 167 176 216 359 351 78 481 155 420 132 401 334 355 406 66
1 4 15
466 454 404 99 249 199 292 164 285 143 281 314 21 215 433
1 3 20
347 261 407 32 274 488 223 103 259 281 462 67 340 129 389 321 139 27 114 303
1 6 10
192 424 188 310 271 82 31 200 96 205
1 7 10
286 281 484 329 304 441 406 389 178 331
1 8 9
468 392 133 285 380 115 23 125 352
1 4 18
132 119 314 16 136 447 410 256 371 248 448 375 331 356 316 342 129 495
1 5 15
369 332 373 339 265 250 105 13 129 344 439 453 144 159 117
1 3 24
388 435 105 128 474 292 465 88 422 447 242 112 241 44 18 425 156 258 312 386 43 137 191 16
1 4 19
273 328 33 394 455 134 96 75 137 56 188 368 194 487 268 158 437 377 259
1 8 9
272 420 176 136 277 353 248 413 64
1 3 19
362 368 485 123 178 270 199 87 93 380 238 136 323 213 218 496 466 45 34
1 6 12
142 288 161 341 53 41 457 233 413 62 135 78
1 8 7
248 378 460 428 392 375 233
1 3 23
209 292 497 394 13 426 234 68 283 395 222 281 448 353 345 479 318 429 78 206 321 57 198
1 4 19
305 357 35 261 61 62 397 337 1 194 239 425 159 286 498 41 336 263 19
1 3 24
119 160 144 494 450 357 383 440 353 170 467 371 434 493 200 143 109 108 270 39 18 428 466 120
1 21 3
84 208 475
1 3 21
27 304 133 466 355 84 441 248 10 22 303 468 107 205 60 85 348 429 169 297 398
1 6 13
190 201 164 379 4 477 442 293 21 376 337 151 456
1 4 18
224 408 39 448 442 97 211 105 363 138 444 314 231 477 117 447 232 334
1 6 10
151 443 186 475 195 218 34 13 320 207
1 12 6
361 471 252 91 286 237
1 17 3
92 126 248
1 4 17
19 421 487 126 335 203 114 253 256 12 204 18 389 475 482 397 404
1 9 8
188 34 369 289 368 330 492 413
1 4 16
467 1 472 223 37 343 129 492 413 104 204 205 489 130 249 365
1 4 17
128 88 183 312 453 429 498 120 457 288 201 431 266 462 50 390 411
1 4 19
460 157 206 79 353 180 417 414 213 27 470 232 212 251 479 380 96 95 348
1 9 8
411 423 196 365 428 192 475 84
1 8 9
32 90 100 468 404 379 293 143 447
1 3 18
490 267 318 76 86 47 103 468 157 140 160 30 346 281 293 447 81 223
1 8 6
390 180 259 34 286 314
1 4 18
200 245 351 127 362 257 114 102 182 325 171 313 392 444 332 499 231 471
1 3 23
454 33 139 418 222 171 415 379 270 321 47 442 335 436 113 67 479 51 390 447 469 411 149
1 8 8
39 234 279 334 360 336 387 471
1 5 14
379 422 75 289 25 64 96 300 385 351 218 50 237 191
1 4 17
383 457 328 126 324 12 498 322 138 23 341 475 151 282 201 197 230
1 6 12
174 402 137 32 219 404 179 378 48 349 190 69
1 7 10
218 450 219 113 470 169 424 97 65 61
1 5 13
247 13 55 96 437 294 473 56 90 93 131 177 67
1 3 24
482 255 487 101 474 276 46 291 491 217 393 352 433 82 372 295 39 23 159 337 359 108 439 499
1 13 5
146 346 365 252 171
1 7 9
57 103 460 342 456 204 159 258 152
1 9 8
298 35 279 148 140 376 147 133
1 13 5
39 368 56 248 470
1 3 25
481 484 9 182 45 93 271 171 241 354 21 339 126 195 397 133 114 113 262 150 173 444 288 306 104
1 4 19
147 474 11 242 143 337 41 373 145 265 307 419 393 325 379 95 263 268 101
1 4 18
60 170 171 276 258 65 324 439 307 242 87 165 142 335 206 216 362 133
1 11 6
481 293 232 73 105 6
1 4 14
328 410 130 416 55 53 499 497 205 214 149 490 421 460
1 21 3
85 434 407
1 3 19
265 174 185 305 60 318 317 209 272 438 370 460 386 163 308 180 301 415 74
1 23 3
231 155 208
1 3 21
373 467 323 480 131 343 250 332 462 111 66 466 313 261 195 331 40 11 76 0 24
1 4 19
148 365 494 108 356 41 399 197 267 321 466 38 312 172 489 165 404 491 177
1 13 4
53 424 336 160
1 8 7
465 143 451 415 491 375 238
1 3 20
469 138 448 420 229 290 93 269 71 154 55 442 235 344 38 324 190 205 303 46
1 3 21
226 405 462 366 237 102 15 404 0 276 451 259 9 195 25 110 87 67 380 320 100
1 5 14
405 261 79 266 10 198 162 409 39 321 398 160 16 153
1 10 7
480 86 379 57 368 291 66
1 5 13
299 303 69 329 213 212 98 280 19 316 180 147 158
1 9 8
493 142 372 479 208 382 223 307
1 3 24
30 148 161 498 121 337 102 373 165 116 103 285 17 299 147 24 395 216 388 263 76 461 43 7
1 4 18
44 226 150 309 216 82 9 165 58 135 447 177 88 217 436 417 194 411
1 5 14
407 412 183 473 304 209 331 190 329 316 152 378 448 431
1 5 13
52 60 101 493 89 235 454 278 423 360 145 429 483
1 14 5
24 473 4 30 260
1 4 18
396 142 309 185 53 409 42 363 299 183 433 218 133 438 112 441 387 497
1 3 24
50 318 109 193 215 269 338 17 157 159 475 153 167 434 449 184 253 22 313 111 209 228 438 211
1 13 5
8 23 406 180 345
1 6 12
128 419 464 468 140 109 44 121 273 411 37 304
1 7 9
71 291 492 7 362 58 202 392 233
1 5 13
329 187 126 154 38 12 191 194 321 468 435 345 383
1 7 11
286 248 86 126 470 256 463 63 76 283 3
1 3 21
374 195 380 412 297 140 475 240 230 369 171 442 94 24 351 338 229 294 98 110 481
1 6 11
329 221 60 361 451 204 429 20 71 273 276
1 9 8
158 328 195 442 11 319 433 349
1 8 9
486 294 137 485 445 435 51 35 256
1 8 8
119 220 155 249 436 335 274 11
1 3 20
83 427 442 362 38 122 411 471 296 415 61 319 410 481 281 147 58 157 51 178
1 5 14
142 100 223 58 277 50 283 32 37 417 107 477 179 195
1 7 10
427 489 65 224 222 267 6 473 495 100
1 4 19
119 170 76 79 139 434 278 171 324 302 98 407 169 316 356 301 59 4 368
1 6 12
190 439 309 372 164 468 192 349 418 118 227 262
1 6 13
492 469 376 162 338 76 260 190 212 80 289 329 78
1 4 16
393 50 18 107 439 15 430 226 170 35 365 337 478 493 216 19
1 10 7
293 396 8 384 433 488 326
1 8 9
196 208 182 244 246 159 425 209 218
1 4 15
34 367 123 279 410 132 223 387 318 426 299 494 189 60 401
1 9 5
237 320 412 23 279
1 4 19
141 18 415 265 303 247 173 289 262 433 397 190 28 95 364 266 273 242 490
1 5 12
323 73 477 163 421 434 371 93 487 394 187 339
1 6 11
478 465 369 405 357 114 176 294 149 154 164
1 3 21
79 489 483 40 106 370 209 231 486 377 263 216 384 392 20 140 177 6 262 29 275
1 14 5
483 198 286 94 392
1 8 9
349 73 212 14 425 189 47 401 86
1 10 7
441 253 87 280 69 270 497
1 8 9
433 342 92 96 61 198 31 310 134
1 3 23
89 117 159 199 88 427 464 376 286 282 18 289 1 203 211 457 209 222 381 421 403 316 135
1 5 14
138 113 432 314 469 484 453 36 271 10 381 276 277 43
1 9 6
307 368 173 354 112 290
1 3 20
137 219 122 67 392 475 172 228 329 214 100 386 423 55 285 490 334 369 9 195
1 3 18
356 191 61 469 145 285 452 383 264 282 92 35 239 69 288 362 29 484
1 10 5
111 52 171 20 345
1 8 10
246 453 250 281 11 243 151 232 391 46
1 4 18
23 374 3 371 42 482 206 194 184 461 60 79 112 94 143 494 139 158
1 7 10
362 342 394 477 375 381 498 137 403 29
1 8 9
332 359 218 479 277 115 306 182 222
1 4 19
453 114 286 154 275 466 18 279 360 317 191 228 485 470 461 400 212 173 131
1 5 14
51 424 13 7 37 170 180 453 74 261 389 268 236 253
1 13 5
116 332 281 411 211
1 8 9
77 90 253 449 451 74 63 221 241
1 7 10
256 223 314 377 328 74 271 85 250 222
1 14 5
396 331 230 321 489
1 4 19
145 110 409 378 393 38 127 354 207 365 189 399 183 114 209 47 267 330 373
1 5 14
442 8 441 479 7 429 231 84 284 303 350 318 116 401
1 7 11
102 74 10 386 434 138 256 243 455 405 333
1 3 21
315 240 153 457 471 352 475 134 149 28 111 131 16 122 340 212 397 470 15 350 483
1 10 7
486 397 104 410 193 292 92
1 4 19
231 379 230 481 94 457 3 24 326 150 330 102 184 232 390 161 341 413 290
1 5 15
106 100 326 260 154 369 78 130 105 468 60 331 353 441 450
1 24 2
423 298
1 17 3
466 438 386
1 10 7
68 169 334 378 410 163 34
1 4 15
28 290 222 480 71 137 440 247 232 220 473 209 479 21 251
1 6 12
190 252 408 268 285 410 92 461 81 437 355 58
1 8 9
162 164 298 321 470 332 364 339 377
1 7 8
110 448 227 159 390 348 198 251
1 3 22
293 488 256 288 480 268 259 418 85 25 261 477 348 172 239 212 43 227 114 385 386 104
1 14 5
403 162 486 317 125
1 4 18
177 407 480 84 395 373 265 8 192 259 230 360 89 311 491 242 320 157
1 3 23
43 131 74 108 119 168 152 234 316 261 358 81 151 47 2 472 32 59 11 44 49 183 427
1 3 25
362 460 352 367 262 150 459 361 22 114 119 57 126 3 234 419 321 483 138 484 81 457 84 168 178
1 9 8
430 465 373 223 115 276 341 191
1 3 23
358 202 151 473 463 292 320 496 185 311 160 21 447 180 52 444 393 331 213 491 193 379 116
1 11 5
75 89 81 96 63
1 3 24
60 441 277 117 439 84 76 246 201 135 479 204 412 38 332 494 215 430 388 360 190 339 431 444
1 4 18
387 419 278 4 127 455 152 262 422 239 453 329 382 112 439 216 305 168
1 13 6
334 444 452 244 311 252
1 4 15
391 248 61 490 476 224 321 85 96 211 133 368 216 218 182
1 6 12
220 122 138 199 263 328 5 10 307 361 212 61
1 4 17
419 405 466 35 42 118 134 116 354 224 76 208 202 64 38 428 283
1 4 17
78 120 59 385 447 253 380 341 256 230 309 282 344 37 23 316 423
1 5 15
351 262 70 120 476 11 385 427 450 453 423 50 85 426 486
1 7 11
418 248 359 179 57 212 452 125 315 304 446
1 2 25
248 385 406 347 462 34 170 121 409 201 316 123 72 159 324 221 6 45 415 441 294 63 301 401 71
1 7 11
241 169 158 428 497 90 351 332 307 164 385
1 6 13
128 256 144 89 106 134 275 68 77 169 141 313 59
1 12 6
466 133 441 125 39 42
1 4 17
477 256 344 411 236 137 315 447 157 183 176 213 353 204 252 362 348
1 5 15
269 311 304 104 42 223 355 436 210 329 302 74 0 284 6
1 5 14
438 307 19 71 360 198 32 362 73 290 409 374 377 74
1 8 7
450 403 69 407 321 433 460
1 16 4
485 311 396 132
1 3 24
265 77 408 322 155 13 406 381 486 205 234 51 243 390 32 198 122 106 184 335 8 34 129 69
1 3 21
227 192 320 336 491 291 150 97 29 460 494 71 209 333 340 381 211 10 484 497 21
1 8 9
262 104 48 110 251 300 396 377 152
1 3 23
294 30 313 433 155 61 483 142 320 455 239 469 415 79 468 356 211 257 344 488 170 109 177
1 3 20
495 268 245 401 250 223 167 25 189 188 15 114 303 18 87 158 228 390 26 423
1 4 16
69 495 201 254 166 482 109 290 321 216 333 144 25 239 415 437
1 9 7
376 111 466 324 7 346 240
1 5 14
317 155 130 337 152 404 330 219 47 111 422 233 483 394
1 3 25
97 305 214 482 314 13 312 373 364 200 446 167 149 471 340 264 378 140 175 351 409 268 336 117 3
1 6 13
130 407 124 472 429 143 257 135 162 303 187 435 206
1 5 12
271 450 0 211 324 370 32 230 336 163 147 239
1 6 13
313 182 35 239 412 389 478 55 109 330 331 15 52
1 7 10
448 313 413 147 365 358 201 303 333 153
1 9 8
467 252 393 88 37 51 119 478
1 4 18
216 226 402 243 313 362 359 333 251 177 366 172 304 70 221 91 289 206
1 12 5
137 486 371 449 76
1 6 10
112 148 469 419 180 417 158 127 254 61
1 20 3
251 459 404
1 31 2
352 164
1 10 7
397 448 274 496 333 85 235
1 3 19
290 78 103 229 1 392 329 128 0 160 256 368 25 396 54 457 394 372 313
1 6 12
75 475 140 302 191 323 472 115 470 195 293 233
1 16 4
372 382 204 469
1 7 10
182 253 271 368 207 26 12 390 112 206
1 18 3
381 229 267
1 5 16
140 379 301 414 374 247 489 102 436 372 341 386 17 261 415 10
1 3 24
103 259 137 162 245 134 495 54 77 305 242 489 359 151 146 91 4 210 2 100 360 465 355 119
1 12 5
89 449 383 422 372
1 8 9
72 294 488 202 322 49 421 284 429
1 3 24
99 7 195 9 265 116 76 199 352 120 227 293 434 159 379 458 488 176 1 414 461 19 256 364
1 3 22
486 439 55 344 303 310 346 184 251 413 254 162 97 435 105 232 403 341 315 94 44 237
1 4 16
290 339 170 103 383 251 114 297 326 286 280 228 287 55 407 282
1 3 20
227 370 479 228 412 344 424 490 325 341 70 398 421 236 115 203 420 322 45 118
1 4 19
164 385 272 152 481 312 61 475 401 463 338 428 462 353 478 263 179 189 169
1 29 2
237 252
1 4 16
74 462 368 118 210 294 491 38 84 43 447 331 316 182 104 172
1 5 12
202 349 435 420 398 390 481 313 173 38 85 250
1 3 21
295 204 319 276 368 56 96 229 190 313 129 462 400 438 119 384 302 176 97 346 282
1 3 21
266 462 127 179 442 133 86 69 498 404 240 356 362 381 60 195 129 33 342 43 173
1 18 2
478 314
1 3 21
453 484 37 441 288 323 480 117 345 226 138 173 470 21 85 174 67 271 433 352 28
1 6 13
131 411 214 48 492 97 360 457 191 446 412 57 361
1 11 6
279 139 317 165 499 422
1 9 7
362 251 39 452 214 410 492
1 4 17
25 171 93 112 170 426 416 197 354 147 330 499 440 21 485 160 193
1 3 22
81 171 235 441 188 284 433 166 460 200 242 124 21 260 402 496 334 105 413 77 144 349
1 15 5
41 383 497 122 333
1 6 10
388 6 317 198 461 147 3 96 385 435
1 4 16
239 371 361 184 350 365 249 315 209 139 111 227 44 81 322 62
1 3 19
223 296 9 238 158 242 353 290 361 452 301 207 481 106 424 488 493 343 100
1 3 25
58 416 482 45 0 230 71 333 29 178 54 266 249 341 423 404 432 371 470 114 165 235 337 107 292
1 13 5
357 202 385 324 143
1 4 17
309 95 437 83 488 236 115 44 247 416 197 92 12 105 390 464 244
1 3 21
264 125 498 202 107 461 92 343 457 475 124 433 126 315 191 25 118 73 383 406 287
1 7 8
68 353 251 258 181 337 348 267
1 17 4
371 353 172 488
1 13 5
494 157 402 436 116
1 5 16
429 75 326 228 9 489 10 178 74 297 67 199 294 185 218 262
1 8 9
203 44 438 157 486 455 210 398 22
1 9 8
449 448 347 79 328 119 14 248
1 8 8
228 198 53 122 0 111 177 319
1 4 17
86 268 18 248 9 451 316 274 285 360 307 494 460 290 414 254 202
1 5 13
3 111 308 188 217 362 274 242 486 351 436 33 44
1 6 10
223 270 184 134 18 30 197 418 49 132
1 3 21
459 375 281 238 261 264 315 401 286 28 213 359 387 370 161 220 390 406 20 271 301
1 3 24
141 260 310 281 279 392 90 5 131 237 303 480 164 221 332 373 441 95 486 166 433 81 169 290
1 10 7
118 16 426 276 301 98 25
1 22 3
45 31 348
1 11 6
60 183 172 144 376 40
1 11 6
363 268 398 146 241 315
1 7 11
166 311 170 260 357 333 451 128 74 265 296
1 10 8
135 367 480 42 453 39 22 258
1 8 8
239 277 163 456 227 151 192 388
1 5 15
343 407 336 120 486 81 465 88 61 157 89 302 380 56 187
1 4 16
81 57 304 173 24 168 428 44 192 8 45 204 338 53 190 462
1 20 2
45 80
1 8 10
210 79 76 5 380 415 40 113 351 355
1 12 5
61 281 155 118 407
1 8 9
366 283 69 238 126 212 112 257 51
1 5 13
178 391 454 106 216 129 214 54 356 77 446 232 264
1 3 25
351 264 224 139 459 125 156 335 194 421 367 324 397 153 416 50 277 210 281 46 48 73 339 317 257
1 4 16
111 425 26 289 34 16 253 268 350 40 116 372 186 366 466 147
1 6 11
371 302 432 60 452 495 219 430 33 466 83
1 3 24
239 212 344 492 466 372 271 408 329 339 295 299 112 435 87 358 477 434 362 173 65 322 227 430
1 5 13
100 311 247 270 145 149 126 219 325 267 390 427 216
1 7 9
183 54 233 309 58 337 404 487 428
1 3 21
330 104 304 307 127 453 490 383 401 160 376 284 452 406 125 129 378 279 194 425 393
1 10 7
447 485 259 118 456 141 266
1 3 19
129 420 118 177 157 301 69 404 74 254 59 407 202 62 71 107 6 335 144
1 10 7
343 462 51 96 400 272 40
1 3 23
354 440 117 113 371 483 255 261 136 62 240 114 478 73 347 214 423 464 15 92 476 143 498
1 21 3
345 416 209
1 3 19
286 172 153 310 4 64 389 43 485 402 68 21 341 207 26 227 263 339 83
1 4 16
391 459 416 468 207 236 141 374 88 452 66 368 60 65 475 417
1 11 6
258 180 443 232 119 457
1 3 25
196 261 165 46 265 162 439 275 459 246 260 309 146 475 209 233 308 348 229 487 112 228 455 434 13
1 7 9
28 319 477 154 351 280 55 446 122
1 8 8
491 98 207 297 229 113 74 478
1 4 19
447 255 376 73 358 275 247 390 185 70 187 336 466 333 345 8 489 92 122
1 4 16
359 297 326 186 93 441 495 203 418 321 5 156 41 261 250 68
1 4 19
43 387 417 366 85 406 242 308 121 77 118 14 37 319 38 24 231 264 376
1 8 9
249 179 238 384 468 202 296 156 80
1 12 6
284 408 6 131 81 59
1 7 8
171 340 52 491 15 155 204 140
1 15 5
311 11 453 161 221
1 16 2
38 361
1 5 13
367 9 420 200 102 253 142 131 136 206 101 171 132
1 6 12
390 251 178 231 466 38 186 6 396 217 116 42
1 15 5
130 15 330 118 299
1 5 13
218 425 441 273 51 53 312 319 260 299 496 396 161
1 4 19
183 442 368 1 416 418 200 227 296 322 397 306 276 62 254 364 329 75 168
1 10 7
354 452 106 248 232 103 484
1 4 15
197 273 296 378 449 138 379 12 163 430 140 408 152 44 154
1 4 19
193 326 408 63 137 250 491 331 487 146 475 192 126 15 10 347 95 107 75
1 11 6
455 285 454 13 413 201
1 3 22
430 408 329 367 342 343 242 185 446 93 205 282 485 449 104 74 151 396 325 253 313 318
1 5 14
488 422 299 327 442 361 398 64 90 132 84 119 362 405
1 3 22
340 30 126 4 88 198 29 184 19 159 263 155 6 5 382 116 319 103 488 317 221 338
1 3 19
267 331 130 413 392 99 437 455 295 198 164 383 128 323 119 93 456 177 245
1 9 7
30 205 277 283 214 317 21
1 4 18
422 200 394 39 423 318 55 168 312 21 463 407 86 255 17 165 332 450
1 3 25
140 362 442 154 435 240 14 151 221 329 147 165 202 449 91 473 32 191 468 42 97 100 189 332 354
1 3 18
405 53 40 193 159 66 382 192 99 266 87 186 48 43 411 46 2 290
1 28 2
245 249
1 4 19
98 0 27 38 29 342 306 436 103 10 180 145 311 216 282 397 242 255 152
1 22 3
420 285 399
1 24 2
225 166
1 24 3
114 189 253
1 24 3
172 461 380
1 5 13
147 419 259 19 127 108 390 263 0 405 452 73 158
1 26 2
387 467
1 11 5
412 183 299 93 396
1 3 19
458 437 228 402 246 39 47 130 210 389 363 340 190 248 34 278 90 216 345
1 4 16
329 290 38 395 196 398 360 207 81 218 127 63 27 30 459 185
1 26 3
463 272 256
1 5 14
280 196 138 48 136 238 122 26 335 111 144 454 8 474
1 5 13
356 18 488 380 0 286 393 319 460 434 223 189 345
1 4 17
111 174 268 314 95 305 121 280 322 429 309 126 236 84 320 110 2
1 3 21
240 198 138 363 449 290 432 31 484 141 24 448 39 256 367 136 294 383 457 268 42
1 3 24
484 252 357 307 298 190 403 43 199 271 440 268 211 474 126 393 215 30 301 246 425 180 415 133
1 8 9
289 458 27 436 438 341 66 196 452
1 8 8
148 216 205 125 90 66 241 71
1 4 17
313 311 412 382 71 422 185 446 354 151 276 176 355 328 95 332 134
1 13 5
278 160 231 152 372
1 7 9
360 120 484 44 246 433 140 398 66
1 7 8
368 116 132 90 11 193 258 239
1 3 23
231 109 489 405 385 412 133 215 88 36 28 480 117 132 476 171 486 126 334 419 198 8 312
1 9 8
89 18 340 368 10 389 51 128
1 9 6
69 465 57 377 282 13
1 5 15
36 204 47 107 498 432 150 154 164 458 61 335 56 464 165
1 10 7
378 27 172 338 416 291 294
1 3 20
74 241 253 162 22 470 344 135 419 384 431 289 246 125 30 408 186 475 497 491
1 13 5
171 439 452 493 213
1 8 9
69 235 389 315 122 336 480 304 265
1 3 24
485 356 447 496 340 128 123 283 163 345 451 401 432 363 33 430 464 354 14 73 48 334 222 114
1 4 17
90 279 245 23 188 406 307 260 354 276 151 294 274 249 428 45 176
1 4 16
59 355 493 102 484 121 214 492 428 346 333 423 18 150 383 321
1 3 25
154 39 479 33 58 10 236 278 308 217 81 454 169 337 128 210 31 358 93 312 302 72 436 129 437
1 3 25
318 142 309 15 261 461 454 214 266 100 303 27 358 286 361 284 58 64 367 464 89 188 78 221 353
1 4 18
23 434 56 1 143 475 199 317 382 396 245 478 321 388 407 322 400 256
1 7 9
149 192 146 412 319 337 471 413 217
1 6 13
331 412 445 321 18 193 167 15 55 274 212 107 192
1 6 13
352 429 431 311 196 135 327 281 254 12 75 41 227
1 7 10
272 415 188 464 281 374 333 376 445 256
1 37 2
272 293
1 4 18
6 22 134 217 440 348 374 400 426 110 468 204 437 382 397 289 346 201
1 4 17
111 261 281 117 165 404 2 213 392 194 52 100 154 395 359 264 340
1 6 12
93 444 432 473 161 468 250 85 151 420 204 398
1 5 14
421 258 101 28 479 208 166 448 21 385 464 423 359 216
1 5 12
486 267 146 69 229 184 321 183 33 427 123 191
1 14 5
402 101 350 270 238
1 4 19
141 90 470 92 308 79 169 87 349 194 293 373 35 103 350 6 320 468 419
1 7 9
191 231 382 144 460 370 483 184 159
1 3 21
404 255 243 54 194 232 197 206 104 492 348 18 81 185 145 353 153 120 8 172 98
1 4 15
78 429 174 156 481 452 193 109 231 423 99 39 134 215 146
1 17 4
339 102 389 245
1 12 6
287 247 66 272 90 409
1 6 10
217 138 466 234 25 280 36 144 110 438
1 7 10
84 486 246 203 200 79 432 53 409 298
1 21 3
167 109 258
1 3 22
494 280 247 427 1 445 466 119 42 85 233 139 11 74 132 436 446 126 484 19 191 2
1 3 18
404 328 244 393 360 417 61 220 185 141 233 384 92 134 159 460 431 490
1 3 24
302 230 161 340 275 394 188 145 133 203 492 270 16 158 263 186 401 288 167 194 6 178 403 192
1 6 11
167 191 431 213 285 224 107 254 294 35 102
1 4 17
246 377 190 359 82 99 145 257 298 421 107 123 427 380 456 345 39
1 3 20
253 281 387 34 216 58 400 64 403 440 298 160 28 47 246 477 181 321 428 491
1 8 9
191 384 368 133 63 400 472 347 262
1 13 5
356 224 261 18 264
1 7 9
197 144 64 326 137 408 133 386 110
1 3 24
143 346 376 239 192 315 89 381 180 445 63 135 0 240 489 406 185 105 223 477 129 386 431 253
1 4 18
247 32 442 67 339 19 366 144 328 454 211 217 309 411 238 438 122 193
1 4 20
62 283 429 80 396 379 408 329 243 343 222 427 176 377 468 230 172 36 16 92
1 13 5
457 33 413 109 472
1 15 4
445 324 95 466
1 5 14
461 153 74 83 141 280 149 306 490 26 446 445 232 134
1 6 12
355 493 180 59 217 238 66 395 170 381 298 442
1 8 8
461 51 329 443 278 7 155 246
1 16 4
134 175 158 122
1 5 14
283 142 408 230 405 128 138 261 335 201 385 485 124 244
1 10 6
275 204 457 339 35 11
1 16 3
448 324 360
1 3 23
262 197 195 233 354 408 329 219 120 471 43 177 168 317 334 264 9 213 431 207 74 110 399
1 13 6
200 56 367 165 260 487
1 34 2
133 194
1 3 24
484 37 475 339 164 124 470 242 174 413 325 114 291 332 28 249 206 474 41 423 62 157 252 443
1 4 18
449 171 433 47 469 83 368 227 14 252 473 382 249 390 78 119 453 143
1 11 6
152 489 89 85 292 392
1 11 6
29 415 115 468 409 57
1 11 6
449 71 240 133 18 236
1 5 15
376 252 234 468 149 154 424 425 182 283 266 375 101 20 164
1 4 15
211 321 183 101 458 242 358 143 481 178 448 102 253 19 467
1 5 13
137 189 411 18 2 229 349 162 353 498 66 161 186
1 6 12
296 175 332 298 98 263 369 37 149 243 308 43
1 17 4
50 468 267 89
1 3 22
481 375 327 139 134 367 46 138 283 309 447 307 40 360 366 451 437 301 154 274 235 146
1 3 20
463 77 233 304 219 113 251 177 147 149 228 428 146 307 345 436 24 80 326 401
1 4 16
390 441 19 412 238 30 459 176 22 12 266 232 420 175 448 446
1 2 24
437 372 432 11 318 427 305 356 62 61 353 471 447 358 163 415 78 476 263 316 24 268 491 271
1 3 25
39 147 342 492 473 2 455 115 181 104 294 463 136 266 155 175 209 240 468 487 398 301 109 231 33
1 9 8
399 213 340 226 135 423 151 7
1 5 15
461 305 32 117 283 62 149 340 165 423 158 123 115 125 94
1 4 17
488 452 489 26 436 461 1 240 288 415 50 198 155 57 97 151 475
1 7 10
172 157 349 245 224 305 120 433 85 350
1 4 18
316 286 45 256 380 447 411 436 101 260 0 430 80 64 126 339 455 19
1 3 25
180 99 177 122 234 74 343 242 239 81 444 137 298 23 17 152 337 161 193 25 42 331 113 283 330
1 3 25
476 162 375 169 427 385 448 191 104 382 19 78 435 85 256 361 195 185 22 73 122 322 291 165 263
1 7 9
235 365 202 219 164 112 211 34 318
1 6 10
17 424 478 147 360 185 319 25 359 111
1 3 22
209 456 495 211 0 177 81 191 59 245 318 480 99 54 324 149 343 464 444 184 154 482
1 6 10
490 467 183 384 349 111 320 62 153 464
1 3 25
237 162 218 302 157 480 322 407 108 430 455 332 18 62 311 241 121 386 423 355 255 249 109 136 127
1 11 6
496 46 355 479 205 26
1 3 25
401 360 18 497 408 317 299 469 434 300 26 468 72 315 427 311 362 171 373 80 466 385 262 272 138
1 6 12
456 91 462 330 422 86 229 336 83 56 404 319
1 3 23
365 282 250 278 280 442 465 353 139 402 38 486 440 165 48 487 305 166 98 202 378 495 20
1 6 12
30 22 177 473 205 347 486 364 73 396 292 94
1 3 20
383 266 120 477 168 271 360 485 471 434 278 253 339 218 59 277 12 306 1 38
1 3 24
376 66 400 486 442 269 102 178 387 49 270 89 47 237 10 477 261 268 454 137 219 389 9 411
1 11 7
416 245 41 47 376 395 212
1 5 14
92 359 59 441 379 116 20 283 104 163 276 248 114 486
1 4 18
356 423 461 161 401 97 253 152 430 383 101 69 3 1 126 320 259 301
1 9 7
16 477 28 56 75 407 312
1 7 11
17 169 339 484 115 34 343 371 338 463 137
1 4 18
274 362 94 52 451 159 459 324 111 426 192 300 83 125 144 209 277 351
1 4 15
246 208 6 296 150 89 164 365 203 53 158 112 144 320 63
1 4 17
316 234 103 123 427 253 32 68 12 489 401 80 91 14 242 148 499
1 4 18
4 336 214 210 270 307 484 240 188 470 186 156 131 18 105 40 272 126
1 25 2
383 338
1 22 3
133 347 426
1 14 5
278 157 87 51 135
1 5 13
215 499 227 470 153 172 403 109 1 371 144 471 290
1 3 21
197 318 53 458 221 479 148 45 335 258 226 339 286 6 313 163 136 246 228 51 288
1 4 18
227 258 106 393 8 126 400 229 50 275 73 490 369 231 376 314 153 190
1 3 25
313 479 168 255 186 410 267 124 203 113 352 139 374 454 102 223 82 196 468 395 61 485 33 425 140
1 8 9
376 241 461 351 196 55 436 4 61
1 4 16
421 366 360 206 400 466 96 428 66 14 350 130 442 336 49 402
1 4 16
129 105 388 159 61 259 315 60 438 289 103 223 260 197 363 19
1 3 23
22 114 268 354 426 201 229 228 138 252 472 141 480 79 218 378 244 380 10 398 230 40 279
1 3 24
144 101 391 15 54 482 182 480 201 412 173 436 358 441 66 404 36 272 377 463 322 378 159 2
1 18 3
13 402 325
1 13 4
238 76 151 486
1 3 20
491 207 114 471 417 475 373 422 68 272 65 433 285 293 202 231 176 221 497 116
1 9 7
178 170 172 284 412 299 82
1 4 16
300 221 201 189 375 434 128 69 486 394 296 373 457 102 413 306
1 3 25
28 281 487 331 312 189 271 305 439 453 172 414 404 98 138 161 415 197 294 350 221 283 130 183 318
1 12 5
73 368 58 476 298
1 6 12
154 312 422 193 444 285 54 59 88 52 228 76
1 6 11
417 366 88 370 421 299 402 177 23 301 275
1 10 6
303 237 461 69 172 267
1 11 7
124 147 14 393 88 466 187
1 13 5
266 412 367 217 340
1 3 23
440 240 42 370 48 60 275 220 57 267 497 138 51 19 36 345 184 186 120 216 396 316 372
1 3 22
414 452 482 20 49 0 69 148 285 380 235 410 275 110 233 356 203 246 139 245 197 400
1 6 12
23 112 480 332 236 101 490 464 96 155 115 220
1 4 17
298 419 109 441 439 299 378 16 497 362 27 423 114 493 326 198 340
1 17 3
71 70 52
1 4 18
287 133 405 400 247 144 36 58 66 267 331 326 104 208 150 365 141 113
1 12 5
150 199 154 69 191
1 16 4
228 349 90 403
1 6 12
489 50 131 380 307 463 440 237 487 290 384 339
1 7 9
125 123 411 146 474 317 281 261 19
1 7 9
45 209 408 132 23 5 238 425 246
1 6 11
364 460 358 281 99 12 492 434 4 237 227
1 8 9
46 419 242 428 370 431 54 61 438
1 3 21
346 425 494 421 138 91 384 257 290 279 267 280 17 424 22 225 166 183 495 245 14
1 3 21
304 243 77 232 188 110 302 111 258 251 9 256 113 399 255 469 400 159 112 311 105
1 10 6
424 402 146 455 208 229
1 3 20
191 165 492 476 19 471 296 162 195 196 264 205 449 250 385 154 353 14 257 230
1 7 8
259 76 84 183 43 242 128 427
1 4 16
25 460 489 228 195 212 335 446 320 219 302 278 189 242 185 264
1 4 17
357 443 230 104 423 81 154 278 283 449 8 9 76 299 181 415 189
1 3 19
360 92 11 391 15 292 282 304 250 407 481 368 18 160 78 499 343 429 58
1 4 18
355 440 218 379 281 479 429 171 64 484 320 498 442 445 336 151 258 470
1 11 7
333 484 256 51 326 482 290
1 3 25
78 161 139 360 284 325 286 391 297 155 408 87 283 134 258 71 299 168 404 461 337 81 361 56 438
1 3 25
279 42 31 438 143 368 257 215 93 4 394 496 470 116 53 189 391 289 462 406 265 395 382 208 18
1 7 9
422 220 79 25 110 264 198 362 486
1 6 11
256 487 15 156 119 279 81 4 331 170 419
1 4 20
403 481 41 210 369 115 497 281 265 73 76 9 229 276 438 236 293 347 360 298
1 4 16
258 448 151 399 310 255 316 455 415 497 92 393 312 292 33 213
1 5 15
81 90 143 363 130 479 312 187 448 418 110 482 495 183 122
1 10 7
313 194 225 233 442 164 430
1 4 15
439 257 268 76 103 478 54 21 446 181 149 102 53 5 70
1 4 18
101 288 99 121 340 411 240 141 376 139 303 459 229 335 122 118 66 466
1 13 5
498 429 307 377 441
1 6 13
171 221 245 223 41 458 380 276 8 326 253 401 472
1 17 4
216 224 43 114
1 18 3
48 422 328
1 3 25
47 463 471 172 83 440 234 163 107 467 93 492 26 296 92 460 152 430 308 491 417 127 56 343 316
1 9 7
201 400 323 109 164 169 407
1 3 20
438 43 421 293 316 234 83 319 57 82 439 377 38 312 330 459 7 210 191 200
1 19 3
147 215 299
1 4 16
143 260 418 228 461 489 100 355 95 290 217 202 405 334 263 333
1 3 23
267 144 275 202 299 319 68 486 27 454 435 423 185 29 186 419 19 302 174 234 298 288 16
1 3 24
171 489 2 395 72 114 407 239 105 51 417 410 374 175 6 153 456 113 379 459 245 164 415 462
1 4 16
492 209 366 154 269 132 96 311 341 175 120 319 32 230 146 36
1 7 10
401 50 201 82 3 450 279 327 273 397
1 15 4
35 406 207 178
1 4 19
9 105 375 307 351 479 388 336 416 206 278 85 73 64 463 5 157 83 471
1 9 8
190 372 425 156 17 331 226 141
1 6 13
244 47 374 243 15 143 274 26 337 106 20 494 126
1 3 19
59 169 450 288 354 463 328 368 131 151 285 98 114 223 21 319 372 210 269
1 7 10
347 320 469 402 372 271 50 131 308 181
1 29 2
24 270
1 4 16
345 25 320 485 15 330 365 459 210 405 195 287 255 61 388 415
1 6 11
248 98 181 237 101 401 99 198 254 450 102
1 5 13
489 164 382 407 116 378 122 247 184 153 150 283 208
1 9 8
269 66 201 161 387 100 405 452
1 10 6
116 325 324 165 176 30
1 15 4
485 158 105 62
1 9 8
132 119 88 148 378 197 343 283
1 6 9
146 312 190 148 213 216 214 458 418
1 3 20
192 465 372 291 491 342 281 412 371 113 120 243 185 405 404 349 207 216 96 151
1 3 22
406 11 234 93 330 341 425 411 172 60 369 497 400 174 295 373 204 255 133 477 417 157
1 8 9
282 260 86 473 276 431 42 385 366
1 6 12
324 49 127 13 251 104 490 479 99 145 154 76
1 3 20
278 461 222 367 427 30 112 413 482 479 455 136 344 318 60 366 27 153 456 373
1 3 24
405 372 85 231 251 366 34 242 394 46 95 31 170 77 432 254 389 132 113 93 91 453 69 334
1 4 18
369 411 348 497 268 137 68 206 439 123 294 243 471 266 20 193 388 83
1 16 5
396 159 380 162 257
1 33 2
298 330
1 3 21
0 379 343 272 434 410 17 252 267 274 304 159 221 5 261 213 305 484 457 350 446
1 4 15
223 292 369 248 319 267 208 353 82 176 7 203 466 181 473
1 3 24
255 393 231 479 82 342 86 11 447 436 453 30 51 68 254 383 412 424 454 409 132 463 216 332
1 4 17
416 444 476 446 27 86 96 140 216 42 145 109 439 163 397 79 451
1 3 23
449 426 495 70 394 68 305 289 379 409 116 474 76 272 430 38 197 222 55 193 94 81 301
1 4 16
333 382 46 439 127 135 80 426 373 162 374 182 100 460 287 341
1 7 10
489 262 259 107 395 74 409 310 98 281
1 14 5
229 328 123 451 332
1 3 19
214 499 149 134 267 324 21 209 84 201 441 101 228 36 1 230 242 491 130
1 5 12
129 413 388 20 103 347 401 386 321 449 292 116
1 6 10
89 185 242 480 152 498 140 313 45 398
1 3 18
202 475 199 102 36 171 224 275 29 137 63 497 60 125 55 49 329 210
1 5 13
74 321 65 139 362 114 106 202 429 463 280 156 124
1 8 8
140 144 303 378 413 194 471 232
1 3 22
197 19 110 225 245 154 178 431 279 22 59 43 313 35 354 497 164 394 48 57 403 486
1 5 12
341 264 130 343 456 122 155 193 109 19 85 229
1 8 9
356 283 281 368 485 196 72 403 487
1 5 13
461 435 178 270 86 340 171 481 161 338 322 200 488
1 9 7
255 113 184 438 291 217 130
1 11 6
209 376 321 129 394 323
1 4 15
451 283 382 171 458 254 204 476 326 77 269 319 126 23 34
1 3 20
276 87 407 95 103 277 366 36 148 281 248 271 291 309 193 351 225 340 282 12
1 13 5
365 209 292 247 134
1 3 23
174 473 399 143 204 1 122 343 280 303 394 385 108 308 113 310 433 351 434 78 196 111 465
1 9 6
146 143 359 224 195 75
1 10 7
344 201 408 56 307 289 457
1 7 10
74 340 358 187 166 142 351 489 290 450
1 3 23
357 303 493 268 4 322 140 88 35 124 379 105 221 428 222 60 232 135 364 150 245 272 138
1 8 10
5 487 195 300 160 213 60 379 311 181
1 9 7
443 275 52 246 200 346 119
1 14 5
215 338 277 437 393
1 5 12
57 61 468 296 382 320 275 481 251 273 74 210
1 3 19
34 131 99 391 324 16 295 316 103 287 179 372 362 485 374 32 227 458 178
1 5 10
327 471 297 11 466 90 214 459 20 321
1 4 16
381 179 487 290 344 411 402 386 112 61 330 405 84 376 100 490
1 14 5
253 293 356 123 18
1 4 17
145 13 464 98 138 199 302 322 247 72 332 367 127 17 266 240 334
1 10 7
313 73 329 116 57 272 101
1 4 17
83 167 36 58 370 390 200 397 201 301 452 7 74 165 252 465 325
1 3 20
113 430 270 438 133 482 1 103 249 340 232 436 86 166 281 363 435 350 364 8
1 3 21
94 117 343 373 58 463 342 466 219 261 271 285 455 113 133 279 417 142 269 194 492
1 3 22
393 40 429 149 380 431 78 203 221 208 239 246 223 352 0 230 496 218 370 213 401 65
1 6 12
15 110 459 496 199 317 147 401 186 282 10 125
1 3 23
477 481 15 204 215 205 412 363 0 474 315 255 390 455 198 338 98 350 192 458 287 300 298
1 16 4
41 13 446 290
1 17 4
309 163 242 431
1 7 9
178 241 496 335 328 11 108 388 312
1 4 16
203 184 214 445 449 208 376 251 213 227 8 318 310 173 344 96
1 7 11
212 65 135 330 342 142 7 477 409 193 290
1 7 10
86 339 83 290 178 441 333 256 277 43
1 4 12
219 310 71 447 62 343 160 472 282 61 75 141
1 3 25
458 381 128 432 348 28 332 66 309 35 339 371 393 467 320 328 355 497 443 321 444 317 275 30 31
1 10 6
299 411 426 217 120 431
1 5 12
458 452 477 127 487 368 343 497 167 359 234 493
1 6 12
131 486 166 332 469 429 470 390 366 43 188 238
1 3 20
143 4 342 207 155 390 148 328 287 126 340 437 30 183 168 475 205 65 129 358
1 11 6
218 101 430 207 46 250
1 5 14
63 474 21 213 113 136 221 301 250 372 220 337 435 307
1 8 8
273 164 170 232 476 467 122 298
1 3 23
322 436 265 374 84 460 237 329 395 165 119 369 349 403 10 205 96 428 340 350 193 22 483
1 4 19
12 287 236 317 57 402 203 9 420 375 221 103 297 378 196 450 212 166 437
1 4 20
76 139 268 116 233 229 466 319 498 337 453 181 450 377 17 182 177 218 212 26
1 11 7
139 109 460 120 212 274 196
1 7 11
345 351 287 276 224 444 260 131 179 261 380
1 6 13
395 338 245 16 147 485 170 65 495 498 419 10 190
1 7 11
288 322 472 323 120 53 196 446 243 154 486
1 7 10
207 9 196 494 18 220 294 439 389 216
1 8 9
56 226 143 197 27 357 286 24 314
1 6 12
444 221 492 250 437 6 71 481 467 451 113 157
1 3 24
485 299 246 40 303 283 191 212 177 101 91 156 188 488 312 203 295 410 211 4 417 343 116 202
1 9 4
21 462 378 38
1 7 10
12 38 63 15 291 326 103 6 466 142
1 3 25
35 436 448 342 486 428 31 357 153 482 261 407 252 267 102 69 472 485 351 204 439 33 360 382 194
1 24 3
204 332 108
1 6 11
388 325 480 284 98 465 44 413 418 378 186
1 3 23
436 282 448 258 127 155 11 182 22 188 297 451 107 242 139 184 75 74 171 2 357 159 407
1 6 13
431 196 54 82 75 475 127 42 343 68 352 106 219
1 7 10
498 309 154 343 167 307 266 83 79 165
1 8 9
151 413 167 357 129 114 317 154 469
1 4 14
430 202 472 90 412 127 152 267 474 223 449 421 136 31
1 3 21
193 377 338 342 331 405 266 303 235 37 261 188 269 229 293 172 479 285 420 96 7
1 8 8
482 354 416 130 398 166 278 31
1 7 10
18 463 30 3 172 272 401 11 223 317
1 3 24
229 43 282 337 425 399 136 150 313 325 438 34 486 115 449 102 214 274 227 138 195 71 357 26
1 3 20
341 326 291 331 117 198 128 323 51 246 354 416 20 379 274 425 327 329 288 86
1 3 23
139 439 21 102 1 478 185 295 426 479 418 372 306 223 186 179 157 136 369 496 266 249 268
1 4 16
135 139 182 65 63 142 9 410 306 67 285 368 253 453 43 16
1 5 11
155 113 236 378 138 466 448 18 2 36 362
1 3 21
128 398 161 66 90 119 366 76 498 276 439 279 126 441 4 129 147 172 271 448 277
1 4 17
166 188 262 249 331 290 267 350 494 332 439 442 223 173 187 410 259
1 18 4
391 112 176 37
1 3 20
234 281 265 407 83 141 403 3 71 264 142 497 49 112 62 182 404 77 193 443
1 4 15
445 468 414 443 204 497 465 107 108 446 29 227 347 318 174
1 3 24
230 118 429 488 20 99 75 15 410 478 33 249 84 128 461 274 135 294 164 113 190 23 293 219
1 3 23
366 476 202 331 237 274 0 44 122 268 294 57 248 391 120 327 329 139 324 34 256 490 425
1 4 16
438 149 161 414 306 403 158 122 362 168 103 297 185 342 390 388
1 5 15
236 349 444 372 211 163 81 329 207 299 157 42 241 386 232
1 3 24
339 4 355 190 133 203 326 475 294 158 43 392 258 30 9 345 81 66 191 63 40 19 47 74
1 6 11
415 270 362 257 461 300 211 345 143 76 369
1 3 21
151 81 72 384 365 475 13 179 208 396 139 332 111 236 497 355 300 141 456 18 39
1 3 21
214 293 100 350 181 498 327 338 376 151 469 322 369 465 77 68 98 269 407 45 148
1 5 15
165 447 299 116 372 457 307 313 51 361 306 106 398 21 0
1 3 22
445 408 6 439 412 71 109 460 324 42 438 212 36 27 202 227 209 381 191 367 51 59
1 3 23
391 419 150 355 80 172 28 378 281 469 473 217 233 322 462 107 327 403 260 189 495 491 388
1 13 5
85 247 346 416 34
1 6 12
467 147 360 384 143 177 10 65 146 410 199 354
1 6 11
38 36 499 127 74 140 415 218 230 45 467
1 4 17
270 61 140 483 412 389 255 249 30 40 68 446 252 397 58 187 225
1 11 6
38 83 228 393 35 47
1 3 23
228 0 88 97 70 293 255 392 456 9 371 136 464 240 455 356 238 417 483 350 96 380 428
1 21 3
57 284 499
1 12 5
159 25 228 175 451
1 3 23
339 231 177 60 485 350 31 76 219 493 344 125 320 239 366 173 255 412 341 400 308 267 137
1 19 4
134 322 439 199
1 5 15
490 222 243 328 141 472 119 337 160 366 209 265 452 305 76
1 24 2
45 151
1 7 11
202 363 412 333 37 410 162 69 274 77 375
1 24 3
461 118 481
1 3 19
346 293 309 265 193 12 348 414 39 140 25 131 339 271 352 249 421 489 375
1 3 22
323 207 283 326 85 179 152 412 438 10 248 77 168 212 346 493 20 188 449 472 238 297
1 6 12
207 155 421 181 260 332 49 485 69 208 411 462
1 6 12
61 42 400 320 419 410 195 155 436 274 279 51
1 3 21
160 176 94 2 205 185 285 493 162 326 461 105 396 334 85 14 250 21 415 407 203
1 3 20
67 456 8 363 70 291 113 136 463 381 285 37 237 82 419 221 317 247 80 394
1 17 4
334 248 462 215
1 3 23
123 473 302 384 249 364 256 320 482 69 46 466 421 159 373 16 389 172 494 281 214 307 257
1 6 12
184 332 181 248 241 193 470 83 330 35 322 250
1 4 20
139 251 277 94 336 380 185 347 105 361 415 25 382 363 346 246 14 478 402 352
1 3 21
140 439 78 424 223 360 430 334 356 463 375 307 84 486 481 476 194 128 361 131 49
1 6 10
43 409 49 459 345 235 152 233 1 29
1 10 3
250 450 346
1 7 10
459 404 412 110 3 150 122 63 373 217
1 6 10
490 143 268 89 135 192 116 152 476 295
1 14 4
424 6 175 484
1 11 6
47 387 133 471 441 316
1 5 14
329 242 476 163 450 134 276 91 455 427 281 346 67 357
1 7 10
55 365 441 270 374 195 315 427 221 453
1 22 3
39 345 351
1 3 19
161 341 58 468 402 493 140 210 75 295 167 412 111 81 54 257 456 44 137
1 5 15
461 354 489 320 162 389 236 249 93 448 139 171 88 398 437
1 7 10
107 65 50 2 467 12 148 269 29 200
1 9 5
419 127 211 486 17
1 5 13
225 87 429 14 319 59 479 410 237 145 425 275 51
1 7 9
68 275 293 205 34 302 114 170 151
1 4 17
207 19 219 194 361 482 6 415 141 374 98 342 42 241 273 101 366
1 12 5
265 120 175 482 297
1 14 5
488 192 463 362 60
1 10 6
266 405 494 314 496 427
1 4 16
184 357 337 126 125 3 227 174 149 386 370 219 208 328 272 197
1 6 13
98 106 32 359 277 426 422 330 296 217 420 430 178
1 3 20
270 487 425 58 451 283 361 96 355 111 265 157 268 2 233 328 123 57 463 277
1 3 21
189 129 227 285 394 372 152 425 407 40 490 178 287 249 483 207 70 281 268 56 54
1 18 3
90 377 406
1 4 16
65 275 43 345 411 114 356 103 258 352 26 265 0 190 227 451
1 5 13
288 316 334 264 148 488 153 133 135 188 273 185 485
1 4 17
120 454 318 101 173 267 133 457 15 239 235 218 100 401 6 103 303
1 5 15
73 12 476 322 492 214 188 411 18 441 48 493 338 189 226
1 7 10
114 96 366 341 109 340 169 130 221 248
1 3 20
209 450 149 109 358 68 36 197 54 317 291 204 25 216 406 355 9 405 128 105
1 6 12
245 278 281 6 452 88 269 219 96 326 159 148
1 8 9
266 319 496 1 452 441 456 408 322
1 5 15
479 438 90 48 472 301 146 67 195 284 483 200 248 269 11
1 5 15
292 493 134 136 362 124 7 111 299 181 52 237 87 94 88
1 3 24
378 443 286 60 389 476 6 125 318 61 276 83 184 47 151 473 134 287 394 490 11 406 168 470
1 5 16
406 199 330 275 73 385 174 251 424 125 212 130 289 356 5 10
1 10 7
445 15 293 377 151 81 232
1 12 5
131 320 432 292 443
1 3 25
356 140 318 226 429 310 414 433 87 359 97 158 396 174 48 105 224 338 4 161 435 29 107 243 385
1 5 14
297 291 368 217 174 152 385 381 138 318 403 352 31 248
1 14 5
479 278 293 467 273
1 13 5
15 271 119 302 17
1 4 15
376 427 345 398 78 447 122 393 5 178 21 117 210 57 215
1 10 7
195 290 59 177 232 478 104
1 7 11
336 333 422 125 255 206 388 465 482 94 293
1 10 7
131 438 395 303 212 337 197
1 8 9
352 191 295 366 439 385 102 144 57
1 5 14
68 114 51 90 395 499 450 408 36 113 400 4 485 328
1 4 17
91 493 87 425 240 5 76 167 120 385 137 125 11 24 299 54 227
1 4 18
204 49 251 497 448 163 152 252 141 367 392 120 4 61 230 59 306 69
1 4 18
142 442 365 338 73 300 54 292 411 271 466 197 167 351 3 169 81 134
1 3 25
385 182 411 412 24 249 220 67 362 270 27 130 144 327 54 86 143 428 470 406 138 235 453 294 276
1 10 6
52 335 457 189 157 146
1 3 19
496 89 99 102 231 268 261 419 334 438 320 227 449 253 428 181 273 129 111
1 3 20
444 153 57 23 408 167 143 68 387 403 22 281 319 193 348 199 71 473 425 80
1 3 19
472 94 402 148 228 469 290 240 98 365 130 394 396 499 457 16 299 3 406
1 3 24
372 453 354 437 311 428 189 333 421 32 226 237 133 113 107 283 317 69 37 33 131 267 345 53
1 4 18
41 45 85 462 28 419 38 398 219 211 15 70 334 145 273 289 122 417
1 8 9
131 86 451 145 317 88 306 253 125
1 12 5
473 72 310 441 159
1 8 8
250 108 228 399 30 132 14 29
1 13 3
457 12 134
1 10 6
369 370 137 199 123 17
1 3 24
382 185 166 377 147 188 108 405 243 277 150 242 388 464 98 442 412 285 428 493 337 95 64 8
1 3 20
458 37 82 308 418 54 80 221 209 111 350 406 119 79 51 491 245 419 228 435
1 9 7
241 227 151 96 240 161 387
1 4 15
70 390 211 223 401 68 303 225 464 417 471 298 8 0 304
1 10 7
147 156 331 108 169 7 265
1 9 5
173 276 257 462 61
1 6 10
369 386 365 346 496 54 105 1 228 72
1 6 11
369 35 308 455 249 229 172 412 183 14 488
1 35 2
311 440
1 3 20
390 49 485 441 54 195 417 21 44 437 231 377 201 498 230 317 350 137 375 330
1 24 2
415 120
1 10 6
98 151 58 472 202 443
1 8 9
282 4 381 496 443 22 313 28 125
1 4 18
339 497 470 491 185 380 1 227 152 24 397 270 426 228 18 259 326 0
1 15 3
166 320 68
1 7 11
83 367 97 353 308 368 183 145 219 380 33
1 7 10
440 488 401 232 155 168 297 135 228 194
1 2 25
132 90 387 404 457 366 329 86 185 287 234 26 122 470 113 65 7 264 272 456 482 204 34 188 44
1 3 20
458 94 368 496 299 181 244 117 298 203 323 75 69 0 84 229 308 5 316 70
1 2 25
131 476 82 475 83 19 354 85 447 391 224 21 497 486 29 20 177 208 44 150 416 126 205 96 444
1 15 5
154 427 332 218 8
1 4 16
66 110 386 281 81 307 451 136 21 368 358 425 363 270 215 469
1 12 6
361 261 56 422 66 491
1 15 4
259 421 398 107
1 3 24
236 19 451 106 397 498 286 235 209 98 241 227 162 314 29 11 478 382 311 67 427 95 409 479
1 3 25
288 70 72 232 385 35 366 316 78 6 51 217 187 296 120 52 330 282 401 383 69 57 384 305 423
1 6 12
15 386 391 390 121 471 351 322 252 419 13 480
1 8 9
288 279 84 265 101 43 311 212 274
1 15 5
29 376 475 296 63
1 5 14
253 332 260 405 122 187 289 172 199 206 175 223 328 43
1 7 9
189 106 237 486 303 310 15 374 406
1 4 16
390 339 305 225 240 117 77 14 153 137 358 462 441 384 311 480
1 4 17
292 359 0 473 404 355 393 135 322 301 29 490 353 133 433 415 313
1 3 25
57 59 126 343 159 385 322 465 430 252 171 12 168 87 54 262 415 27 20 473 400 229 256 72 273
1 8 10
79 410 325 371 116 437 380 229 340 179
1 7 11
19 439 79 146 46 93 56 154 343 372 99
1 6 13
442 317 43 301 390 495 321 51 50 238 252 172 216
1 2 25
280 266 374 294 15 131 201 372 496 383 105 420 71 16 347 75 108 241 221 293 29 231 416 203 263
1 5 14
47 8 350 148 491 144 5 31 309 453 55 328 298 229
1 9 6
81 358 308 110 150 29
1 10 7
351 368 142 436 124 421 66
1 9 8
296 355 308 457 45 439 310 248
1 3 21
418 91 424 209 311 52 111 493 397 494 104 399 133 57 277 134 230 267 49 178 71
1 10 6
295 421 390 123 71 32
1 3 23
82 160 126 255 61 131 291 44 415 408 315 468 194 32 144 471 13 250 290 499 181 309 89
1 8 10
70 385 210 435 182 79 284 349 304 208
1 3 19
167 264 201 441 229 222 259 225 393 415 388 411 62 474 440 255 328 203 38
1 5 15
34 354 350 163 50 419 20 270 120 362 96 64 35 295 467
1 3 22
328 186 64 413 42 300 409 106 257 147 461 138 267 116 293 327 426 63 90 189 145 269
1 4 19
202 422 56 252 129 146 149 107 396 173 297 459 47 361 312 39 387 417 317
1 5 14
185 204 305 76 128 233 421 482 164 383 293 414 277 395
1 7 7
195 25 297 245 126 89 116
1 3 22
88 442 129 15 195 347 360 64 434 327 375 249 452 218 304 369 413 453 146 355 183 431
1 5 12
99 173 301 34 444 219 238 19 293 61 210 130
1 6 12
340 212 236 45 497 458 483 495 276 478 42 433
1 7 8
364 292 159 427 257 54 116 481
1 8 8
151 108 386 367 299 408 43 170
1 5 15
278 122 5 216 80 40 226 10 495 30 263 68 320 6 159
1 3 25
33 319 415 362 133 147 22 148 439 303 168 185 289 91 277 99 317 352 233 199 355 107 393 336 89
1 5 15
373 268 362 147 229 432 81 331 22 295 55 252 449 333 173
1 6 13
483 217 61 80 1 37 151 82 320 398 104 375 79
1 8 9
211 458 2 354 371 333 29 467 305
1 3 22
466 4 195 87 450 138 404 22 30 331 279 185 225 142 344 191 474 233 334 496 131 317
1 14 5
85 448 423 4 260
1 5 13
295 317 320 162 126 345 288 14 238 6 33 251 28
1 3 20
11 454 231 135 311 9 486 385 363 251 325 356 375 44 354 262 455 372 408 278
1 5 15
351 276 307 312 176 252 458 54 297 16 200 470 493 119 168
1 10 6
390 388 383 292 108 35
1 3 24
180 86 310 278 41 338 177 296 465 295 496 265 213 485 308 166 337 447 85 71 400 375 5 260
1 4 17
401 193 275 376 198 345 53 273 481 425 150 185 285 209 130 241 168
1 32 2
24 366
1 5 14
453 410 284 144 90 154 253 213 407 309 58 189 71 26
1 19 3
441 68 35
1 8 9
350 409 171 184 266 11 459 199 98
1 18 2
430 96
1 6 12
430 403 416 405 10 370 255 486 94 48 325 116
1 6 12
50 239 67 155 497 221 191 95 178 477 30 447
1 3 21
402 79 126 276 325 451 74 121 389 362 476 179 398 229 331 24 272 65 139 482 265
1 7 10
274 488 467 272 9 254 489 236 292 75
1 5 12
228 451 64 93 45 263 371 493 402 386 239 401
1 7 10
429 204 424 291 78 449 313 92 344 118
1 10 7
158 432 394 115 73 201 423
1 3 18
486 494 481 254 298 62 83 266 75 360 341 120 274 357 491 6 391 216
1 9 8
188 337 232 382 130 247 209 42
1 10 7
390 54 197 331 306 424 189
1 9 7
416 95 250 486 275 96 109
1 7 9
13 336 216 341 69 316 401 109 209
1 8 10
305 241 443 426 243 319 375 324 272 468
1 7 11
356 15 350 271 479 473 188 134 439 499 237
1 4 19
27 200 40 191 95 425 302 167 213 434 347 357 244 136 31 281 206 453 340
1 5 16
68 110 212 260 138 119 288 116 474 241 366 454 19 306 160 202
1 5 13
481 47 19 49 308 491 248 309 461 370 83 223 389
1 5 13
219 154 433 100 61 289 82 236 80 4 218 74 334
1 5 15
165 465 498 196 233 1 436 313 241 280 270 350 354 24 159
1 24 3
179 96 33
1 6 11
447 67 26 498 292 396 208 161 159 433 217
1 3 25
381 421 216 330 490 108 236 53 351 287 366 431 52 199 188 391 197 426 354 229 494 425 58 264 467
1 2 25
222 193 177 401 151 32 459 13 451 224 34 207 467 75 321 167 278 24 367 155 396 96 497 109 373
1 5 13
188 384 15 426 28 396 364 352 204 369 223 418 456
1 4 17
493 43 277 491 488 441 367 336 182 178 113 370 213 206 431 252 75
1 20 3
460 297 142
1 6 10
198 487 387 113 314 467 461 65 267 130
1 4 16
1 301 332 3 133 278 176 165 295 401 33 241 440 37 356 62
1 13 4
349 455 259 153
1 3 23
91 152 401 251 16 203 356 94 199 373 474 397 247 295 221 67 194 417 357 250 300 160 332
1 8 8
187 261 417 384 251 231 43 496
1 9 6
182 83 123 352 305 140
1 5 13
286 316 355 439 445 491 142 64 65 78 15 105 215
1 9 7
410 420 367 363 481 202 301
1 6 13
139 85 213 343 499 356 320 462 450 344 350 453 58
1 5 13
231 200 69 215 97 25 487 99 121 273 391 321 406
1 4 18
62 299 374 96 371 33 72 406 123 188 13 322 224 50 118 382 141 116
1 5 12
318 444 348 340 323 160 451 78 416 406 426 399
1 3 19
433 443 254 402 469 265 73 385 16 126 436 273 23 393 310 119 44 295 347
1 6 12
192 289 466 467 91 471 146 78 468 121 325 464
1 4 17
437 266 72 242 413 430 0 77 105 98 276 256 396 155 311 142 148
1 4 17
309 338 391 14 484 172 126 79 166 239 448 346 494 38 429 204 245
1 3 23
164 149 202 371 28 331 458 389 176 172 294 204 229 334 186 469 61 302 396 18 29 232 183
1 7 11
321 55 56 315 262 474 78 346 345 482 105
1 3 25
202 386 492 285 488 59 318 442 49 15 1 460 37 428 260 62 165 13 107 466 69 304 393 437 88
1 15 4
457 12 283 243
1 12 4
273 170 35 218
1 3 24
223 212 408 73 215 349 45 138 347 458 251 124 400 457 374 48 197 340 413 339 490 287 304 160
1 6 12
176 439 126 38 171 406 433 277 481 403 34 273
1 22 3
451 298 389
1 5 14
395 42 170 74 6 323 352 131 462 64 245 428 126 223
1 3 24
38 433 349 195 466 268 378 55 144 71 1 118 322 408 257 244 226 108 385 190 451 420 465 315
1 4 17
308 214 122 364 76 370 337 276 451 419 79 27 391 284 6 363 151
1 5 14
301 246 425 486 179 431 278 386 378 394 267 32 176 439
1 10 7
432 496 44 59 348 157 217
1 13 5
254 463 227 69 276
1 16 5
88 114 445 10 170
1 3 20
385 125 155 234 481 23 17 459 39 353 198 314 127 10 118 230 140 254 367 109
1 4 16
199 405 294 216 20 358 180 359 224 280 402 246 141 136 6 426
1 12 6
98 459 43 331 74 27
1 3 23
497 411 269 44 374 193 413 455 256 359 22 356 383 36 172 494 339 474 236 282 186 110 14
1 5 13
352 13 302 207 291 211 482 223 28 456 296 105 430
1 10 7
163 322 289 84 313 211 213
1 4 19
273 437 76 236 209 407 170 412 372 292 280 337 94 404 269 256 343 429 185
1 7 10
262 165 467 431 36 350 67 174 410 438
1 7 10
107 462 153 297 88 366 241 491 391 472
1 3 24
122 435 151 263 82 194 419 452 481 376 332 393 21 227 271 168 485 92 350 132 200 430 83 312
1 27 2
19 103
1 3 25
126 196 5 11 432 362 110 137 431 71 377 76 37 0 475 319 28 483 183 79 209 18 151 291 446
1 3 25
220 135 316 101 387 468 424 5 189 170 99 58 428 92 263 209 443 451 279 465 401 260 192 474 440
1 13 4
345 190 238 123
1 7 10
99 82 14 8 287 272 331 114 329 209
1 3 21
132 87 18 152 260 451 280 279 404 248 145 355 98 349 318 163 433 303 90 365 377
1 5 12
352 184 231 87 225 205 93 438 31 258 387 247
1 7 9
313 95 80 248 240 472 359 182 18
1 9 8
205 11 369 373 19 257 296 431
1 3 23
457 386 274 77 161 283 2 393 364 319 245 203 3 320 415 445 32 380 8 152 491 165 494
1 4 16
468 63 206 366 414 471 425 340 372 87 324 364 94 280 117 371
1 5 13
235 176 174 172 66 335 168 188 434 117 271 416 173
1 8 8
183 387 214 432 293 43 140 6
1 4 16
443 212 180 452 206 135 482 287 341 462 57 497 130 387 464 38
1 4 16
464 145 481 219 183 336 178 319 400 108 36 8 26 79 123 314
1 15 5
31 424 18 42 102
1 3 21
179 443 266 173 451 288 144 341 456 428 420 162 458 160 494 195 271 299 67 146 225
1 7 10
165 47 245 410 489 475 195 368 313 172
1 4 18
355 352 115 159 350 491 24 182 32 478 346 153 447 214 145 275 108 405
1 5 12
403 404 40 325 163 452 160 231 45 278 447 182
1 4 19
97 33 170 467 298 82 458 232 474 468 496 171 164 58 153 104 486 173 330
1 3 23
180 281 99 300 466 465 316 360 317 168 282 273 16 131 58 19 275 387 345 75 250 330 252
1 3 25
31 46 164 219 482 384 420 91 312 407 262 221 8 451 226 209 50 302 200 403 82 459 253 337 270
1 5 12
318 120 251 346 258 138 230 169 17 11 129 325
1 2 25
11 183 213 2 294 38 151 495 175 475 157 36 316 182 239 458 176 363 53 375 424 323 158 275 381
1 7 11
347 194 0 213 118 122 1 260 343 493 85
1 4 19
195 337 250 212 144 486 303 429 17 388 104 333 159 156 306 189 196 420 295
1 4 17
381 7 17 66 213 413 28 351 267 196 308 49 48 488 179 331 158
1 3 19
287 416 160 220 310 403 223 99 399 272 113 105 355 102 286 187 137 100 254
1 14 4
19 271 214 213
1 4 16
15 480 149 121 92 175 55 457 484 166 4 280 197 302 476 227
1 4 18
297 61 104 318 379 206 372 235 181 317 184 296 244 397 224 402 110 71
1 6 12
373 344 319 243 135 438 94 57 401 86 274 113
1 4 18
98 89 43 134 130 306 8 139 80 472 203 135 151 343 155 305 173 133
1 6 11
393 306 12 205 210 318 100 331 382 17 264
1 4 17
342 46 257 279 439 25 212 345 273 272 477 186 434 383 29 179 405
1 20 3
253 126 242
1 4 15
51 292 226 133 7 264 421 111 125 143 475 14 247 422 64
1 5 14
120 318 50 137 482 191 234 345 420 100 309 425 329 358
1 3 22
425 487 152 411 132 286 107 383 479 167 390 159 194 474 127 362 173 347 429 348 21 165
1 4 18
154 204 26 201 163 351 270 430 326 130 416 150 383 397 253 310 208 20
1 5 11
274 302 443 71 145 329 340 497 430 482 36
1 4 17
261 196 122 400 360 424 380 260 205 342 464 458 375 175 248 96 362
1 7 11
170 37 330 258 434 50 192 255 246 158 475
1 23 3
179 399 469
1 5 16
256 58 379 496 117 289 484 98 404 310 231 447 96 97 237 316
1 3 19
309 437 223 229 460 257 395 385 151 468 438 187 321 116 350 130 86 232 141
1 7 9
26 462 204 32 194 40 336 24 369
1 5 12
306 483 105 369 146 361 458 58 363 203 492 318
1 5 14
275 125 292 238 270 179 446 343 371 250 211 357 464 170
1 4 18
107 296 335 47 87 393 357 230 297 62 212 109 135 244 235 392 186 425
1 3 24
200 262 438 269 405 194 116 38 193 223 311 191 114 487 497 389 178 202 352 432 254 224 139 33
1 3 19
165 343 32 460 66 12 394 404 102 159 455 481 308 9 486 204 148 249 269
1 9 7
138 160 272 456 297 446 422
1 4 15
69 406 221 216 445 352 64 157 38 476 419 194 449 401 369
1 4 18
45 422 473 342 119 476 441 95 129 102 150 116 68 207 345 321 241 134
1 3 20
274 483 98 132 253 349 363 101 415 311 131 459 201 19 405 302 293 292 208 71
1 7 9
335 42 237 286 13 213 139 476 89
1 4 17
5 211 183 344 325 263 274 71 153 319 227 9 442 1 306 109 425
1 5 16
284 103 286 459 448 158 53 251 170 328 356 303 129 355 442 378
1 5 12
71 136 318 264 119 409 362 303 129 464 180 346
1 4 19
404 53 230 50 72 286 344 460 459 22 435 12 497 250 216 210 70 445 289
1 3 25
263 172 166 158 50 257 159 426 171 350 196 244 4 107 67 210 456 478 164 416 482 2 380 35 20
1 4 19
38 475 288 313 376 197 423 418 381 228 148 438 350 421 233 81 58 352 123
1 3 20
193 462 179 55 67 171 486 320 18 286 314 183 65 347 287 282 267 47 198 143
1 3 22
379 248 371 314 305 315 219 161 253 276 307 304 116 497 436 329 12 370 419 99 41 108
1 11 6
457 483 70 476 67 385
1 4 19
192 128 185 466 27 166 267 161 118 116 5 146 62 129 49 252 325 200 25
1 6 12
338 266 425 457 52 306 374 40 427 153 498 431
1 13 5
51 263 269 301 33
1 9 8
494 316 222 311 27 238 34 186
1 6 13
297 455 453 56 143 187 63 188 429 34 366 285 190
1 7 10
255 242 446 495 205 228 291 150 293 91
1 6 12
329 138 114 208 389 340 271 447 215 95 101 491
1 5 15
191 243 473 213 26 274 306 1 40 165 192 167 268 209 79
1 3 23
356 332 215 141 362 361 371 311 134 272 81 338 477 108 139 447 122 378 442 403 220 228 394
1 22 2
267 224
1 6 11
443 410 274 279 145 106 197 497 371 2 57
1 3 20
146 185 257 9 462 33 224 252 314 74 442 153 435 420 198 293 417 269 438 8
1 3 23
394 42 255 32 225 378 106 142 351 118 449 299 158 79 208 97 162 488 107 81 342 264 380
1 12 5
31 341 26 60 195
1 3 18
236 421 441 65 455 96 169 67 372 28 164 320 211 131 356 452 184 77
1 5 14
217 71 168 34 361 143 408 51 48 167 499 124 478 23
1 3 23
384 452 441 53 393 381 108 87 163 60 0 279 92 50 81 62 107 64 185 91 455 277 414
1 3 25
487 385 158 148 15 462 132 248 177 209 400 102 380 187 267 185 116 398 362 123 436 282 251 488 424
1 11 6
145 230 375 189 487 266
1 4 19
29 275 257 324 409 125 169 326 137 153 491 304 272 232 412 214 335 461 328
1 9 6
276 314 382 193 474 476
1 5 15
417 467 130 499 446 203 463 214 231 375 95 219 104 17 224
1 3 25
191 474 173 300 368 189 453 23 316 438 0 157 484 417 170 248 432 303 112 156 103 30 232 296 56
1 21 3
287 499 117
1 8 10
332 499 222 91 126 20 151 464 97 179
1 8 9
127 446 220 258 38 117 262 393 111
1 5 14
208 41 321 416 468 210 462 252 224 66 273 308 284 356
1 3 25
195 436 421 266 66 166 218 57 39 430 441 30 476 378 216 53 460 92 259 197 18 6 194 181 88
1 6 12
143 411 389 239 345 174 273 217 320 421 149 487
1 3 23
94 40 393 181 119 271 386 101 325 284 494 268 122 216 450 70 189 407 117 349 379 55 133
1 8 9
380 127 289 101 456 482 9 290 135
1 4 16
351 219 482 12 290 325 466 221 48 474 156 46 4 465 491 371
1 6 10
373 142 139 132 270 417 85 189 39 217
1 23 2
182 224
1 11 6
186 45 280 262 374 294
1 4 16
413 400 362 180 358 159 295 17 235 395 5 226 189 57 155 225
1 19 4
123 304 162 78
1 29 2
95 420
1 3 24
346 332 390 114 142 351 221 240 98 494 150 407 169 315 4 204 294 323 61 232 347 241 171 235
1 11 6
396 164 252 87 412 192
1 5 16
212 296 55 255 236 470 341 286 263 260 192 452 446 151 5 372
1 4 14
181 469 452 477 261 85 152 377 459 217 291 425 125 321
1 11 5
473 491 106 199 242
1 5 14
377 95 359 407 106 273 420 111 29 465 380 135 415 78
1 5 14
443 245 84 453 100 171 86 47 71 62 33 79 31 182
1 19 4
311 455 125 119
1 5 14
376 170 189 134 448 135 215 185 497 309 263 104 334 385
1 4 18
146 382 211 28 53 230 381 455 435 475 391 472 113 187 473 389 80 484
1 14 5
361 441 414 161 188
1 4 19
163 226 482 442 63 357 44 246 363 159 158 323 283 93 167 91 409 136 345
1 6 11
19 222 155 60 203 408 32 479 393 372 466
1 4 17
454 361 473 185 395 375 30 210 79 107 71 474 418 143 273 456 164
1 6 11
388 441 34 337 433 222 277 15 74 381 247
1 6 12
79 131 146 479 375 306 492 147 47 249 111 445
1 3 23
426 427 344 188 437 493 8 369 229 114 273 105 317 298 75 283 332 276 18 288 399 104 329
1 4 16
314 279 281 339 1 200 100 394 397 357 276 228 22 158 346 57
1 3 21
385 287 301 63 363 436 415 318 311 81 47 36 256 128 276 285 162 12 156 45 28
1 5 15
186 56 238 124 35 418 439 207 276 65 371 295 162 16 352
1 3 25
340 169 221 397 53 315 134 362 378 258 462 138 68 383 405 303 222 376 487 120 447 91 18 352 207
1 5 16
104 110 254 46 376 187 212 217 282 447 146 130 314 241 200 168
1 7 10
367 121 33 310 82 231 107 350 154 263
1 2 24
353 246 459 127 123 414 129 3 298 275 0 277 437 313 386 399 478 175 7 374 366 26 319 126
1 5 14
26 18 356 399 311 303 207 438 266 346 328 127 417 373
1 6 12
370 377 312 387 321 390 453 216 10 380 139 76
1 5 15
270 53 398 88 251 93 454 24 349 140 178 238 120 114 319
1 11 7
106 364 126 454 294 42 219
1 4 18
226 213 151 54 372 389 11 161 461 145 147 15 334 251 472 86 178 445
1 5 16
248 56 84 330 140 162 73 0 139 297 434 391 319 20 89 499
1 3 20
190 68 213 256 233 345 130 425 449 103 16 214 105 393 124 184 328 448 132 369
1 5 14
98 4 62 23 160 205 309 137 408 26 331 250 178 80
1 17 4
8 285 166 217
1 11 3
294 392 57
1 3 22
299 463 28 357 175 234 137 448 79 140 476 48 187 183 107 257 437 493 69 494 201 163
1 18 3
476 423 488
1 3 24
230 85 65 477 308 239 260 56 328 250 486 9 69 224 309 237 68 77 198 292 30 273 329 98
1 7 9
55 398 324 193 419 181 257 26 463
1 14 5
258 220 90 445 347
1 6 12
383 210 34 200 233 496 311 492 399 415 266 180
1 3 22
476 232 219 272 352 167 32 178 149 143 409 290 225 338 457 379 348 326 494 101 223 233
1 4 16
15 481 87 325 330 132 39 142 463 286 127 221 492 135 140 334
1 3 21
42 268 272 493 440 389 306 351 45 271 324 290 388 30 432 211 226 23 345 340 260
1 4 16
200 42 278 51 327 147 467 241 157 16 59 372 351 482 299 445
1 3 21
431 105 149 72 138 205 229 408 311 368 19 330 16 61 8 178 414 241 386 9 257
1 6 12
36 369 400 385 205 262 228 497 461 442 100 419
1 9 8
389 277 326 445 236 1 457 80
1 6 11
269 176 15 292 378 329 185 432 437 422 41
1 3 23
251 22 446 8 382 248 11 408 266 177 70 497 411 293 148 46 86 75 146 307 223 429 498
1 5 12
319 258 271 281 136 467 342 482 111 400 307 223
1 9 8
178 273 438 186 88 110 449 411
1 19 4
126 152 42 256
1 16 4
428 57 240 199
1 5 15
471 104 39 488 274 404 185 435 126 497 346 140 214 204 402
1 3 23
304 213 498 201 352 145 307 276 63 155 157 487 135 10 377 428 300 124 112 14 445 52 403
1 4 19
407 317 264 404 455 445 140 370 457 458 329 302 142 240 260 35 468 476 162
1 8 9
168 160 213 58 228 249 492 79 135
1 19 3
247 299 498
1 10 7
133 208 368 281 331 250 289
1 9 8
274 328 403 110 167 26 120 272
1 3 20
350 139 391 259 155 64 380 370 175 191 377 205 296 444 361 194 498 12 439 293
1 3 22
0 264 212 153 117 437 263 32 357 397 163 341 52 72 348 58 103 353 109 485 423 70
1 13 6
390 332 262 417 218 11
1 9 8
54 49 112 352 196 136 227 375
1 10 7
416 260 325 467 101 454 382
1 3 23
163 244 349 366 314 336 75 414 257 442 332 436 251 239 483 47 72 313 372 480 309 359 62
1 13 5
78 236 138 97 136
1 3 24
255 142 390 184 444 137 288 81 439 292 21 345 451 95 388 94 121 168 474 219 221 172 469 129
1 5 15
216 261 388 351 174 435 22 6 108 198 140 256 24 62 486
1 17 4
138 33 17 413
1 15 2
458 127
1 6 11
374 174 60 480 496 84 393 348 182 356 179
1 10 7
95 382 19 104 87 405 408
1 5 14
133 262 324 458 204 229 299 28 72 408 35 469 104 115
1 4 20
74 334 178 91 356 246 161 20 397 363 475 380 94 340 318 262 331 373 225 117
1 6 11
482 367 65 447 100 437 299 419 492 207 24
1 3 23
251 150 341 244 43 348 34 485 145 235 401 50 440 126 246 179 54 264 463 139 330 223 387
1 7 10
379 105 492 386 469 399 29 236 24 34
1 15 4
381 319 471 199
1 3 21
234 344 341 136 241 180 61 460 22 471 102 437 321 83 36 27 391 231 57 63 375
1 16 3
400 137 86
1 2 24
30 409 395 274 96 76 14 472 452 427 357 283 231 163 16 467 210 344 239 399 314 327 180 216
1 19 3
402 273 417
1 3 22
126 198 367 456 298 465 74 382 452 492 99 56 409 303 151 313 147 235 437 297 95 18
1 3 25
405 284 364 50 224 343 374 90 139 380 368 155 273 14 333 458 427 297 214 243 455 254 9 321 239
1 3 25
440 34 480 139 492 399 450 153 234 47 426 330 354 396 493 445 207 406 242 133 149 259 322 80 151
1 12 5
305 373 280 138 474
1 4 18
47 230 190 270 279 174 450 2 466 482 188 396 262 70 40 144 260 409
1 4 17
365 209 440 118 381 356 59 448 288 49 16 13 368 99 274 134 341
1 3 21
121 244 233 226 219 248 177 341 117 463 241 459 72 44 278 46 98 339 415 404 398
1 7 9
57 165 193 467 340 444 220 15 59
1 11 7
353 332 249 310 62 119 230
1 7 11
213 322 355 253 321 220 368 90 10 194 224
1 4 15
495 314 209 80 107 5 203 432 465 353 213 447 67 175 102
1 6 11
305 333 187 241 299 192 211 356 466 148 255
1 14 5
41 233 171 220 205
1 5 15
349 226 151 396 452 150 445 383 394 13 208 404 294 217 83
1 6 11
152 197 85 253 330 259 99 80 395 425 303
1 5 15
310 397 194 430 94 210 336 148 239 9 122 359 273 281 36
1 6 10
274 193 428 131 264 361 201 222 258 47
1 11 7
225 383 252 256 305 228 196
1 8 7
487 454 54 396 287 52 324
1 8 8
414 83 471 171 356 86 151 283
1 5 14
272 293 331 238 193 341 266 106 175 101 124 94 337 487
1 7 10
17 94 342 36 443 186 481 195 177 469
1 4 18
207 262 20 132 333 286 259 390 67 8 151 176 358 257 133 352 183 11
1 3 23
105 259 273 27 238 247 406 414 353 345 258 470 271 298 109 170 89 251 249 56 111 486 201
1 22 3
220 446 380
1 9 8
33 131 82 451 94 274 15 113
1 3 23
188 239 158 226 485 301 185 183 263 381 113 19 342 117 292 195 227 285 312 369 225 307 404
1 3 23
357 68 352 129 395 74 288 349 327 297 138 65 34 45 355 33 419 489 146 407 493 296 382
1 10 8
38 203 336 135 249 165 272 79
1 3 23
2 352 132 284 401 333 171 128 105 348 491 109 312 323 364 368 152 83 480 244 265 280 40
1 3 18
346 25 433 367 222 368 47 457 95 192 155 474 493 305 236 404 264 98
1 5 13
233 169 388 63 447 466 133 484 431 189 491 413 286
1 3 24
188 164 143 378 386 69 310 93 382 116 244 22 249 479 473 261 115 363 273 64 49 163 132 256
1 3 22
21 384 483 350 241 35 235 286 174 491 2 198 20 452 375 449 326 313 185 439 85 299
1 8 9
66 119 139 381 275 439 180 148 219
1 11 6
220 308 331 281 120 478
1 5 16
429 146 272 481 383 322 384 239 306 378 188 212 68 47 318 232
1 4 17
199 485 119 380 277 174 25 474 292 22 150 110 304 296 101 427 413
1 4 16
375 357 154 100 233 388 433 436 149 228 18 11 73 446 434 286
1 11 6
318 237 310 16 389 356
1 12 6
497 135 458 237 354 249
1 9 8
451 146 126 112 35 492 193 58
1 27 2
296 158
1 3 19
220 413 298 477 425 77 198 326 229 437 161 294 430 404 47 327 446 285 476
1 3 24
381 71 215 350 209 385 43 108 300 355 213 382 247 236 53 47 358 296 372 23 137 287 268 319
1 2 24
245 133 116 151 197 210 49 192 422 241 465 374 155 315 274 206 285 354 306 450 108 460 147 390
1 3 25
148 435 489 313 118 382 43 432 246 168 191 33 336 488 181 431 23 394 355 265 383 398 460 438 282
1 5 16
238 24 285 234 380 377 302 291 187 258 42 218 463 368 251 453
1 16 5
284 206 148 52 162
1 14 5
3 265 94 29 102
1 9 8
63 470 379 46 499 218 374 401
1 4 15
203 226 293 360 374 328 385 44 177 122 92 318 209 336 398
1 26 2
489 435
1 3 20
252 466 43 3 441 459 88 131 150 14 207 454 69 335 279 435 40 1 52 258
1 12 5
326 460 423 475 145
1 7 10
310 1 123 262 426 465 28 87 32 12
1 5 15
409 28 211 145 102 21 326 284 355 244 113 278 260 166 157
1 17 4
114 395 496 360
1 7 9
282 81 133 371 48 35 365 386 255
1 4 15
359 435 373 36 177 248 81 95 203 172 29 409 91 352 403
1 10 6
267 401 440 16 456 52
1 10 6
273 12 355 92 192 455
1 5 15
294 305 273 448 75 106 216 249 336 226 111 365 109 43 396
1 4 17
99 35 434 61 90 141 329 244 12 208 167 7 487 463 379 440 313
1 4 16
344 369 21 35 208 420 26 224 16 359 402 291 300 306 137 335
1 4 16
290 411 321 79 149 207 172 67 25 157 315 108 286 378 350 307
1 13 5
115 168 245 499 92
1 3 22
383 305 333 223 407 114 106 371 131 181 16 176 274 272 189 429 143 202 233 44 22 396
1 3 25
493 318 95 191 274 282 226 451 172 344 400 204 428 496 99 247 223 364 94 272 207 464 291 495 211
1 4 17
143 356 89 218 443 370 491 293 214 428 404 320 219 65 489 342 281
1 12 6
125 249 374 352 79 123
1 3 22
228 405 278 470 6 67 380 414 15 48 13 140 359 362 177 483 180 337 201 417 316 322
1 9 8
118 348 434 396 166 9 367 366
1 5 14
18 294 31 0 349 10 460 201 463 80 197 96 8 398
1 3 22
54 337 110 257 387 278 348 142 186 259 321 385 369 221 181 333 108 83 423 322 35 413
1 8 9
301 344 428 176 333 145 462 292 312
1 3 23
423 333 86 83 383 91 124 402 377 118 488 99 216 237 25 105 37 456 81 325 209 233 160
1 4 17
80 197 37 29 287 451 212 181 244 319 105 479 335 278 90 379 132
1 8 9
2 213 387 204 432 149 379 162 371
1 10 7
431 254 481 444 392 338 329
1 3 20
377 329 134 62 334 306 313 375 155 455 365 409 89 346 136 466 69 76 215 77
1 4 20
189 206 351 468 185 104 336 332 64 19 461 168 69 497 153 148 250 1 380 491
1 6 13
389 283 24 320 3 273 158 201 319 55 405 259 453
1 9 8
369 247 228 106 130 28 344 48
1 4 16
236 347 337 180 279 133 41 345 46 155 269 83 150 406 52 485
1 3 22
439 330 8 0 262 230 413 221 88 278 205 78 333 345 440 213 67 139 47 36 434 24
1 4 16
388 182 350 479 270 159 478 414 307 55 51 244 282 113 107 243
1 4 15
59 448 96 224 323 182 494 4 43 470 259 239 455 357 172
1 3 21
458 368 62 30 223 379 81 405 59 427 15 494 336 2 430 193 243 452 288 200 479
1 4 19
174 239 14 19 379 137 222 200 246 447 400 374 149 86 490 401 235 280 468
1 6 11
245 145 488 297 43 106 468 35 85 47 409
1 3 22
459 2 247 90 190 200 109 136 379 163 80 260 52 302 332 198 70 449 146 398 445 305
1 3 20
436 483 488 246 161 175 60 374 169 481 163 87 97 185 419 378 45 341 54 464
1 4 16
194 348 360 416 434 51 389 420 198 449 98 33 126 11 315 435
1 7 10
61 159 130 220 454 125 108 135 463 67
1 24 3
167 124 171
1 4 16
26 117 44 85 405 476 283 210 456 338 182 278 195 388 30 473
1 4 16
301 431 215 389 187 348 27 130 177 141 239 214 221 97 74 428
1 10 7
11 478 285 331 484 381 232
1 3 23
469 228 481 167 353 152 449 86 431 24 392 403 38 352 111 147 90 223 215 245 263 170 71
1 4 19
235 58 73 177 341 214 390 475 95 334 43 94 386 170 396 362 15 88 156
1 3 20
144 152 449 209 426 190 297 80 179 223 115 90 202 84 370 70 299 3 228 454
1 7 11
14 483 314 23 416 243 442 89 289 329 478
1 19 4
344 489 88 354
1 7 11
262 35 326 360 195 200 355 291 91 38 424
1 3 25
268 344 162 320 88 157 371 77 253 317 422 424 298 385 32 248 87 25 251 147 217 168 90 419 271
1 3 20
355 190 434 38 239 58 314 341 23 120 357 368 106 191 200 490 247 474 1 194
1 3 25
442 497 461 119 459 239 68 172 451 340 52 206 232 254 478 23 398 267 491 470 405 161 332 316 400
1 3 20
168 69 460 41 17 214 193 35 389 195 103 342 290 127 61 252 13 202 499 87
1 3 24
254 144 156 302 184 474 30 142 87 482 69 165 48 103 75 434 197 280 47 179 344 365 23 431
1 3 21
100 130 68 291 31 288 433 56 32 67 295 163 260 311 434 437 253 72 342 296 259
1 6 12
179 222 44 115 227 483 26 8 367 11 186 144
1 6 12
52 372 136 254 134 125 452 140 431 319 221 54
1 8 9
399 442 370 20 101 401 452 104 329
1 4 17
443 339 161 82 277 271 306 177 401 174 365 204 48 437 199 149 121
1 3 24
470 253 315 438 301 123 124 74 298 287 305 427 498 389 359 194 403 432 211 291 267 160 375 499
1 6 13
123 214 114 161 466 431 227 35 317 300 389 94 281
1 3 20
308 256 259 138 26 373 218 299 251 485 450 358 282 238 375 29 459 401 146 334
1 4 14
151 289 217 384 483 396 172 456 93 268 181 219 315 404
1 4 15
241 19 367 150 290 412 369 325 31 130 224 216 74 126 279
1 3 19
253 241 353 107 345 485 163 470 473 295 14 491 196 246 67 108 152 281 128
1 4 18
295 103 302 496 39 389 112 170 415 426 76 228 409 281 68 365 413 276
1 7 10
347 32 290 207 336 136 360 73 59 213
1 15 3
20 344 53
1 24 3
88 418 67
1 7 11
225 456 198 238 470 135 110 148 302 104 18
1 10 7
76 259 209 403 143 247 97
1 14 4
462 453 87 267
1 11 5
134 263 160 143 455
1 5 14
63 304 88 121 287 225 488 169 252 255 362 277 328 18
1 6 11
223 408 430 249 422 206 372 412 102 195 487
1 11 6
302 292 321 489 46 38
1 10 6
444 229 7 343 403 312
1 13 6
486 332 499 119 212 239
1 6 10
307 324 194 279 107 191 417 244 368 203
1 3 23
352 266 226 340 421 444 451 69 29 309 66 256 453 132 492 188 174 154 65 84 344 268 162
1 5 14
41 220 488 149 158 497 144 378 348 209 162 487 137 311
1 18 2
281 486
1 5 11
291 320 90 223 487 191 230 490 395 275 21
1 13 5
481 280 349 277 62
1 4 16
471 291 11 140 401 62 364 482 494 400 203 125 362 218 108 4
1 3 24
403 189 418 198 48 300 91 117 81 261 268 380 294 290 125 68 422 109 185 307 114 49 485 22
1 3 23
484 256 468 152 39 402 94 57 120 428 198 134 362 334 350 164 266 314 460 161 330 3 20
1 5 15
454 74 259 485 268 251 233 88 392 375 431 433 22 311 488
1 4 18
208 6 368 234 275 14 245 256 283 482 39 306 107 96 342 10 349 301
1 4 17
225 140 498 449 330 448 267 169 396 362 127 351 61 17 142 163 231
1 13 5
32 198 68 485 465
1 8 8
264 337 99 122 252 6 303 176
1 4 17
120 444 434 252 281 412 311 183 374 150 388 153 238 288 381 152 258
1 3 21
215 126 367 437 364 280 221 5 196 348 230 445 2 316 333 76 407 83 406 65 283
1 4 16
0 146 430 437 360 43 254 301 227 163 154 393 468 123 77 307
1 3 20
133 220 267 429 252 456 57 116 439 235 90 325 490 55 82 196 404 336 49 293
1 3 21
179 136 449 325 377 443 151 470 102 480 270 2 345 91 249 188 189 7 373 383 58
1 3 19
321 210 129 267 105 461 217 366 383 404 158 215 188 243 499 53 491 315 290
1 14 5
288 305 220 99 162
1 3 20
196 392 269 311 425 112 375 53 168 106 166 412 478 473 341 413 323 226 416 153
1 3 19
326 204 123 86 250 186 439 190 222 278 194 465 140 87 417 289 254 317 323
1 6 11
351 145 303 258 390 127 425 353 143 360 158
1 3 25
248 23 223 390 57 108 207 472 490 325 369 27 39 19 211 426 169 310 63 30 158 41 245 74 396
1 3 22
88 320 484 361 412 496 32 123 131 126 339 476 440 44 245 383 477 207 252 490 450 333
1 25 2
454 457
1 3 21
149 102 172 58 192 101 151 397 123 498 306 287 203 178 380 490 4 61 496 67 52
1 3 22
452 129 167 235 128 470 69 232 22 325 288 385 331 312 462 199 464 252 107 426 123 333
1 4 16
454 397 448 304 237 466 489 288 255 159 492 307 251 166 485 191
1 24 3
139 42 249
1 15 5
27 0 439 216 91
1 17 4
412 495 318 9
1 14 5
20 136 379 52 415
1 3 22
38 396 416 492 329 21 493 250 81 32 135 352 270 495 382 372 20 340 342 208 251 321
1 7 11
455 413 170 181 418 88 92 442 21 223 47
1 15 5
342 111 389 436 151
1 3 25
385 484 340 319 139 428 156 64 106 222 118 112 77 100 432 287 477 253 26 434 83 4 380 257 348
1 10 7
426 11 141 104 394 203 313
1 6 13
196 170 468 439 276 494 279 471 284 68 156 303 387
1 3 25
485 265 170 155 307 22 222 378 306 72 391 3 345 310 489 362 409 198 45 29 363 250 412 274 152
1 10 6
434 15 444 405 184 335
1 3 24
46 159 433 12 362 40 130 90 237 475 82 109 482 436 180 106 399 416 336 25 247 223 190 210
1 3 19
182 118 308 377 394 131 412 316 110 484 486 275 461 193 64 399 143 324 216
1 3 22
107 170 28 150 167 120 225 330 441 55 101 73 287 460 379 451 183 143 450 249 485 3
1 3 24
319 338 209 422 424 189 47 318 127 288 330 35 408 201 206 88 477 159 433 398 412 252 303 250
1 3 24
413 459 26 411 16 170 0 354 333 112 11 311 432 263 364 268 6 144 412 344 54 230 452 107
1 11 4
153 199 327 455
1 3 24
303 389 40 92 243 477 22 74 9 140 299 493 152 257 369 202 149 226 88 384 216 143 65 361
1 6 11
291 301 211 318 437 450 186 467 73 284 93
1 4 17
204 7 457 429 140 372 480 350 366 265 305 430 408 349 494 491 411
1 4 16
36 173 187 107 466 365 381 214 274 353 484 247 141 377 4 286
1 5 13
291 279 79 240 18 213 248 386 427 344 169 394 255
1 4 18
273 67 306 33 93 289 287 69 163 271 455 267 492 337 270 91 229 221
1 4 19
213 308 384 442 144 373 128 171 175 433 52 265 10 284 394 71 143 14 163
1 15 5
357 148 272 46 240
1 3 21
137 428 193 163 390 326 332 360 496 452 135 424 170 89 466 387 114 72 354 47 75
1 15 4
190 415 186 306
1 5 16
254 355 415 79 300 279 472 57 416 436 172 251 441 180 184 256
1 6 12
232 170 371 157 168 440 393 115 106 75 190 59
1 10 7
494 72 252 437 344 429 132
1 4 18
252 201 379 393 312 29 450 175 49 361 293 433 482 156 400 419 435 159
1 3 23
366 132 499 257 488 480 19 297 468 328 245 73 299 196 337 49 137 386 117 294 293 273 46
1 3 20
466 226 182 212 412 121 206 102 398 290 193 25 229 361 394 310 494 266 118 119
1 17 4
434 123 378 376
1 3 23
175 17 411 52 307 65 248 166 265 371 459 331 298 159 106 249 209 274 330 112 388 486 6
1 7 10
252 370 172 39 367 90 189 476 161 193
1 7 10
163 256 491 1 173 24 455 436 441 137
1 5 12
478 160 32 308 170 121 444 346 214 418 139 309
1 18 4
360 81 65 453
1 3 19
70 5 365 129 267 458 68 257 466 71 108 345 40 414 461 471 190 205 247
1 3 21
460 43 91 223 21 65 461 137 383 85 353 362 69 475 354 141 161 2 220 470 225
1 6 11
55 261 130 473 308 449 486 403 396 429 190
1 5 15
149 239 70 193 449 126 119 156 211 162 252 283 14 408 200
1 3 23
43 414 65 204 125 165 492 116 181 112 99 126 223 175 160 180 411 137 347 268 397 388 372
1 8 8
71 140 15 398 316 92 68 240
1 6 12
324 347 268 431 111 205 104 376 489 253 263 437
1 3 25
62 297 349 142 402 410 281 356 252 308 22 418 42 351 280 258 284 448 243 350 170 91 465 417 446
1 3 25
224 306 274 148 70 386 61 107 372 100 260 19 330 146 475 248 72 491 499 147 182 116 251 442 410
1 8 9
196 137 248 308 152 335 83 177 285
1 10 8
243 438 38 278 98 416 110 442
1 4 17
316 4 57 199 213 260 287 430 193 320 109 177 22 418 244 493 465
1 6 13
115 394 420 280 395 53 296 172 9 102 210 284 457
1 11 5
417 80 419 364 387
1 3 23
257 464 354 378 194 154 412 130 451 479 7 353 218 11 14 251 381 242 191 164 34 385 185
1 3 25
272 267 16 24 129 74 198 370 393 196 359 251 101 455 347 281 92 143 83 12 441 430 25 262 496
1 6 12
104 215 129 301 276 382 407 1 57 341 45 383
1 4 16
112 271 414 13 99 337 357 95 205 350 57 104 410 369 490 242
1 3 20
43 6 302 84 53 416 363 410 0 71 253 288 221 329 157 72 104 270 303 368
1 3 19
256 131 216 267 462 240 139 130 368 396 361 230 366 227 95 110 353 193 170
1 4 17
317 3 254 96 355 149 345 486 263 309 211 112 321 17 79 165 227
1 5 13
188 402 353 484 86 139 387 405 210 103 356 235 72
1 4 20
120 272 135 444 155 361 364 22 167 246 490 83 442 137 398 102 123 454 42 16
1 3 23
252 73 358 379 351 191 498 180 164 236 141 469 433 153 248 272 289 154 120 403 333 88 350
1 4 16
236 437 336 364 38 238 36 347 365 19 470 392 431 25 43 169
1 17 2
443 148
1 17 3
417 412 287
1 5 15
8 180 38 223 371 22 394 240 306 390 76 7 256 246 361
1 4 17
489 205 473 322 247 239 364 114 209 119 326 58 82 3 6 167 440
1 11 5
456 230 430 274 66
1 10 7
436 140 354 289 173 321 157
1 4 16
198 194 106 119 310 348 341 248 12 224 47 412 85 233 130 222
1 3 23
28 399 235 358 242 425 108 191 173 390 85 115 419 231 305 18 498 487 194 340 357 291 406
1 3 25
393 62 261 267 480 112 446 49 220 329 344 47 32 353 320 77 196 237 218 312 298 212 24 7 449
1 4 19
372 12 326 407 152 119 149 343 366 15 79 157 146 464 85 423 486 463 442
1 4 17
14 118 136 435 462 492 405 84 356 188 65 402 100 311 389 149 172
1 11 6
9 102 235 254 466 308
1 4 19
294 111 287 197 296 215 466 289 333 233 407 496 284 76 74 237 283 54 473
1 4 16
161 361 254 93 418 68 324 371 271 359 186 36 114 340 470 213
1 5 13
74 167 35 352 175 260 400 34 208 137 436 148 233
1 3 21
210 234 494 315 278 453 414 290 380 409 60 311 495 232 343 163 135 325 237 185 384
1 14 5
253 452 165 315 345
1 4 17
42 306 439 2 376 427 328 351 457 481 9 134 424 205 316 237 408
1 7 9
87 20 347 247 131 98 213 200 372
1 5 14
299 120 342 442 352 220 236 439 429 320 9 249 408 400
1 5 12
192 34 289 451 18 154 52 456 221 5 126 278
1 5 14
376 410 496 58 341 129 471 327 392 416 480 95 265 419
1 18 3
288 419 90
1 3 23
79 122 367 242 404 329 160 274 473 39 202 37 130 155 338 167 476 481 454 253 419 486 429
1 10 8
330 200 75 279 212 160 347 226
1 3 25
29 55 134 123 163 454 204 428 109 6 105 9 401 302 165 493 312 393 442 405 104 228 443 297 240
1 4 19
229 135 497 479 381 241 142 101 378 368 145 442 67 151 219 323 370 473 183
1 4 19
163 458 252 124 4 245 481 499 497 70 215 433 197 274 453 382 143 248 157
1 6 11
430 462 151 3 169 69 111 340 24 179 238
1 4 16
281 241 179 63 80 440 414 102 372 326 371 183 335 292 394 343
1 4 18
316 472 56 224 432 147 297 323 169 137 149 35 228 349 479 70 148 488
1 3 20
13 24 417 18 25 221 228 244 376 307 192 153 318 338 340 47 367 364 440 65
1 7 10
365 126 307 42 364 474 5 375 269 90
1 4 16
23 463 82 162 396 52 138 62 312 439 482 267 298 176 256 495
1 3 19
369 400 216 16 423 341 24 3 250 38 469 428 80 229 160 155 464 146 470
1 11 7
469 67 453 225 96 114 284
1 3 23
93 411 294 37 440 27 233 317 130 292 410 32 487 154 123 157 208 225 284 288 139 193 353
1 6 11
384 414 68 70 223 48 120 480 277 283 151
1 6 11
352 127 259 109 490 223 85 72 10 68 392
1 7 10
408 491 101 1 273 73 261 85 71 266
1 7 10
261 421 259 256 460 218 383 94 424 440
1 23 2
363 278
1 3 22
222 159 446 112 322 162 231 420 244 203 260 138 480 297 249 472 348 259 317 284 208 16
1 17 4
83 40 63 129
1 4 19
101 406 367 54 94 379 234 292 259 257 58 169 143 129 306 119 21 249 57
1 18 4
495 427 210 463
1 5 15
168 448 213 45 109 466 12 332 330 300 302 429 190 313 366
1 6 9
68 20 449 406 1 404 126 151 299
1 5 13
97 72 329 303 33 435 423 121 395 321 28 245 244
1 8 7
184 154 201 411 216 473 116
1 19 3
90 145 477
1 9 8
32 130 140 25 23 243 196 181
1 3 21
90 55 366 295 205 362 134 298 6 8 460 24 466 413 449 235 44 17 464 293 38
1 2 25
359 368 141 273 396 75 277 475 86 250 129 422 84 400 231 313 125 298 306 427 352 321 3 456 76
1 8 9
407 115 114 412 223 363 50 264 13
1 13 6
50 32 431 440 331 399
1 4 16
242 490 231 370 128 156 444 157 442 280 248 368 13 258 135 371
1 6 12
379 98 454 196 30 63 39 404 387 411 303 247
1 15 5
88 482 385 338 370
1 17 4
407 443 284 202
1 3 25
99 233 17 483 439 160 189 150 47 269 23 175 333 138 87 384 484 379 481 105 487 182 43 468 37
1 4 17
331 288 486 442 217 206 10 219 262 164 42 307 138 372 87 485 205
1 5 13
304 255 47 367 288 59 373 116 68 153 362 393 491
1 6 11
289 345 204 134 120 457 114 382 185 257 23
1 3 25
499 378 404 452 293 272 42 30 246 70 148 103 33 122 494 405 362 176 200 318 132 291 425 124 441
1 3 23
91 102 477 305 111 220 167 280 311 372 385 112 64 475 75 183 462 486 370 81 414 345 58
1 20 2
30 305
1 7 10
338 381 31 262 257 492 291 213 249 197
1 7 10
108 307 62 346 135 258 208 200 285 159
1 18 4
211 331 197 351
1 15 4
422 309 332 230
1 3 20
51 196 398 159 487 489 194 452 458 127 254 305 431 369 89 204 161 210 374 385
1 3 20
403 343 228 194 402 14 279 145 328 440 224 1 34 149 114 436 252 263 157 354
1 9 6
214 318 466 470 417 155
1 13 3
23 459 242
1 7 8
474 16 276 335 360 153 274 321
