500 1500 775
11 24 28 19 16 19 16 28 18 11 34 14 23 26 20 21 23 15 30 23 22 12 35 19 23 40 11 17 11 34 28 40 37 36 35 29 31 36 36 15 28 25 30 12 24 29 13 16 12 17 33 22 40 26 27 28 18 29 35 26 30 29 16 14 39 11 32 13 29 20 29 34 39 13 23 23 38 40 38 29 25 32 11 31 17 34 11 40 15 19 33 13 27 23 16 14 36 12 32 13 20 38 39 17 23 25 22 14 35 14 29 12 28 31 22 37 39 26 13 31 25 11 32 21 22 22 12 21 19 33 34 19 13 25 23 24 13 30 40 25 29 31 12 30 31 29 30 36 29 22 34 30 33 11 24 21 35 11 20 24 36 20 39 26 33 39 28 40 16 12 37 31 21 34 13 15 13 13 11 11 16 19 32 18 30 24 32 22 24 28 16 37 35 19 39 39 20 35 35 27 26 22 32 14 24 18 26 18 14 38 25 21 39 35 35 28 33 17 31 14 19 38 30 35 13 12 38 28 31 26 25 27 35 26 16 17 37 22 38 29 14 24 19 13 36 27 29 18 19 40 39 22 28 11 21 33 19 18 31 12 40 37 14 38 36 36 18 33 35 16 27 19 34 27 27 38 14 15 17 39 37 36 26 27 37 32 16 37 34 39 20 33 40 27 22 19 11 39 29 21 40 22 36 38 11 22 40 32 30 16 28 31 26 18 37 29 28 40 21 28 26 14 22 21 23 26 12 24 11 24 16 36 34 32 25 29 24 23 13 24 23 23 25 11 30 37 26 30 14 14 27 39 31 13 32 16 33 17 19 25 32 28 23 40 18 24 24 35 13 39 25 32 28 35 26 36 18 28 25 24 30 13 34 36 39 32 32 11 16 26 34 26 18 11 17 30 23 38 29 21 21 27 20 28 25 11 32 26 40 15 33 31 27 27 11 16 22 33 22 23 35 25 39 11 14 12 38 32 11 15 16 18 30 20 21 29 17 19 22 16 29 21 20 31 14 16 40 38 11 25 17 28 36 26 37 31 22 24 30 16 16 11 32 25 34 28 32 25 35 25 18 28 28 26 16 14 14 12 36 31 40 40 33 32 23 23 39 25 16 37 23 28 28 40 23 21 29 28 17 16
1 14 18 9 6 9 6 18 8 1 24 4 13 16 10 11 13 5 20 13 12 2 25 9 13 30 1 7 1 24 18 30 27 26 25 19 21 26 26 5 18 15 20 2 14 19 3 6 2 7 23 12 30 16 17 18 8 19 25 16 20 19 6 4 29 1 22 3 19 10 19 24 29 3 13 13 28 30 28 19 15 22 1 21 7 24 1 30 5 9 23 3 17 13 6 4 26 2 22 3 10 28 29 7 13 15 12 4 25 4 19 2 18 21 12 27 29 16 3 21 15 1 22 11 12 12 2 11 9 23 24 9 3 15 13 14 3 20 30 15 19 21 2 20 21 19 20 26 19 12 24 20 23 1 14 11 25 1 10 14 26 10 29 16 23 29 18 30 6 2 27 21 11 24 3 5 3 3 1 1 6 9 22 8 20 14 22 12 14 18 6 27 25 9 29 29 10 25 25 17 16 12 22 4 14 8 16 8 4 28 15 11 29 25 25 18 23 7 21 4 9 28 20 25 3 2 28 18 21 16 15 17 25 16 6 7 27 12 28 19 4 14 9 3 26 17 19 8 9 30 29 12 18 1 11 23 9 8 21 2 30 27 4 28 26 26 8 23 25 6 17 9 24 17 17 28 4 5 7 29 27 26 16 17 27 22 6 27 24 29 10 23 30 17 12 9 1 29 19 11 30 12 26 28 1 12 30 22 20 6 18 21 16 8 27 19 18 30 11 18 16 4 12 11 13 16 2 14 1 14 6 26 24 22 15 19 14 13 3 14 13 13 15 1 20 27 16 20 4 4 17 29 21 3 22 6 23 7 9 15 22 18 13 30 8 14 14 25 3 29 15 22 18 25 16 26 8 18 15 14 20 3 24 26 29 22 22 1 6 16 24 16 8 1 7 20 13 28 19 11 11 17 10 18 15 1 22 16 30 5 23 21 17 17 1 6 12 23 12 13 25 15 29 1 4 2 28 22 1 5 6 8 20 10 11 19 7 9 12 6 19 11 10 21 4 6 30 28 1 15 7 18 26 16 27 21 12 14 20 6 6 1 22 15 24 18 22 15 25 15 8 18 18 16 6 4 4 2 26 21 30 30 23 22 13 13 29 15 6 27 13 18 18 30 13 11 19 18 7 6
1 16 17
10 152 155 31 277 236 194 30 168 253 370 81 43 147 480 345 303
1 2 2
5 326
1 5 20
106 366 53 339 90 472 40 309 31 35 181 345 208 408 284 400 203 286 294 478
1 17 13
294 42 255 290 437 388 318 334 452 92 375 34 285
1 1 10
266 335 323 57 9 459 268 430 261 434
1 3 10
246 421 308 35 45 125 233 234 78 436
1 18 25
328 311 186 53 64 99 29 214 363 90 150 432 342 471 464 121 145 223 57 13 6 68 130 60 355
1 20 10
488 8 447 178 161 167 458 235 53 318
1 18 25
285 21 4 282 440 386 87 281 23 316 148 230 407 227 228 180 108 360 235 429 426 95 445 320 299
1 17 22
461 58 462 376 494 234 122 158 134 71 15 347 51 152 416 81 439 8 443 6 397 48
1 15 16
79 133 355 2 102 427 212 240 77 402 131 182 480 73 285 378
1 16 6
347 397 364 6 57 293
1 12 13
189 484 119 96 132 444 198 371 364 464 192 414 355
1 2 2
364 178
1 19 11
45 220 372 442 77 128 223 44 265 429 409
1 17 9
27 391 24 28 248 188 206 301 64
1 12 3
387 101 279
1 20 5
400 368 107 360 103
1 20 15
12 144 60 168 266 177 197 196 3 183 175 238 138 34 365
1 11 21
125 231 160 223 42 443 345 316 457 489 210 478 317 209 415 274 44 158 463 447 264
1 1 19
368 433 118 65 497 486 87 455 191 55 116 432 452 56 351 321 355 211 424
1 15 23
18 401 283 409 413 360 0 310 380 248 259 58 239 17 20 111 206 30 336 251 431 348 292
1 7 5
456 458 371 174 38
1 4 13
357 121 119 216 14 380 24 258 61 239 332 219 69
1 12 21
264 231 469 38 214 125 35 257 493 300 294 117 362 236 209 398 193 314 438 432 138
1 6 3
241 487 366
1 1 2
132 474
1 12 15
253 38 435 290 6 196 162 434 489 430 292 277 473 137 371
1 4 2
302 59
1 19 20
337 347 475 62 381 154 448 108 494 32 47 124 109 138 291 151 445 443 66 110
1 18 2
267 225
1 2 7
444 216 240 177 83 406 143
1 2 20
453 56 91 24 308 108 52 448 163 385 282 36 8 189 122 295 10 55 190 254
1 9 24
487 311 230 460 245 55 10 99 8 162 418 263 134 146 351 86 51 132 19 457 434 122 479 7
1 19 3
272 104 248
1 18 25
353 115 328 9 425 488 269 291 177 86 252 105 497 164 262 390 67 30 253 1 138 273 25 332 402
1 8 3
415 337 86
1 18 16
449 249 437 265 110 455 166 170 498 301 398 254 112 207 395 349
1 2 9
468 37 295 277 153 134 27 416 423
1 1 22
313 220 380 296 390 139 369 410 277 40 458 290 464 444 291 314 379 97 478 157 456 476
1 2 15
401 108 3 168 155 445 56 429 465 376 216 304 406 279 186
1 10 7
22 438 430 239 259 440 261
1 3 23
106 260 104 215 188 268 120 163 462 193 403 365 282 230 70 473 82 162 340 354 385 488 478
1 2 11
224 20 315 148 50 216 364 423 476 94 198
1 3 18
283 139 327 149 433 298 61 291 185 295 167 98 232 328 422 342 205 441
1 15 17
236 288 393 407 37 58 49 207 77 226 100 65 278 228 91 295 167
1 9 16
39 164 463 151 419 146 181 482 444 3 98 69 23 427 329 485
1 7 8
497 69 397 299 207 312 86 399
1 5 9
24 469 29 108 479 400 148 78 123
1 4 5
419 155 494 171 162
1 3 12
38 61 8 184 329 460 100 101 415 469 74 391
1 16 6
222 466 480 301 187 242
1 17 19
12 176 198 470 147 427 45 52 232 23 90 129 417 282 463 91 331 164 42
1 8 22
341 496 495 343 368 254 200 308 370 153 213 15 235 69 440 483 258 255 244 397 123 342
1 1 3
203 86 170
1 6 25
265 186 207 45 326 294 251 280 69 476 190 135 237 266 395 26 44 412 148 202 458 437 42 457 227
1 1 13
187 316 407 447 177 415 349 495 70 252 483 128 72
1 10 2
462 129
1 16 12
477 268 240 126 149 464 396 371 22 377 109 146
1 10 8
455 474 188 23 443 191 217 44
1 19 6
350 457 124 484 74 223
1 7 14
409 473 237 240 267 401 297 371 75 206 108 498 350 37
1 11 12
269 13 234 172 235 331 114 429 465 208 384 420
1 11 12
262 121 141 404 186 441 445 292 242 64 69 223
1 16 10
395 5 436 209 262 33 485 12 202 438
1 1 13
381 234 283 291 172 384 1 77 329 131 37 487 136
1 17 7
402 125 37 460 425 212 60
1 1 19
162 96 258 139 377 413 212 380 327 225 119 177 420 408 151 303 418 175 24
1 17 4
133 266 94 282
1 2 22
283 163 210 408 65 299 23 329 200 279 436 286 183 172 383 309 312 440 252 120 61 438
1 19 20
16 325 113 487 410 109 44 301 490 53 132 386 377 206 151 12 34 424 168 169
1 12 22
452 244 228 128 240 322 105 404 318 366 91 209 341 223 125 43 493 248 279 329 302 288
1 20 11
223 43 418 219 376 275 489 230 285 357 325
1 11 17
257 49 421 5 82 48 155 188 113 167 440 486 313 255 471 97 187
1 17 7
252 356 269 5 360 489 347
1 9 18
440 394 281 224 479 303 373 432 135 290 134 244 74 315 205 271 213 379
1 19 14
377 477 167 7 327 240 277 382 34 229 112 165 187 192
1 7 2
461 116
1 13 9
308 323 395 425 417 191 332 439 245
1 14 11
121 152 73 116 253 453 129 498 213 475 159
1 7 15
121 84 174 219 192 494 473 366 80 262 337 223 317 34 301
1 4 13
9 104 313 64 486 465 221 394 206 329 380 190 402
1 16 12
328 88 208 350 415 417 292 413 67 336 266 73
1 9 7
438 154 483 20 405 403 103
1 12 14
233 140 29 181 107 344 350 253 259 137 46 98 186 369
1 19 6
56 120 404 284 94 264
1 8 22
366 362 248 124 294 56 113 263 391 127 352 480 447 361 396 247 194 249 400 133 330 286
1 1 6
222 328 110 174 115 36
1 12 21
353 235 242 459 141 239 492 92 256 146 165 158 362 308 410 338 23 396 375 231 187
1 11 21
436 237 211 376 428 418 189 408 157 236 123 492 416 332 312 200 202 6 389 209 213
1 1 17
347 345 392 111 476 266 257 177 129 10 265 324 269 73 442 174 99
1 7 18
112 340 424 331 463 433 217 455 231 232 198 138 62 33 6 256 309 391
1 14 20
384 121 1 256 145 454 480 292 207 380 492 395 22 42 404 172 475 204 136 106
1 3 19
346 396 468 11 152 328 208 131 102 296 60 15 343 246 435 188 288 56 308
1 7 9
457 132 419 47 253 333 245 38 382
1 1 2
493 498
1 11 17
293 117 322 195 266 46 431 204 227 415 121 395 113 111 15 210 131
1 18 4
293 260 127 158
1 5 14
300 442 90 420 445 121 151 91 201 38 252 432 116 325
1 16 9
373 346 407 391 475 374 426 172 493
1 18 17
295 156 135 495 48 18 284 258 394 218 178 234 367 425 277 244 62
1 7 24
431 228 210 44 87 283 40 253 354 63 445 215 357 459 178 250 301 474 176 192 367 122 216 211
1 19 25
151 185 113 342 138 147 253 359 366 273 498 270 158 117 122 224 6 484 319 404 119 362 208 261 446
1 13 3
57 192 149
1 3 10
103 319 321 10 338 186 43 76 71 97
1 18 2
88 296
1 20 11
447 345 14 141 249 331 414 286 62 330 379
1 19 11
204 372 377 42 356 160 197 362 478 415 229
1 6 2
264 175
1 15 2
321 16
1 8 19
415 295 180 433 118 143 340 1 96 461 10 36 417 268 273 208 145 365 301
1 7 15
46 291 492 43 195 247 159 26 56 460 153 171 238 216 80
1 13 11
265 421 300 346 201 404 351 292 108 276 393
1 6 10
97 326 459 28 242 289 137 195 269 258
1 3 21
107 328 348 197 441 429 463 488 434 244 60 410 409 485 39 186 68 340 161 92 7
1 6 9
235 329 136 482 94 344 434 181 341
1 17 5
1 444 269 209 14
1 5 14
52 12 285 216 418 301 25 178 425 411 477 166 265 433
1 19 7
382 248 51 340 236 286 399
1 2 24
431 458 164 1 189 255 311 480 214 469 368 299 234 67 123 102 495 21 137 393 55 341 304 419
1 6 6
424 493 427 198 8 136
1 1 7
170 225 8 279 466 107 360
1 8 4
232 30 448 203
1 8 10
52 449 165 105 152 297 227 406 145 164
1 17 12
230 227 333 313 444 252 151 288 320 97 363 460
1 15 7
331 416 261 243 229 296 62
1 16 7
98 336 202 340 386 13 191
1 17 8
83 152 335 80 104 266 306 301
1 1 24
479 342 458 119 213 214 262 7 33 465 398 480 211 125 389 336 364 290 233 120 384 421 108 370
1 8 9
385 270 47 483 199 218 247 164 253
1 15 4
338 456 134 320
1 12 24
159 7 221 305 111 272 374 212 235 239 320 414 193 364 87 301 274 233 185 462 181 174 369 344
1 17 18
28 183 453 148 168 479 259 415 470 251 455 230 265 443 350 436 476 110
1 11 4
3 211 111 334
1 19 24
120 471 386 324 201 450 343 364 193 89 28 305 443 467 341 325 370 247 444 308 259 489 442 73
1 8 17
431 409 31 50 42 231 289 125 401 48 480 247 194 279 61 172 345
1 19 2
20 245
1 5 20
66 413 164 12 205 456 230 316 249 202 124 452 41 75 125 111 441 391 83 445
1 19 15
54 352 80 403 360 37 349 154 113 382 212 267 397 424 336
1 19 16
107 248 490 157 390 193 278 95 59 448 408 383 328 35 406 360
1 2 10
42 189 460 81 322 335 246 336 228 161
1 13 10
289 84 159 407 331 7 375 337 400 432
1 1 13
209 293 38 112 334 94 450 158 104 424 405 99 360
1 1 3
448 98 139
1 3 5
393 495 443 161 485
1 6 12
183 102 162 316 310 7 233 403 190 328 45 376
1 20 3
253 483 83
1 10 25
445 266 16 14 231 497 143 94 65 75 234 370 369 43 56 238 52 202 124 51 104 194 165 265 288
1 11 18
389 118 102 292 487 145 313 352 412 279 276 5 287 181 383 106 236 199
1 16 13
476 391 272 142 311 2 241 207 47 104 326 62 171
1 2 6
173 238 49 128 244 216
1 4 10
165 475 243 131 334 159 330 488 238 180
1 2 8
384 195 199 60 169 119 341 31
1 20 11
285 202 247 337 199 261 71 130 183 494 67
1 4 15
378 456 223 195 108 499 462 96 354 318 208 37 22 194 164
1 16 17
201 416 452 98 159 390 348 209 232 417 73 115 411 64 489 140 90
1 19 6
199 38 75 423 483 136
1 10 6
268 131 58 242 456 306
1 2 6
210 396 344 308 416 273
1 18 22
77 187 262 73 398 16 232 35 10 379 385 465 128 91 393 98 427 283 163 7 161 496
1 15 10
219 132 373 153 69 447 205 207 194 318
1 8 9
195 66 433 363 35 60 430 149 405
1 10 24
185 98 457 174 329 139 56 361 389 322 157 383 334 186 429 99 188 33 288 432 283 275 417 349
1 19 23
39 467 485 493 15 349 6 391 310 96 8 95 113 239 341 470 484 93 114 425 40 191 481
1 13 16
124 163 460 397 327 231 37 233 223 244 51 143 256 218 248 197
1 10 16
24 189 307 10 285 146 165 398 171 59 404 308 309 109 484 29
1 16 16
113 312 452 442 309 467 372 137 273 338 88 280 316 195 365 387
1 12 16
0 209 343 348 453 117 129 136 268 440 280 105 319 131 71 184
1 1 25
224 155 230 280 345 156 93 440 481 68 76 81 179 436 239 26 396 228 241 479 332 439 136 61 17
1 4 12
80 91 138 263 475 258 206 89 308 84 60 393
1 20 12
76 273 257 440 270 364 162 88 266 124 363 454
1 13 6
446 478 35 26 29 245
1 9 12
52 492 468 292 184 141 489 74 451 326 22 395
1 18 11
183 403 344 416 101 406 302 378 355 379 50
1 2 10
406 180 198 214 353 7 81 443 177 299
1 6 7
218 482 465 286 417 414 86
1 18 19
253 53 298 326 235 484 153 388 152 14 188 206 302 101 8 146 55 451 119
1 8 5
378 370 193 194 485
1 20 14
94 206 269 200 335 210 493 349 453 476 319 98 394 407
1 5 15
293 239 103 152 483 148 163 28 334 444 431 459 37 80 291
1 16 8
276 138 260 170 450 304 421 346
1 17 6
53 452 177 396 32 400
1 8 24
0 341 422 119 310 188 99 435 166 316 369 177 209 475 419 472 457 379 101 458 81 400 59 148
1 6 20
409 387 341 376 249 97 196 433 163 226 185 177 83 260 86 104 168 111 370 108
1 13 22
221 471 406 185 200 396 429 345 227 248 338 201 103 431 312 112 223 53 110 85 155 336
1 18 15
112 454 144 248 375 230 145 39 172 26 456 371 447 487 56
1 16 23
384 374 140 169 455 65 28 117 422 415 230 298 122 43 301 302 343 78 217 38 466 244 143
1 11 18
5 44 361 384 340 141 193 344 77 53 448 245 184 229 419 312 102 113
1 13 2
234 126
1 8 4
275 170 274 284
1 16 13
106 43 310 22 274 491 387 102 85 235 29 25 342
1 20 15
217 236 411 33 30 403 367 294 106 78 187 137 24 470 241
1 12 8
157 43 318 302 366 150 138 359
1 10 5
375 308 35 372 170
1 10 16
10 228 173 150 400 154 374 381 46 489 423 349 137 439 117 128
1 5 14
33 318 457 438 145 275 156 431 307 123 43 325 270 183
1 5 25
285 180 480 45 215 485 157 160 320 220 41 491 9 323 423 207 43 304 63 2 377 59 257 477 382
1 4 25
94 388 255 20 312 59 447 203 183 379 103 398 332 356 265 120 222 36 431 96 283 317 326 396 316
1 4 20
159 280 55 439 438 185 407 373 237 413 202 403 40 354 476 390 282 260 196 451
1 15 2
356 349
1 10 13
28 211 243 306 389 326 379 155 159 66 484 187 256
1 13 17
250 51 280 12 302 39 141 8 262 429 247 314 124 249 220 369 211
1 17 12
213 118 20 29 423 197 220 248 155 200 44 165
1 17 19
487 337 184 214 237 482 151 453 317 384 486 183 253 147 481 329 316 135 221
1 20 15
55 24 451 1 396 294 12 276 66 486 375 170 136 203 23
1 16 24
476 189 393 69 440 410 411 19 232 294 130 474 360 464 250 133 329 114 93 400 306 419 12 363
1 13 8
212 192 289 58 144 6 181 397
1 9 19
116 106 160 456 467 238 423 45 89 21 489 409 8 425 14 201 114 167 449
1 14 13
298 101 32 12 151 380 160 488 168 370 91 252 278
1 11 2
121 132
1 12 7
123 308 63 168 324 311 89
1 20 7
401 492 267 192 49 167 110
1 20 11
204 49 161 30 357 182 207 195 201 202 409
1 4 19
317 418 123 423 297 449 263 56 90 69 276 493 238 155 224 131 33 299 496
1 8 12
91 499 100 119 29 304 404 168 20 408 318 306
1 10 9
42 360 384 139 129 99 283 112 67
1 15 21
421 93 52 340 138 144 90 489 289 362 497 325 142 130 481 308 131 180 71 258 420
1 13 18
354 394 165 113 300 384 99 103 430 98 416 214 340 428 327 283 59 376
1 5 16
238 194 71 90 364 145 420 8 1 405 369 394 84 484 191 104
1 2 25
109 35 264 346 392 299 303 265 159 48 313 287 389 27 130 54 68 491 263 478 281 45 421 76 22
1 15 24
379 242 414 278 203 13 30 207 197 456 170 77 54 381 340 280 276 304 14 78 208 290 76 240
1 7 6
421 148 130 176 153 150
1 3 13
75 88 169 316 439 9 374 499 322 478 155 61 98
1 14 6
304 349 462 425 411 269
1 7 6
309 77 163 478 389 165
1 2 10
460 191 88 192 433 182 12 376 367 144
1 2 12
417 250 389 21 296 36 467 122 497 359 493 410
1 9 20
338 352 257 251 29 39 461 299 185 273 9 360 130 457 362 396 406 24 245 408
1 1 19
475 223 118 293 485 137 4 447 426 9 230 239 94 353 98 10 235 393 158
1 11 12
231 414 389 273 185 368 386 337 401 82 114 192
1 17 24
160 384 66 91 105 393 158 171 47 368 53 458 422 280 423 278 275 400 176 5 401 450 226 222
1 17 5
179 138 337 153 325
1 18 8
206 430 35 255 138 153 385 228
1 19 3
237 314 489
1 10 5
139 380 44 95 336
1 19 6
402 324 268 390 408 159
1 15 17
38 377 275 265 22 67 315 35 384 136 101 144 326 146 394 173 480
1 18 2
392 325
1 4 15
111 426 298 15 363 398 171 72 117 425 492 18 124 325 274
1 15 16
192 302 61 62 205 370 212 97 382 5 255 221 120 10 298 66
1 10 24
153 70 297 401 21 151 227 284 158 117 230 30 334 184 79 234 180 357 423 269 132 485 292 388
1 9 17
119 283 6 330 255 407 437 345 20 17 215 397 245 388 432 338 100
1 9 12
499 282 305 238 345 55 30 251 389 37 58 376
1 6 9
282 419 105 287 329 64 28 247 222
1 12 7
350 340 49 95 136 157 90
1 14 6
263 429 104 88 352 270
1 19 21
308 105 330 345 223 129 257 390 85 414 27 480 448 110 304 446 151 33 24 66 146
1 14 18
436 340 139 52 144 327 317 15 413 435 187 226 262 13 257 408 424 485
1 14 17
485 440 91 471 324 362 459 396 24 493 421 295 400 491 112 108 337
1 15 6
227 245 452 461 276 36
1 18 18
381 429 347 119 287 464 90 52 263 246 128 33 338 230 26 413 318 215
1 11 21
352 306 238 354 144 123 213 320 299 368 275 271 447 328 405 459 69 115 63 14 437
1 15 25
228 326 15 187 116 358 80 386 380 357 172 192 4 238 27 451 468 60 404 216 328 104 302 260 484
1 12 22
6 499 12 158 100 396 414 366 314 60 216 284 379 472 225 107 16 227 395 48 273 408
1 5 9
201 54 48 473 21 294 215 395 489
1 20 21
240 217 19 246 89 198 18 0 415 77 398 315 431 56 273 360 187 489 289 188 49
1 9 17
106 177 5 381 395 409 15 375 482 183 315 64 108 197 89 292 462
1 7 5
366 289 291 187 490
1 14 15
103 473 333 466 151 490 359 37 260 335 312 440 73 16 239
1 14 7
308 114 50 355 48 401 470
1 20 10
115 384 451 372 378 484 275 236 65 66
1 17 17
492 281 467 275 114 336 385 331 373 236 121 71 473 254 201 149 310
1 2 16
109 294 391 338 208 256 136 359 162 297 204 284 207 282 165 393
1 11 9
414 247 264 367 313 190 492 429 294
1 12 12
451 244 474 433 122 416 85 361 65 489 118 217
1 20 10
112 97 272 194 457 95 117 134 430 145
1 9 10
474 132 439 296 346 252 440 396 405 266
1 14 8
293 362 428 66 427 61 413 0
1 16 17
189 267 140 284 240 427 231 352 211 179 23 107 196 255 248 328 448
1 3 20
371 242 339 144 376 235 446 113 451 145 482 100 224 436 148 98 407 383 177 458
1 14 21
284 99 423 143 223 295 478 257 366 357 209 297 192 328 31 55 197 275 264 142 477
1 14 7
390 173 477 397 10 91 174
1 17 6
215 65 6 378 385 447
1 4 5
410 440 321 495 110
1 16 18
77 159 379 482 137 381 239 186 130 376 218 98 18 372 271 264 293 259
1 19 2
354 124
1 13 2
347 477
1 4 20
485 402 155 26 386 335 248 454 354 265 81 79 427 186 93 360 334 217 156 52
1 15 2
239 341
1 14 12
330 428 366 211 480 91 54 212 130 101 64 280
1 19 22
456 190 351 257 390 475 229 485 141 80 378 318 382 365 459 31 63 429 384 265 469 136
1 7 8
220 492 260 144 50 352 257 379
1 12 9
64 235 197 224 225 480 465 405 244
1 14 21
254 171 164 369 16 44 234 112 416 497 151 377 134 106 26 69 280 341 395 51 302
1 10 11
96 324 338 90 413 336 60 409 449 4 311
1 6 13
113 255 403 458 374 3 19 375 357 195 164 290 6
1 14 23
344 123 458 389 257 254 171 14 349 131 319 488 18 346 376 402 311 446 88 72 222 218 93
1 6 11
84 181 176 422 459 153 168 214 221 111 285
1 12 3
389 156 188
1 5 3
216 223 64
1 18 2
235 300
1 6 5
71 225 20 426 350
1 2 11
212 11 241 87 84 174 185 228 290 140 119
1 4 12
446 202 181 243 408 139 282 469 99 268 336 411
1 14 2
164 359
1 1 9
435 210 16 438 453 161 498 204 63
1 1 4
346 93 492 234
1 6 7
421 152 376 117 27 280 144
1 1 7
2 462 463 116 66 468 296
1 4 10
76 118 284 224 90 129 93 487 402 315
1 8 24
121 366 355 289 111 117 330 449 200 161 338 265 114 325 196 459 481 426 272 16 95 55 443 411
1 6 17
387 85 446 341 400 397 99 238 78 441 130 224 97 454 39 326 269
1 5 12
19 128 281 164 83 348 455 169 153 4 464 0
1 7 5
486 215 323 101 487
1 6 21
391 329 152 363 209 319 8 168 120 88 381 278 182 147 481 449 409 257 407 163 192
1 19 14
28 248 466 85 427 305 6 4 3 49 211 339 160 125
1 9 13
140 368 465 175 7 380 358 440 215 204 221 373 312
1 15 7
249 224 373 31 282 266 328
1 19 8
453 71 327 5 455 67 452 449
1 17 24
336 380 253 415 123 331 394 434 283 229 301 79 60 182 92 221 427 46 294 177 26 144 102 8
1 19 25
197 313 381 234 138 115 213 80 288 355 262 92 375 293 124 40 332 337 251 48 468 497 250 111 360
1 16 15
470 183 277 342 18 424 64 275 132 124 247 112 395 150 26
1 14 14
208 10 373 44 81 250 220 275 290 51 448 254 113 403
1 12 16
468 83 201 391 409 277 327 394 102 242 91 39 161 309 476 93
1 19 7
290 244 266 406 250 446 251
1 5 21
386 99 361 111 277 241 457 104 194 293 77 5 223 271 42 172 19 208 250 50 190
1 6 10
55 75 219 497 165 338 287 429 395 195
1 12 2
364 478
1 3 24
186 95 328 165 51 197 265 227 169 455 102 303 81 108 324 80 445 322 382 141 391 210 478 137
1 5 24
212 460 301 327 303 195 266 459 17 103 142 294 457 51 123 388 323 15 10 62 87 24 73 355
1 15 20
4 290 209 73 190 420 25 436 198 408 338 128 287 89 29 207 328 200 95 53
1 7 6
219 324 177 430 24 258
1 20 4
57 319 3 101
1 15 22
334 309 437 358 6 483 20 77 471 222 187 1 128 340 223 485 181 495 101 294 192 245
1 19 17
26 359 385 24 478 453 202 246 266 319 183 17 296 40 272 322 43
1 5 5
437 47 374 469 411
1 7 23
63 5 437 262 186 88 413 142 407 352 70 112 443 211 460 196 23 241 78 265 167 259 394
1 15 9
353 223 56 261 76 45 434 28 243
1 20 20
144 368 430 49 490 30 78 371 496 14 169 391 93 248 358 27 347 193 375 187
1 14 2
255 353
1 9 11
134 68 430 9 35 103 309 208 332 278 403
1 13 12
254 410 291 333 277 48 441 17 334 91 482 97
1 19 9
241 74 339 494 158 8 253 1 347
1 5 9
134 351 477 124 8 116 161 305 125
1 5 11
208 112 133 441 233 135 333 175 192 147 165
1 7 25
233 207 154 96 493 216 35 263 378 397 354 417 362 9 319 118 294 181 130 221 27 460 183 272 86
1 16 22
316 127 106 358 257 170 457 258 27 479 223 342 97 100 324 390 441 18 115 266 341 83
1 19 18
357 162 140 49 326 119 288 46 354 402 217 281 249 437 474 22 314 120
1 6 9
301 277 221 208 410 38 110 446 449
1 16 11
204 289 278 495 186 26 76 131 294 30 346
1 11 21
285 206 464 39 192 447 220 97 423 80 471 115 147 42 448 128 409 444 351 259 462
1 3 6
220 104 300 387 10 200
1 2 16
499 160 425 385 288 486 281 409 348 192 238 479 316 208 302 60
1 19 24
79 234 337 363 266 55 141 235 183 451 267 315 5 366 87 214 37 335 100 377 359 52 250 161
1 16 7
99 11 360 104 162 484 122
1 11 3
156 130 260
1 20 12
495 426 381 305 229 344 392 67 223 337 480 238
1 18 5
39 217 168 431 340
1 20 9
264 474 271 110 178 207 113 219 261
1 2 15
84 327 175 331 301 215 23 484 154 245 158 225 114 68 482
1 12 22
94 57 40 321 365 369 300 243 141 155 58 115 279 265 451 96 114 420 354 77 317 186
1 9 18
319 271 215 165 399 155 313 486 465 93 112 85 452 391 71 402 218 213
1 19 4
180 401 458 105
1 8 8
34 328 184 219 165 490 72 81
1 2 4
116 237 155 397
1 20 11
398 78 64 115 300 233 27 218 388 323 426
1 10 12
82 440 252 381 492 110 311 419 186 300 386 261
1 20 21
90 453 345 161 16 131 298 224 66 195 75 464 190 436 175 238 240 204 358 60 458
1 8 20
318 464 42 494 219 336 49 283 478 364 406 350 92 387 264 77 488 20 443 33
1 20 16
498 29 453 481 464 301 401 437 108 183 496 431 41 319 286 314
1 14 11
400 96 228 365 100 11 28 145 2 194 179
1 6 15
371 133 219 192 255 59 160 79 482 77 127 386 352 146 237
1 19 15
108 13 15 123 390 316 20 400 262 448 144 258 50 129 365
1 15 12
243 448 370 436 190 441 281 152 477 105 423 282
1 4 19
364 285 324 225 147 270 112 409 429 74 376 39 263 388 27 379 336 449 117
1 15 24
459 418 95 57 452 159 189 481 18 241 120 471 129 186 134 127 363 411 444 380 13 473 465 60
1 16 14
386 477 284 133 321 52 33 413 427 37 464 340 43 215
1 16 11
177 224 196 494 412 83 207 397 263 306 244
1 12 24
52 319 355 456 149 463 465 171 394 134 272 246 70 55 474 240 258 384 208 188 182 51 435 33
1 14 19
2 490 147 7 70 185 21 100 154 187 390 384 453 353 411 101 351 372 41
1 16 22
246 323 348 92 328 459 178 270 104 130 264 66 91 121 226 230 283 409 180 426 484 447
1 15 2
261 233
1 8 16
26 172 476 279 498 65 203 239 204 324 321 89 81 317 117 359
1 19 18
25 96 54 466 386 409 80 129 76 443 231 322 370 363 130 276 185 187
1 14 17
240 232 194 224 74 405 42 139 142 362 65 130 32 115 429 338 282
1 19 16
382 320 250 143 453 35 1 149 174 229 126 397 79 134 335 465
1 9 22
129 128 471 285 31 334 467 400 464 267 431 440 140 121 43 274 268 403 33 110 155 266
1 11 17
207 250 282 140 460 305 208 18 209 16 32 8 276 412 498 452 53
1 9 3
144 10 343
1 4 16
219 139 453 361 130 341 81 75 17 33 249 434 209 263 70 460
1 6 24
107 281 145 452 104 39 350 491 298 421 44 225 394 358 382 412 487 316 309 21 10 242 32 475
1 14 17
259 162 413 262 386 299 289 491 480 179 139 97 159 425 453 87 257
1 16 4
171 214 245 391
1 13 22
110 86 395 137 27 223 15 253 388 333 389 21 14 406 178 254 484 119 187 318 407 116
1 4 15
177 404 172 224 344 411 114 465 445 145 22 181 287 353 182
1 6 7
306 164 381 454 27 9 172
1 18 25
281 68 130 48 451 366 435 377 463 7 246 169 112 162 40 234 127 357 470 329 269 335 188 387 299
1 11 17
399 379 444 147 388 384 497 231 279 105 366 289 273 250 182 164 360
1 3 2
160 327
1 20 18
364 335 117 93 103 256 12 59 227 242 485 186 400 269 422 468 371 231
1 13 24
457 308 130 194 134 385 400 466 363 254 131 435 291 418 10 320 57 494 443 212 181 184 273 298
1 14 19
479 413 253 35 359 390 493 447 376 272 222 490 232 194 383 181 185 411 353
1 10 17
19 213 180 167 383 186 232 308 63 217 361 59 363 325 62 157 288
1 17 8
256 236 66 438 41 435 57 369
1 19 13
465 487 54 406 446 457 149 451 385 413 40 495 32
1 10 21
324 397 216 120 481 310 440 329 471 138 61 286 227 295 404 268 68 25 126 12 267
1 2 10
323 396 243 328 157 184 347 159 304 210
1 9 25
440 11 252 378 407 439 178 68 456 189 418 307 454 167 445 433 357 97 148 31 489 201 35 346 38
1 5 24
339 422 269 240 118 184 373 433 294 499 239 57 250 242 9 398 349 401 131 421 303 206 43 241
1 18 6
399 105 48 8 496 26
1 17 18
173 190 141 258 59 411 220 493 379 348 126 114 276 432 90 248 263 20
1 11 6
223 306 430 256 205 48
1 2 24
461 429 7 343 103 223 105 331 378 115 273 396 187 491 70 201 327 329 400 81 271 409 162 312
1 10 3
190 457 279
1 17 21
466 366 243 278 413 95 183 474 300 383 36 498 322 372 94 428 420 175 107 149 280
1 16 11
54 266 219 366 411 441 458 8 5 24 483
1 9 23
257 376 352 122 3 374 129 238 266 219 243 284 59 314 53 141 428 273 51 296 89 386 460
1 12 7
448 260 375 442 474 40 381
1 15 20
209 190 313 17 300 104 233 429 371 183 330 415 273 266 58 484 116 22 485 324
1 5 8
201 282 71 369 295 413 224 113
1 3 2
15 362
1 20 23
220 180 425 348 42 430 475 433 103 209 280 268 379 314 215 21 58 371 143 71 296 444 414
1 18 24
293 127 336 329 326 403 90 247 268 374 464 475 208 201 109 353 481 407 320 59 178 245 147 298
1 14 17
314 196 308 110 228 44 366 381 384 432 172 50 480 35 191 375 484
1 10 5
416 346 497 393 149
1 20 18
385 96 276 271 40 222 415 283 48 424 152 409 298 322 373 134 486 437
1 7 3
68 5 276
1 16 9
183 216 449 41 116 106 280 25 434
1 2 11
281 274 363 409 350 394 398 218 224 245 251
1 17 2
379 411
1 14 2
323 13
1 15 24
72 266 308 56 175 9 8 476 178 42 76 278 440 208 296 356 473 387 58 2 254 138 453 484
1 4 9
56 22 141 492 263 413 314 451 134
1 15 22
354 269 226 392 77 139 459 17 445 28 372 166 39 261 462 244 415 263 68 104 441 78
1 18 16
68 402 90 284 173 364 204 118 125 32 209 261 45 163 457 272
1 10 3
273 437 468
1 4 2
368 309
1 11 11
31 352 205 106 153 145 498 374 243 226 311
1 2 24
305 105 285 40 453 298 444 324 224 268 90 199 227 407 110 304 86 239 128 161 287 271 133 203
1 13 18
17 204 347 328 458 177 378 36 137 210 103 348 452 468 212 469 167 175
1 4 18
488 495 484 493 205 155 163 134 258 384 374 157 82 187 135 101 331 190
1 7 24
111 245 48 114 133 182 162 272 207 166 16 386 295 383 154 307 105 324 200 283 184 31 352 72
1 10 2
13 482
1 19 8
413 350 220 443 381 83 73 453
1 13 14
255 79 64 180 49 27 112 176 445 487 157 275 496 87
1 17 13
456 288 134 196 413 434 403 359 94 251 296 55 84
1 1 8
479 404 289 293 47 335 375 397
1 8 15
273 275 126 465 390 36 198 495 53 310 284 395 28 276 86
1 18 17
301 299 163 236 175 399 51 241 441 214 231 318 293 303 353 408 442
1 13 10
311 340 394 355 98 467 114 136 383 128
1 9 22
377 398 371 229 87 212 426 63 350 418 112 99 458 88 455 83 76 66 261 95 12 272
1 2 2
21 370
1 8 16
144 301 406 220 117 278 2 176 290 4 439 403 451 199 241 476
1 17 23
95 270 109 74 425 179 125 138 89 395 44 320 324 260 253 373 75 258 424 98 67 150 267
1 10 25
194 151 175 203 484 103 246 340 483 182 22 163 239 390 97 64 398 335 366 128 496 352 158 487 124
1 14 5
96 218 138 333 121
1 9 17
166 140 350 220 141 406 453 499 281 335 73 230 334 102 246 159 244
1 15 10
148 117 485 78 459 477 238 14 353 371
1 6 13
45 305 215 347 172 65 354 160 472 57 201 337 247
1 19 20
28 450 156 495 313 197 265 289 470 62 42 158 364 373 367 280 126 436 372 81
1 13 5
257 442 480 154 125
1 16 8
43 29 142 167 394 28 280 391
1 13 5
24 468 13 463 424
1 20 3
335 401 161
1 19 10
200 376 268 362 235 493 104 457 122 127
1 17 2
119 208
1 20 13
364 272 34 228 295 92 428 330 162 468 136 140 250
1 19 17
182 198 436 353 44 135 191 227 81 402 92 147 97 128 126 164 372
1 1 24
325 54 32 238 107 200 142 496 357 396 290 431 146 272 35 446 301 111 360 121 190 216 112 156
1 19 2
496 141
1 6 3
483 63 175
1 8 25
438 245 152 55 146 401 27 278 227 117 207 468 84 428 78 302 477 359 253 191 11 379 147 277 293
1 14 24
206 296 425 377 193 304 54 168 390 166 421 497 190 207 77 446 27 260 224 457 14 468 218 46
1 9 24
209 148 385 282 239 232 461 287 25 485 372 177 293 378 475 228 297 466 434 281 279 92 150 361
1 9 2
377 379
1 3 2
278 53
1 14 14
185 50 336 161 146 220 71 194 388 252 93 135 197 228
1 19 8
106 378 23 40 365 248 260 247
1 20 22
418 63 486 95 14 316 483 291 258 93 115 287 362 21 234 103 373 276 356 241 331 318
1 17 7
396 408 323 282 454 56 442
1 16 8
201 268 40 203 449 264 451 456
1 20 21
209 87 134 34 3 273 256 153 96 164 155 386 168 356 15 49 118 272 324 187 354
1 16 11
214 171 119 404 31 103 201 61 433 122 298
1 17 25
93 10 82 404 28 461 328 429 255 439 451 115 247 4 312 341 91 315 321 374 27 405 242 173 382
1 10 2
233 282
1 16 8
285 117 268 170 246 312 461 297
1 6 3
245 360 448
1 15 25
242 225 300 173 460 229 106 17 181 121 312 166 316 334 144 6 219 296 344 69 197 259 19 149 150
1 3 21
25 14 466 224 90 337 427 317 117 141 456 409 480 366 448 130 196 477 134 140 79
1 1 10
226 339 387 103 171 79 241 315 38 308
1 18 16
330 316 160 17 368 138 474 413 178 268 244 433 417 281 28 410
1 16 12
379 171 450 222 57 403 132 102 364 255 219 410
1 14 15
316 63 483 79 166 116 192 206 111 333 177 240 212 469 331
1 6 13
437 210 386 244 85 477 291 302 98 191 94 116 357
1 13 18
213 225 230 18 425 260 306 437 337 320 157 1 385 110 252 58 150 54
1 9 6
361 377 129 385 475 426
1 11 21
77 259 53 289 33 75 184 311 9 368 100 350 343 277 367 465 30 224 198 498 308
1 8 19
477 425 270 472 181 492 169 93 389 283 418 228 52 58 385 16 139 368 194
1 8 6
369 65 68 232 461 248
1 4 7
253 141 232 453 301 14 314
1 8 19
110 443 62 287 152 479 205 471 488 91 111 450 433 348 132 467 476 385 144
1 11 22
224 185 479 42 99 250 85 304 169 52 388 45 295 2 36 331 444 312 1 241 340 51
1 18 21
68 148 382 78 393 418 257 429 383 271 137 191 261 467 384 263 355 44 91 307 25
1 5 5
431 113 437 104 359
1 19 24
472 422 157 437 482 67 486 137 465 375 497 63 388 182 84 212 136 262 216 332 164 172 232 114
1 3 4
393 129 373 31
1 13 6
185 48 11 398 74 408
1 9 21
437 495 129 427 275 247 192 467 105 127 92 238 89 342 452 470 444 318 486 288 240
1 9 4
91 404 468 112
1 11 2
470 295
1 13 6
132 297 194 203 497 409
1 16 2
162 454
1 2 13
354 355 486 453 344 250 394 141 488 105 76 68 323
1 18 20
169 332 450 11 264 216 239 41 161 303 252 77 40 242 391 149 210 202 249 354
1 10 22
160 16 98 314 317 43 358 46 232 214 115 66 138 357 254 212 96 60 399 322 332 54
1 7 2
254 22
1 13 16
456 147 305 20 205 146 126 409 289 71 59 227 380 136 164 369
1 15 12
412 129 356 110 143 422 368 254 334 288 179 217
1 8 22
90 93 42 391 431 123 209 142 23 31 416 29 19 422 366 295 103 340 466 469 172 57
1 2 12
342 323 442 448 87 422 231 62 122 228 84 491
1 6 12
472 119 421 72 394 362 38 378 326 499 405 254
1 1 10
64 32 105 46 467 498 184 311 175 336
1 10 24
222 18 301 106 309 5 266 470 99 269 161 312 141 69 134 220 65 12 311 350 171 33 14 434
1 15 13
470 400 158 15 301 453 223 324 194 137 363 49 90
1 17 25
364 20 97 42 478 422 21 323 5 249 378 282 262 374 29 239 206 92 221 352 491 457 280 8 23
1 9 14
490 98 142 124 420 427 493 417 138 393 133 119 491 454
1 10 21
250 387 77 263 293 223 201 391 366 32 452 349 144 278 142 58 361 240 2 463 409
1 17 17
167 188 323 107 48 373 236 25 196 358 173 122 492 466 189 104 384
1 7 12
432 413 461 423 402 7 323 453 34 473 253 464
1 18 16
82 418 317 447 466 308 182 498 239 350 371 146 54 256 171 44
1 4 24
285 348 399 328 420 124 345 451 354 122 43 486 107 258 269 220 292 101 379 352 163 466 368 403
1 4 3
455 461 104
1 11 3
270 280 408
1 20 22
221 30 131 371 366 40 383 66 443 72 428 207 477 497 75 150 334 481 3 83 232 228
1 4 21
286 119 429 438 445 340 179 398 377 301 334 91 331 409 347 267 56 88 215 324 363
1 10 22
74 57 351 288 127 226 342 423 356 276 11 220 99 362 165 273 48 495 218 311 456 316
1 8 4
172 350 338 80
1 17 17
292 215 279 7 317 221 71 451 146 456 209 360 62 348 450 379 109
1 3 3
140 384 325
1 11 12
450 223 320 402 386 443 444 137 343 285 27 270
1 11 11
237 472 281 269 85 236 279 333 159 272 443
1 11 15
468 50 158 58 40 157 327 446 4 305 108 37 203 240 460
1 15 2
220 218
1 15 12
264 349 325 364 218 176 443 341 110 270 496 448
1 7 24
321 275 200 406 280 326 392 35 139 178 450 135 222 464 103 482 180 155 272 400 436 425 163 352
1 19 7
188 336 106 107 14 145 247
1 1 17
278 185 31 270 405 187 263 177 161 302 334 274 358 87 83 131 308
1 12 5
14 256 262 301 209
1 4 11
494 480 477 367 372 386 282 262 297 253 498
1 3 3
117 251 148
1 7 9
393 362 40 336 461 496 286 296 187
1 1 10
237 447 78 369 1 41 129 152 361 80
1 9 4
69 495 164 452
1 1 12
17 419 28 304 332 148 287 397 137 53 35 26
1 14 20
28 53 214 384 127 8 457 50 428 337 192 92 363 125 158 423 393 368 460 225
1 7 3
36 21 289
1 11 24
486 235 385 195 391 343 170 469 49 271 298 117 62 154 279 424 5 408 280 259 313 32 290 209
1 4 9
476 284 178 220 23 317 228 45 273
1 4 3
242 445 55
1 19 12
98 122 10 38 125 228 467 262 85 442 172 360
1 11 9
122 400 97 453 446 437 260 319 436
1 13 18
354 198 192 443 348 12 139 258 238 356 260 222 486 499 431 114 21 312
1 11 4
30 385 471 281
1 16 13
15 478 445 135 241 158 277 464 144 214 453 377 462
1 6 24
13 478 384 41 158 256 423 272 173 439 30 73 289 67 104 194 231 264 15 62 308 319 39 301
1 10 23
433 237 80 49 375 36 332 280 198 438 494 234 498 57 155 38 416 404 102 131 62 415 241
1 2 11
0 432 215 23 420 84 199 22 343 316 491
1 1 16
1 474 156 190 56 304 139 179 263 57 439 135 270 345 234 45
1 4 21
301 134 458 248 223 470 417 477 45 18 318 496 302 118 307 303 43 493 125 314 133
1 4 14
498 410 425 53 366 130 151 102 405 490 414 57 437 65
1 1 21
186 288 476 176 477 444 257 489 169 184 256 78 471 396 451 360 371 162 289 475 39
1 7 5
198 165 214 171 297
1 12 6
30 142 237 191 477 242
1 11 6
456 443 448 34 138 344
1 11 5
395 224 71 133 411
1 2 6
236 451 121 498 211 458
1 2 25
353 10 16 138 175 310 25 395 103 125 363 311 177 19 132 269 463 56 443 334 364 485 114 119 490
1 1 25
82 77 44 311 58 454 14 92 268 165 28 344 115 211 113 62 37 1 85 91 465 473 496 29 325
1 19 12
416 483 293 404 174 225 182 320 118 164 330 272
1 8 2
115 349
1 8 2
224 444
1 18 19
74 76 204 434 126 300 499 380 39 241 203 415 324 150 337 487 344 294 226
1 8 21
367 166 355 85 449 357 135 168 245 455 437 241 90 483 267 205 204 32 84 307 222
1 17 25
164 231 156 431 363 475 341 323 263 392 302 8 482 121 163 397 443 308 128 379 495 70 189 188 412
1 2 15
61 392 83 150 221 28 109 347 336 104 115 50 484 187 100
1 20 3
420 174 207
1 5 5
62 343 115 417 129
1 10 16
488 166 277 203 6 438 280 152 131 317 233 252 328 472 439 38
1 18 12
95 492 355 478 335 308 414 89 486 457 64 14
1 19 11
394 197 66 56 296 415 443 401 196 17 156
1 19 20
36 260 418 116 79 341 246 59 428 480 357 48 164 157 485 207 475 42 45 97
1 6 14
396 473 419 52 323 418 66 221 482 79 391 321 452 447
1 20 18
366 120 0 345 206 377 93 425 213 471 118 191 303 41 448 371 80 184
1 1 9
159 164 441 485 99 108 448 281 291
1 19 2
192 184
1 5 5
336 13 281 247 147
1 4 23
154 80 0 264 44 2 27 146 36 392 200 161 145 391 487 243 199 497 139 138 201 205 363
1 10 11
209 308 84 35 141 157 372 177 80 411 366
1 5 25
240 289 364 323 264 372 9 421 168 356 10 272 426 415 387 123 437 402 20 271 443 223 57 207 297
1 7 15
486 249 60 198 366 275 382 357 56 3 353 162 359 307 441
1 7 17
208 103 3 426 60 458 219 370 165 239 233 315 99 136 16 401 334
1 13 5
72 273 483 192 318
1 11 23
185 26 411 108 53 389 311 91 121 222 478 225 462 8 86 422 152 90 131 366 171 160 364
1 3 8
441 432 457 184 396 330 493 11
1 14 19
239 442 413 338 109 295 319 435 141 321 189 326 10 154 358 173 123 370 75
1 2 18
256 215 240 242 330 156 409 82 366 315 338 237 354 497 488 276 22 182
1 5 22
385 92 336 52 110 433 296 81 376 363 356 430 479 289 104 93 379 64 408 44 112 390
1 5 2
419 91
1 3 20
97 483 449 429 494 237 104 464 102 495 110 327 461 344 444 194 264 467 53 87
1 9 2
81 341
1 9 24
236 364 42 214 487 390 270 176 233 28 316 326 209 398 330 30 177 492 432 163 389 18 308 2
1 10 11
298 143 162 39 252 175 207 449 459 405 43
1 9 24
216 374 256 478 181 423 437 338 235 128 424 363 465 78 260 142 482 64 95 345 303 304 106 422
1 12 19
226 268 163 479 105 345 29 416 106 80 442 446 119 88 470 475 114 452 379
1 2 16
123 312 188 352 413 6 167 9 194 484 18 339 146 483 370 466
1 2 7
288 183 351 389 431 199 377
1 6 8
394 454 223 96 370 386 446 169
1 14 20
319 365 300 74 488 178 66 253 489 471 356 191 231 291 125 394 98 92 450 215
1 9 22
438 213 242 79 365 320 12 99 328 167 34 264 356 91 175 316 59 426 137 423 420 243
1 5 25
60 12 63 268 479 199 129 225 338 259 186 339 456 306 432 428 490 292 183 52 206 478 127 188 14
1 18 6
464 157 437 253 295 91
1 15 23
19 57 338 314 323 463 466 303 41 219 295 127 93 20 191 101 42 201 140 52 446 224 247
1 13 4
266 0 236 34
1 10 7
125 485 57 118 271 427 302
1 11 11
98 390 25 121 129 240 454 314 389 293 295
1 17 6
92 157 204 128 313 423
1 16 2
52 490
1 1 2
446 220
1 7 9
224 167 51 10 404 351 315 359 46
1 10 23
219 307 498 183 266 384 327 137 135 42 92 237 280 18 116 473 283 127 205 8 451 38 304
1 17 2
89 122
1 15 11
388 132 250 43 434 412 139 96 427 410 168
1 2 7
195 220 131 223 3 228 226
1 16 23
103 12 422 162 400 233 251 113 139 152 195 336 389 223 207 192 249 231 154 321 227 220 118
1 7 2
183 296
1 2 13
316 186 14 168 437 63 6 280 26 142 27 285 384
1 17 19
133 289 38 332 137 156 474 412 336 314 143 101 454 359 78 92 93 377 353
1 10 12
200 324 313 81 250 461 470 34 489 134 263 28
1 18 5
419 248 434 499 325
1 8 13
462 276 371 83 326 471 357 399 482 259 167 315 58
1 3 6
164 138 217 58 487 74
1 19 18
158 250 326 426 268 484 92 358 260 38 95 309 64 412 117 136 9 339
1 4 23
175 155 382 284 185 121 301 125 450 330 478 129 309 276 191 134 91 182 159 241 258 336 412
1 16 22
378 498 115 412 424 347 327 28 177 155 402 253 241 26 225 392 467 233 313 187 171 199
1 11 5
13 306 111 236 494
1 9 11
398 492 150 258 223 344 142 306 231 269 374
1 9 16
109 376 309 58 201 380 479 110 217 177 477 237 282 492 331 372
1 6 24
103 379 420 165 156 183 266 58 145 310 95 238 119 332 267 32 4 389 458 279 377 96 84 438
1 14 6
478 388 488 367 121 466
1 14 24
246 33 323 138 49 448 375 301 402 202 199 288 395 311 287 218 444 438 317 131 252 442 45 161
1 10 5
450 460 211 288 257
1 13 11
498 181 149 162 102 169 465 407 251 298 445
1 12 20
3 93 5 13 172 113 300 98 96 406 39 68 226 401 458 225 63 202 375 400
1 14 14
309 382 82 303 215 281 62 174 276 128 14 229 334 351
1 1 24
196 128 228 362 92 425 360 470 369 136 171 283 488 159 268 3 276 104 328 210 490 294 312 487
1 3 10
318 357 295 62 177 272 354 281 372 435
1 13 8
300 275 164 8 425 197 258 12
1 2 10
89 221 154 136 190 111 376 283 322 9
1 10 5
3 362 294 318 16
1 15 10
243 122 99 193 301 349 453 241 212 473
1 3 13
181 122 454 335 245 55 52 153 332 195 205 317 310
1 6 6
379 463 181 236 150 380
1 13 17
315 487 147 292 213 244 410 215 471 441 14 55 8 421 6 49 288
1 15 16
332 95 12 8 34 378 304 198 395 469 189 116 199 384 422 487
1 19 7
250 123 170 40 53 280 322
1 13 14
478 315 451 228 256 214 483 419 165 218 61 148 496 12
1 18 13
352 320 68 213 367 14 205 481 9 240 48 250 140
1 16 19
186 177 447 498 473 274 194 258 286 372 310 410 266 272 21 183 126 169 192
1 18 3
29 191 110
1 14 10
233 295 239 404 95 439 482 457 248 419
1 20 22
91 52 444 194 258 386 319 487 188 222 342 126 168 349 155 393 117 313 322 252 329 205
1 11 15
237 5 266 310 118 46 152 175 79 312 25 97 94 60 121
1 6 23
473 336 276 431 445 85 228 297 286 144 25 131 453 178 65 274 326 243 475 319 347 426 172
1 2 23
329 431 484 43 38 268 240 179 221 139 306 421 443 183 48 470 133 389 158 287 226 89 54
1 18 4
154 325 186 20
1 17 4
12 322 51 17
1 9 5
269 480 110 40 488
1 6 15
234 370 117 476 238 100 366 373 499 187 201 145 212 419 210
1 2 20
489 100 10 49 388 356 124 472 234 289 0 87 219 203 442 16 202 218 357 386
1 19 23
448 241 311 15 317 353 148 435 115 295 14 128 57 299 239 11 309 275 6 85 375 265 18
1 8 19
404 322 175 188 198 12 345 246 248 0 24 226 395 164 92 485 256 160 76
1 16 18
389 121 251 166 23 377 290 451 297 242 125 243 201 75 463 148 59 162
1 5 3
106 436 344
1 9 8
73 129 362 161 389 420 346 202
1 14 16
418 286 320 64 156 411 242 326 108 317 452 483 253 173 478 408
1 12 5
277 264 340 265 399
1 18 8
311 292 456 130 212 300 413 113
1 5 23
20 178 418 479 51 333 417 367 371 191 176 489 403 194 276 222 27 248 359 436 56 117 285
1 19 4
34 140 341 423
1 12 16
458 9 397 478 398 479 462 131 209 343 262 412 235 302 148 379
1 5 23
94 493 296 93 344 495 95 327 61 179 236 254 450 46 37 428 206 312 393 363 62 213 11
1 19 22
499 19 65 484 488 134 306 396 267 384 377 175 408 279 294 133 487 376 406 155 138 120
1 11 12
391 424 335 260 301 295 392 64 298 456 179 117
1 5 2
490 110
1 19 6
495 30 13 343 333 4
1 20 23
207 278 221 384 183 95 446 346 316 370 374 17 106 315 405 157 334 197 223 308 471 352 246
1 5 7
379 111 450 259 381 252 234
1 3 24
462 335 210 344 147 395 131 170 464 246 199 234 321 341 274 277 235 133 441 105 470 410 13 316
1 19 22
207 312 250 307 119 102 472 30 422 195 296 227 223 415 167 375 313 403 104 48 184 116
1 15 14
125 397 270 47 150 283 337 88 111 203 7 209 298 388
1 1 6
97 429 67 189 355 358
1 11 23
338 227 433 339 78 128 445 55 58 461 263 132 448 82 244 252 465 434 6 466 234 7 198
1 2 2
261 317
1 19 10
292 200 117 105 355 239 347 432 491 285
1 8 11
167 364 251 217 100 369 221 216 283 136 448
1 18 23
394 163 363 67 13 251 349 450 391 158 295 2 402 193 123 234 314 217 338 75 299 125 288
1 8 21
444 241 360 61 306 43 424 471 228 377 276 311 209 168 213 56 439 245 182 344 174
1 5 7
221 9 87 117 347 184 453
1 2 17
400 460 191 224 199 62 477 314 128 5 3 136 130 430 436 301 50
1 17 8
373 36 148 10 455 226 131 279
1 1 9
92 34 133 432 173 191 161 128 158
1 11 18
102 455 480 285 236 368 119 162 373 371 425 115 123 246 2 241 324 60
1 10 13
194 201 471 131 428 267 205 406 243 340 197 453 359
1 9 20
324 329 480 161 309 104 136 94 365 129 428 256 126 41 174 202 156 97 17 453
1 8 23
447 495 113 19 311 139 143 293 63 365 76 319 199 388 492 470 85 30 302 200 264 246 253
1 18 18
419 388 308 387 417 378 309 295 240 333 299 174 338 56 107 9 445 5
1 18 18
426 454 98 158 313 268 289 118 297 142 306 157 339 327 233 88 277 488
1 13 2
474 320
1 9 22
110 13 12 358 393 242 39 480 461 203 210 48 72 91 54 429 331 212 319 487 32 148
1 7 17
396 102 76 462 84 60 182 352 453 497 26 335 382 353 423 29 345
1 7 14
176 16 324 378 372 269 469 226 472 367 268 404 440 396
1 4 12
490 85 315 412 386 379 277 74 453 380 68 83
1 8 25
67 302 143 152 73 25 26 419 42 385 277 453 149 323 399 454 496 197 427 360 467 374 45 440 65
1 1 3
176 384 177
1 18 18
85 375 126 173 244 355 279 479 104 226 232 340 272 343 204 9 172 129
1 6 16
490 289 63 173 468 176 254 123 159 411 426 35 84 353 2 487
1 19 6
325 37 71 341 278 439
1 18 23
271 217 414 163 200 498 231 247 483 471 258 490 325 425 236 83 116 158 375 99 492 396 418
1 12 21
14 406 402 4 209 290 376 270 239 59 53 318 334 81 478 27 148 86 169 200 421
1 20 3
50 243 78
1 11 6
153 435 205 79 101 220
1 7 2
13 408
1 15 5
162 83 77 89 213
1 8 19
281 327 498 167 39 442 81 135 345 140 31 146 183 393 341 201 259 249 205
1 3 17
361 161 229 368 437 475 330 195 233 128 36 138 335 220 6 136 329
1 4 16
273 469 456 399 65 432 96 294 485 166 341 487 98 396 242 10
1 1 19
213 386 296 237 281 299 458 471 495 441 361 153 482 293 72 173 254 147 404
1 3 16
236 122 51 108 249 151 218 499 390 403 1 291 348 431 136 94
1 17 20
127 216 30 221 186 450 192 437 401 493 201 227 337 59 114 88 110 327 5 140
1 14 12
213 265 235 292 61 379 30 324 494 136 355 294
1 1 5
203 445 224 184 226
1 20 5
481 243 15 296 454
1 13 9
2 261 213 172 357 456 36 493 295
1 19 13
213 448 477 364 111 489 156 41 497 323 286 7 36
1 5 13
277 13 40 140 303 458 260 124 221 168 165 273 287
1 9 20
231 52 478 6 276 416 89 157 353 71 211 198 234 143 119 75 343 131 392 296
1 2 7
440 62 194 104 378 420 277
1 7 25
288 385 179 433 333 331 50 364 49 66 338 357 76 462 276 224 315 256 494 495 35 436 457 230 445
1 19 22
442 36 218 321 451 8 381 384 149 420 430 452 395 113 85 208 143 301 51 214 435 209
1 20 17
194 269 414 268 491 66 439 135 9 369 461 452 442 176 260 466 241
1 8 8
180 218 173 371 279 272 87 495
1 14 7
184 133 483 493 250 427 408
1 19 14
219 237 273 119 411 492 271 96 226 382 464 234 300 258
1 18 24
19 491 367 115 477 248 398 492 278 128 69 313 107 153 21 335 419 104 59 455 45 78 37 385
1 14 14
116 462 482 376 118 398 130 33 391 324 150 13 37 438
1 2 24
284 422 61 67 188 270 6 304 55 243 440 325 454 446 203 148 225 307 117 106 318 399 180 333
1 13 21
298 78 117 75 20 442 434 57 39 319 276 256 216 261 494 204 464 299 390 409 484
1 10 25
300 52 157 203 54 56 122 253 494 385 452 345 348 481 50 463 99 2 342 140 81 12 176 302 325
1 20 24
70 132 276 25 302 286 155 298 330 136 23 491 492 26 322 345 202 282 488 456 360 232 377 138
1 1 24
114 164 105 212 404 380 363 338 213 165 3 437 14 260 415 43 306 475 428 172 158 452 180 433
1 6 2
117 176
1 6 14
485 85 218 284 97 36 240 285 252 396 43 489 181 127
1 16 21
362 148 9 304 86 315 31 325 445 366 472 42 371 47 424 218 5 433 203 257 278
1 2 11
486 70 179 370 6 346 150 261 382 115 447
1 19 17
370 413 258 376 148 189 383 318 470 137 267 326 255 160 426 399 22
1 13 22
137 31 495 392 307 425 54 259 369 135 464 142 34 118 80 96 331 448 353 440 179 254
1 5 15
48 361 333 470 395 463 93 258 370 204 250 246 265 242 287
1 7 4
15 113 441 362
1 1 9
46 402 223 352 52 67 197 430 82
1 1 15
262 482 290 265 424 343 135 389 409 130 320 385 454 462 472
1 12 20
102 76 92 467 210 245 386 402 73 464 207 108 291 125 121 65 388 209 51 488
1 14 12
493 278 218 195 141 263 436 321 405 18 84 307
1 7 22
117 38 156 177 18 452 62 353 238 231 320 469 365 290 35 424 392 276 405 162 385 239
1 12 21
112 398 188 97 106 443 107 340 346 332 480 169 455 442 361 154 238 174 471 46 216
1 9 17
289 62 357 48 45 303 383 458 463 309 206 492 468 37 149 117 380
1 1 25
359 65 158 107 203 484 84 498 257 96 172 199 300 316 204 148 130 35 233 195 95 165 260 47 388
1 11 11
370 388 158 321 380 51 206 417 445 13 8
1 1 3
378 189 100
1 1 2
266 165
1 17 15
87 265 494 6 57 242 116 314 424 52 197 487 433 117 217
1 6 11
315 418 376 342 255 64 210 296 318 480 494
1 20 14
161 383 465 321 434 11 498 5 137 484 23 404 386 238
1 7 20
24 93 295 186 315 290 70 488 161 204 205 33 360 375 374 99 303 419 66 458
1 5 10
144 260 236 319 69 335 418 430 389 370
1 19 20
441 138 285 332 63 154 218 458 375 264 429 4 368 269 463 236 216 384 162 110
1 9 14
270 168 161 453 389 279 466 353 322 164 104 379 254 115
1 19 24
455 132 38 171 477 189 443 96 63 313 92 243 405 14 160 303 449 454 180 196 351 163 312 396
1 1 12
130 41 464 104 135 247 495 60 340 286 144 184
1 14 4
155 490 297 103
1 20 12
270 249 420 97 303 280 216 200 189 451 461 162
1 20 10
182 192 302 162 59 193 258 297 20 337
1 7 3
435 315 349
1 10 21
233 110 379 434 144 320 189 138 330 321 47 2 291 255 190 173 203 422 399 125 326
1 18 23
458 262 16 414 366 149 333 385 182 446 492 194 73 249 382 434 266 131 5 245 270 380 248
1 6 18
207 15 342 393 167 395 403 405 487 103 238 383 81 159 421 420 145 377
1 5 2
283 468
1 18 5
234 372 221 145 155
1 17 23
468 479 423 303 309 383 23 453 327 341 8 416 29 429 290 214 372 99 359 466 220 474 118
1 11 23
473 306 22 483 351 76 105 487 320 448 247 174 65 205 263 44 376 85 211 180 357 35 42
1 6 20
4 158 399 390 192 381 86 189 454 297 306 439 112 317 45 402 304 281 141 18
1 4 3
383 181 425
1 14 20
205 53 198 31 39 52 434 104 242 33 303 190 212 19 425 370 450 227 211 288
1 11 21
427 108 486 416 450 115 269 229 157 344 2 330 144 423 216 277 199 328 317 96 74
1 17 20
496 373 455 473 474 484 393 112 335 33 162 154 231 36 219 266 498 293 286 283
1 15 22
274 52 51 466 233 47 78 126 129 417 440 121 17 434 353 488 117 214 347 116 361 124
1 2 22
146 294 230 98 182 140 246 449 290 13 161 152 417 320 162 444 284 77 55 313 251 18
1 19 8
393 263 83 417 226 376 435 218
1 10 24
119 130 340 69 258 38 241 391 187 387 125 415 65 77 164 453 122 324 283 158 174 101 176 80
1 18 16
400 481 341 256 390 41 34 416 429 455 97 184 202 239 63 348
1 12 3
111 37 73
1 1 12
436 229 72 115 134 135 400 16 360 430 372 81
1 3 6
260 238 141 149 135 210
1 4 23
240 314 319 478 287 353 182 480 434 216 419 436 398 280 326 123 329 416 212 439 108 213 117
1 15 10
92 150 450 174 385 453 228 264 159 359
1 18 14
364 122 124 325 362 81 73 198 428 265 401 42 66 272
1 20 14
142 400 122 172 100 271 286 75 273 308 498 441 59 44
1 11 6
280 130 469 461 229 176
1 15 2
219 112
1 4 24
296 493 167 395 225 377 230 412 446 163 385 224 396 344 202 472 443 281 313 406 360 47 416 68
1 17 3
441 323 445
1 17 15
399 52 179 220 73 286 129 453 3 356 182 280 439 170 389
1 6 7
325 288 17 273 272 158 315
1 18 2
417 447
1 2 18
374 436 4 425 421 11 170 282 66 406 423 245 411 219 117 24 157 393
1 19 10
327 432 391 291 475 98 52 347 311 318
1 20 8
112 472 426 279 326 257 60 447
1 14 15
71 109 354 115 104 80 127 340 77 461 442 271 420 161 91
1 8 14
341 166 54 27 347 345 455 50 159 370 30 37 127 207
1 4 6
153 373 46 265 240 196
1 5 11
67 53 105 344 378 96 427 486 367 102 423
1 7 6
57 136 50 158 173 172
1 5 15
445 248 367 324 83 63 277 452 439 268 366 376 337 32 229
1 13 20
405 146 244 6 69 113 446 344 171 108 4 429 128 12 237 46 341 232 215 122
1 20 23
497 375 37 147 419 374 470 345 69 456 55 495 3 387 290 168 245 401 265 463 86 430 5
1 3 23
122 335 481 473 289 316 394 79 213 227 371 84 3 310 158 153 383 396 284 178 392 232 302
1 20 15
468 484 493 45 241 112 70 318 24 495 127 64 446 404 249
1 11 10
167 317 410 470 45 388 234 426 258 105
1 4 14
183 395 496 254 119 18 190 165 424 235 179 159 278 174
1 12 15
110 112 444 276 488 293 42 196 267 277 367 120 181 12 457
1 8 8
399 121 0 468 495 133 335 436
1 3 15
432 459 102 325 348 400 454 336 385 46 138 469 316 107 55
1 15 8
451 99 107 22 464 351 195 18
1 15 9
51 489 158 70 304 248 269 404 271
1 5 19
169 27 422 69 95 11 231 22 94 219 239 21 393 41 39 289 286 260 193
1 8 7
285 75 374 167 436 337 141
1 5 13
248 17 130 321 60 387 120 494 326 245 426 293 180
1 4 13
447 45 69 352 372 298 170 362 187 321 398 291 124
1 4 5
79 241 42 231 447
1 18 4
478 183 391 75
1 6 5
27 90 164 350 472
1 13 11
461 220 407 217 42 249 327 330 100 379 243
1 6 14
243 180 52 209 114 307 125 368 196 72 9 499 88 475
1 18 7
318 299 84 161 209 378 321
1 7 7
288 452 473 486 105 383 3
1 9 5
197 176 247 180 245
1 20 21
328 259 319 102 392 218 455 36 20 411 152 283 465 15 426 349 457 452 406 298 382
1 9 4
129 48 362 131
1 14 12
12 190 66 50 499 130 390 96 182 180 53 470
1 2 4
369 58 193 169
1 5 25
339 378 299 106 96 399 219 440 338 397 31 32 104 351 358 37 420 69 15 273 48 185 223 216 13
1 16 18
451 370 352 428 311 406 32 110 252 361 309 325 407 166 418 116 403 336
1 17 20
479 134 110 3 2 112 99 32 74 293 377 348 43 153 68 379 444 157 459 344
1 18 9
313 385 78 461 82 180 453 184 376
1 14 21
444 397 369 440 441 438 300 498 241 424 170 292 122 185 295 38 402 482 374 450 81
1 16 6
65 279 71 256 315 464
1 3 22
235 305 84 203 145 254 272 57 433 317 182 206 174 459 294 67 405 370 465 450 129 15
1 8 16
130 345 113 317 166 462 432 69 339 331 22 31 358 419 491 376
1 1 14
338 421 158 226 182 396 290 288 375 415 314 164 63 213
1 11 7
208 399 262 431 324 408 40
1 1 13
136 314 425 322 490 477 227 23 133 75 432 73 421
1 7 16
359 392 19 207 489 419 262 223 135 278 279 192 307 231 92 133
1 17 13
290 164 179 248 489 222 422 38 194 219 408 253 84
1 20 21
280 407 440 125 20 189 491 394 208 337 23 304 243 316 70 295 2 196 124 100 47
1 5 12
305 317 95 462 27 48 7 345 447 148 306 376
1 9 11
406 446 420 462 248 200 1 251 285 152 497
1 14 23
304 354 132 377 399 385 350 449 443 69 466 111 192 104 164 368 23 394 78 60 278 125 96
1 7 9
26 405 377 320 217 373 48 162 231
1 10 9
308 418 374 6 241 329 253 411 456
1 17 18
44 51 56 1 403 429 224 333 19 389 67 64 385 296 12 109 284 350
1 20 17
322 435 204 144 483 413 238 215 299 149 255 286 459 195 194 381 280
1 1 19
325 161 56 206 378 285 479 411 288 301 291 367 330 266 88 137 364 176 28
1 4 25
462 16 405 479 171 385 367 277 392 495 63 187 220 222 400 72 404 451 354 74 498 365 56 45 329
1 3 20
53 129 234 154 285 58 343 128 345 12 313 479 95 308 200 397 457 476 72 50
1 1 16
237 32 315 29 193 72 226 303 494 313 295 379 142 277 36 118
1 15 12
364 91 304 42 380 289 427 273 408 228 168 180
1 1 20
364 370 130 60 68 304 327 59 142 54 160 189 375 185 299 44 235 433 476 349
1 3 3
465 134 2
1 5 4
210 177 58 224
1 15 14
367 325 93 452 244 318 37 12 265 395 180 133 438 272
1 1 10
150 183 393 87 399 84 274 230 162 248
1 6 4
28 383 338 462
1 17 8
227 414 9 328 431 438 220 158
1 3 4
452 467 94 447
1 8 16
290 79 409 291 108 90 337 66 241 124 278 245 474 115 249 58
1 15 18
333 152 91 225 369 109 142 108 121 74 78 271 116 194 296 157 416 309
1 7 13
36 156 287 359 125 299 314 401 124 345 440 361 349
1 19 18
493 283 160 112 129 277 374 145 389 50 31 478 193 200 368 452 40 352
1 15 6
366 462 298 226 120 303
1 8 15
45 24 106 293 110 13 253 377 22 150 166 220 29 328 196
1 19 17
323 262 397 202 371 80 162 217 142 435 352 237 393 322 422 113 492
1 16 10
221 437 4 86 51 126 350 310 167 321
1 6 8
356 148 229 271 24 279 91 71
1 17 5
378 170 32 421 265
1 13 24
144 117 267 240 339 463 455 100 305 83 362 361 174 409 181 116 170 405 40 419 121 495 478 201
1 9 20
184 10 126 105 209 211 281 150 298 295 268 288 178 371 355 68 162 31 183 233
1 7 13
478 87 133 141 63 251 257 428 412 121 241 221 334
1 12 24
334 348 75 182 116 310 226 220 2 400 55 461 105 409 435 404 176 457 111 405 369 87 102 282
1 13 14
207 168 198 66 84 402 36 423 332 409 222 320 119 432
1 12 6
200 125 177 303 468 460
1 3 7
335 212 407 208 484 72 196
1 15 25
224 345 305 338 163 41 256 391 2 126 177 225 460 279 69 360 377 235 138 88 112 119 383 370 175
1 18 8
7 22 425 238 9 62 111 226
1 5 17
245 12 141 136 288 102 133 204 34 138 330 414 227 366 210 190 193
1 19 7
182 24 362 205 190 366 12
1 6 6
369 16 365 279 285 54
1 7 3
55 95 435
1 9 21
489 213 134 395 144 430 498 492 467 338 450 261 159 323 149 137 168 423 469 364 175
1 16 9
3 153 334 309 129 495 449 279 246
1 12 24
83 169 322 471 191 358 418 219 75 385 347 210 460 282 177 77 353 438 224 320 105 235 302 180
1 1 4
216 96 238 108
1 16 8
267 461 66 301 94 150 190 15
1 17 19
371 488 394 22 219 325 205 93 23 291 147 351 63 227 241 482 426 376 89
1 3 23
39 473 21 209 205 12 153 441 173 142 126 453 312 226 357 141 370 261 217 116 484 394 363
1 7 20
228 152 98 211 396 449 236 186 313 203 327 75 366 439 248 435 158 360 90 177
1 10 8
419 188 125 499 330 220 160 60
1 20 10
453 234 188 463 145 27 97 443 325 308
1 1 21
325 253 15 250 97 286 106 409 157 20 222 107 49 401 414 463 139 377 12 294 184
1 8 20
208 431 482 346 291 284 157 281 392 472 227 336 325 254 434 446 461 452 345 187
1 16 17
134 479 88 314 394 139 114 478 165 259 484 351 158 256 252 290 279
1 19 23
79 91 89 302 421 305 40 78 58 423 435 333 219 410 351 108 86 84 34 347 406 162 201
1 13 11
2 184 249 271 194 387 52 48 37 173 139
1 9 5
136 193 258 335 206
1 1 17
452 279 446 28 198 451 440 484 232 403 218 298 60 64 106 169 126
1 9 6
399 297 328 304 169 309
1 6 9
87 130 314 350 477 257 406 82 166
1 10 22
55 122 106 462 364 173 112 224 82 448 324 322 63 244 255 111 426 405 433 257 47 99
1 19 19
89 192 356 321 388 162 429 416 440 401 77 469 491 412 493 141 358 323 343
1 9 18
313 498 312 210 358 319 240 171 227 226 170 6 37 290 123 190 159 270
1 7 16
41 248 471 68 494 184 274 85 321 470 166 366 231 428 301 221
1 20 3
163 440 19
1 11 18
308 172 307 491 152 467 366 488 88 157 23 299 369 431 212 24 407 186
1 16 8
456 409 208 174 315 57 96 2
1 7 22
25 179 245 288 40 252 236 6 231 498 50 137 431 94 455 215 208 281 301 256 243 445
1 4 7
23 339 103 212 100 437 285
1 13 22
413 23 142 139 202 183 129 302 194 409 377 179 450 386 476 156 98 433 24 407 124 287
1 13 11
25 92 307 328 449 86 198 353 314 445 276
1 20 8
360 493 348 409 428 60 218 288
1 10 11
275 408 410 361 466 161 235 98 365 151 431
1 10 16
125 83 121 446 11 105 473 452 493 15 364 400 494 287 302 240
1 4 23
84 159 87 366 153 237 485 201 120 442 166 127 424 60 97 410 254 55 342 235 49 333 19
1 6 13
287 436 41 118 344 225 426 336 165 180 422 66 350
1 7 13
173 181 297 10 360 163 0 422 99 454 115 12 168
1 2 21
204 494 229 182 424 456 71 350 40 288 419 23 367 206 134 217 13 170 45 199 435
1 4 4
164 14 131 464
1 18 4
416 165 499 206
1 4 19
191 281 289 401 297 222 80 245 2 146 337 190 484 405 487 318 6 463 197
1 12 8
305 408 255 252 219 493 267 175
1 8 19
42 448 310 361 204 368 45 262 238 455 158 122 210 370 167 250 75 333 111
1 12 23
316 238 468 455 212 393 19 198 382 300 137 65 346 35 237 54 452 153 294 446 301 150 466
1 6 12
413 325 213 487 268 465 7 32 113 324 308 254
1 6 17
384 315 7 304 117 280 249 60 371 182 55 486 314 73 449 199 447
1 9 9
386 172 0 140 152 160 389 341 70
1 18 19
357 472 119 220 439 230 418 454 437 328 369 27 50 338 170 419 42 482 398
1 14 5
144 133 134 47 298
1 16 25
165 433 41 371 399 21 260 384 247 25 301 162 75 331 176 157 424 298 266 24 89 342 219 432 302
1 12 15
10 225 376 227 210 437 218 277 371 259 319 350 373 329 179
1 16 2
66 456
1 19 25
305 130 436 5 252 400 406 448 494 338 94 358 191 343 438 490 414 143 391 299 47 193 340 30 85
1 8 10
225 46 88 241 120 335 97 108 33 230
1 7 8
436 229 8 291 156 403 498 14
1 1 13
430 382 390 214 90 12 239 299 319 405 71 98 150
1 11 20
79 311 203 498 449 19 112 5 192 165 65 161 287 349 322 235 394 54 334 93
1 19 21
129 130 327 317 202 372 443 313 132 209 89 284 362 181 299 305 499 117 185 104 429
1 19 4
0 347 8 401
1 10 4
29 423 154 408
1 10 24
491 476 65 462 81 456 169 190 402 329 5 140 142 133 27 372 281 62 75 135 15 76 91 430
1 15 3
154 124 247
1 3 20
125 182 379 184 404 78 447 117 168 434 12 66 1 483 258 377 222 440 309 236
1 19 11
392 253 145 209 183 105 310 373 406 243 70
1 16 17
412 464 148 160 337 242 18 457 262 375 138 89 398 16 482 333 140
1 3 24
161 47 316 67 451 231 154 300 194 321 381 355 377 175 149 402 289 204 57 456 59 496 274 487
1 16 25
236 1 83 252 207 426 31 35 464 136 139 279 181 482 406 449 108 251 68 481 110 133 289 234 471
1 18 22
201 132 319 23 452 207 364 65 489 209 374 11 256 3 275 103 401 73 341 360 248 133
1 9 4
10 260 414 378
1 13 8
127 400 57 181 360 20 65 357
1 7 7
410 123 20 113 53 374 276
1 15 2
24 105
1 6 8
377 19 295 211 253 14 491 486
1 16 25
234 17 244 467 245 247 212 153 376 268 485 172 142 80 43 348 298 147 337 269 120 194 486 235 301
1 3 11
286 355 404 256 57 238 215 73 209 222 495
1 19 15
416 41 21 61 46 6 140 471 10 280 14 16 334 287 467
1 5 5
381 477 493 160 45
1 11 24
350 236 459 396 11 5 434 428 387 112 344 386 96 336 0 10 397 254 405 200 220 464 232 147
1 16 23
149 257 425 288 461 280 373 181 440 281 77 369 478 52 437 47 420 324 342 128 433 367 34
1 18 25
89 200 478 127 350 11 265 465 219 259 10 186 215 448 481 401 30 431 499 204 75 473 84 99 420
1 15 5
104 385 144 224 465
1 8 17
118 26 133 240 403 456 355 4 124 212 312 406 269 87 433 412 426
1 11 22
485 27 286 116 40 350 446 374 396 218 395 66 367 431 261 223 352 192 123 226 61 328
1 6 23
161 376 156 349 112 237 84 210 157 302 93 16 234 396 126 380 249 405 252 212 419 149 118
1 15 8
420 20 185 97 304 73 493 109
1 7 23
3 383 124 63 357 278 359 29 243 478 434 339 144 226 89 344 430 273 175 19 284 83 424
1 11 25
76 227 300 368 402 451 96 118 294 409 134 17 58 443 47 296 476 126 395 234 293 446 480 29 382
1 1 23
315 61 274 403 373 198 395 241 304 168 38 375 75 141 347 342 205 470 236 329 344 230 428
1 10 14
205 112 147 308 374 427 272 67 387 345 283 21 115 33
1 9 17
140 319 460 477 382 408 383 255 284 105 357 254 210 338 69 455 84
1 2 25
151 130 365 55 188 72 229 311 228 258 144 287 32 452 470 25 187 363 382 143 341 279 99 224 21
1 4 18
161 192 28 47 83 58 352 124 331 13 25 488 171 364 460 131 458 443
1 8 9
19 429 76 176 358 15 13 343 132
1 17 7
478 268 188 355 293 86 107
1 14 5
349 80 380 327 185
1 6 19
319 476 266 405 427 31 420 366 33 348 250 428 320 279 42 52 235 374 29
1 6 22
418 327 430 346 283 450 95 489 284 88 181 20 239 204 77 498 133 472 158 124 484 448
1 8 7
281 139 162 88 255 420 443
1 17 7
183 212 215 112 166 256 45
1 4 4
231 142 388 106
1 15 17
484 214 324 458 487 342 387 238 271 105 318 300 384 194 184 89 283
1 9 24
21 302 223 40 11 443 51 297 294 161 290 235 421 262 316 32 157 280 129 353 35 176 233 97
1 16 10
77 145 112 170 123 296 154 110 378 348
1 6 10
385 259 56 309 114 46 471 323 156 51
1 2 13
178 475 226 162 317 445 176 480 115 268 137 106 274
1 2 15
336 330 448 357 213 362 30 45 348 157 230 245 92 416 451
1 6 14
214 295 16 24 237 290 298 393 406 231 413 457 58 78
1 16 19
174 136 211 296 433 59 371 317 302 306 25 138 141 392 389 26 256 459 31
1 12 19
124 397 241 182 387 499 71 82 400 154 149 301 203 328 355 362 454 289 246
1 19 8
202 463 205 108 87 90 214 178
1 3 14
346 494 180 152 154 37 89 337 386 129 394 398 46 216
1 18 18
432 89 372 42 363 297 21 485 172 224 200 463 47 447 213 141 79 360
1 6 16
348 492 370 269 89 267 305 493 239 378 55 360 9 333 285 14
1 8 23
297 24 143 9 56 145 69 453 183 422 134 221 385 131 171 349 237 62 140 207 199 194 81
1 9 5
368 323 14 410 19
1 3 2
246 175
1 15 17
176 32 193 121 446 13 317 95 112 135 44 166 343 291 93 264 301
1 7 23
315 150 7 126 398 116 218 211 306 160 152 12 222 43 195 404 66 255 489 3 76 239 72
1 13 8
244 315 169 444 107 293 260 269
1 3 13
130 370 4 491 54 36 262 470 57 487 158 285 268
1 16 16
386 326 22 145 364 86 320 69 154 64 90 7 313 13 371 225
1 5 8
186 251 338 443 220 25 115 468
1 6 21
40 362 21 16 149 400 269 180 135 26 218 20 184 211 84 132 345 131 127 171 477
1 19 19
70 345 85 29 86 118 228 186 243 477 283 450 111 388 338 336 429 287 164
1 7 20
230 440 44 1 208 425 381 89 243 325 217 354 264 453 277 180 146 210 463 69
1 14 9
264 213 395 420 208 430 423 151 7
1 8 15
345 234 354 347 453 455 370 265 256 260 298 444 222 53 244
1 5 24
185 455 161 129 189 37 344 27 493 209 249 216 426 401 228 82 86 34 100 32 232 315 316 182
1 3 19
46 129 294 372 439 124 114 56 176 360 142 102 75 48 370 470 167 250 469
1 16 12
447 221 201 240 306 162 308 197 78 226 19 101
1 2 21
221 441 47 61 295 470 339 99 170 310 256 17 162 395 252 259 389 358 462 333 22
1 8 6
311 460 162 80 313 368
1 2 9
249 6 145 284 165 486 329 483 130
1 18 17
86 158 402 106 401 89 446 478 290 51 347 188 443 484 168 91 214
1 16 10
150 140 417 349 451 406 46 366 477 80
1 11 24
69 89 268 264 275 273 449 311 209 407 90 400 173 261 364 283 182 480 458 322 392 332 485 138
1 8 25
463 451 314 122 360 417 458 15 163 230 244 59 2 5 170 237 495 452 303 26 248 347 442 295 61
1 1 12
121 308 371 124 255 5 204 226 71 324 135 420
1 1 18
406 487 137 428 33 209 407 287 220 265 317 63 358 60 398 375 262 466
1 8 3
51 73 306
1 17 7
19 252 394 418 12 242 51
1 4 13
16 460 24 283 464 17 242 204 19 372 415 484 294
1 19 9
30 222 81 188 366 107 488 178 294
1 1 9
179 169 351 473 388 252 60 136 437
1 14 18
397 350 151 90 218 250 351 336 377 191 256 340 333 396 420 378 248 99
1 5 13
482 147 114 494 134 236 292 357 425 120 465 326 261
1 14 21
432 65 219 235 463 284 34 384 194 129 496 412 173 326 400 172 265 144 336 137 177
1 12 11
133 484 366 3 216 345 242 424 380 187 274
1 6 13
109 75 347 351 134 292 311 411 496 10 114 486 111
1 7 11
460 444 471 215 474 273 322 323 67 240 301
1 3 8
55 247 159 252 273 208 126 291
1 7 9
342 177 247 230 29 185 387 249 381
1 20 15
273 387 131 312 170 109 226 168 257 295 56 179 31 138 335
1 12 21
281 227 250 80 207 273 286 52 69 106 192 104 391 243 423 114 23 334 338 234 202
1 16 22
410 101 19 138 208 481 498 425 249 124 354 24 40 381 26 3 89 452 12 214 258 35
1 11 5
226 345 425 414 227
1 13 3
213 209 92
1 10 10
335 493 291 338 176 15 449 226 312 66
1 14 4
263 61 326 285
1 11 7
67 440 116 465 373 254 302
1 9 2
290 127
1 2 23
339 42 267 442 77 410 66 115 23 233 373 1 138 214 435 299 443 259 292 279 101 198 345
1 15 11
60 361 135 236 447 427 480 302 468 335 282
1 7 15
334 263 411 4 366 330 298 481 27 125 432 228 93 416 6
1 8 9
474 127 449 336 81 465 479 370 226
1 13 14
295 370 346 222 61 493 28 289 124 358 120 193 164 462
1 19 20
367 479 492 436 361 29 69 291 274 21 457 17 204 38 283 189 421 438 377 476
1 7 4
1 182 4 102
1 8 4
27 174 371 380
1 15 11
106 72 442 211 271 428 465 134 171 253 432
1 10 13
280 174 230 318 358 180 131 199 185 217 289 147 372
1 7 24
1 285 497 454 50 27 417 402 479 255 377 358 265 297 219 429 233 195 245 141 492 137 132 393
1 1 12
295 327 466 226 381 23 19 422 495 48 73 142
1 12 22
290 322 369 195 295 19 102 387 222 307 338 365 400 122 42 478 12 442 321 310 161 216
1 8 20
490 304 62 161 216 141 315 179 142 114 317 244 32 435 166 109 224 320 282 14
1 19 19
297 6 154 163 242 432 459 71 317 365 448 382 41 495 114 376 168 274 109
1 14 22
214 191 305 96 332 114 295 279 313 123 45 67 425 6 287 212 363 356 118 389 386 256
1 8 14
444 229 112 261 4 395 484 183 334 201 267 14 244 99
1 3 17
218 448 414 398 373 192 451 6 167 134 388 339 76 216 282 461 92
1 11 15
459 41 322 326 401 173 44 24 430 498 8 489 251 393 334
1 10 24
455 447 284 153 428 20 425 388 471 452 484 53 208 277 308 184 451 154 300 136 420 283 199 235
1 15 16
121 497 305 261 188 490 295 154 128 201 89 291 220 419 347 257
1 6 8
399 83 340 164 336 262 235 397
1 13 16
275 471 329 448 108 333 183 271 179 330 53 492 478 304 190 292
1 13 19
435 102 200 364 421 226 466 275 16 82 18 362 361 34 411 352 247 5 330
1 15 20
400 384 222 370 482 485 100 318 294 77 137 356 475 11 107 116 395 73 401 376
1 6 19
233 292 305 142 489 150 102 340 34 217 78 425 71 63 381 204 92 315 85
1 13 19
89 467 454 51 159 199 333 171 45 441 62 398 390 107 304 382 406 316 324
1 3 17
379 11 32 31 203 276 187 422 127 468 66 4 346 392 355 371 68
1 9 5
307 263 9 243 413
1 4 8
238 495 123 461 482 42 314 170
1 17 15
115 246 451 256 51 36 72 253 191 429 90 126 488 81 472
1 4 5
73 4 101 287 352
1 16 11
423 442 260 451 228 157 192 382 312 122 36
1 2 17
276 22 142 130 55 56 432 114 67 257 68 321 327 64 377 241 243
1 15 11
282 451 74 306 215 487 269 167 260 337 263
1 20 2
294 362
1 13 2
284 490
1 13 5
231 455 87 374 41
1 1 21
138 361 458 53 106 193 474 454 149 122 466 126 300 123 429 364 175 392 352 93 200
1 12 13
410 372 143 430 91 425 380 274 258 138 7 433 83
1 1 11
340 152 327 24 423 326 198 270 366 186 490
1 12 22
490 105 287 52 154 336 306 64 6 137 346 8 406 108 87 361 118 443 11 2 126 410
1 11 23
406 77 470 112 269 443 130 448 8 320 231 150 333 298 300 38 92 312 438 322 81 230 166
1 10 3
488 301 122
1 3 7
8 462 139 449 271 52 135
1 2 16
436 128 456 299 437 388 202 480 98 265 380 315 103 267 250 459
1 14 7
124 106 363 103 11 188 394
1 6 21
218 145 193 190 304 306 432 428 317 160 294 474 211 77 418 172 404 142 459 206 44
1 18 16
245 444 72 476 215 39 386 282 152 210 380 135 342 385 360 473
1 10 19
200 333 212 486 393 233 370 302 304 11 376 249 329 184 471 22 3 234 119
1 15 5
407 178 117 156 323
1 15 2
297 233
1 6 10
392 405 390 355 360 486 330 86 438 439
1 14 4
232 185 152 406
1 6 12
75 244 479 291 442 212 324 456 425 65 280 478
1 18 16
379 436 275 143 317 74 398 201 18 234 77 341 486 135 426 224
1 11 16
191 318 454 344 326 211 180 143 201 152 92 124 260 142 322 60
1 14 11
405 353 304 91 53 313 291 36 289 417 177
1 16 11
209 343 280 474 198 387 28 87 264 458 465
1 12 13
496 0 94 484 147 265 487 160 59 463 234 333 319
1 4 13
455 248 404 65 210 415 320 259 337 426 360 252 309
1 20 13
83 32 143 107 320 304 111 419 17 195 148 459 192
1 14 17
291 56 280 104 389 416 13 213 121 365 486 465 221 363 301 17 278
1 11 6
11 199 398 469 463 361
1 5 24
372 252 383 408 133 60 443 260 231 30 463 400 455 223 110 283 475 69 403 406 471 313 375 392
1 16 14
263 164 270 184 99 377 491 310 89 253 412 178 246 301
1 18 21
303 200 247 412 332 114 280 201 85 434 265 323 224 4 421 494 431 498 203 387 359
1 10 2
148 328
1 15 25
411 251 404 307 117 470 464 203 275 402 145 214 166 308 292 76 61 478 346 297 6 202 388 161 207
1 2 16
261 343 476 185 135 151 267 460 263 198 105 377 91 183 9 190
1 14 16
177 154 123 143 322 49 381 358 427 167 59 16 211 287 370 448
1 7 5
466 185 453 277 274
1 20 4
107 161 110 289
1 14 10
430 252 435 259 294 74 480 94 70 305
1 20 19
196 112 356 373 65 499 200 486 193 489 389 446 189 80 40 345 470 497 459
1 19 16
421 175 214 184 158 275 458 442 447 305 279 217 54 254 126 220
1 9 12
202 229 214 323 242 180 230 370 444 125 276 219
1 17 16
31 355 275 39 37 433 402 453 21 300 230 20 412 167 359 207
1 5 3
268 451 417
1 4 5
5 122 30 144 131
1 6 24
458 157 72 392 351 114 388 236 485 435 76 293 223 207 405 488 218 136 53 484 285 127 73 11
1 16 20
87 322 112 14 225 166 444 334 384 374 300 203 337 141 336 372 342 389 343 150
1 19 25
375 79 470 302 29 125 396 441 286 127 157 236 311 245 218 346 97 319 399 175 370 259 209 361 400
1 7 17
315 201 127 306 38 385 373 120 216 209 371 398 47 401 326 332 233
1 17 25
166 315 485 335 396 285 318 296 212 156 350 118 92 358 257 9 430 42 13 266 366 77 337 210 270
1 13 24
267 478 8 392 235 90 490 175 419 184 29 350 295 172 441 152 66 314 106 269 208 72 24 22
1 9 22
146 163 440 212 204 426 433 5 335 31 166 312 218 0 394 11 26 344 264 385 97 92
1 10 13
421 435 10 346 183 354 260 452 265 283 117 237 468
1 15 7
476 90 296 258 339 399 260
1 20 16
67 374 495 384 57 143 382 41 245 346 353 257 430 309 105 352
1 2 17
341 272 116 70 329 491 340 247 448 387 472 459 372 94 63 318 431
1 16 18
497 62 15 277 412 289 75 297 203 379 73 395 325 359 441 418 170 91
1 2 6
66 159 70 6 372 499
1 7 12
490 381 8 278 431 250 23 322 469 389 284 169
1 14 24
103 211 250 452 66 249 80 362 187 385 458 359 382 333 392 470 398 293 474 437 329 413 257 88
1 20 12
145 284 114 148 327 14 138 434 246 193 224 245
1 14 12
238 221 96 377 344 265 455 12 312 206 123 307
1 15 12
250 444 294 233 387 391 212 143 342 293 320 478
1 8 5
415 493 430 218 413
1 19 10
80 97 483 459 437 315 133 370 153 296
1 3 13
389 479 473 193 280 11 241 228 184 119 253 8 446
1 5 14
253 282 361 322 325 442 307 195 116 349 323 332 244 184
1 1 6
271 310 435 86 59 276
1 10 6
267 435 182 255 281 375
1 17 18
345 300 151 364 426 434 360 391 41 222 397 457 106 272 242 316 54 11
1 19 14
348 337 456 109 253 331 47 94 430 174 98 235 175 332
1 8 3
360 318 362
1 17 5
41 428 9 460 307
1 12 5
288 457 32 222 306
1 5 4
233 317 305 135
1 4 14
442 218 289 134 136 177 272 454 344 363 175 384 114 131
1 15 25
442 316 336 209 354 133 435 151 385 42 464 165 97 240 338 337 488 353 452 300 212 241 275 6 498
1 9 8
358 70 106 22 213 249 214 20
1 7 4
143 113 271 66
1 10 6
92 70 179 339 178 284
1 18 24
361 19 70 259 481 282 275 405 49 411 24 426 421 61 318 9 125 428 312 223 47 286 231 192
1 16 22
378 161 196 483 162 233 137 289 478 183 238 355 193 429 217 323 315 169 83 100 288 240
1 3 18
423 210 467 159 9 309 88 377 169 336 333 177 429 376 446 273 384 375
1 1 4
14 88 312 102
1 15 8
297 404 49 1 69 389 400 406
1 16 22
499 423 415 253 364 348 325 287 494 352 331 439 390 46 243 148 454 32 151 217 413 95
1 20 23
425 81 183 231 69 238 219 345 77 86 169 162 324 378 285 163 220 339 21 90 259 151 299
1 1 11
230 157 126 372 478 202 388 275 199 187 61
1 7 23
258 125 307 43 372 14 385 400 397 97 336 271 89 193 216 448 320 79 40 93 72 458 144
1 5 24
3 65 421 26 6 444 227 217 17 357 359 85 256 92 272 236 53 126 263 287 171 159 305 398
1 14 2
391 225
1 18 14
305 395 414 92 191 45 334 278 311 374 486 193 357 401
1 17 18
7 147 374 284 301 461 138 443 216 302 215 187 465 211 489 28 389 19
1 10 2
310 136
1 18 15
285 346 242 33 479 423 326 8 301 9 154 29 218 441 167
1 13 11
380 100 341 242 23 417 6 190 248 382 46
1 5 9
66 399 122 116 343 44 177 17 296
1 7 25
346 367 198 292 358 222 43 36 413 465 421 212 93 66 370 175 328 168 235 324 147 403 208 483 170
1 3 21
139 399 65 275 427 302 153 227 156 141 37 309 233 208 403 373 474 428 441 480 320
1 8 8
36 107 171 89 30 484 428 229
1 17 2
210 487
1 15 21
474 270 487 117 179 381 276 175 441 178 89 133 471 482 469 491 303 478 9 407 306
1 3 11
8 407 224 329 68 164 66 453 303 357 133
1 15 5
269 480 331 391 286
1 8 22
5 53 388 158 494 401 269 475 103 493 59 208 444 433 90 355 164 251 66 160 385 326
1 4 10
66 459 457 214 54 90 377 227 417 109
1 12 14
426 325 482 353 318 256 131 197 481 461 417 287 484 40
1 20 25
476 137 496 376 357 257 190 120 339 433 379 252 482 36 325 84 264 428 26 437 385 13 58 140 29
1 12 2
189 259
1 5 11
95 239 177 304 427 55 422 186 404 258 286
1 1 23
200 324 121 163 334 90 289 326 293 144 223 354 118 280 203 396 43 273 106 171 499 466 105
1 10 16
307 248 151 163 491 295 344 156 49 99 165 243 57 450 498 296
1 15 12
286 415 462 380 226 254 408 142 224 203 18 474
1 6 16
392 41 92 271 180 266 372 384 394 183 357 359 250 256 160 12
1 19 18
187 170 260 46 371 204 145 130 255 474 455 251 196 288 29 359 305 382
1 3 17
187 209 310 63 152 349 235 174 269 437 296 164 286 460 388 51 455
1 19 8
113 49 136 423 448 354 317 168
1 16 14
288 215 183 380 52 61 78 322 199 410 315 125 327 414
1 9 19
406 124 150 471 379 378 428 67 153 65 139 453 261 405 287 198 50 92 304
1 19 9
269 486 315 87 5 445 10 284 346
1 9 19
403 151 424 107 132 252 72 406 63 18 359 375 109 449 374 62 116 196 296
1 10 21
323 131 37 46 249 113 309 388 422 329 421 65 477 286 206 416 344 132 267 122 174
1 12 7
473 402 233 386 153 377 113
1 15 22
158 467 250 197 384 208 232 319 244 439 141 434 342 266 456 21 81 378 291 404 95 159
1 14 3
496 455 454
1 16 14
280 21 239 467 453 142 34 471 184 93 217 0 18 135
1 14 21
18 143 460 103 389 454 370 203 270 19 422 342 275 368 396 314 153 372 3 159 291
1 11 3
7 183 285
1 1 25
429 455 106 347 471 333 356 444 54 247 56 407 437 316 408 44 495 131 458 280 95 239 431 406 31
1 6 21
93 112 380 457 419 324 431 433 171 256 273 408 357 103 250 441 341 163 313 78 144
1 9 18
211 28 330 245 206 272 252 107 213 373 356 335 339 164 13 401 282 53
1 20 20
456 253 469 257 396 195 10 2 251 418 16 233 171 11 117 287 183 344 425 20
1 7 6
291 146 130 33 125 434
1 3 22
138 169 194 161 84 144 248 249 157 89 151 286 34 167 5 427 145 271 68 129 422 447
1 12 21
173 224 399 294 80 383 455 414 81 82 269 316 397 266 333 407 138 55 120 248 110
1 9 6
272 393 88 280 73 83
1 5 18
439 362 249 117 435 243 160 456 68 342 374 223 360 427 63 94 470 84
1 20 22
39 34 18 377 63 447 125 229 291 86 379 57 215 466 320 474 194 344 176 255 204 2
1 20 21
152 382 468 111 451 392 123 34 358 412 104 328 170 89 398 291 413 180 220 113 101
1 8 22
239 90 28 202 82 474 184 19 58 240 230 198 276 346 194 356 464 172 127 482 132 437
1 14 19
90 131 252 215 84 385 475 381 158 67 53 314 318 358 270 21 79 244 332
1 15 24
154 328 426 96 165 151 312 406 6 95 77 144 160 9 148 498 428 55 78 169 22 295 408 135
1 20 25
493 63 83 43 93 177 333 229 19 136 298 193 387 253 59 394 429 78 158 476 396 116 189 106 355
1 10 13
282 0 363 238 76 9 134 108 285 45 309 138 497
1 6 7
131 438 101 16 410 118 246
1 13 24
57 424 473 432 451 430 443 89 301 26 445 423 64 433 182 308 251 482 460 232 115 304 151 237
1 15 9
420 250 369 116 73 358 106 134 27
1 17 17
261 142 254 352 96 367 27 425 333 247 315 266 218 154 155 212 13
1 12 14
275 77 54 471 226 424 181 470 29 439 434 444 460 363
1 7 11
132 427 494 372 477 360 69 61 35 378 388
1 9 14
430 342 125 401 287 333 121 419 437 106 77 185 39 429
1 9 3
409 404 400
1 12 17
86 51 126 38 280 371 216 199 432 353 402 477 22 188 404 362 77
1 2 17
363 225 4 365 164 45 184 46 416 15 465 478 350 254 31 21 58
1 19 18
96 343 47 228 103 89 256 4 225 282 13 429 390 298 238 57 411 404
1 2 25
252 311 239 486 62 450 133 24 410 89 297 324 316 176 451 332 163 391 314 223 433 17 482 113 92
1 7 13
198 471 83 76 390 441 493 272 173 181 176 263 80
1 7 4
494 321 324 333
1 11 10
484 238 137 408 476 159 17 468 2 227
1 3 10
477 225 106 16 428 381 325 468 136 4
1 3 18
20 473 307 100 423 147 169 279 158 346 120 337 353 78 123 14 471 316
1 19 19
355 288 205 294 268 198 114 414 472 454 421 482 152 478 326 338 153 21 442
1 14 19
141 305 125 14 238 83 349 109 28 405 316 465 134 234 92 389 375 173 199
1 15 13
154 124 17 33 462 32 433 470 442 361 498 157 260
1 16 18
273 240 420 170 166 70 117 426 231 434 157 27 140 69 217 494 422 395
1 11 9
104 427 29 258 340 246 330 11 315
1 2 18
450 122 64 397 179 288 13 184 35 98 443 442 80 278 282 283 124 441
1 2 22
277 405 434 26 146 242 464 482 477 449 228 407 172 452 301 0 366 266 339 138 28 188
1 14 25
40 426 418 125 345 323 407 427 70 33 56 1 282 472 175 462 242 436 233 253 196 217 244 160 113
1 17 10
433 335 96 19 380 479 86 137 1 292
1 20 18
223 359 483 370 145 333 55 282 470 39 302 481 498 228 442 28 42 112
1 12 4
397 114 229 411
1 1 22
253 312 446 241 364 279 482 26 343 150 316 58 368 161 96 332 432 81 491 371 111 164
1 8 14
270 347 375 329 106 63 129 334 81 396 390 289 426 134
1 7 10
86 274 32 24 436 2 277 196 25 60
1 9 5
58 324 442 151 93
1 3 22
369 133 184 122 376 33 373 23 84 354 60 365 262 140 447 421 343 165 129 185 247 449
1 12 17
411 451 163 59 305 278 457 36 54 79 175 285 240 91 15 427 41
1 17 4
70 398 144 479
1 12 2
353 360
1 1 13
152 413 351 120 301 256 31 140 46 499 278 272 405
1 11 9
126 230 248 20 219 438 386 320 444
1 8 10
221 99 267 271 287 339 223 72 83 326
1 13 14
22 322 424 256 208 463 446 477 237 248 114 436 71 382
1 12 7
155 49 189 83 62 183 215
1 9 24
232 16 366 37 384 465 35 170 421 82 80 492 221 224 354 381 472 301 318 31 373 122 47 79
1 7 7
421 106 84 111 446 264 177
1 4 12
64 326 267 444 490 75 462 445 262 312 54 113
1 20 17
174 60 30 415 459 155 381 8 351 427 144 261 337 363 301 340 297
1 18 22
35 217 313 211 167 37 434 110 177 294 74 67 162 403 159 12 259 358 496 407 124 209
1 11 24
470 190 287 188 202 70 142 476 441 181 337 32 30 386 95 490 64 232 307 383 13 304 277 325
1 15 2
243 328
1 1 7
167 57 161 186 332 284 133
1 17 14
240 96 483 355 324 201 222 181 187 396 456 120 318 61
1 15 18
349 235 329 34 35 32 321 50 359 94 96 365 301 456 225 29 306 319
1 19 9
96 335 328 245 273 247 481 474 31
1 10 11
253 102 109 32 273 339 173 373 479 383 82
1 4 17
402 155 339 80 183 89 140 110 254 276 477 455 389 238 158 250 131
1 10 22
409 415 394 364 71 314 92 196 295 41 312 413 269 107 45 162 385 336 292 208 327 318
1 2 12
123 453 199 200 144 117 485 47 21 157 8 227
1 20 24
76 237 111 437 30 0 448 33 462 286 27 407 416 455 309 459 193 64 391 58 379 288 88 365
1 13 5
347 229 457 335 175
1 1 13
177 109 165 103 345 267 399 41 365 228 10 80 304
1 13 20
151 321 206 457 298 237 226 33 449 357 338 155 308 268 325 402 200 301 323 106
1 6 14
424 434 67 152 290 343 227 363 313 243 499 308 53 242
1 5 12
324 221 333 152 345 331 376 192 436 369 378 208
1 17 25
150 440 305 41 58 364 23 104 417 54 148 206 495 284 163 4 129 99 85 455 60 258 333 347 277
1 7 10
249 476 4 93 404 334 263 0 146 437
1 5 17
117 200 146 456 19 235 8 390 185 404 22 18 167 212 202 248 30
1 12 19
479 156 390 318 255 97 35 483 208 99 391 229 169 446 371 466 392 303 44
1 1 14
463 48 137 472 253 153 186 426 184 69 259 316 133 347
1 2 7
213 270 122 128 123 450 480
1 15 12
17 234 309 408 444 349 203 434 385 142 219 56
1 2 16
66 255 252 226 12 67 128 25 486 481 417 153 21 179 243 440
1 18 14
395 138 431 406 204 180 251 2 92 52 165 422 399 189
1 10 20
411 196 260 182 496 103 93 299 347 80 472 193 203 366 475 220 241 426 397 362
1 2 20
354 442 283 218 250 435 275 18 7 479 131 111 335 135 165 375 56 36 222 486
1 13 11
184 124 85 67 99 422 293 244 416 271 199
1 5 21
133 164 88 39 67 7 0 138 91 130 304 339 482 364 202 245 462 362 410 46 423
1 6 25
10 437 68 309 57 155 48 94 373 350 64 395 396 496 246 128 183 13 484 109 62 250 220 399 397
1 10 22
390 139 215 85 183 128 147 471 46 416 249 445 325 260 169 93 41 44 434 482 200 394
1 15 3
140 195 85
1 5 25
286 284 219 6 53 351 111 319 491 435 122 367 67 472 182 452 352 480 396 387 77 483 94 298 390
1 5 9
471 333 451 274 136 81 359 12 273
1 16 19
261 437 230 38 125 175 481 71 367 152 247 252 496 8 493 202 470 319 50
1 5 22
463 214 358 222 270 483 360 403 162 298 210 146 309 47 56 1 237 37 275 359 340 196
1 11 17
237 209 328 324 32 235 431 26 148 59 239 120 50 415 323 345 274
1 1 2
273 13
1 9 24
224 23 339 146 268 322 208 469 495 422 107 54 143 342 135 118 347 215 496 191 62 406 371 325
1 2 20
65 42 240 165 319 105 31 484 1 343 213 413 491 263 173 51 276 242 348 386
1 4 19
253 443 290 299 269 107 438 328 467 306 87 0 491 238 428 493 288 431 398
1 6 23
463 320 335 82 35 481 116 212 293 175 166 74 362 244 2 83 392 343 262 280 150 317 303
1 5 3
227 183 43
1 5 3
95 376 44
1 4 2
222 499
1 14 5
478 327 105 339 225
1 9 13
175 336 316 403 324 422 490 212 25 266 302 209 342
1 20 12
259 305 211 112 267 27 372 212 203 79 194 94
1 17 23
251 79 107 271 302 140 176 332 94 296 208 49 305 36 115 425 239 133 123 200 178 421 124
1 2 19
392 119 108 264 439 482 465 333 236 477 363 161 294 388 214 42 181 336 460
1 3 25
314 239 494 449 488 457 280 117 128 347 11 132 327 497 331 348 106 69 462 194 441 297 59 484 321
1 14 5
73 189 401 449 63
1 17 18
321 6 465 29 357 142 435 111 287 60 430 444 21 383 84 454 262 304
1 16 7
497 83 101 494 313 228 279
1 13 19
454 251 171 489 243 460 99 376 239 61 228 329 472 154 109 144 320 406 429
1 14 8
408 371 153 96 17 52 238 1
1 7 16
450 203 4 406 345 75 37 446 105 76 435 459 404 259 175 441
1 9 14
62 291 237 112 321 476 164 344 389 437 52 243 207 347
1 10 10
292 96 369 163 97 378 475 123 113 14
1 17 14
279 7 240 411 236 297 179 424 389 441 250 153 370 219
1 17 11
220 121 263 22 62 364 130 490 333 279 190
1 9 14
376 203 468 216 82 498 89 159 422 330 43 230 68 229
1 5 3
58 69 320
1 18 22
330 47 185 249 490 257 109 365 285 354 133 225 166 297 151 181 412 463 445 461 434 310
1 18 24
251 301 129 304 68 219 336 10 64 34 5 431 232 374 134 326 216 100 72 348 480 440 328 276
1 12 13
338 300 135 423 151 200 355 253 488 347 278 139 169
1 8 13
345 487 28 490 488 478 193 17 68 333 205 367 48
1 15 18
293 127 93 136 446 469 209 132 118 226 4 17 437 325 351 406 199 267
1 16 22
20 449 4 71 356 305 167 47 339 467 445 410 413 261 148 352 310 411 132 198 93 469
1 18 8
443 141 296 110 352 136 120 390
1 12 16
317 259 42 388 328 94 407 30 433 275 25 322 67 86 224 362
1 19 15
31 66 308 30 54 457 48 474 471 334 317 356 476 215 217
1 16 20
383 74 379 372 81 136 354 149 293 373 160 222 343 495 257 421 24 156 166 224
1 17 20
319 123 427 438 133 144 266 358 81 46 296 151 82 43 75 84 127 208 410 69
1 10 2
243 300
1 20 10
239 50 302 7 163 422 193 179 90 478
1 8 12
344 256 229 414 496 401 9 300 161 175 476 257
1 16 8
370 62 286 461 494 224 251 407
1 2 5
436 296 99 2 77
1 16 20
445 241 459 258 138 373 248 465 361 304 362 192 494 269 311 214 475 303 438 462
1 10 7
182 191 207 483 234 481 243
1 14 24
255 113 38 430 438 275 249 480 361 45 19 354 421 416 104 96 442 244 359 100 142 389 17 418
1 14 11
456 452 12 155 399 211 30 346 271 132 41
1 6 23
49 118 230 123 472 102 247 144 388 200 47 4 265 72 449 316 98 341 142 447 313 68 131
1 13 5
115 499 422 47 122
1 15 15
13 85 282 418 398 179 5 296 494 159 270 499 92 389 434
1 9 17
78 163 36 19 245 244 171 213 81 321 448 200 334 318 344 120 493
1 4 10
204 330 135 345 323 466 7 227 418 416
1 20 4
83 90 461 355
1 20 25
191 428 12 210 63 160 237 343 283 344 205 398 121 147 358 250 2 445 96 275 371 55 35 456 15
1 9 17
172 67 210 438 445 219 394 213 269 107 37 354 493 401 103 73 197
1 9 22
382 279 47 454 453 226 111 93 142 77 329 380 48 179 481 79 369 491 54 460 3 238
1 6 9
220 107 100 190 456 207 198 363 157
1 7 21
151 260 314 325 47 205 395 187 81 456 222 178 345 236 466 50 155 86 288 110 256
1 17 8
251 430 151 463 155 61 76 306
1 5 4
396 34 195 326
1 7 12
80 441 203 360 374 244 75 493 204 246 152 299
1 5 9
151 60 10 192 469 126 493 294 181
1 8 2
155 239
1 7 13
297 371 304 405 134 231 407 283 496 482 430 385 155
1 19 19
291 184 381 469 99 195 422 260 442 362 354 138 435 245 16 69 58 330 334
1 1 8
420 411 152 211 270 191 222 423
1 15 17
412 472 287 239 109 286 456 44 17 213 468 374 421 465 136 322 193
1 17 14
125 106 292 429 149 339 41 80 298 160 53 471 262 133
1 20 14
337 121 154 97 95 258 22 292 370 143 455 407 397 179
1 5 14
37 282 234 114 412 370 426 246 239 215 447 155 344 67
1 16 18
468 146 231 217 66 445 56 449 312 488 7 189 232 437 96 462 162 295
1 10 4
119 399 320 480
1 3 9
47 349 493 377 45 431 143 290 157
1 16 12
299 171 485 172 460 183 213 406 159 258 281 413
1 5 8
414 31 487 483 388 78 456 401
1 7 12
203 481 407 112 300 197 462 120 439 174 8 314
1 17 18
321 262 121 12 194 246 386 191 310 450 165 476 466 242 460 382 367 417
1 13 9
402 284 473 382 193 274 384 420 370
1 3 14
329 175 368 390 349 261 374 267 495 18 197 67 447 22
1 14 23
389 462 160 195 454 300 416 399 471 251 216 307 361 53 253 98 148 137 365 15 125 29 363
1 17 4
124 116 172 299
1 16 4
155 302 374 200
1 3 19
447 336 384 317 423 243 95 199 230 102 76 487 499 480 157 299 196 304 276
1 9 16
356 449 92 379 63 106 45 134 95 205 99 141 30 247 343 382
1 1 25
446 94 56 109 124 387 86 278 20 7 202 122 212 370 178 427 171 135 311 128 69 49 182 243 442
1 9 3
111 417 137
1 20 9
370 126 420 184 79 232 187 391 341
1 19 2
416 348
1 3 23
174 160 377 461 63 133 242 164 217 176 243 122 489 225 222 21 498 313 71 398 336 314 261
1 20 18
172 156 273 63 307 185 25 230 57 499 237 378 254 236 165 142 373 405
1 1 23
432 72 199 74 352 71 9 417 427 51 443 279 110 44 452 243 207 384 262 287 234 232 29
1 7 10
409 79 145 306 293 164 440 180 24 14
1 13 8
211 113 28 285 213 430 215 378
1 16 19
201 321 115 217 178 327 126 363 154 1 180 234 449 44 225 359 14 95 446
1 1 23
146 369 220 161 187 58 258 335 368 84 204 78 442 452 437 257 240 14 422 444 223 288 85
1 4 13
455 177 33 239 475 272 479 201 441 38 296 92 372
1 14 9
236 466 101 136 406 250 162 203 487
1 4 14
144 149 489 34 366 386 409 433 225 425 238 59 392 78
1 20 16
132 220 76 475 313 0 303 356 412 246 49 24 37 369 112 80
1 8 17
197 26 122 495 333 264 101 42 381 133 451 349 314 205 320 319 476
1 18 4
127 471 484 244
1 15 10
190 338 8 277 344 120 393 279 437 343
1 5 9
52 166 221 189 312 422 31 207 350
1 20 17
232 229 203 302 356 222 23 158 239 457 251 223 478 495 411 475 70
1 17 22
358 13 330 376 355 7 272 251 424 106 141 494 369 456 66 146 484 423 12 240 232 256
1 20 4
43 137 74 67
1 11 14
358 425 254 22 35 387 365 45 230 302 119 7 149 170
1 20 25
461 255 30 50 284 429 437 42 261 390 33 428 13 61 399 460 326 206 281 193 264 167 24 122 438
1 5 6
142 26 155 308 140 129
1 14 2
125 349
1 8 16
321 142 363 406 476 192 479 400 67 333 482 40 475 155 90 127
1 17 15
480 419 20 441 269 164 464 389 343 461 230 163 490 275 105
1 6 9
499 190 214 221 286 280 282 370 22
1 7 23
298 313 4 351 311 110 76 358 226 111 357 261 182 137 55 355 448 396 232 170 277 229 481
1 11 4
405 318 251 466
1 1 4
33 374 266 459
1 5 16
260 419 317 240 245 292 108 171 112 438 82 27 34 224 497 263
1 14 17
64 243 333 193 120 58 126 281 391 51 306 493 210 76 127 258 319
1 18 7
357 220 466 245 168 330 262
1 16 4
84 14 67 233
1 19 19
172 148 163 186 180 149 79 332 427 135 9 138 356 52 444 28 167 64 13
1 3 8
199 117 57 398 416 430 371 32
1 20 14
169 100 268 125 12 93 358 461 372 157 26 123 68 148
1 4 23
490 355 297 96 82 174 86 498 306 341 219 449 159 235 250 47 287 37 300 36 269 120 263
1 1 14
466 291 304 29 335 331 419 369 409 343 52 231 97 420
1 13 12
376 460 353 490 109 445 316 93 324 369 499 407
1 7 15
59 478 385 230 279 189 208 48 163 359 335 299 119 64 333
1 20 12
288 56 183 171 426 323 5 285 85 174 257 330
1 7 17
341 303 71 434 396 191 462 317 44 36 160 286 181 107 157 167 104
1 5 5
19 133 246 53 374
1 12 14
341 260 256 226 436 63 459 162 254 217 233 142 325 450
1 2 21
45 342 286 56 307 173 248 463 80 367 291 280 74 205 76 493 133 487 432 338 302
1 8 11
218 101 185 154 27 309 141 177 173 201 407
1 19 7
492 87 368 440 79 495 349
1 14 18
106 128 474 29 203 387 76 288 495 94 466 183 446 158 393 459 179 419
1 19 19
165 210 480 299 172 15 265 331 454 485 352 366 1 88 478 4 177 175 420
1 6 23
159 198 267 491 279 426 448 124 171 209 305 290 272 460 379 100 411 155 151 452 265 95 201
1 2 9
164 330 153 172 230 463 311 243 469
1 2 16
269 483 455 447 92 488 130 167 285 78 177 346 14 371 286 378
1 10 10
93 178 411 117 177 490 144 118 257 79
1 13 16
411 446 313 298 368 94 217 497 26 127 182 420 373 99 310 459
1 20 22
290 371 276 457 68 215 361 119 219 205 268 101 299 221 388 57 183 229 38 477 455 28
1 7 16
210 358 267 241 302 134 494 338 63 401 484 382 96 404 142 430
1 17 20
486 320 237 178 172 321 84 16 238 90 269 334 375 229 191 465 13 339 490 152
1 13 21
76 28 272 390 265 238 416 249 189 39 487 51 440 393 473 454 48 295 126 485 471
1 9 15
440 336 351 363 327 422 260 199 323 325 149 460 139 371 164
1 13 13
251 185 102 293 325 222 75 354 385 69 348 49 33
1 2 16
213 348 145 296 218 30 407 63 188 125 247 182 387 481 152 458
1 2 9
254 19 449 22 495 34 366 146 486
1 11 24
494 371 179 86 332 299 0 260 195 331 208 471 475 1 232 483 390 317 489 133 135 221 334 209
1 18 11
39 270 19 317 30 323 306 13 367 46 395
1 17 2
486 114
1 16 13
34 84 264 368 411 112 100 167 68 480 384 305 53
1 20 21
169 343 379 229 335 481 210 449 248 147 78 462 419 76 38 216 353 28 79 331 220
1 17 18
274 2 446 325 221 127 89 334 438 455 477 217 409 5 241 233 447 345
1 3 13
193 174 374 483 266 295 265 305 101 363 213 344 253
1 4 22
36 249 40 79 325 4 320 460 332 329 142 326 248 303 78 262 71 63 255 400 279 284
1 7 10
196 79 324 264 198 452 398 100 371 243
1 12 9
482 29 107 163 89 268 146 315 311
1 17 3
319 301 380
1 14 19
102 494 24 2 207 193 492 344 474 163 216 407 52 294 270 411 75 156 457
1 7 7
398 475 401 86 63 215 87
1 6 2
124 400
1 11 21
140 441 136 319 465 231 225 495 278 123 390 324 191 347 426 108 487 361 445 165 475
1 6 9
402 164 243 458 363 213 386 146 171
1 7 11
371 282 79 115 134 34 96 264 429 465 144
1 7 24
3 191 290 333 457 314 140 118 217 143 20 470 174 112 404 251 303 176 427 248 421 338 74 136
1 9 23
281 295 277 279 490 484 323 6 234 419 263 478 446 299 19 325 113 56 184 296 354 496 69
1 6 7
330 56 151 325 237 253 243
1 14 25
317 283 326 93 410 423 374 243 76 361 366 352 349 108 493 375 413 74 205 432 341 37 390 445 483
1 5 24
263 456 214 153 44 36 392 474 359 192 62 366 426 306 139 41 400 476 115 144 37 484 303 138
1 20 25
371 274 35 72 398 54 393 26 264 32 143 207 497 407 128 98 318 3 99 61 250 346 254 146 455
1 5 24
289 304 207 244 224 306 242 322 162 47 262 2 164 277 147 232 430 69 421 477 57 10 234 390
