500 1500 775
11 26 32 39 39 23 24 23 14 26 18 39 34 38 40 37 32 31 14 11 16 23 24 25 34 20 22 21 33 15 22 28 40 14 28 19 20 12 18 21 29 19 25 11 22 30 31 17 37 20 30 21 22 25 21 13 35 27 27 31 12 24 35 14 11 13 13 21 11 22 15 19 13 15 39 25 36 24 24 33 28 21 14 16 15 17 35 11 14 28 36 17 34 36 40 25 19 14 19 33 23 16 33 26 11 39 33 23 32 25 26 31 36 15 26 40 40 16 23 31 34 40 39 38 18 21 34 37 33 31 40 19 24 25 12 16 28 36 26 35 20 29 23 36 26 35 24 35 11 13 34 39 24 35 25 34 28 39 17 36 39 17 35 27 32 15 11 33 27 22 39 34 32 40 40 21 26 22 13 24 20 25 26 27 29 19 29 13 32 40 31 35 18 32 14 36 39 25 15 24 12 35 36 40 16 17 29 33 18 25 19 35 20 15 35 39 40 39 36 23 23 14 29 20 19 35 40 30 25 34 18 40 21 14 19 25 33 15 31 14 39 34 27 33 12 15 27 35 34 26 40 24 39 16 21 28 22 17 36 33 37 12 29 27 27 19 11 25 23 11 18 30 31 14 20 26 32 18 22 23 19 29 33 23 32 19 29 21 18 15 25 29 15 19 26 19 15 33 29 16 11 21 11 29 38 30 30 32 38 20 16 40 33 35 29 14 24 15 36 38 30 27 22 15 33 40 25 12 33 16 12 22 38 27 20 22 32 35 28 39 33 13 39 19 22 12 20 26 19 37 17 28 23 37 34 27 40 38 30 27 38 29 21 21 39 34 36 33 14 16 21 16 39 21 28 30 13 32 30 20 12 13 13 36 33 11 38 27 23 36 35 12 21 24 27 23 12 24 25 18 40 35 35 27 30 21 11 15 20 27 22 36 26 13 18 40 18 35 20 37 19 24 25 38 38 23 30 18 11 11 16 14 29 23 34 32 19 20 24 40 22 20 16 31 28 30 15 38 19 36 14 19 11 20 25 26 29 21 11 24 19 40 28 40 33 33 38 23 37 39 14 20 11 30 27 38 35 25 33 22 26 14 34 18 26 25 23 33 40 39 38 19 39 11 30 36 26 36 12 17
1 16 22 29 29 13 14 13 4 16 8 29 24 28 30 27 22 21 4 1 6 13 14 15 24 10 12 11 23 5 12 18 30 4 18 9 10 2 8 11 19 9 15 1 12 20 21 7 27 10 20 11 12 15 11 3 25 17 17 21 2 14 25 4 1 3 3 11 1 12 5 9 3 5 29 15 26 14 14 23 18 11 4 6 5 7 25 1 4 18 26 7 24 26 30 15 9 4 9 23 13 6 23 16 1 29 23 13 22 15 16 21 26 5 16 30 30 6 13 21 24 30 29 28 8 11 24 27 23 21 30 9 14 15 2 6 18 26 16 25 10 19 13 26 16 25 14 25 1 3 24 29 14 25 15 24 18 29 7 26 29 7 25 17 22 5 1 23 17 12 29 24 22 30 30 11 16 12 3 14 10 15 16 17 19 9 19 3 22 30 21 25 8 22 4 26 29 15 5 14 2 25 26 30 6 7 19 23 8 15 9 25 10 5 25 29 30 29 26 13 13 4 19 10 9 25 30 20 15 24 8 30 11 4 9 15 23 5 21 4 29 24 17 23 2 5 17 25 24 16 30 14 29 6 11 18 12 7 26 23 27 2 19 17 17 9 1 15 13 1 8 20 21 4 10 16 22 8 12 13 9 19 23 13 22 9 19 11 8 5 15 19 5 9 16 9 5 23 19 6 1 11 1 19 28 20 20 22 28 10 6 30 23 25 19 4 14 5 26 28 20 17 12 5 23 30 15 2 23 6 2 12 28 17 10 12 22 25 18 29 23 3 29 9 12 2 10 16 9 27 7 18 13 27 24 17 30 28 20 17 28 19 11 11 29 24 26 23 4 6 11 6 29 11 18 20 3 22 20 10 2 3 3 26 23 1 28 17 13 26 25 2 11 14 17 13 2 14 15 8 30 25 25 17 20 11 1 5 10 17 12 26 16 3 8 30 8 25 10 27 9 14 15 28 28 13 20 8 1 1 6 4 19 13 24 22 9 10 14 30 12 10 6 21 18 20 5 28 9 26 4 9 1 10 15 16 19 11 1 14 9 30 18 30 23 23 28 13 27 29 4 10 1 20 17 28 25 15 23 12 16 4 24 8 16 15 13 23 30 29 28 9 29 1 20 26 16 26 2 7
1 11 16
272 297 445 29 450 313 488 9 4 381 402 144 355 326 96 456
1 13 6
472 374 390 119 95 41
1 7 12
422 151 191 455 21 131 68 467 344 445 472 413
1 9 14
169 138 134 76 282 272 67 2 295 481 59 253 330 487
1 1 15
444 194 198 136 107 36 460 462 43 260 5 429 306 209 447
1 17 23
16 290 28 397 481 411 212 291 167 443 101 208 171 222 471 465 336 186 225 25 473 413 94
1 12 7
387 70 441 211 45 478 46
1 9 3
436 228 148
1 8 15
466 53 117 52 222 399 271 349 347 381 105 84 407 357 244
1 10 22
17 125 421 156 169 196 187 394 378 197 297 242 222 288 137 446 322 101 154 478 285 435
1 7 13
409 472 233 130 289 473 422 228 312 450 382 288 10
1 15 14
262 181 284 436 42 38 227 213 150 79 153 136 471 40
1 1 14
331 146 87 99 411 77 267 211 413 200 418 288 463 202
1 18 5
438 328 224 378 483
1 6 12
332 327 246 384 299 388 405 197 331 498 353 211
1 9 8
248 2 71 496 396 170 145 217
1 19 3
289 160 191
1 5 21
485 423 377 297 497 369 51 83 127 5 272 82 419 172 366 132 403 68 448 22 349
1 12 24
471 45 132 160 122 257 314 266 108 13 328 352 171 149 152 365 135 165 59 338 18 308 162 73
1 9 6
349 279 425 272 457 31
1 13 10
307 226 461 131 33 148 284 365 368 366
1 4 4
50 76 398 220
1 4 11
419 179 376 325 148 340 452 387 321 391 54
1 9 13
489 299 177 323 488 304 157 104 315 201 66 400 89
1 13 11
473 277 324 10 247 259 20 170 344 40 134
1 17 18
62 292 298 120 220 294 396 201 28 139 311 470 308 40 172 209 105 237
1 2 21
96 279 344 178 477 348 168 355 415 43 294 433 316 210 458 345 320 329 5 15 235
1 12 18
52 60 41 143 236 301 479 272 254 423 338 269 58 170 229 201 19 462
1 2 11
464 281 484 114 99 481 202 170 77 410 179
1 6 3
39 419 330
1 2 15
379 337 274 104 87 373 51 165 100 326 458 351 294 233 167
1 12 11
359 137 173 175 117 303 301 449 330 420 283
1 6 4
383 395 20 248
1 4 22
463 405 234 326 478 145 3 454 228 279 113 423 266 47 82 17 336 294 116 472 447 21
1 17 14
288 317 142 260 253 289 28 119 88 220 7 43 386 280
1 12 25
89 27 78 425 201 1 324 58 294 3 66 272 198 467 485 67 248 382 473 182 399 234 72 396 199
1 9 9
64 13 462 319 478 493 294 330 382
1 20 8
471 117 300 286 470 458 405 340
1 6 24
171 177 235 191 167 298 223 379 405 264 271 294 325 302 437 407 149 115 96 17 114 276 206 24
1 13 5
160 498 215 259 198
1 10 10
203 277 432 131 363 405 279 108 46 399
1 15 6
313 66 160 349 443 322
1 2 12
412 278 243 455 73 462 349 84 72 220 359 17
1 14 11
469 351 210 456 128 197 110 92 455 3 215
1 15 23
328 324 266 484 101 69 302 126 487 167 407 241 456 104 384 110 409 387 393 135 283 149 143
1 14 12
431 44 337 74 146 393 425 107 468 25 101 4
1 20 25
262 188 130 340 22 353 398 71 77 430 342 5 44 27 74 33 25 18 162 185 120 363 14 144 245
1 19 4
170 186 253 267
1 2 3
299 421 5
1 12 3
219 152 435
1 19 6
311 437 464 330 233 205
1 13 14
236 260 258 299 431 332 105 159 355 326 177 31 498 408
1 17 23
286 201 486 435 342 16 407 385 455 287 279 343 4 44 21 375 422 267 197 269 226 441 176
1 3 22
470 275 447 14 317 338 475 45 461 439 342 213 22 125 119 367 441 11 206 453 118 496
1 14 14
55 138 149 294 69 486 481 72 92 335 242 381 392 54
1 16 24
14 328 109 34 251 202 338 201 258 360 77 243 347 194 285 465 307 131 475 169 187 211 274 59
1 18 24
137 458 480 150 459 159 65 493 102 79 19 110 338 341 340 478 166 361 14 322 271 323 86 189
1 19 8
321 315 39 408 281 144 69 103
1 19 18
172 175 241 32 218 141 416 355 138 24 133 291 399 468 413 111 57 62
1 12 21
345 257 360 233 34 23 347 275 40 378 127 94 484 348 493 145 207 1 480 172 364
1 13 17
484 188 236 300 73 173 62 271 277 180 249 121 231 320 482 168 418
1 20 11
291 470 107 411 413 72 324 69 446 113 230
1 6 10
13 146 12 219 459 231 476 431 499 224
1 7 3
253 315 289
1 19 16
46 475 15 75 59 456 470 260 182 309 428 351 283 230 277 8
1 18 9
495 302 442 417 3 170 440 29 445
1 18 15
330 56 435 267 86 57 101 78 446 7 342 3 319 406 454
1 14 23
23 184 131 483 19 45 60 451 145 97 64 441 218 162 460 406 329 236 363 56 493 187 405
1 17 12
164 104 109 310 472 309 408 80 350 148 127 228
1 8 2
340 128
1 8 23
149 362 34 17 497 426 221 64 424 178 37 143 401 79 313 28 439 274 456 415 437 242 212
1 6 14
154 247 278 203 233 277 455 465 473 418 396 144 72 240
1 3 11
142 51 138 279 444 293 258 39 243 402 484
1 18 25
110 152 453 15 134 12 466 127 350 174 305 332 376 328 63 348 248 193 89 373 56 220 277 294 470
1 12 25
190 40 249 43 11 322 79 480 447 354 187 37 407 267 91 192 411 405 207 273 24 88 263 62 200
1 19 6
393 367 302 399 198 397
1 10 21
450 459 471 198 487 67 387 250 323 196 146 455 81 119 36 111 8 431 412 425 232
1 17 19
273 367 211 284 174 441 7 199 89 19 4 318 497 403 429 415 456 365 296
1 3 6
448 356 221 272 316 106
1 13 24
49 378 363 453 132 252 159 355 152 77 434 404 114 361 232 146 80 127 3 41 266 304 303 463
1 2 5
328 12 426 487 43
1 7 20
456 220 494 142 116 438 183 280 196 308 150 468 131 155 10 241 162 257 429 99
1 15 11
118 467 215 41 191 338 267 392 388 53 475
1 2 5
359 434 150 475 472
1 18 9
289 420 385 243 372 236 318 169 226
1 5 21
130 313 444 186 5 471 228 430 332 368 42 280 273 124 417 197 22 140 14 411 204
1 14 22
238 149 386 26 477 114 246 45 70 423 340 187 330 346 90 365 468 372 109 162 252 59
1 17 8
398 307 486 25 208 294 103 427
1 14 2
241 289
1 18 18
164 275 433 174 300 141 336 242 439 451 331 132 321 387 307 32 491 240
1 4 20
416 481 138 125 366 459 63 320 9 315 261 415 96 127 25 396 361 202 272 20
1 18 10
488 495 434 29 391 40 221 239 320 450
1 4 6
234 291 380 51 448 238
1 15 3
22 7 131
1 3 7
96 216 312 271 282 308 280
1 17 6
191 199 481 459 388 247
1 15 17
482 233 274 46 352 61 382 119 301 237 173 256 442 231 85 422 393
1 2 18
257 424 357 28 42 375 299 136 291 259 305 350 368 229 106 210 47 296
1 15 18
315 16 319 453 95 9 311 243 329 259 280 265 254 39 479 271 10 306
1 10 16
480 89 242 316 35 63 172 320 298 390 161 15 466 222 107 255
1 14 7
279 202 219 109 387 343 326
1 18 16
383 18 29 429 401 329 347 286 265 239 10 328 467 67 175 404
1 12 15
57 234 126 39 297 71 130 462 340 275 436 307 263 187 1
1 10 14
177 128 70 379 313 86 466 266 284 410 219 198 264 257
1 4 17
380 331 355 279 490 202 15 34 446 223 230 222 407 179 26 27 366
1 17 20
393 336 487 255 339 267 479 442 115 359 188 292 460 342 233 490 151 478 497 348
1 2 6
8 204 459 170 88 226
1 7 13
9 443 365 467 386 355 17 113 384 362 116 421 42
1 11 24
243 292 26 385 181 390 162 217 494 171 444 50 420 333 362 335 322 127 19 332 458 68 411 172
1 2 20
410 346 265 372 203 237 312 402 325 436 347 37 433 77 323 427 374 400 307 191
1 20 6
206 41 59 111 26 349
1 12 24
4 312 475 360 69 11 364 296 110 377 415 413 356 113 58 279 263 127 46 247 130 241 168 429
1 14 19
45 264 122 233 457 301 126 491 62 150 95 128 59 254 11 322 167 422 445
1 8 18
21 381 491 468 35 94 455 273 81 109 373 442 145 271 153 276 73 26
1 18 14
339 382 52 130 354 128 470 240 221 191 202 114 273 42
1 16 7
145 436 108 382 497 285 271
1 11 12
25 28 183 176 224 318 382 403 175 71 244 218
1 10 17
221 270 246 306 338 429 434 121 376 153 276 474 217 122 144 174 329
1 8 15
64 228 186 344 242 209 486 79 133 246 487 340 301 39 218
1 11 9
435 295 310 325 239 200 67 300 424
1 8 12
294 424 6 328 250 16 21 488 98 32 471 190
1 6 23
271 297 433 492 161 317 68 326 238 128 286 393 441 177 241 16 436 434 371 236 144 265 455
1 18 23
309 416 11 366 304 73 218 455 25 444 232 42 333 123 188 362 490 240 312 353 346 153 199
1 1 4
48 369 100 79
1 4 24
419 136 290 8 357 442 86 278 148 429 355 343 43 203 403 13 131 139 2 116 330 38 486 228
1 20 14
418 427 68 368 2 424 444 433 352 319 74 90 252 38
1 17 15
322 339 67 483 341 89 220 348 6 489 288 447 373 113 228
1 15 10
381 249 21 400 473 4 44 448 205 23
1 13 17
158 142 155 165 222 309 394 465 298 159 87 327 291 325 75 383 363
1 13 22
382 434 267 464 161 401 430 16 407 299 46 38 164 213 457 224 361 171 257 180 181 125
1 13 22
116 164 367 290 228 217 203 318 21 309 219 48 129 370 255 377 0 375 248 374 491 338
1 15 14
446 136 314 345 154 464 448 423 317 17 117 15 64 449
1 1 9
487 419 28 319 42 122 261 117 289
1 10 19
288 116 167 444 281 337 267 249 197 312 418 28 175 127 18 367 59 82 94
1 1 21
178 392 379 321 158 22 191 470 102 225 360 325 291 13 151 264 46 144 494 107 242
1 10 7
124 462 306 280 387 409 239
1 2 6
148 337 189 343 327 428
1 5 2
158 459
1 3 5
266 74 487 292 260
1 7 14
293 451 84 490 52 270 7 247 240 12 345 469 413 422
1 4 4
453 346 437 46
1 19 14
64 285 200 55 362 168 167 204 241 339 244 386 213 123
1 5 10
257 400 444 473 387 314 329 347 328 131
1 20 12
340 169 98 243 188 293 401 97 113 187 51 151
1 7 25
311 432 484 147 176 417 336 420 457 466 220 190 388 288 486 216 256 296 431 443 197 345 127 140 161
1 1 9
38 390 429 206 264 167 13 47 381
1 15 8
334 461 323 50 168 308 160 148
1 8 3
427 201 35
1 15 23
363 342 281 471 392 309 415 219 349 335 289 304 17 111 107 464 189 330 298 136 414 390 167
1 2 16
133 137 139 211 292 172 342 397 354 80 116 429 50 117 19 97
1 16 15
95 334 388 101 117 363 329 331 486 154 370 119 250 344 437
1 2 19
449 361 57 307 367 480 417 228 411 176 499 447 386 226 461 107 206 265 475
1 8 22
37 488 443 156 26 467 479 442 110 14 454 58 48 289 82 373 474 157 252 198 176 402
1 11 10
417 480 454 48 448 309 481 441 121 273
1 2 8
85 235 35 218 414 104 318 60
1 5 17
214 152 467 95 358 7 170 157 167 285 154 38 198 92 431 87 319
1 18 6
161 383 392 330 202 166
1 6 13
143 353 108 176 56 317 242 459 127 89 58 83 33
1 20 20
297 250 77 235 280 104 410 141 298 496 53 57 364 233 190 360 396 227 121 44
1 15 9
336 432 331 25 108 163 475 464 122
1 10 24
372 295 183 248 98 481 209 165 4 222 5 312 380 85 308 427 50 491 54 92 351 208 430 42
1 3 15
314 464 44 487 55 448 174 397 74 238 139 51 273 277 280
1 1 25
272 27 252 88 1 45 315 402 50 189 328 496 21 474 464 72 420 103 85 289 77 237 453 233 277
1 3 9
445 436 308 185 329 312 165 453 93
1 9 24
318 1 204 397 279 291 299 407 144 172 244 227 340 295 361 253 495 145 430 312 150 35 188 130
1 14 17
39 256 12 422 278 213 52 252 194 206 463 164 200 298 121 205 486
1 10 23
141 72 45 71 283 311 381 69 259 198 415 176 107 164 13 382 261 242 400 123 445 481 331
1 6 19
222 332 181 215 441 221 19 310 152 97 478 161 120 192 498 299 128 341 280
1 4 12
465 322 56 243 128 301 375 181 355 478 258 404
1 12 22
407 154 198 220 429 337 14 115 153 490 263 402 6 430 24 48 255 401 55 481 486 149
1 8 17
68 219 474 431 106 163 208 301 364 95 66 140 278 380 145 416 59
1 18 15
265 165 369 29 104 239 370 281 431 38 0 426 84 152 315
1 3 9
209 95 369 383 38 378 84 376 83
1 8 25
370 490 270 17 122 52 174 410 94 447 13 35 265 363 296 151 434 180 274 50 322 243 26 53 428
1 19 19
69 411 19 316 264 455 167 36 352 231 161 495 258 467 232 259 404 146 265
1 14 12
263 318 269 158 75 304 460 320 9 142 237 249
1 10 18
40 436 300 328 419 159 180 185 89 95 124 29 188 471 369 10 427 164
1 5 22
342 385 240 133 474 12 19 403 496 339 283 138 419 400 70 164 78 465 427 281 200 299
1 10 13
384 129 366 238 339 210 284 286 87 123 256 54 306
1 4 8
377 283 252 266 235 361 78 439
1 4 3
280 60 282
1 4 11
57 123 173 395 126 95 107 316 209 67 200
1 16 2
106 408
1 3 12
396 465 361 363 262 470 379 342 320 413 476 112
1 15 22
31 389 273 221 477 132 268 445 211 97 215 382 136 385 28 45 267 320 416 444 367 422
1 4 10
172 410 193 319 99 30 433 377 138 141
1 14 20
296 67 204 222 353 294 354 122 89 129 102 46 390 12 489 21 272 336 157 383
1 2 10
101 230 239 100 99 269 256 14 141 324
1 10 13
408 308 470 291 266 182 385 355 25 373 438 472 433
1 14 8
194 448 113 334 311 110 322 328
1 16 4
180 450 291 352
1 2 20
99 375 69 266 19 191 121 185 284 337 72 113 487 262 86 142 112 467 130 441
1 18 22
384 245 97 461 107 234 349 398 5 261 174 236 415 42 224 92 67 365 124 383 95 299
1 13 3
86 253 350
1 10 4
273 287 84 433
1 14 21
126 166 233 380 9 285 105 148 385 420 240 415 310 498 490 152 75 489 198 31 121
1 12 21
368 466 89 280 443 446 223 323 242 470 229 79 93 300 303 346 310 46 237 495 214
1 19 5
435 197 80 57 309
1 2 24
481 398 319 494 162 344 381 188 187 425 307 420 32 267 316 289 100 203 87 159 150 62 55 43
1 4 6
394 186 497 59 95 175
1 13 19
263 75 155 23 346 333 419 348 126 174 423 35 143 176 13 91 4 237 53
1 19 11
137 405 171 367 84 434 296 481 18 158 27
1 18 19
131 16 446 336 492 476 14 300 50 403 382 422 407 74 493 23 109 291 261
1 17 12
448 200 395 84 383 117 50 74 432 456 245 10
1 11 4
466 339 258 130
1 10 8
5 485 473 98 355 470 474 404
1 17 13
447 57 224 105 14 81 441 364 448 443 35 151 314
1 17 12
83 488 452 116 314 499 101 123 446 399 326 228
1 3 15
271 232 418 119 21 431 8 240 89 299 499 99 188 78 146
1 11 3
232 129 111
1 10 20
143 22 177 209 299 409 287 338 90 371 455 2 326 190 166 413 8 335 436 301
1 1 11
422 389 54 104 251 63 162 145 336 387 370
1 10 22
362 290 481 294 339 172 10 223 119 125 211 268 485 39 15 23 170 237 396 178 35 350
1 12 25
122 161 5 478 287 65 52 280 466 193 130 212 92 93 145 83 383 289 71 342 38 206 184 366 341
1 3 8
376 78 297 20 189 383 262 145
1 7 16
451 484 482 347 17 69 359 358 479 120 380 260 216 205 161 237
1 18 10
396 498 412 284 133 180 137 61 435 11
1 3 4
433 334 227 10
1 16 3
199 285 262
1 8 17
186 266 231 58 480 216 247 477 406 493 284 109 379 126 357 291 405
1 1 9
165 90 31 238 203 284 491 55 442
1 10 23
210 286 118 33 352 169 298 443 293 86 123 275 291 279 92 122 55 186 221 157 395 117 194
1 16 16
359 325 445 97 430 32 195 403 338 275 27 120 10 317 78 45
1 14 4
68 180 74 386
1 12 13
378 28 369 169 48 244 328 346 178 71 463 187 413
1 3 19
26 82 437 14 490 172 290 271 174 142 390 485 55 351 111 308 207 327 460
1 16 25
478 110 359 471 437 364 24 86 446 135 45 260 22 270 278 174 157 317 162 453 342 274 136 85 172
1 6 7
313 397 328 479 28 252 276
1 1 19
9 65 187 215 206 263 372 130 116 335 247 0 231 336 168 24 369 412 205
1 17 20
481 148 314 146 423 121 432 190 81 183 123 107 10 211 443 311 330 274 302 94
1 18 19
242 238 112 147 221 130 56 378 422 100 268 125 261 431 414 416 255 394 174
1 13 6
403 411 202 419 187 152
1 8 5
112 251 414 298 492
1 4 4
420 149 228 23
1 13 8
133 51 420 138 229 458 372 65
1 12 17
381 403 476 312 291 47 243 139 15 422 201 57 489 34 497 253 133
1 9 14
341 119 332 213 434 59 52 182 79 58 488 1 238 223
1 12 21
30 442 90 418 477 287 349 375 485 15 315 66 33 292 151 84 53 364 452 397 400
1 6 18
60 418 61 313 138 227 34 475 137 302 452 376 396 304 288 461 409 89
1 1 24
379 163 138 292 46 159 488 460 274 41 45 250 280 189 266 65 17 248 410 200 439 464 73 394
1 7 8
381 383 92 193 42 208 366 133
1 15 9
287 375 137 493 278 291 440 58 491
1 6 12
41 459 46 240 129 296 154 449 297 108 109 486
1 12 17
438 330 73 158 348 85 141 154 187 216 298 231 148 485 448 415 313
1 1 7
63 448 306 6 194 59 365
1 8 18
469 427 114 215 497 46 80 422 362 284 113 403 494 105 184 30 390 300
1 9 7
56 120 378 283 460 121 405
1 7 4
103 306 22 288
1 16 2
292 409
1 7 10
259 215 106 392 168 377 191 239 383 161
1 15 9
0 126 260 49 375 175 118 339 231
1 18 21
492 38 314 160 496 422 431 464 45 427 353 266 98 305 267 296 214 282 456 428 186
1 6 24
283 373 422 375 161 198 4 147 226 61 42 72 320 407 486 126 63 224 367 184 498 299 212 77
1 19 14
447 199 455 329 389 216 287 405 21 403 146 407 105 286
1 16 11
276 55 67 269 248 435 491 190 121 294 390
1 6 21
65 350 134 398 171 445 109 18 248 340 182 96 73 436 181 293 251 201 307 330 216
1 15 20
458 3 137 488 410 311 258 387 340 221 141 25 343 102 380 261 109 49 463 428
1 18 4
408 229 401 96
1 3 17
66 158 324 142 147 316 133 483 252 343 175 365 74 494 291 390 201
1 2 9
366 408 34 432 84 256 384 81 320
1 16 9
348 49 410 221 494 328 449 50 206
1 11 16
318 196 219 13 423 387 201 43 119 105 140 379 444 3 234 279
1 20 23
382 16 258 59 90 480 230 316 115 64 324 148 72 423 27 246 228 342 474 144 60 362 125
1 9 6
367 236 141 422 268 226
1 8 19
29 86 239 57 281 194 431 445 345 154 279 487 360 330 131 148 446 222 107
1 4 18
144 422 209 65 164 297 265 230 226 217 248 204 147 103 210 89 407 124
1 7 19
65 279 429 50 112 114 298 388 182 485 29 45 288 368 424 495 208 13 38
1 7 25
462 108 3 378 139 330 231 430 152 141 354 282 24 319 406 221 476 78 184 364 117 54 389 41 222
1 3 22
390 375 410 177 77 175 230 119 168 429 298 434 160 165 485 347 398 84 456 449 58 490
1 8 2
193 499
1 9 24
81 435 191 160 39 321 161 381 465 244 217 162 62 382 414 146 324 176 50 5 328 245 253 107
1 2 25
99 145 151 5 387 336 142 37 126 174 31 454 83 430 90 212 468 474 356 408 228 353 409 337 308
1 20 23
149 437 365 257 42 397 486 104 455 335 40 278 14 427 289 488 371 480 266 412 350 463 400
1 15 6
98 467 149 200 56 41
1 19 18
114 288 295 412 97 473 300 417 371 24 384 93 419 268 289 125 416 166
1 5 13
108 176 414 125 12 360 51 257 344 457 277 284 21
1 18 17
154 91 233 75 228 281 43 353 73 82 247 319 239 313 146 79 316
1 6 9
231 299 275 256 431 196 453 119 234
1 10 8
480 304 105 499 76 270 374 17
1 2 18
384 270 245 76 283 295 117 489 94 318 78 453 467 310 484 159 319 153
1 1 24
482 9 318 411 165 246 133 480 420 51 181 288 22 261 15 410 401 443 374 4 300 191 360 180
1 3 12
105 480 396 181 415 62 431 100 354 63 394 174
1 6 8
193 114 220 146 148 480 379 208
1 14 4
87 279 161 18
1 3 14
312 383 450 267 128 214 49 394 130 363 94 99 365 361
1 9 12
7 425 403 377 486 292 227 139 92 374 343 342
1 19 12
219 164 47 116 494 178 71 463 444 352 41 282
1 5 16
142 286 217 422 313 201 297 59 363 310 327 317 76 391 17 114
1 8 7
17 356 180 197 271 369 12
1 5 23
426 224 8 55 160 246 461 54 195 247 72 63 388 198 471 106 32 22 355 131 115 61 376
1 14 22
6 406 105 193 211 180 263 30 274 345 136 174 260 81 450 26 31 206 432 135 463 223
1 1 21
171 103 414 490 291 168 397 315 272 381 75 0 214 138 498 325 374 130 24 282 172
1 15 13
95 220 89 257 121 183 479 222 267 298 411 98 179
1 18 12
39 123 226 45 424 198 92 311 338 479 217 431
1 3 10
81 380 39 382 141 468 448 287 403 301
1 13 7
132 492 377 301 16 135 349
1 4 18
157 278 480 350 190 22 36 63 337 329 301 385 354 42 108 311 405 274
1 5 6
470 393 494 451 289 4
1 11 20
49 235 463 92 299 110 165 213 316 302 407 488 319 449 13 365 486 332 387 147
1 4 9
209 470 325 151 333 327 457 92 231
1 3 5
56 358 209 212 47
1 10 5
360 5 317 162 316
1 12 25
103 134 241 446 497 404 45 406 39 441 266 106 20 374 233 379 213 484 159 384 316 308 176 465 15
1 13 22
280 154 199 239 216 104 137 314 81 375 474 87 173 299 158 475 42 402 295 437 424 369
1 19 7
432 288 51 405 108 36 467
1 3 11
94 255 124 444 160 80 375 45 128 192 165
1 13 2
373 365
1 17 3
354 399 417
1 15 12
458 382 260 302 322 278 118 235 56 266 216 357
1 4 9
193 2 104 347 254 480 256 358 32
1 10 25
332 323 314 0 40 416 322 398 252 481 448 334 137 473 480 144 304 75 31 381 213 214 270 180 121
1 3 14
266 205 468 116 85 247 305 360 373 217 310 300 113 53
1 11 18
189 188 446 113 350 268 210 145 154 172 150 301 345 242 160 376 298 61
1 8 19
452 29 0 367 485 146 318 305 256 186 366 226 260 207 253 272 490 92 76
1 6 6
387 400 225 308 367 38
1 14 15
478 118 143 7 177 426 223 449 277 250 322 222 285 148 483
1 9 21
65 350 437 296 359 294 230 457 372 64 109 15 381 355 348 87 349 309 21 94 2
1 15 13
481 71 482 62 19 352 345 111 360 412 465 494 45
1 17 8
388 430 317 64 32 281 306 174
1 4 22
424 288 196 154 233 420 194 275 329 295 163 266 181 203 369 246 437 398 86 107 429 226
1 10 13
299 289 325 459 421 239 37 164 103 19 250 216 23
1 4 17
259 44 62 163 137 37 186 389 214 424 416 48 445 116 8 380 466
1 18 19
480 307 131 232 396 68 0 171 299 460 87 219 373 422 243 495 31 161 371
1 6 21
40 280 314 333 29 127 219 483 191 93 231 416 457 305 433 369 223 475 446 130 441
1 17 24
427 53 59 449 269 36 201 147 145 111 52 17 194 362 255 38 346 58 236 415 25 367 146 22
1 17 7
197 374 69 428 264 163 200
1 15 5
143 365 406 237 358
1 12 12
282 48 280 79 83 403 270 237 296 82 157 242
1 3 5
241 286 58 323 85
1 19 5
190 341 287 170 332
1 20 11
484 71 497 463 168 146 138 153 148 454 392
1 16 23
404 259 168 352 425 219 273 115 421 359 293 190 373 138 95 225 169 7 474 326 416 469 195
1 14 10
266 487 317 192 199 10 96 488 432 202
1 13 5
326 462 484 226 291
1 5 6
190 198 272 442 148 369
1 12 8
396 30 457 373 456 103 84 490
1 11 9
426 210 131 495 52 317 295 126 346
1 12 16
421 96 260 445 463 384 149 40 204 388 255 323 296 167 22 137
1 20 9
178 477 154 48 161 205 113 474 233
1 6 19
444 233 246 212 380 4 173 427 91 116 477 110 76 236 186 210 368 359 307
1 19 13
472 41 374 299 166 88 229 58 6 361 37 203 169
1 13 25
54 452 475 496 364 238 111 301 366 29 38 467 342 130 416 352 154 221 83 132 481 286 164 261 361
1 13 24
52 407 186 492 30 334 259 312 288 347 236 246 100 85 3 419 34 447 445 374 279 154 235 431
1 16 8
290 314 71 216 187 334 169 134
1 19 9
333 484 74 432 355 109 446 145 412
1 18 13
6 26 316 274 240 454 350 332 381 360 324 352 388
1 7 8
115 431 284 414 419 255 379 124
1 19 14
258 386 16 482 190 385 185 147 78 105 444 111 138 171
1 9 2
9 158
1 14 8
185 221 149 171 121 494 195 262
1 3 18
92 22 175 427 332 255 435 212 326 407 240 118 122 338 104 346 312 168
1 10 11
298 357 93 4 373 104 120 189 214 312 110
1 18 20
53 194 415 441 124 278 63 474 105 440 187 247 277 439 264 266 254 344 164 311
1 14 4
210 492 113 490
1 12 8
176 101 389 497 155 293 305 416
1 18 17
388 486 207 86 192 493 70 443 460 362 351 44 457 252 227 91 60
1 1 17
448 164 436 419 288 327 60 476 135 142 304 65 365 198 259 433 348
1 4 6
337 308 352 347 207 164
1 2 15
442 297 177 334 7 104 238 220 17 251 28 399 390 164 327
1 9 22
291 171 174 368 458 400 460 5 239 83 300 376 285 151 102 38 427 271 418 123 302 162
1 3 10
327 173 202 153 461 305 403 357 349 421
1 10 15
480 40 357 67 250 358 403 389 1 314 405 450 259 364 9
1 6 21
427 387 410 449 98 7 341 225 133 268 74 173 366 491 181 334 28 241 101 494 378
1 7 9
255 383 385 381 377 236 304 160 266
1 9 11
422 7 488 346 413 324 439 399 83 396 162
1 4 11
29 448 338 490 494 59 324 10 110 26 150
1 16 20
5 381 471 383 105 439 80 258 94 84 149 348 467 54 384 16 296 486 326 304
1 6 9
249 253 410 473 175 207 131 492 471
1 17 4
254 479 248 94
1 17 12
266 332 11 322 424 280 54 25 469 320 36 272
1 1 4
119 337 74 99
1 10 5
415 487 165 455 44
1 17 11
133 277 239 471 325 433 323 329 49 45 265
1 2 8
273 74 103 147 383 160 193 107
1 18 5
453 90 135 430 120
1 20 14
367 420 234 32 379 330 95 433 321 281 428 447 44 406
1 6 3
251 158 393
1 2 12
496 457 71 33 116 68 176 144 87 5 209 335
1 11 21
177 474 420 352 105 37 185 334 34 183 261 237 395 171 369 419 434 61 460 227 315
1 3 18
211 126 299 44 348 350 87 464 114 53 379 385 140 164 429 179 363 129
1 12 17
416 237 276 479 417 79 245 399 84 171 408 294 286 83 250 209 169
1 3 25
273 267 491 173 469 350 94 176 192 429 15 242 135 300 240 98 54 308 398 248 434 452 415 220 73
1 3 12
420 258 461 160 330 168 475 376 478 51 398 252
1 7 4
161 189 410 304
1 1 10
234 472 149 317 61 395 349 401 223 373
1 3 5
453 489 43 486 438
1 15 15
472 304 477 188 29 30 486 163 284 352 234 473 83 359 456
1 8 3
493 294 282
1 18 5
29 323 110 297 204
1 7 14
263 429 440 371 348 397 115 254 145 67 65 142 354 483
1 14 7
120 287 43 304 444 68 81
1 13 23
458 378 263 232 110 243 230 19 437 84 129 77 409 214 245 175 207 357 335 228 292 291 188
1 15 7
437 199 180 131 319 453 344
1 2 8
492 138 113 327 63 167 490 365
1 16 4
94 340 387 350
1 7 10
246 490 215 411 91 193 85 383 178 319
1 4 13
34 64 449 53 97 8 432 325 129 376 267 413 2
1 12 7
485 377 291 346 409 199 360
1 12 19
299 41 151 447 383 137 498 497 119 73 158 468 320 36 29 252 487 303 20
1 8 14
400 319 148 41 195 313 484 216 65 11 405 442 246 288
1 17 15
432 415 121 266 71 482 109 449 295 294 235 237 21 245 468
1 6 18
437 274 416 14 133 380 314 227 421 208 7 101 386 237 147 280 363 262
1 10 5
243 3 54 251 446
1 12 15
333 381 47 438 348 471 221 11 297 227 119 8 116 379 296
1 5 15
132 36 390 304 493 27 299 275 112 77 126 337 138 231 291
1 11 5
84 277 71 131 186
1 17 17
474 99 45 401 456 250 90 481 338 499 297 291 448 136 46 430 100
1 15 24
186 163 42 342 381 203 168 110 224 21 314 53 191 486 302 200 344 458 225 130 380 430 5 278
1 18 9
142 247 131 177 497 311 76 295 85
1 8 17
484 464 449 5 127 284 8 159 378 398 448 107 104 216 103 133 180
1 17 7
115 250 311 205 477 168 161
1 16 9
21 402 0 261 422 214 191 472 493
1 5 19
64 160 52 144 293 262 237 23 354 363 38 123 322 253 94 491 263 129 325
1 19 21
171 431 225 269 371 421 455 23 273 78 304 60 189 473 347 334 414 220 145 70 73
1 1 21
409 147 402 494 478 114 384 495 351 177 6 12 417 99 382 326 60 125 169 13 129
1 19 9
295 294 69 324 147 490 64 473 468
1 17 14
276 208 142 419 366 257 433 193 274 203 336 362 40 320
1 1 22
180 135 486 469 59 249 125 442 239 212 258 57 429 220 104 160 341 35 324 305 430 13
1 18 22
482 437 442 498 430 241 196 396 131 483 429 439 251 208 169 238 301 173 409 26 395 0
1 5 8
365 98 473 153 130 393 14 13
1 12 6
312 181 455 278 61 238
1 13 7
273 154 51 15 456 341 5
1 8 25
373 368 428 263 400 21 213 269 60 76 441 374 222 425 242 415 376 381 341 445 363 467 185 155 168
1 13 25
459 359 377 244 32 94 154 291 431 461 387 443 235 243 469 107 474 81 328 374 134 30 29 143 476
1 5 5
1 126 42 4 454
1 19 20
105 59 115 470 438 300 332 174 325 246 136 177 178 65 169 140 240 213 424 181
1 6 9
187 252 36 335 380 442 467 307 495
1 3 17
316 450 479 163 272 168 305 188 162 41 158 221 263 311 357 169 474
1 4 3
332 204 470
1 2 5
497 159 92 463 307
1 16 19
294 345 423 127 442 432 266 408 441 95 251 461 27 291 486 268 68 465 81
1 11 18
175 65 27 317 252 221 291 284 467 128 136 18 297 16 101 214 171 326
1 7 7
425 181 220 156 102 271 35
1 3 8
158 27 145 24 424 114 249 415
1 4 14
330 46 134 309 373 140 10 155 493 12 6 157 166 251
1 1 10
26 104 115 37 335 389 284 50 126 176
1 9 23
492 258 471 162 222 274 208 273 366 43 120 178 184 219 78 476 312 150 317 338 259 135 210
1 4 17
100 108 188 261 192 112 446 34 75 246 315 286 140 240 227 207 210
1 12 11
83 23 229 67 186 412 481 190 163 240 115
1 1 13
360 372 118 220 120 186 70 341 22 72 107 27 1
1 19 8
133 319 409 146 201 271 343 206
1 14 15
42 462 147 408 491 487 204 178 402 342 90 418 56 76 319
1 15 14
61 137 468 241 222 288 21 111 59 345 203 237 47 26
1 16 17
184 57 269 143 61 275 494 177 487 335 367 364 450 266 440 360 303
1 9 13
353 199 183 432 329 324 103 328 317 365 174 372 279
1 13 4
186 73 438 149
1 10 8
159 347 413 448 4 90 454 360
1 11 12
71 341 70 236 194 210 133 161 82 56 267 263
1 16 17
390 259 75 430 351 57 243 66 356 20 190 494 233 116 36 363 441
1 19 24
350 7 398 27 458 58 234 449 433 351 445 142 485 383 222 3 202 265 304 74 352 434 143 138
1 16 5
157 186 239 380 434
1 10 2
80 199
1 16 3
379 347 345
1 1 18
147 208 419 320 455 296 427 340 272 459 118 453 410 258 99 204 389 169
1 2 14
273 457 404 468 142 188 377 121 198 304 462 106 322 210
1 14 17
177 339 302 58 139 111 404 238 44 190 320 108 322 194 477 125 168
1 15 19
379 142 290 176 131 491 380 207 188 111 263 186 210 119 243 40 187 386 480
1 2 14
405 490 121 386 196 161 426 301 267 183 168 332 259 446
1 7 14
156 287 413 58 318 434 421 8 363 383 87 289 80 330
1 4 25
46 271 427 64 80 366 124 374 131 235 242 109 425 295 399 231 19 201 493 197 170 298 35 119 71
1 15 25
95 65 455 59 69 58 220 405 107 166 86 38 137 447 32 360 122 255 412 411 390 312 76 71 190
1 7 22
224 146 140 373 301 459 476 94 462 422 363 264 82 106 386 340 72 242 361 19 492 84
1 3 10
445 433 140 210 305 465 298 159 134 478
1 19 6
246 213 33 291 241 349
1 5 5
267 93 257 37 10
1 16 19
449 181 444 198 54 486 1 77 389 224 91 188 364 256 211 176 187 325 251
1 14 22
415 70 8 216 358 164 359 18 149 425 398 53 182 34 114 364 259 116 201 192 104 426
1 9 4
22 24 89 27
1 11 7
402 277 456 155 461 224 446
1 13 18
157 385 346 258 321 113 279 139 314 155 230 335 326 384 451 379 83 183
1 20 12
44 39 455 174 194 290 444 121 155 416 137 342
1 11 4
101 251 473 265
1 5 2
326 380
1 7 23
16 137 275 150 306 419 107 100 10 26 260 441 174 393 487 368 317 409 378 62 69 204 190
1 11 6
399 297 229 12 410 119
1 18 5
346 381 498 129 190
1 11 3
139 469 188
1 6 8
270 430 411 4 254 48 195 208
1 9 3
128 142 424
1 14 17
26 238 445 424 273 202 264 103 443 402 34 373 187 99 306 465 316
1 14 13
21 171 316 272 45 283 39 114 57 291 208 207 191
1 20 11
9 102 240 198 134 307 199 413 209 424 395
1 12 22
148 51 424 32 400 119 145 143 60 253 139 12 408 379 257 284 42 190 163 425 288 380
1 14 19
381 442 396 379 76 487 496 348 190 365 354 254 159 377 359 346 277 129 151
1 10 12
431 478 348 279 144 149 252 116 219 381 274 41
1 6 11
64 262 98 450 410 174 210 123 351 107 24
1 3 17
474 494 304 98 351 37 369 259 88 151 454 438 94 327 190 469 223
1 19 7
30 455 365 221 3 366 297
1 8 20
110 463 185 10 165 191 202 469 441 478 411 229 12 176 179 203 100 134 117 140
1 13 22
258 430 112 4 353 155 247 47 225 9 341 402 311 150 325 46 199 115 234 107 114 491
1 14 12
488 208 415 199 118 260 445 360 291 396 263 161
1 5 8
375 481 323 498 162 68 496 390
1 1 16
5 112 146 454 227 317 114 24 363 218 155 141 371 92 364 346
1 9 10
3 35 81 421 47 442 114 254 440 5
1 7 21
308 36 103 473 323 30 140 60 234 429 257 205 253 41 155 274 264 115 270 64 219
1 5 9
148 367 493 52 14 171 472 138 331
1 18 10
40 73 326 388 16 13 246 2 146 459
1 5 10
267 409 222 3 113 326 83 384 1 263
1 8 4
120 474 455 459
1 2 2
354 310
1 7 22
231 437 233 239 388 127 19 171 328 107 276 16 75 223 485 389 346 323 162 118 408 434
1 1 3
397 384 23
1 7 21
149 140 53 249 209 392 6 147 247 395 320 242 13 231 98 430 409 324 328 54 423
1 4 7
364 398 109 199 37 304 400
1 13 3
441 191 486
1 3 8
84 316 469 326 248 384 399 251
1 10 21
45 264 138 435 290 121 221 105 233 171 4 467 297 472 388 421 206 393 376 323 163
1 11 18
144 228 457 448 127 369 272 461 320 208 332 235 464 188 43 324 70 48
1 11 11
382 400 97 476 489 100 158 46 323 160 134
1 10 2
290 205
1 6 15
437 341 475 67 220 429 124 94 119 15 176 156 308 425 282
1 11 19
366 479 176 151 39 185 221 285 91 439 141 210 398 489 343 293 387 2 452
1 19 13
325 315 266 302 131 187 449 471 224 431 135 477 426
1 1 11
238 292 214 297 400 184 323 392 11 136 261
1 6 22
170 164 407 152 106 344 52 201 184 259 435 490 419 53 405 475 336 207 92 353 57 349
1 7 25
87 93 189 123 99 275 368 414 53 499 325 404 347 70 341 276 401 27 299 95 313 19 322 478 438
1 15 4
173 360 386 353
1 14 3
102 419 340
1 6 23
38 34 144 330 323 204 145 19 54 197 70 404 342 185 270 186 175 365 410 143 280 122 459
1 18 19
403 95 381 342 367 85 144 364 450 300 294 374 54 111 333 90 96 489 6
1 20 3
388 301 334
1 8 2
479 173
1 10 3
155 417 37
1 9 20
243 422 109 240 288 230 196 159 264 367 104 215 346 201 168 40 357 100 302 11
1 15 23
120 122 496 144 469 54 442 391 240 455 490 375 21 431 378 464 87 405 291 148 218 417 97
1 12 8
275 41 345 276 350 476 97 451
1 12 4
161 221 430 61
1 13 17
459 205 48 159 412 86 337 40 211 298 12 407 135 170 131 313 224
1 11 24
499 420 279 96 295 275 368 321 310 73 434 6 276 457 33 413 149 202 314 42 439 369 386 140
1 1 19
227 454 216 204 344 350 72 494 200 224 9 193 260 497 261 463 100 270 40
1 16 15
242 18 387 304 308 121 276 81 231 228 461 23 5 203 167
1 9 20
359 88 161 455 356 314 26 151 398 216 49 303 127 387 89 147 113 211 75 365
1 16 2
84 66
1 18 2
310 474
1 11 5
185 334 113 328 391
1 17 25
113 5 487 338 285 91 178 365 196 83 304 410 464 65 64 268 172 142 73 347 177 63 446 102 26
1 13 5
292 156 278 85 450
1 7 2
238 475
1 13 8
134 83 369 100 131 433 168 48
1 1 21
200 208 426 328 419 198 434 349 225 295 45 83 372 261 326 175 478 199 467 108 408
1 4 16
374 360 218 210 70 181 101 76 40 16 283 73 98 271 327 1
1 10 21
486 48 128 150 179 493 350 112 231 401 322 139 110 111 381 53 22 71 177 477 357
1 5 11
362 183 68 52 227 151 481 343 187 208 114
1 5 18
45 307 130 385 243 400 134 14 289 192 405 363 499 125 120 8 299 37
1 18 17
163 249 145 132 65 232 301 158 481 224 287 415 3 448 53 25 422
1 13 13
10 235 178 252 350 342 180 364 420 329 203 99 89
1 11 3
433 163 28
1 6 6
261 239 231 17 139 317
1 17 3
304 389 491
1 3 9
284 237 81 41 139 493 111 185 197
1 14 25
458 474 21 363 67 354 303 172 82 279 145 396 176 372 449 41 202 349 99 428 238 304 86 164 201
1 4 5
342 316 189 460 304
1 7 15
14 389 366 323 269 483 368 162 213 260 349 88 481 231 34
1 3 10
47 8 50 27 281 315 237 66 317 379
1 6 13
374 116 402 445 262 60 320 146 175 178 59 140 15
1 11 6
214 177 334 467 202 488
1 16 11
82 251 92 241 470 4 189 142 10 345 429
1 6 17
252 277 152 205 492 23 10 125 338 96 296 53 483 233 284 443 157
1 12 11
328 147 93 243 113 443 104 3 294 199 416
1 3 4
169 268 148 85
1 15 14
69 442 482 483 30 33 371 196 135 488 309 236 15 441
1 4 11
58 94 90 33 339 104 366 477 405 286 66
1 1 6
351 79 347 386 436 144
1 10 8
454 17 439 320 381 221 490 420
1 7 15
492 267 454 353 494 395 397 203 477 221 263 455 345 15 191
1 2 14
268 19 232 310 178 451 35 486 269 462 16 209 407 417
1 18 14
270 46 124 85 271 29 457 22 466 393 460 487 371 120
1 13 8
2 239 276 184 361 431 183 334
1 15 7
387 167 235 444 183 397 459
1 5 4
355 74 443 232
1 17 10
4 141 206 68 338 83 171 60 255 217
1 17 14
98 424 368 412 476 360 230 380 279 24 466 417 186 273
1 14 21
269 367 459 311 202 321 243 197 297 464 250 458 483 263 21 118 478 290 32 476 494
1 19 7
424 250 22 147 170 298 360
1 7 10
484 115 72 222 282 130 429 491 417 165
1 6 25
19 438 149 412 164 248 157 295 260 467 378 401 239 259 173 414 205 486 125 25 377 359 184 435 372
1 12 3
48 338 6
1 9 24
366 419 60 313 498 245 84 281 494 147 149 449 10 74 471 26 295 217 363 27 67 422 408 327
1 16 7
112 260 6 232 451 31 197
1 15 15
9 494 408 460 447 497 471 1 361 495 172 280 411 124 74
1 15 17
406 287 355 159 100 477 414 225 343 184 103 390 482 94 141 295 19
1 5 12
119 88 324 132 104 435 211 13 233 3 377 338
1 10 14
465 234 439 145 20 75 231 301 499 368 316 10 41 456
1 19 23
453 332 474 459 296 217 277 360 208 261 18 451 116 422 342 92 339 340 159 242 251 101 456
1 12 7
225 106 312 491 73 202 430
1 18 2
223 313
1 16 13
246 27 77 303 207 353 217 101 45 281 344 34 412
1 7 10
426 193 295 49 73 366 227 22 70 122
1 1 23
411 161 158 226 53 393 76 219 96 286 152 119 141 308 235 102 252 352 495 416 215 234 181
1 11 7
340 481 420 322 487 363 115
1 16 8
414 476 253 323 85 230 499 139
1 18 17
409 463 294 311 300 78 334 148 375 353 499 349 407 324 370 491 366
1 15 9
105 265 336 86 10 175 315 415 369
1 8 24
292 252 61 407 238 148 244 286 240 296 111 115 491 179 37 418 406 241 422 143 323 338 264 299
1 14 23
352 76 146 117 343 450 186 310 83 387 372 41 491 422 13 147 437 274 187 27 256 194 434
1 6 8
411 327 337 410 211 300 465 47
1 10 20
220 23 380 498 38 106 450 56 19 168 349 446 158 327 475 221 6 25 478 178
1 10 22
18 178 291 41 285 215 448 130 309 315 235 295 326 233 449 318 273 317 16 201 375 275
1 8 2
58 216
1 20 14
412 40 285 417 487 209 258 97 409 177 31 156 229 478
1 9 6
220 86 75 347 485 193
1 12 8
265 494 49 294 2 91 117 58
1 12 12
468 438 469 423 107 157 132 305 166 498 396 71
1 16 8
325 370 55 382 410 266 34 143
1 2 7
132 57 459 444 32 455 478
1 16 14
294 349 174 427 38 496 440 109 398 459 87 167 300 384
1 6 20
296 365 3 392 69 190 56 260 332 75 321 200 196 111 382 37 477 282 110 276
1 5 16
386 233 178 5 24 31 421 346 333 425 271 414 324 205 409 26
1 1 16
473 289 172 222 447 219 32 448 379 161 351 174 269 373 225 156
1 7 5
359 498 123 186 422
1 17 21
33 451 326 24 274 260 480 429 146 412 62 263 306 278 255 316 347 450 160 428 236
1 9 6
122 80 106 13 186 99
1 12 15
176 376 442 275 463 270 43 405 383 319 202 7 306 57 308
1 5 11
421 138 404 156 173 97 208 72 15 168 354
1 7 12
149 124 181 204 252 202 354 465 394 120 248 411
1 1 12
22 274 131 482 423 138 159 498 268 26 328 53
1 3 23
167 274 98 421 490 85 310 104 4 478 247 9 0 218 37 428 344 64 416 79 169 76 411
1 20 3
182 493 462
1 4 21
221 319 370 377 468 199 366 466 420 498 101 43 397 152 41 200 173 327 177 213 298
1 12 11
427 158 168 424 251 370 132 494 183 72 126
1 10 3
492 431 156
1 20 21
232 42 301 398 318 373 287 217 38 0 432 352 404 115 134 285 315 392 189 348 130
1 6 5
437 90 349 286 300
1 20 11
121 234 342 200 199 58 388 409 88 51 468
1 17 19
356 444 394 438 188 428 283 402 457 404 483 449 82 5 220 309 489 120 164
1 18 21
314 237 195 125 430 332 221 323 451 109 447 282 220 324 372 449 497 275 333 452 466
1 18 2
1 355
1 8 14
499 142 177 20 393 322 447 85 420 36 467 21 394 450
1 17 25
477 37 41 279 274 356 408 342 316 283 70 298 399 196 337 122 145 343 18 178 327 470 400 75 223
1 1 24
43 281 205 451 222 312 193 118 76 399 366 476 371 148 311 65 216 19 317 437 184 141 113 160
1 16 24
146 251 39 79 3 444 394 158 490 304 106 69 137 483 219 131 283 476 224 326 108 245 317 235
1 9 9
442 72 389 185 130 142 348 352 123
1 9 2
20 308
1 2 24
183 289 397 265 392 472 228 415 268 376 373 435 25 176 494 287 257 475 43 151 216 103 223 99
1 9 21
305 266 244 388 60 448 112 286 30 397 180 188 12 383 321 456 192 469 207 295 262
1 5 6
235 43 45 122 23 119
1 1 4
426 193 289 120
1 2 20
438 95 111 283 477 406 257 234 134 361 133 49 266 296 163 125 161 458 277 348
1 8 23
449 436 113 362 289 136 111 35 129 439 491 43 205 407 357 156 482 56 271 470 183 170 270
1 16 6
448 320 166 196 161 80
1 1 17
310 110 172 104 438 358 391 423 345 330 268 57 485 382 365 291 163
1 13 16
497 263 200 350 171 106 446 186 401 167 168 448 368 429 387 164
1 11 13
220 295 488 26 393 259 253 303 344 6 315 88 169
1 16 20
428 334 180 166 441 474 158 367 442 21 190 408 105 391 415 50 457 211 29 418
1 14 6
182 76 131 405 441 347
1 2 8
450 418 308 476 127 85 77 83
1 15 3
179 368 105
1 15 23
242 312 57 24 194 214 290 438 488 32 467 2 396 22 262 284 88 417 221 142 255 52 67
1 4 19
278 40 354 233 234 97 449 393 141 56 2 413 333 388 166 80 126 169 53
1 4 24
477 102 249 496 135 184 350 80 341 414 31 47 449 374 234 1 18 91 35 183 345 134 348 14
1 8 4
187 0 230 100
1 15 7
290 221 321 158 242 154 95
1 4 2
71 37
1 17 3
204 225 119
1 2 12
45 244 381 207 499 276 333 193 221 219 270 360
1 5 13
264 486 64 226 347 319 25 384 318 284 174 491 273
1 2 18
138 370 442 245 250 121 79 378 103 15 210 251 287 141 43 212 438 271
1 19 9
332 19 153 449 275 63 32 182 403
1 10 2
8 165
1 9 16
29 335 4 231 405 474 441 232 113 53 363 293 252 307 464 65
1 7 14
77 338 436 374 351 148 327 61 256 376 104 113 21 316
1 18 10
486 126 206 354 456 442 240 392 463 225
1 14 12
261 2 405 192 423 367 372 494 446 358 46 407
1 10 17
217 435 491 26 41 162 80 164 18 236 159 409 195 81 384 459 13
1 4 15
391 395 20 421 306 457 314 266 98 493 181 49 14 471 373
1 19 5
447 318 101 411 408
1 19 11
296 414 344 332 426 280 177 484 229 55 231
1 13 4
248 396 323 109
1 9 22
195 320 4 3 399 401 347 153 274 265 187 133 109 337 279 136 410 260 213 405 414 227
1 1 2
27 300
1 4 6
370 484 272 314 246 249
1 7 13
319 139 352 102 170 447 414 404 342 326 270 177 187
1 9 11
283 431 393 35 12 362 32 290 350 243 147
1 14 13
204 262 366 430 405 273 304 241 47 415 101 291 283
1 10 6
495 314 346 42 258 178
1 8 22
478 235 111 420 214 309 79 438 59 14 208 370 279 1 303 189 400 463 137 95 50 435
1 9 21
204 296 198 379 181 375 382 20 242 33 147 24 155 346 15 64 477 203 484 127 384
1 5 24
481 314 448 379 443 126 116 225 363 236 489 63 269 325 356 29 178 277 105 294 263 142 308 33
1 18 14
497 106 290 144 480 83 355 321 420 445 301 92 137 236
1 10 20
42 341 71 371 404 459 354 369 456 348 423 296 378 474 355 392 120 340 264 329
1 3 19
398 141 430 397 312 263 477 24 42 26 262 222 32 86 217 137 173 45 39
1 8 23
464 6 155 370 122 456 18 230 26 13 301 466 100 359 195 351 193 111 124 135 468 148 203
1 12 16
387 170 157 280 327 367 90 357 33 470 99 249 51 373 13 418
1 8 24
125 276 187 194 73 406 94 29 277 241 3 141 244 207 31 224 140 134 432 283 185 471 381 70
1 20 12
251 127 427 472 22 51 358 418 338 169 402 163
1 19 7
108 406 349 139 56 270 296
1 12 21
330 333 191 80 15 209 256 354 203 176 403 223 432 493 338 455 470 206 5 157 259
1 14 13
277 36 174 90 336 414 264 253 113 378 115 161 426
1 8 2
38 111
1 8 22
124 214 404 425 277 443 486 307 473 332 17 439 2 272 284 342 484 42 37 280 359 11
1 11 13
62 208 247 258 291 56 274 101 163 478 380 59 90
1 12 17
13 271 425 304 265 463 228 458 268 406 421 420 376 44 229 174 183
1 3 21
9 477 396 88 366 201 20 439 455 478 273 137 196 309 331 29 416 204 233 376 121
1 13 5
326 274 230 304 345
1 2 13
15 369 361 450 94 212 356 465 50 495 70 46 72
1 8 20
181 120 283 404 284 169 121 3 58 159 176 390 438 83 333 249 455 224 84 472
1 6 20
372 278 448 368 201 306 195 258 293 124 335 276 240 231 24 2 140 435 74 83
1 1 19
161 479 240 427 117 359 430 263 394 110 366 369 13 244 48 447 389 71 195
1 13 25
414 86 486 481 241 212 36 189 193 280 374 426 353 185 308 419 483 248 423 81 342 196 347 172 100
1 3 24
349 120 131 115 320 357 153 17 254 146 229 101 438 77 108 410 44 384 450 243 96 465 29 402
1 7 8
354 156 278 78 213 249 463 315
1 15 17
342 420 454 214 480 482 24 416 69 149 400 301 127 250 67 292 93
1 16 3
310 302 398
1 14 17
49 134 430 299 102 245 142 360 42 291 496 490 382 474 445 60 249
1 15 5
81 229 319 155 158
1 3 3
26 23 96
1 7 21
134 236 123 130 384 0 13 114 164 303 233 378 98 174 222 116 119 411 297 309 280
1 1 25
297 181 405 38 119 390 448 482 180 210 284 165 493 171 201 299 425 312 80 53 380 88 480 486 152
1 18 13
183 430 70 136 455 110 256 265 325 436 221 438 479
1 6 7
156 42 169 440 378 285 244
1 20 3
355 187 325
1 17 19
488 293 276 420 452 402 470 249 144 122 490 221 400 277 109 449 150 116 13
1 20 16
138 470 54 11 190 234 327 156 388 480 266 300 446 134 341 433
1 18 25
53 337 332 301 18 331 346 235 279 95 293 336 491 261 436 113 10 475 88 59 33 290 254 371 198
1 4 9
243 286 330 281 127 312 253 490 354
1 13 6
169 448 312 74 485 415
1 2 20
439 244 55 183 364 340 236 368 260 480 469 206 281 377 48 363 404 324 387 242
1 17 6
190 251 193 33 341 448
1 8 3
211 337 242
1 16 13
485 283 90 45 386 355 291 298 492 319 305 188 354
1 14 16
441 452 35 135 342 497 52 300 454 162 266 354 92 76 6 172
1 4 7
10 281 401 47 96 316 278
1 10 10
293 276 82 127 499 284 246 468 130 297
1 5 25
149 114 302 173 211 295 331 284 394 172 128 304 129 203 371 229 493 429 67 282 60 461 90 169 109
1 18 14
463 483 178 232 490 265 143 213 215 370 310 56 329 301
1 12 8
134 177 118 485 150 246 64 398
1 15 8
288 247 14 284 334 57 52 244
1 17 8
238 52 5 234 140 473 233 402
1 1 24
214 369 408 193 105 84 364 314 277 478 63 157 253 60 453 448 220 142 353 191 290 316 467 493
1 15 12
375 219 214 32 339 400 367 389 159 179 64 107
1 5 20
207 326 116 330 366 213 49 362 170 46 67 442 180 319 215 129 209 301 124 466
1 14 5
413 204 496 320 306
1 13 24
93 119 61 276 253 18 242 76 160 92 338 69 86 474 116 223 90 24 52 49 356 385 235 243
1 17 10
178 29 174 319 328 98 197 413 342 323
1 19 13
416 260 14 488 486 335 51 368 64 133 323 208 471
1 11 3
242 183 344
1 10 4
83 216 365 470
1 17 9
388 254 78 55 46 335 166 314 301
1 2 3
4 145 259
1 20 20
447 230 28 253 492 134 321 269 463 342 215 457 107 294 267 96 162 291 8 449
1 19 20
253 364 319 188 15 9 81 435 481 380 389 395 204 189 324 468 119 0 74 436
1 2 6
212 85 491 95 260 218
1 16 20
82 313 92 445 167 44 43 204 424 25 85 480 431 399 189 110 185 12 405 69
1 10 23
359 340 90 68 326 172 229 242 74 66 107 321 347 230 98 377 392 97 317 409 10 104 426
1 2 14
139 2 387 166 391 137 489 262 5 325 69 51 383 159
1 5 16
131 332 229 224 441 383 256 206 416 316 219 280 407 301 2 405
1 7 14
414 304 69 300 46 496 227 159 321 350 437 280 200 132
1 14 2
104 442
1 5 25
454 131 363 37 17 342 472 217 100 251 493 7 34 330 83 120 253 405 314 169 437 264 257 80 101
1 17 2
141 117
1 9 22
413 278 329 345 232 84 255 108 197 491 348 57 439 88 281 115 180 314 454 489 60 94
1 14 22
340 27 272 270 314 417 174 375 444 215 121 126 323 64 283 294 440 416 300 324 94 202
1 5 6
428 7 414 129 355 443
1 10 2
462 316
1 12 10
264 116 107 66 222 230 447 88 216 491
1 20 2
150 347
1 13 2
46 154
1 19 10
229 52 321 197 155 85 102 426 146 242
1 16 10
488 342 224 453 395 415 272 34 464 222
1 20 16
58 473 67 247 9 86 354 461 128 130 367 288 352 32 85 278
1 16 9
154 105 493 234 53 449 355 484 211
1 18 4
45 320 299 362
1 20 23
10 223 276 375 218 215 455 352 314 66 203 38 473 18 463 239 318 73 258 319 324 460 346
1 7 19
481 116 258 444 78 236 80 105 214 407 285 45 361 283 234 454 250 113 220
1 7 16
477 251 62 143 44 454 327 144 260 89 445 79 99 460 198 204
1 19 6
69 123 110 482 233 120
1 8 7
97 48 140 62 328 31 70
1 20 5
473 253 364 75 467
1 4 22
382 304 460 204 58 52 222 218 454 286 332 412 159 161 417 76 368 388 68 409 77 5
1 11 9
201 355 303 44 362 62 12 131 193
1 2 2
447 207
1 9 22
363 209 498 12 36 311 281 404 388 156 403 120 94 309 391 0 428 475 453 470 368 20
1 11 22
285 498 458 469 257 167 182 110 412 208 468 204 415 344 480 303 331 446 227 351 93 206
1 7 18
226 448 371 104 465 400 236 50 496 405 310 285 416 215 325 0 481 170
1 8 20
487 28 342 36 482 488 313 86 55 410 416 208 419 209 232 350 102 76 23 93
1 15 23
397 492 381 177 370 41 470 28 343 11 406 475 499 48 307 341 209 132 431 273 371 290 118
1 15 10
231 51 61 216 270 87 275 361 70 299
1 3 11
231 150 411 151 289 29 135 169 94 63 208
1 3 12
205 464 176 313 13 411 356 186 204 185 473 433
1 11 11
306 191 342 181 327 77 167 67 114 174 125
1 16 2
323 31
1 11 7
371 346 391 405 435 423 409
1 6 21
12 462 23 385 157 174 345 454 210 285 312 7 441 307 32 211 141 228 330 357 240
1 2 7
292 124 95 58 59 203 474
1 17 6
413 408 32 73 488 238
1 1 19
148 20 294 481 87 435 339 417 364 462 301 390 151 82 385 308 315 130 347
1 19 5
252 394 369 173 456
1 9 14
287 262 418 18 243 282 7 26 394 385 184 16 497 331
1 11 21
284 332 435 481 46 84 385 136 222 276 100 412 446 200 235 68 7 452 394 29 140
1 3 21
71 275 240 413 10 148 293 255 86 298 227 125 206 436 388 95 34 163 202 40 36
1 6 3
249 353 413
1 8 6
393 51 325 400 300 197
1 13 6
65 480 228 163 428 343
1 18 15
145 165 477 416 374 309 286 8 435 231 47 58 37 406 364
1 1 18
225 336 435 427 83 57 259 341 460 381 333 401 291 107 283 2 449 147
1 11 23
304 129 69 127 80 381 253 53 232 216 272 64 321 260 369 52 442 134 61 67 222 302 258
1 11 18
324 313 243 423 456 446 301 278 434 394 149 439 196 380 280 59 271 76
1 6 24
15 167 287 318 406 335 193 436 134 46 430 276 357 64 358 251 433 182 404 293 330 126 166 25
1 20 10
191 279 20 283 76 203 418 287 96 456
1 14 10
287 18 281 320 83 159 29 383 292 171
1 2 12
330 132 241 48 246 266 52 35 414 249 172 185
1 20 14
19 106 288 457 228 57 81 443 137 231 301 98 404 292
1 19 23
388 212 4 198 213 114 172 319 339 324 176 203 184 305 120 365 370 26 118 426 41 298 134
1 2 12
82 105 357 22 115 191 213 412 228 104 450 163
1 11 13
51 65 408 338 50 203 201 458 43 483 167 39 83
1 11 9
477 260 381 427 124 457 436 430 283
1 7 4
472 454 94 432
1 19 14
376 34 366 392 100 470 279 122 497 358 417 443 60 53
1 12 19
203 56 393 43 364 211 219 371 55 154 91 275 341 74 100 413 372 208 424
1 5 2
222 405
1 19 25
242 22 310 238 108 294 399 88 301 217 40 100 186 196 29 332 66 342 276 126 204 145 27 364 401
1 5 22
161 366 364 34 256 278 233 411 127 9 499 148 241 439 251 197 406 363 125 354 21 198
1 9 21
307 99 112 193 418 6 494 113 360 490 446 436 283 35 365 376 162 368 359 163 238
1 13 10
12 338 96 47 40 147 198 55 222 430
1 14 23
362 134 97 197 120 497 281 318 372 94 212 432 143 483 307 88 484 49 409 235 315 335 89
1 14 15
438 252 114 437 159 355 123 157 131 363 253 380 461 82 353
1 20 13
313 234 221 157 219 298 462 107 350 173 91 384 114
1 16 19
326 118 453 368 201 457 167 420 112 178 486 376 73 171 305 94 490 243 385
1 16 14
373 104 376 361 242 250 331 120 341 256 107 316 421 238
1 17 3
66 183 13
1 19 16
479 147 351 259 111 40 308 125 122 193 136 420 293 192 209 127
1 16 14
153 105 54 33 332 266 340 477 353 436 462 250 74 476
1 3 19
333 422 10 243 269 288 173 8 345 21 139 259 320 268 281 394 440 412 247
1 8 14
272 358 326 409 113 71 276 423 407 394 310 208 183 38
1 11 2
401 370
1 18 19
433 389 422 208 71 380 196 264 28 376 27 394 247 77 36 497 154 409 326
1 8 19
159 196 50 59 390 409 190 498 89 309 416 115 103 210 293 468 204 165 180
1 7 20
197 98 45 3 460 436 328 30 395 190 420 474 316 287 117 302 350 363 368 245
1 18 19
119 101 462 273 29 181 278 333 465 1 51 50 352 128 229 6 10 222 323
1 1 16
317 330 337 445 412 29 417 338 419 379 408 286 385 244 436 259
1 2 21
329 434 278 1 77 330 358 21 463 467 41 169 302 15 152 432 236 371 224 406 227
1 14 12
34 4 494 205 183 430 338 144 182 157 344 18
1 7 21
280 198 186 324 349 327 57 76 68 308 307 485 355 298 171 454 388 274 5 80 387
1 16 3
271 192 394
1 7 5
318 361 480 484 172
1 12 11
174 411 167 483 207 258 52 431 35 8 307
1 20 4
138 90 480 268
1 7 10
320 56 20 316 456 358 216 208 278 119
1 12 10
111 278 6 476 410 125 157 141 193 57
1 14 24
414 382 216 248 369 132 150 415 61 306 85 105 374 465 154 153 499 271 385 491 83 393 50 167
1 17 7
91 0 420 82 354 39 60
1 18 24
7 230 363 116 163 239 301 374 102 417 184 369 309 320 444 21 265 312 368 204 146 95 25 310
1 10 14
179 276 386 188 97 350 480 457 109 121 294 30 74 199
1 7 15
12 347 277 338 355 421 202 283 95 349 398 452 172 436 464
1 4 16
208 164 156 197 109 194 467 242 347 346 450 173 436 138 221 12
1 4 5
341 231 395 10 21
1 15 12
373 266 214 55 109 305 147 232 206 183 430 117
1 11 13
213 499 51 224 109 275 445 455 496 48 17 285 307
1 1 21
349 448 268 174 126 56 361 305 47 415 89 292 264 34 5 330 33 178 320 74 14
1 19 5
274 279 487 181 76
1 18 10
29 354 200 395 407 140 135 341 240 218
1 15 3
232 7 259
1 2 12
322 448 81 360 350 318 494 459 449 170 121 321
1 9 22
328 52 150 344 385 67 213 32 237 182 367 331 186 191 260 129 306 214 449 220 174 431
1 18 7
9 415 302 175 217 154 182
1 13 3
474 48 461
1 12 13
492 127 30 481 66 48 473 254 22 203 69 233 68
1 9 8
383 73 343 80 223 402 185 145
1 9 19
175 339 488 226 389 173 454 4 311 167 486 334 280 369 16 189 386 340 47
1 16 23
291 375 25 435 434 282 47 406 472 191 35 82 42 463 355 160 86 482 7 234 389 236 151
1 15 16
351 137 441 177 142 394 247 285 172 135 81 124 442 144 432 367
1 15 10
238 212 258 482 290 390 402 36 393 463
1 16 18
211 419 299 487 106 23 267 61 443 89 60 204 432 321 495 494 318 173
1 12 11
189 264 6 428 283 435 193 275 54 220 156
1 13 19
258 68 72 75 192 388 77 363 351 357 311 336 236 5 439 96 349 81 420
1 17 18
55 193 110 379 50 23 487 424 436 43 481 157 91 175 147 125 441 37
1 15 6
252 99 301 124 476 400
1 3 5
308 451 28 301 104
1 12 9
116 304 386 332 193 483 209 420 362
1 7 14
120 141 17 470 392 105 439 246 292 494 77 8 41 84
1 11 8
486 125 445 329 73 241 444 310
1 9 24
47 197 232 312 234 9 297 409 440 118 238 359 231 394 480 326 5 59 51 444 201 198 489 258
1 4 13
3 134 172 391 181 381 52 147 242 343 303 140 124
1 1 17
124 397 257 354 143 296 48 313 11 256 341 357 471 192 382 183 13
1 8 5
365 285 392 327 192
1 20 16
10 22 82 304 426 129 245 383 418 280 36 185 406 32 491 446
1 4 4
227 7 231 478
1 10 20
359 66 62 403 492 365 61 94 350 47 282 179 211 266 481 263 493 447 142 132
1 3 23
298 18 170 362 214 217 256 257 155 51 210 442 370 323 226 10 423 365 241 115 375 102 197
1 14 4
112 177 417 451
1 8 14
490 150 168 498 338 175 397 395 379 250 8 422 497 364
1 1 8
318 497 436 68 110 470 24 80
1 14 19
163 91 294 484 264 102 446 257 381 270 409 268 496 336 330 116 458 211 374
1 8 8
210 134 234 183 379 181 94 36
1 9 16
278 70 358 499 352 323 134 122 223 76 2 440 467 301 129 275
1 20 5
434 378 329 497 228
1 6 19
360 170 403 202 347 427 444 147 446 335 133 465 246 333 345 141 455 76 253
1 4 9
447 428 73 404 325 115 354 347 330
1 4 15
323 388 256 213 133 39 108 183 451 83 229 60 42 395 363
1 18 24
216 71 159 391 436 221 105 180 417 324 420 286 220 329 335 94 152 253 498 303 232 210 450 466
1 6 14
9 439 336 56 136 484 495 63 76 343 310 206 269 121
1 20 8
122 249 499 184 57 112 146 49
1 1 25
435 451 92 390 446 212 111 170 318 155 426 158 346 286 153 91 163 81 264 413 173 278 231 422 345
1 1 19
334 442 36 290 439 43 148 337 190 88 391 235 92 221 265 299 74 146 464
1 12 12
66 260 426 284 151 40 135 326 478 423 105 279
1 11 21
36 141 395 56 179 335 169 373 3 2 126 415 488 189 172 418 85 92 218 268 114
1 12 4
186 375 109 487
1 13 14
180 99 204 334 214 349 195 190 145 242 91 74 295 253
1 9 2
328 128
1 1 9
390 243 332 424 29 169 404 459 464
1 7 14
14 9 491 354 344 376 232 466 239 473 412 355 271 173
1 1 16
462 465 342 188 239 142 444 117 434 317 277 261 226 257 403 485
1 3 9
319 389 129 71 164 169 65 125 269
1 20 9
363 412 95 135 48 235 297 179 39
1 11 23
164 453 209 300 329 230 107 241 95 5 197 488 266 39 232 474 64 315 200 179 444 256 328
1 19 3
137 40 428
1 8 20
71 128 169 392 247 352 495 398 414 38 243 40 287 68 353 77 221 66 42 108
1 10 22
373 387 69 320 123 358 196 95 10 67 370 393 284 288 431 7 26 11 62 462 293 336
1 5 5
341 416 326 115 87
1 20 7
308 493 32 195 392 365 10
1 10 17
1 264 451 458 219 289 384 471 207 10 457 465 174 452 72 365 153
1 11 21
416 128 162 242 420 216 321 402 414 462 286 10 94 223 99 218 330 24 295 9 226
1 1 10
472 456 273 338 297 309 315 467 16 358
1 5 17
109 339 299 380 76 403 335 92 423 159 198 156 235 306 139 268 462
1 1 18
252 72 233 22 189 433 152 387 12 123 350 65 175 139 490 445 198 298
1 19 8
133 166 266 257 106 0 486 213
1 15 9
232 128 479 212 83 236 259 482 7
1 12 22
350 152 402 289 134 428 61 273 225 276 1 57 422 210 306 342 401 277 60 24 218 132
1 9 17
182 133 37 291 255 371 246 394 329 318 350 65 491 488 408 113 383
1 14 15
110 96 348 408 493 69 284 145 356 385 372 265 382 454 309
1 7 4
431 98 186 227
1 2 21
410 427 84 403 212 351 42 440 40 279 431 250 365 295 231 297 169 428 99 120 29
1 5 4
443 256 67 57
1 13 5
390 252 467 10 105
1 11 3
386 117 343
1 6 12
299 259 52 60 128 321 463 357 132 384 221 241
1 4 8
410 22 494 367 154 352 232 51
1 16 19
361 268 115 334 327 314 348 476 157 480 340 151 209 488 319 57 331 143 347
1 12 22
123 42 114 356 20 499 336 61 497 441 404 263 460 341 160 362 267 412 59 494 455 387
1 7 14
356 490 42 112 189 334 348 396 241 170 141 418 422 133
1 15 22
36 181 421 16 385 42 120 272 463 123 245 413 175 278 51 33 176 302 449 227 363 261
1 17 9
230 393 348 484 284 444 302 19 34
1 2 2
148 53
1 16 8
63 319 381 374 36 165 176 224
1 13 20
125 368 148 269 359 306 373 122 132 167 89 261 488 82 262 403 226 302 106 109
1 8 4
214 203 401 9
1 12 2
161 77
1 5 2
388 283
1 9 14
356 118 77 244 27 48 319 389 56 298 400 25 270 250
1 13 13
116 134 324 269 375 228 292 427 179 400 241 183 73
1 5 14
2 290 261 296 126 491 210 103 366 341 317 412 241 52
1 13 24
417 75 383 420 388 432 235 19 290 72 469 423 176 321 181 148 374 141 433 305 153 436 365 430
1 7 12
88 374 4 462 255 232 18 485 440 73 496 65
1 11 12
177 421 451 333 125 394 429 276 142 346 150 267
1 1 22
301 272 358 292 147 495 452 93 302 192 400 55 23 92 489 406 349 341 442 68 412 58
1 10 5
332 405 92 0 32
1 15 5
221 269 425 304 263
1 17 4
477 137 182 361
1 10 9
468 15 198 231 353 356 87 280 450
1 20 10
114 35 99 133 387 391 127 291 69 306
1 2 24
186 467 296 377 85 292 309 392 490 374 438 184 346 169 286 67 352 313 287 415 63 89 417 91
1 2 14
52 394 421 202 371 168 258 237 295 190 206 36 329 477
1 4 25
71 16 91 110 149 199 384 245 436 420 141 17 286 4 388 477 166 421 369 44 255 377 132 24 351
1 20 18
299 482 90 102 412 393 86 477 465 275 173 99 301 100 450 48 282 307
1 4 24
480 63 336 356 457 230 312 410 211 439 307 368 213 123 14 187 173 323 265 243 467 26 101 485
1 17 17
276 15 13 11 129 231 336 402 177 418 80 285 78 312 147 16 419
1 13 13
437 147 298 127 481 219 486 322 246 175 21 430 222
1 5 14
491 275 88 30 375 326 428 128 317 202 396 4 259 258
1 2 16
348 77 490 135 111 1 47 329 255 429 50 391 137 75 38 168
1 17 23
488 20 89 56 394 2 275 355 60 336 131 137 159 464 362 411 344 46 143 39 306 240 321
1 11 18
389 135 451 74 213 316 307 66 387 229 70 29 195 108 429 193 5 455
1 15 21
40 30 456 296 150 243 400 214 290 2 439 142 419 343 416 374 84 82 179 7 380
1 18 23
325 304 406 204 367 318 379 201 9 413 112 433 184 214 277 338 300 205 167 238 59 196 247
1 16 10
78 375 474 304 178 262 195 261 300 218
1 4 22
224 137 139 376 487 484 358 27 24 265 282 217 226 133 285 446 78 35 80 74 195 228
1 4 9
54 378 82 303 407 27 386 115 440
1 4 10
171 408 259 393 44 493 364 447 381 456
1 5 14
233 268 298 311 336 140 35 217 310 429 16 194 226 326
1 14 3
302 345 222
1 11 15
48 204 208 454 329 359 411 220 415 28 438 489 37 12 102
1 16 14
283 64 472 464 41 272 236 24 119 387 251 237 356 12
1 7 17
458 483 340 100 47 455 366 399 239 489 215 464 373 1 14 149 83
1 20 24
161 498 474 192 259 304 454 58 246 237 167 284 95 49 98 470 372 463 378 418 86 114 198 419
1 19 20
289 323 239 291 260 49 350 429 479 308 41 147 284 156 71 11 365 346 172 86
1 6 20
392 117 316 229 209 375 230 54 171 416 379 191 361 203 235 481 474 149 319 221
1 4 19
126 459 354 220 46 280 452 410 21 44 496 462 201 448 332 218 216 331 247
1 4 11
147 304 154 481 371 57 435 348 378 277 432
1 8 17
175 51 280 282 57 322 82 355 404 131 372 185 303 59 446 414 183
1 1 17
467 346 286 65 233 84 0 237 59 223 316 219 328 454 133 305 476
1 10 21
2 308 58 138 214 92 320 18 51 367 96 457 104 182 137 121 227 174 355 243 103
1 2 9
498 146 50 25 147 281 6 452 396
1 20 14
346 428 53 291 492 421 96 430 49 241 438 30 114 62
1 7 21
250 153 72 311 23 441 265 218 168 8 22 396 170 232 104 367 85 189 332 478 80
1 11 12
405 168 381 37 15 8 423 418 492 475 371 481
1 6 13
242 342 191 113 2 88 209 270 425 197 468 350 382
1 8 25
393 185 233 416 122 44 234 471 176 324 452 300 255 155 67 211 250 152 375 239 477 293 390 177 145
1 4 21
416 240 33 317 228 274 300 273 44 410 37 408 263 8 32 171 315 186 94 1 235
1 9 3
418 489 486
1 20 4
363 60 11 147
1 6 22
460 321 114 167 180 409 489 425 403 198 454 99 176 51 5 246 401 130 237 413 474 115
1 1 2
318 195
1 3 5
404 100 496 29 317
1 2 5
86 475 16 346 164
1 11 7
48 305 302 373 384 97 451
1 18 10
445 483 412 53 85 173 386 226 376 426
1 11 6
365 245 160 192 183 298
1 10 9
31 485 359 27 331 263 34 473 75
1 13 19
112 72 126 434 64 421 94 76 424 262 189 173 452 433 202 73 355 411 29
1 7 19
408 191 389 325 152 250 292 77 342 47 282 74 431 84 95 277 240 228 476
1 1 15
80 402 132 76 240 92 138 214 250 24 400 338 290 276 433
1 10 24
390 63 231 134 67 31 221 341 257 335 397 19 467 20 164 163 168 108 389 312 391 49 413 289
1 18 10
84 253 229 464 87 237 482 20 287 447
1 17 7
250 77 189 317 312 267 389
1 20 11
348 100 132 67 495 43 284 420 399 277 8
1 9 24
323 87 105 392 303 259 234 459 176 216 55 463 415 351 375 116 409 229 405 301 107 143 72 8
1 14 14
122 445 169 346 64 98 51 108 414 329 78 148 303 67
1 1 11
140 231 187 85 331 95 197 9 146 317 415
1 15 4
288 465 118 178
1 6 8
170 35 321 153 257 347 6 95
1 19 16
473 199 342 266 455 450 436 9 53 468 167 231 237 317 352 91
1 9 13
302 114 314 403 180 46 126 125 257 299 379 460 201
1 3 6
122 149 225 493 124 87
1 17 10
323 86 89 252 312 78 435 224 242 279
1 5 19
396 368 385 153 432 97 344 417 91 413 190 453 177 43 116 442 449 183 435
1 6 9
148 378 482 136 139 407 285 75 195
1 7 3
405 104 266
1 18 12
167 170 418 410 376 467 472 437 277 135 47 366
1 9 8
388 218 412 6 237 127 17 135
1 9 18
308 415 393 14 124 432 472 211 5 499 305 363 284 294 136 314 421 307
1 8 9
73 215 257 285 238 178 278 312 225
1 18 17
486 269 493 121 457 301 47 26 96 321 480 481 364 231 107 197 148
1 17 14
307 363 210 240 421 62 437 74 175 492 153 173 463 279
1 1 8
84 410 486 80 312 55 275 421
1 18 22
163 105 244 213 370 214 410 418 67 243 18 62 263 255 128 93 1 180 153 478 436 129
1 8 23
404 373 75 286 77 106 144 456 341 69 119 415 201 448 271 64 59 276 317 118 463 94 66
1 7 14
155 321 383 298 71 400 190 270 221 55 125 174 186 391
1 9 11
457 66 452 300 246 47 165 23 245 329 268
1 2 14
346 51 171 305 359 293 151 468 184 2 232 1 66 176
1 17 23
110 119 182 254 325 357 445 476 474 249 436 236 90 459 298 174 146 308 37 204 167 283 338
1 19 2
308 213
1 20 25
427 52 432 117 263 438 418 479 292 51 181 447 34 154 6 281 384 298 452 381 440 270 9 96 148
1 5 21
296 355 307 489 239 82 264 331 119 323 480 38 7 230 132 45 476 295 481 58 266
1 10 16
149 360 430 219 456 30 388 207 457 92 204 189 408 45 40 186
1 14 13
112 43 266 113 155 434 491 296 30 253 443 50 116
1 3 3
485 328 364
1 4 7
384 20 310 455 301 36 242
1 14 12
208 424 256 379 295 4 417 95 239 287 224 198
1 7 10
423 380 197 87 199 422 358 257 128 268
1 11 23
451 257 435 410 316 224 122 361 101 389 123 16 432 106 110 351 461 78 38 41 330 221 478
1 15 6
104 349 465 427 410 56
1 15 14
9 417 93 307 115 183 188 470 372 106 114 174 176 362
1 11 7
373 467 96 495 323 222 148
1 8 5
111 481 63 154 270
1 9 25
23 286 7 214 257 46 180 321 489 259 86 237 301 327 39 334 307 27 184 150 36 249 490 267 252
1 12 4
108 15 498 382
1 10 12
115 86 383 211 134 26 339 411 187 166 282 53
1 2 12
370 264 16 334 86 254 287 291 245 249 390 87
1 18 14
198 326 347 294 147 181 70 39 255 24 233 355 363 88
1 15 5
481 149 98 30 442
1 13 3
53 415 57
1 5 8
166 350 304 265 289 90 346 418
1 20 17
442 248 293 283 84 311 175 102 252 389 320 45 219 28 206 486 12
1 17 18
355 255 350 48 325 7 435 362 70 14 497 495 440 18 400 61 146 79
1 6 21
389 80 84 121 224 238 0 154 459 242 482 300 264 8 212 6 279 447 225 289 465
1 5 18
244 21 160 155 297 20 438 23 457 111 202 351 40 170 42 10 488 373
1 1 22
405 467 297 258 474 256 481 202 45 145 487 320 305 168 496 260 184 296 11 240 33 395
1 20 7
54 408 389 167 350 63 178
1 11 14
398 227 174 100 124 129 249 59 2 376 13 172 88 1
1 10 2
478 164
1 6 13
421 82 63 455 100 390 239 124 497 401 430 159 348
1 19 12
44 139 404 154 381 471 84 72 429 318 217 438
1 12 14
46 112 16 40 240 211 166 29 439 36 234 131 236 212
1 2 5
361 431 336 283 427
1 10 6
382 231 489 48 302 371
1 20 18
217 272 142 69 215 369 228 58 121 309 227 100 80 283 249 302 105 465
1 19 13
288 358 112 368 233 77 407 415 424 41 441 481 247
1 14 17
262 46 493 2 50 405 303 449 49 362 499 251 312 78 415 191 468
1 2 21
492 174 197 207 219 64 332 313 370 487 325 311 134 102 83 488 415 461 425 347 126
1 17 13
143 382 253 381 446 92 402 74 355 136 466 213 261
1 11 22
410 6 226 395 480 294 7 173 352 192 345 144 206 181 494 486 321 379 466 496 305 69
1 16 24
97 279 354 264 12 395 430 187 392 300 217 83 107 109 311 7 216 407 319 378 427 31 153 308
1 6 4
428 9 465 51
1 6 20
151 365 154 329 23 324 166 217 277 456 297 165 408 142 226 87 426 181 40 202
1 6 17
50 43 489 377 37 482 293 94 85 404 322 292 469 315 342 122 20
1 3 3
118 64 423
1 15 16
191 6 248 177 222 62 480 15 164 382 68 251 355 457 139 363
1 6 24
339 410 389 194 1 273 190 259 423 464 186 312 183 264 247 181 307 405 271 346 144 52 89 415
1 18 20
287 413 148 112 380 277 434 152 335 314 427 168 158 121 361 56 43 126 467 25
1 17 22
46 239 306 257 44 338 354 156 14 275 337 484 308 114 207 367 166 80 120 48 151 143
1 10 9
290 107 139 374 239 93 12 294 17
1 11 9
391 228 16 15 26 160 56 177 46
1 7 20
237 15 7 81 283 268 234 421 396 417 72 478 329 402 289 425 447 459 217 435
1 5 19
340 271 315 368 386 418 81 150 261 38 276 432 215 229 45 468 72 228 111
1 20 12
421 207 184 341 463 294 63 360 289 442 385 317
1 4 23
102 54 24 292 340 330 451 243 137 417 219 316 209 43 319 230 33 380 325 172 66 478 391
1 16 18
148 275 305 448 54 204 476 20 435 182 114 422 244 475 186 453 370 124
1 5 23
443 78 387 426 313 160 260 334 450 163 358 184 283 322 282 14 195 395 49 155 400 496 340
1 13 24
277 236 379 207 206 262 436 470 152 192 98 213 194 314 124 475 269 9 166 261 99 404 290 392
1 10 23
301 144 351 194 165 171 478 445 65 499 274 37 146 242 93 68 199 482 300 100 81 408 444
1 11 4
41 220 329 392
1 16 8
215 13 299 499 140 268 109 460
1 10 12
415 443 77 336 228 274 297 51 261 352 99 205
1 18 13
128 224 497 380 111 146 218 166 308 147 219 296 97
1 15 16
409 193 422 6 418 46 145 486 71 155 489 130 475 344 94 164
1 11 14
265 74 181 102 116 167 255 57 134 375 182 235 37 67
1 1 16
444 259 336 267 487 427 6 4 391 182 172 256 358 26 328 438
1 7 6
442 169 214 97 110 95
1 15 25
194 323 24 75 456 99 215 301 320 244 425 201 131 79 482 21 135 12 369 168 433 17 383 447 53
1 3 17
8 7 333 467 298 72 273 393 35 137 447 279 462 342 143 375 187
1 19 2
275 126
1 20 11
388 482 86 19 47 274 474 108 145 88 232
1 6 6
261 132 344 210 129 412
1 20 17
154 392 169 185 323 233 114 388 469 65 13 200 343 409 465 196 462
1 8 15
449 112 472 174 146 399 3 2 324 277 433 462 173 454 61
1 9 25
293 427 352 377 314 185 302 210 327 400 49 315 44 496 194 448 479 91 198 436 342 13 344 60 382
1 15 23
190 307 436 127 445 414 393 95 253 277 373 119 74 202 459 18 269 385 208 339 238 230 345
1 13 3
282 433 79
1 10 11
230 363 83 412 7 13 145 25 365 491 448
1 10 22
302 49 402 420 157 106 241 407 171 11 362 151 260 439 129 225 28 465 226 451 398 316
1 18 7
460 76 305 142 71 363 260
1 6 23
404 81 413 65 105 176 209 208 239 478 19 98 424 391 156 325 472 226 126 73 162 444 20
1 14 8
78 375 393 485 159 161 304 423
1 18 12
237 425 89 431 226 290 246 199 328 217 117 159
1 12 11
57 297 303 75 206 104 414 275 63 356 26
1 11 23
293 161 22 287 224 44 253 296 416 262 477 178 437 7 221 114 401 360 3 175 123 297 304
1 8 8
66 385 147 306 489 70 167 407
1 9 24
80 162 146 115 91 313 179 427 397 300 270 192 370 22 238 497 350 69 181 445 282 128 288 286
1 11 3
13 147 173
1 6 24
77 293 45 189 279 352 474 178 8 256 49 127 434 362 21 171 435 134 302 356 384 311 476 475
1 16 17
47 27 351 359 392 26 180 60 236 267 370 290 118 285 365 7 460
1 6 18
168 491 433 166 482 171 28 228 177 36 329 117 307 158 276 92 132 244
1 9 16
200 249 185 96 373 148 12 406 282 441 111 349 52 79 291 324
1 5 10
483 216 170 243 4 92 154 144 149 379
1 15 7
197 403 193 423 209 225 313
1 6 16
284 21 374 218 415 78 396 179 322 190 10 331 352 469 441 107
1 17 13
409 384 399 167 272 326 359 448 438 3 153 98 128
1 18 10
387 282 466 164 227 175 255 70 20 469
1 2 13
443 158 37 223 421 176 261 75 189 257 65 361 293
1 4 11
169 484 497 365 223 492 372 76 186 144 8
1 6 10
379 231 263 125 474 240 119 351 171 497
1 17 18
223 403 38 134 37 480 442 330 118 279 178 238 352 477 422 260 149 282
1 15 20
300 124 165 138 201 478 279 292 445 263 415 398 360 410 456 374 295 437 265 240
1 6 21
350 189 32 144 308 40 203 18 129 340 186 156 138 172 400 421 208 134 371 184 468
1 2 14
176 449 361 326 251 276 280 489 129 93 204 166 178 385
1 7 21
101 276 309 364 81 56 160 152 134 447 412 469 339 51 21 225 346 115 262 228 358
1 19 19
430 109 92 298 214 264 203 187 452 52 64 134 378 27 425 40 316 253 227
1 7 15
95 37 96 255 92 213 457 387 21 147 130 126 287 260 211
1 11 9
173 352 437 15 46 115 196 262 250
1 14 22
434 365 445 357 182 255 25 468 396 415 166 362 94 157 499 27 353 138 313 473 171 484
1 17 6
178 70 30 222 276 318
1 8 4
484 265 359 451
1 15 15
383 247 316 216 62 109 204 68 232 45 453 458 131 388 405
1 5 13
352 174 312 77 265 299 58 424 102 19 275 264 134
1 15 12
293 196 257 55 99 153 283 56 371 470 120 425
1 2 9
277 484 106 25 54 315 9 74 172
1 7 10
290 495 152 95 448 147 454 423 299 289
1 7 7
248 454 156 472 489 396 363
1 15 20
457 138 233 62 111 134 459 51 339 118 390 479 56 220 495 99 163 314 58 242
1 20 16
70 98 431 378 358 448 210 217 16 219 31 394 478 103 208 269
1 4 5
495 448 166 201 123
1 19 17
94 308 211 312 181 112 70 391 192 1 477 218 242 449 210 176 227
1 14 14
492 466 294 15 459 392 324 389 311 185 306 304 342 27
1 1 25
477 458 361 496 270 103 14 230 353 462 11 121 180 474 380 170 457 28 104 395 343 18 371 314 276
1 10 13
354 33 50 447 211 440 120 157 238 469 5 396 191
1 15 6
198 191 357 455 485 189
1 8 3
434 59 27
1 7 14
426 168 193 389 251 175 329 119 174 312 138 83 195 43
1 16 11
393 471 108 13 52 482 87 454 463 368 491
1 5 7
13 286 182 0 394 369 37
1 3 21
452 440 15 203 39 204 409 383 379 275 292 280 32 172 7 331 417 225 76 304 432
1 8 16
401 216 346 451 435 296 215 479 142 110 53 309 267 385 192 230
1 8 8
183 266 133 321 431 456 345 444
1 7 20
497 239 72 314 142 294 301 166 12 367 22 16 284 381 78 274 201 23 240 347
1 12 8
67 24 261 96 342 179 376 233
1 1 20
496 248 391 345 405 31 57 395 393 267 446 228 29 484 129 466 147 445 341 450
1 5 17
48 348 486 216 368 420 271 258 491 314 499 213 209 411 161 46 96
1 14 4
251 371 92 356
1 17 13
497 463 149 293 154 186 288 424 152 236 99 316 259
1 17 8
140 160 301 284 6 106 291 188
1 9 14
273 278 390 130 425 289 24 469 226 108 179 356 153 48
1 2 12
187 376 163 7 21 386 34 226 177 328 79 280
1 19 13
51 71 85 102 431 253 445 94 87 307 308 267 151
1 18 16
162 36 265 123 318 481 473 246 264 2 124 279 28 203 67 252
1 16 24
374 4 13 278 98 79 405 224 367 296 219 7 347 176 192 387 490 160 308 132 375 193 123 426
1 6 25
13 247 18 277 232 295 99 398 213 367 155 354 110 265 73 88 164 372 60 204 342 66 31 246 240
1 18 14
56 137 424 323 308 191 215 250 313 366 256 130 170 306
1 7 17
348 235 17 433 5 263 159 357 439 269 110 493 383 313 328 149 445
1 19 8
182 339 221 327 59 126 187 88
1 20 7
201 316 108 303 13 361 93
1 1 23
169 190 75 358 163 316 147 79 447 308 411 123 450 429 29 272 63 213 167 181 260 461 177
1 4 3
200 422 251
1 14 21
161 471 50 287 181 297 427 249 448 163 369 243 365 212 473 103 445 477 156 345 145
1 3 11
184 427 265 384 335 63 425 346 6 274 408
1 2 9
159 107 216 62 25 208 358 490 362
1 19 22
363 238 216 345 491 72 80 166 26 458 52 432 317 12 10 43 61 214 236 335 254 94
1 10 24
495 177 442 248 140 377 400 18 310 233 453 70 484 497 101 86 80 301 354 425 92 147 401 370
1 20 4
464 253 367 435
1 1 25
42 286 168 426 106 360 329 29 14 460 13 385 35 287 269 33 244 372 421 146 69 429 392 175 295
1 2 17
351 472 24 32 85 439 499 278 218 160 308 404 428 287 27 449 305
1 11 5
426 396 484 241 123
1 20 22
345 135 104 440 144 479 450 294 187 38 75 250 423 385 231 459 319 271 72 160 116 108
1 8 24
87 259 278 146 155 41 248 326 220 385 43 91 315 141 63 33 415 273 55 135 158 119 287 157
1 11 3
101 231 154
1 17 6
477 249 113 342 463 99
1 12 4
236 200 304 280
1 7 9
191 165 22 297 412 455 11 381 10
1 5 6
379 223 318 186 132 396
1 2 25
95 114 366 173 105 289 229 464 41 285 358 379 217 392 244 161 253 281 477 135 49 202 387 193 438
1 4 12
303 230 56 106 23 234 14 4 206 26 440 379
1 14 6
337 15 134 358 185 189
1 12 20
389 223 360 393 28 200 31 199 292 225 438 48 244 181 154 463 106 56 85 42
1 1 20
387 438 30 473 289 375 374 298 497 53 245 431 403 19 405 143 341 40 71 121
1 17 9
64 288 141 15 187 320 76 480 482
1 11 14
443 49 335 462 244 180 149 237 115 493 57 280 359 390
1 2 25
30 324 51 162 43 175 198 288 31 439 244 215 150 384 395 469 85 379 283 42 55 135 37 396 176
1 20 22
251 72 430 280 472 308 462 14 219 103 145 414 467 212 267 97 209 185 237 349 299 353
1 11 21
185 141 156 433 224 180 37 138 277 254 190 300 158 193 58 331 269 408 441 168 391
1 2 20
151 58 463 226 472 315 361 321 48 230 34 85 102 247 493 419 334 489 307 446
1 6 13
81 159 108 428 36 243 271 57 185 24 307 111 294
1 5 16
219 449 139 215 155 281 456 374 87 160 113 31 86 477 447 132
1 13 15
355 114 474 148 394 108 72 265 397 480 4 242 475 112 279
1 18 10
406 87 185 242 437 370 331 491 381 123
1 20 21
61 465 203 341 21 488 81 67 126 52 198 31 235 191 311 120 182 433 441 219 492
1 6 24
263 240 353 388 223 152 299 220 170 200 359 348 277 484 248 404 315 485 85 253 29 349 379 131
1 9 22
93 382 397 299 379 198 424 260 295 337 296 39 196 120 97 239 485 271 172 64 89 416
1 19 9
120 2 143 443 429 225 145 418 103
1 10 4
494 194 170 10
1 7 24
407 226 281 91 434 212 295 442 272 428 201 383 129 163 429 408 464 146 423 176 207 409 4 32
1 10 17
125 5 236 9 12 207 20 68 436 433 234 442 161 49 314 397 135
1 15 2
99 314
1 17 23
378 394 280 311 2 71 469 288 473 215 120 242 257 344 395 203 323 244 138 402 289 144 314
1 19 2
293 154
1 17 13
4 36 323 497 173 90 474 74 145 60 279 247 63
1 17 3
295 219 227
1 19 15
81 395 351 168 275 381 86 236 245 152 212 285 430 263 6
1 3 2
422 208
1 3 11
448 102 162 186 57 6 144 5 327 343 121
1 12 17
452 270 58 22 259 109 82 374 174 201 233 382 230 275 446 325 268
1 5 15
82 178 136 36 192 12 188 28 485 285 91 14 403 345 139
1 5 10
462 88 93 19 103 244 14 216 482 322
1 10 9
285 59 216 68 127 144 492 122 46
1 2 23
390 212 271 441 93 209 117 480 402 273 448 45 371 193 437 312 427 53 471 127 411 61 169
1 8 15
243 197 169 202 428 35 434 418 280 289 407 132 34 267 214
1 18 5
88 451 282 443 107
1 1 8
126 377 253 87 30 2 385 192
1 5 24
3 299 396 178 345 183 67 143 63 25 212 88 113 1 176 219 382 33 494 372 177 369 408 417
1 17 19
472 366 176 310 414 392 156 455 19 140 91 106 262 26 312 105 60 89 319
1 18 11
389 335 75 198 309 10 240 321 47 112 44
1 4 17
331 487 382 284 245 184 366 383 38 287 447 125 472 137 347 229 109
1 4 7
189 357 412 459 110 126 448
1 4 13
32 385 76 162 290 127 45 309 68 420 469 449 458
1 12 16
68 367 192 174 348 440 163 46 434 113 276 226 363 235 412 341
1 11 20
480 122 224 216 425 451 223 205 143 153 228 459 335 176 84 145 252 75 308 408
1 16 6
321 146 210 329 272 134
1 11 11
476 405 483 452 167 393 130 271 437 398 175
1 8 14
14 288 101 194 470 436 467 187 266 150 90 452 120 407
1 18 21
192 324 236 43 17 362 60 475 140 443 242 224 112 377 237 171 448 414 256 189 163
1 18 11
209 333 419 170 27 183 211 254 435 353 50
1 6 8
70 490 401 381 341 372 191 144
1 10 25
481 75 251 400 475 39 171 48 387 60 136 157 61 467 29 334 15 13 276 199 287 69 293 93 391
1 10 9
445 152 421 114 157 167 68 393 372
1 3 5
52 143 101 199 108
1 2 10
392 290 74 216 202 331 302 425 79 412
1 5 5
434 389 73 171 233
1 10 14
90 409 402 13 31 265 260 448 58 279 25 158 231 131
1 13 24
162 350 341 181 484 152 68 474 457 91 461 6 390 153 454 199 334 52 458 427 235 376 76 246
1 2 12
42 31 288 279 26 81 378 351 174 34 246 448
1 10 6
180 411 206 106 497 200
1 18 13
277 83 381 443 330 182 225 317 143 462 418 30 0
1 1 19
43 372 302 66 67 247 24 475 443 397 379 212 347 69 275 306 467 54 451
1 16 17
378 111 204 467 60 461 491 457 18 431 159 291 56 165 32 104 255
1 19 23
224 265 418 386 85 431 477 22 281 381 405 362 262 390 165 128 20 174 43 109 129 230 372
1 12 12
42 70 356 139 475 68 0 321 332 476 204 255
1 4 16
105 163 65 245 89 115 227 147 167 73 287 16 193 57 301 223
1 4 4
301 293 267 61
1 19 20
141 239 144 21 391 455 243 48 301 195 172 70 377 323 26 160 16 116 109 363
1 2 7
6 251 376 42 423 181 222
1 10 4
446 343 171 469
1 20 3
322 395 298
1 10 13
115 213 212 189 108 47 342 67 275 114 8 426 295
1 7 15
90 476 467 434 474 435 322 35 280 42 248 178 30 34 3
1 12 25
227 491 209 131 130 165 454 40 456 401 79 13 487 108 221 193 237 360 477 148 124 214 450 451 78
1 8 2
269 291
1 6 19
329 439 124 78 492 76 37 296 222 80 251 285 103 327 332 232 447 470 231
1 4 6
225 178 213 133 462 494
1 13 19
12 273 45 191 51 483 84 70 113 430 327 299 58 471 318 39 410 270 89
1 15 20
423 206 237 63 75 435 498 476 440 358 39 211 235 413 246 439 496 429 163 463
1 10 17
245 359 213 439 376 88 164 343 358 250 352 74 286 104 247 25 417
1 5 8
82 241 3 393 59 36 149 481
1 17 17
292 65 209 395 79 434 129 332 244 40 227 271 61 425 498 419 139
1 2 21
282 341 223 47 52 401 156 102 215 389 397 449 410 367 253 336 428 306 422 134 71
1 10 21
303 364 416 168 307 430 239 459 207 271 244 45 472 81 440 214 466 467 204 372 217
1 3 17
492 35 428 496 212 304 446 296 347 140 427 216 324 414 411 477 167
1 6 22
248 135 445 158 139 205 230 403 108 376 254 484 57 264 66 469 35 449 13 12 153 64
1 14 8
205 141 474 259 198 494 351 131
1 5 6
233 314 66 478 383 298
1 16 24
286 365 318 74 282 256 397 169 233 470 408 7 394 305 362 181 491 108 247 411 158 312 293 406
1 20 10
141 447 29 370 67 488 174 238 310 87
1 4 18
9 16 166 382 248 320 228 431 470 35 241 329 147 26 390 43 197 23
1 20 5
190 128 218 347 313
1 18 3
343 217 6
1 3 9
200 425 4 301 296 196 242 279 394
1 12 23
482 86 336 242 362 331 93 179 116 181 22 164 417 47 140 265 120 415 430 85 340 249 250
1 17 10
166 35 330 154 407 302 172 175 339 55
1 16 20
493 377 216 415 373 397 318 403 135 459 487 358 78 132 378 436 474 382 128 334
1 14 19
262 492 88 83 391 29 410 336 283 498 491 89 366 192 423 155 47 255 444
1 1 15
168 341 190 246 278 167 267 457 263 145 310 183 65 395 446
1 13 25
31 348 126 234 283 3 221 388 244 427 223 239 401 480 432 428 49 478 336 143 145 159 192 308 218
1 8 6
180 421 115 414 164 66
1 20 2
363 366
1 17 3
316 150 7
1 17 7
23 145 15 140 94 199 147
1 20 21
376 479 35 1 153 447 68 368 163 93 411 49 230 62 87 491 94 452 379 207 361
1 8 10
101 275 91 102 33 383 270 321 100 168
1 19 25
231 402 181 325 187 236 168 470 480 309 263 358 91 55 383 476 126 198 80 195 253 193 22 490 65
1 18 25
267 437 494 441 103 157 289 175 82 401 86 166 135 142 422 383 182 194 423 357 309 72 30 123 96
1 11 17
310 471 405 407 374 260 46 73 220 315 335 6 197 358 318 470 351
1 13 22
117 263 10 462 496 239 90 30 400 205 269 270 280 344 52 189 303 397 165 292 427 456
1 18 14
318 114 334 131 394 100 363 358 420 441 112 310 215 499
1 13 22
139 275 225 135 403 433 157 192 80 57 162 368 89 288 479 167 380 475 419 234 331 289
1 3 24
386 136 97 175 83 16 213 169 357 103 425 493 449 455 478 46 296 68 448 415 343 110 361 352
1 20 9
17 383 33 73 77 228 332 315 107
1 9 3
337 399 317
1 6 17
385 361 101 427 0 235 356 16 151 18 144 140 420 378 389 442 171
1 7 21
430 426 299 290 105 214 45 108 327 208 400 246 166 254 230 287 260 92 463 316 371
1 18 6
364 230 340 271 32 114
1 18 15
158 157 329 281 96 456 422 181 487 3 216 420 124 160 209
1 8 12
185 315 489 81 123 460 209 190 37 139 67 338
1 12 3
491 155 455
1 16 6
201 208 252 424 14 355
1 16 15
478 249 479 254 265 422 135 272 23 355 282 190 65 475 41
1 16 3
260 145 309
1 6 6
483 370 133 480 329 365
1 14 25
226 369 364 150 460 498 103 183 379 279 286 297 495 496 383 112 322 184 315 170 468 386 281 485 253
1 14 15
312 430 61 360 254 172 379 384 156 65 248 110 313 472 120
1 11 8
354 163 222 393 2 98 210 106
1 3 14
60 166 379 157 277 42 176 322 365 490 46 396 353 106
1 11 9
70 31 221 414 196 264 50 351 396
1 14 21
1 250 458 449 286 218 149 181 128 102 372 460 331 447 198 23 395 145 439 289 171
1 3 11
266 324 40 351 1 437 221 157 18 170 173
1 11 15
197 242 49 300 278 467 31 152 148 496 267 271 178 487 232
1 15 18
344 405 392 251 256 387 439 198 302 97 214 25 410 121 417 210 53 191
1 8 16
412 330 291 14 372 72 143 368 457 252 284 65 233 450 354 275
1 11 14
316 287 98 226 96 172 426 447 355 385 199 404 198 176
1 16 25
367 479 236 246 56 489 276 120 81 372 346 361 254 377 195 226 300 30 310 352 410 102 380 175 135
1 5 21
13 56 341 434 257 143 390 242 438 96 419 270 174 207 170 395 88 34 283 496 37
1 13 3
356 176 251
1 16 20
109 96 7 59 450 195 177 67 89 127 97 313 84 460 324 413 166 258 250 15
1 9 14
62 395 268 480 385 199 379 342 387 404 117 59 309 33
1 16 6
241 74 319 145 449 251
1 9 18
248 360 153 286 134 324 373 458 227 428 81 94 7 65 446 350 484 378
1 3 6
74 125 29 410 141 416
1 11 3
147 398 435
1 20 23
207 397 60 12 103 284 259 344 261 89 298 297 217 210 123 283 240 133 56 7 107 361 79
1 6 18
396 288 101 466 482 258 164 159 39 254 79 412 70 23 403 47 151 385
1 12 11
55 385 359 168 384 53 463 128 423 302 165
1 16 17
328 61 253 92 423 200 208 447 215 222 119 473 358 244 165 164 147
1 8 12
472 242 422 186 480 76 13 353 488 145 183 402
1 17 8
499 207 487 315 355 25 231 307
1 5 19
238 22 420 464 99 45 320 318 396 307 182 370 90 98 250 466 274 295 87
1 13 14
440 150 435 98 328 308 345 17 470 178 455 86 476 209
1 14 2
248 408
1 18 20
372 112 11 415 411 28 71 491 492 361 214 330 89 31 94 230 234 376 291 403
1 18 15
34 70 133 338 213 89 79 25 358 33 405 478 370 197 281
1 6 20
417 297 212 400 261 465 461 243 180 446 274 114 302 54 39 346 139 163 47 88
1 20 8
299 65 416 337 154 472 474 372
1 12 22
35 284 273 127 216 207 328 277 215 371 203 236 466 111 51 322 61 106 288 179 226 142
1 8 19
442 107 242 101 47 182 406 7 273 396 392 380 95 56 174 498 452 172 162
1 10 9
95 71 140 209 287 331 32 250 181
1 20 24
215 344 464 404 79 439 463 257 78 342 477 483 189 69 33 420 164 441 440 331 291 200 346 250
1 18 20
275 444 286 62 401 435 262 12 289 251 266 473 146 154 224 323 493 195 175 277
1 13 11
379 4 152 312 80 394 264 93 196 352 350
1 14 7
241 163 256 1 157 230 393
1 4 4
407 412 361 326
1 16 17
381 358 171 73 348 252 415 440 24 68 124 487 293 274 420 430 90
1 14 24
290 217 264 421 215 374 366 202 303 310 330 123 412 438 470 322 483 371 378 333 9 460 151 487
1 7 12
88 378 379 16 283 83 323 318 281 174 343 395
1 6 4
292 333 14 355
1 14 25
183 113 458 119 370 351 118 314 434 57 472 137 182 70 449 53 161 392 446 364 305 148 77 112 260
1 4 16
361 37 159 459 433 128 108 337 389 49 180 303 107 287 88 324
1 12 8
191 132 55 376 358 238 31 126
1 1 24
179 84 390 24 438 250 54 108 427 174 114 402 81 451 378 109 255 424 142 122 145 192 31 74
1 9 3
190 211 15
1 18 3
404 128 434
1 13 3
479 499 14
1 8 12
254 348 148 117 295 283 483 56 68 475 334 392
1 9 3
375 468 363
1 4 23
140 392 348 93 423 3 410 77 71 433 391 242 201 30 489 56 2 210 114 317 134 277 357
1 18 18
256 308 33 223 496 109 48 117 130 35 408 407 162 61 249 322 133 288
1 4 2
34 223
1 5 3
459 149 415
1 20 22
108 449 171 271 76 296 135 362 66 472 356 149 380 173 123 141 220 143 129 205 156 456
1 7 17
420 148 259 159 160 424 345 216 229 389 274 452 222 36 109 263 154
1 8 21
455 360 62 395 190 214 198 212 411 313 368 358 439 248 308 289 340 459 18 405 71
1 15 19
316 360 132 376 100 190 114 116 124 199 311 2 488 272 157 377 128 127 98
1 14 9
403 160 457 172 64 10 78 406 247
1 14 2
211 34
1 3 3
179 92 471
1 16 4
433 174 296 403
1 14 13
427 160 486 329 472 196 267 454 479 91 78 36 223
1 15 14
182 155 17 210 418 255 31 427 327 149 159 256 136 52
1 2 6
395 383 311 282 251 90
1 1 9
95 284 196 33 467 87 41 149 414
1 5 3
428 431 241
1 18 9
372 44 222 336 114 70 161 397 267
1 19 5
360 235 384 493 101
1 9 2
410 257
1 6 4
479 256 18 308
1 11 3
387 399 459
1 12 14
98 113 391 166 398 167 207 443 379 399 356 108 4 344
1 19 16
50 39 196 499 464 258 199 279 187 186 456 234 343 268 396 271
1 18 10
446 474 436 499 63 225 263 489 246 393
1 6 23
208 212 197 30 222 50 33 189 160 81 443 318 477 444 209 18 183 488 21 154 240 496 277
1 8 7
29 337 495 127 359 175 483
1 17 21
305 443 252 226 181 206 353 271 89 467 160 301 115 141 370 496 32 31 277 67 47
1 12 20
244 392 475 66 30 466 89 412 90 198 460 177 173 245 459 204 488 380 221 472
1 7 8
182 64 391 192 322 249 68 49
1 15 23
265 140 421 409 249 414 457 432 402 251 300 380 69 325 27 97 367 446 48 478 410 310 80
1 12 24
412 252 47 366 403 93 238 91 298 154 17 164 145 484 281 330 134 495 404 307 83 303 87 113
1 6 3
316 12 409
1 3 19
464 253 3 441 27 7 498 452 395 43 377 405 219 268 203 263 250 337 429
1 17 10
252 0 60 38 51 360 140 126 130 262
1 11 2
351 336
1 9 11
74 291 132 323 443 212 127 355 362 453 246
1 14 4
259 75 6 384
1 8 15
117 261 281 199 147 490 363 488 342 227 172 253 75 220 135
1 3 10
343 424 118 108 482 173 489 168 204 85
1 12 14
376 183 83 272 453 180 275 9 336 310 286 271 17 354
1 1 16
228 393 135 498 461 279 259 11 494 260 326 295 34 394 147 465
1 8 11
162 467 194 453 431 469 151 425 156 492 127
1 2 10
498 427 132 207 363 138 438 86 104 347
1 4 17
54 142 335 199 129 349 275 220 178 141 378 496 154 491 100 244 47
1 16 2
154 376
1 7 20
374 239 446 333 471 161 272 105 460 357 285 216 318 28 355 233 41 369 439 222
1 13 21
103 21 235 29 117 281 41 3 483 445 178 417 454 296 168 422 167 461 389 132 460
1 19 7
67 321 151 262 103 239 273
1 19 13
335 363 451 225 56 495 252 64 359 273 441 444 99
1 6 10
381 13 432 447 473 136 311 137 197 307
1 8 3
219 49 309
1 4 15
351 133 281 175 461 480 98 92 357 193 52 433 115 464 498
1 10 8
272 224 158 207 240 248 448 296
1 3 15
497 439 414 149 448 210 208 164 249 110 232 17 97 51 495
1 12 19
199 358 320 219 259 113 246 239 298 17 367 29 366 393 305 254 467 142 324
1 17 9
302 354 252 384 51 219 277 41 341
1 11 20
253 499 10 418 217 113 20 457 307 146 422 269 399 328 234 14 140 27 214 264
1 18 10
307 10 338 136 86 284 82 378 116 91
1 3 13
69 266 439 256 478 335 58 441 182 144 285 164 245
1 16 20
237 481 141 46 351 37 56 369 375 471 274 195 210 81 361 415 215 473 492 148
1 4 17
43 406 463 260 66 408 234 97 297 18 3 362 352 193 182 168 208
1 12 20
207 382 371 151 109 258 327 422 328 29 4 34 368 363 404 135 340 473 227 477
1 13 23
454 316 40 239 206 281 189 138 228 166 149 383 401 480 425 367 296 455 180 432 443 34 3
1 7 25
167 469 252 128 134 5 457 436 36 40 119 305 159 96 337 3 47 215 418 472 241 470 346 189 109
1 19 25
449 93 410 474 355 372 259 96 494 432 51 143 236 423 285 350 152 268 475 486 191 59 332 455 69
1 10 6
352 209 356 112 232 397
1 14 17
319 61 189 54 36 202 178 433 322 181 266 356 107 280 397 69 348
1 15 24
19 331 417 137 467 233 92 390 61 225 70 443 73 302 392 350 430 86 462 27 252 216 164 405
1 19 21
74 113 379 238 101 335 210 135 7 59 100 37 302 34 318 14 258 132 346 436 187
1 5 17
100 329 266 221 449 438 4 83 297 68 16 77 490 28 70 447 404
1 20 6
448 355 417 5 468 213
1 8 21
70 116 108 13 476 322 35 231 303 323 267 446 288 228 430 359 496 41 68 373 192
1 12 7
74 148 224 185 447 131 86
1 6 7
270 150 494 226 252 419 452
1 7 21
346 470 491 120 38 222 499 469 204 371 378 406 450 430 274 7 422 210 349 327 437
1 1 3
167 274 398
1 16 16
175 227 370 292 429 266 447 359 224 222 387 88 478 470 211 466
1 16 10
9 442 206 134 23 39 190 155 240 400
1 7 14
197 437 311 385 52 204 346 226 56 354 410 458 468 71
1 15 6
250 131 368 407 211 235
1 7 6
458 426 125 255 471 150
1 10 14
453 320 499 260 272 68 37 271 88 281 112 319 288 184
1 10 3
206 324 66
1 6 23
495 347 93 183 362 148 463 232 30 455 374 63 480 270 461 131 456 149 281 7 127 154 465
1 3 25
90 30 368 264 374 402 498 473 50 276 25 235 477 166 183 269 401 52 155 330 41 147 179 36 140
1 9 2
426 162
1 20 24
232 228 87 4 271 284 327 204 415 206 100 125 158 475 249 406 253 112 345 425 155 6 269 438
1 6 21
385 378 5 319 494 459 207 153 332 474 314 329 179 412 351 465 197 95 117 176 80
1 4 2
144 247
1 18 16
142 412 252 2 309 237 275 13 448 174 421 445 195 169 86 351
1 2 25
300 58 121 420 192 495 284 211 110 127 496 378 235 471 216 185 326 0 253 494 430 469 294 66 468
1 3 2
20 97
1 13 10
119 43 91 471 233 135 15 383 449 480
1 11 15
12 154 145 294 83 229 477 490 239 215 179 473 314 367 464
1 1 15
403 377 205 302 485 317 295 11 21 34 429 306 102 416 185
1 14 5
353 135 458 423 379
1 20 21
218 450 149 210 235 313 393 285 191 271 51 244 31 168 362 131 415 133 262 495 18
1 19 23
183 464 426 59 383 408 124 433 372 477 262 106 192 50 317 463 135 340 274 114 369 247 238
1 15 6
144 36 358 28 91 112
1 6 13
498 41 454 174 74 202 457 405 424 301 379 11 211
1 16 10
292 228 290 77 349 132 237 246 94 263
1 20 2
489 16
1 2 6
251 331 442 197 168 495
1 13 24
470 456 75 164 50 304 422 39 259 12 2 468 63 203 195 253 377 357 282 367 477 206 494 457
1 16 22
38 345 378 206 267 368 191 362 348 303 290 357 375 172 273 252 240 461 486 322 319 161
1 15 24
65 21 323 278 1 495 322 384 234 233 8 51 336 410 178 264 25 450 260 39 250 266 0 487
1 3 23
322 37 264 334 274 215 166 246 461 126 266 376 158 65 180 393 265 462 162 394 371 141 382
1 1 18
56 461 198 92 247 295 79 105 454 313 270 298 412 232 97 241 498 121
1 9 5
189 309 142 269 311
1 4 13
431 381 410 34 154 167 32 318 495 356 184 144 295
1 10 4
421 62 489 148
1 13 3
296 487 300
1 18 24
421 62 37 14 246 84 105 461 50 211 363 58 351 495 310 76 417 451 322 45 208 296 284 305
1 16 14
459 211 198 98 497 86 160 290 328 174 338 443 190 92
1 14 13
321 139 272 459 351 460 288 225 141 86 352 206 240
1 20 25
107 227 182 186 91 47 306 167 150 265 410 335 365 180 259 453 5 270 124 280 460 366 105 342 236
1 2 5
220 450 322 49 182
1 7 22
489 445 210 399 113 135 103 56 364 40 441 298 290 310 16 444 258 495 161 142 369 53
1 9 20
43 426 472 133 254 111 475 73 429 105 229 60 446 391 54 115 365 398 251 204
1 5 3
241 452 377
1 18 22
383 292 138 100 164 101 343 297 237 400 478 148 354 364 32 4 322 328 269 333 72 143
1 4 5
359 222 298 161 190
