500 1500 775
11 40 15 39 28 38 20 32 21 16 36 16 27 16 29 14 26 16 32 12 16 16 16 40 30 14 26 25 11 14 34 32 13 38 34 28 28 20 40 25 32 30 20 37 11 27 15 28 40 31 39 30 18 15 30 34 23 22 16 39 27 28 30 18 29 18 24 33 15 13 11 34 20 36 16 22 20 32 32 21 40 11 12 30 31 13 40 19 17 17 28 34 31 19 19 21 21 37 12 15 15 23 11 38 17 12 13 40 11 34 16 26 18 21 19 30 40 38 33 22 14 32 21 27 11 30 35 21 30 13 38 34 19 20 17 40 29 17 28 34 36 18 26 14 33 26 38 17 13 20 34 26 40 12 27 31 40 29 29 12 36 34 19 14 17 17 19 17 33 34 25 39 36 26 16 25 24 16 15 14 26 33 28 34 16 27 34 33 16 40 19 30 34 13 25 16 22 33 38 24 23 29 21 35 12 13 21 39 16 16 22 34 39 28 16 14 30 37 40 32 26 19 33 30 37 39 25 21 33 39 18 20 35 14 38 27 39 29 24 19 39 25 36 18 17 14 32 12 25 39 36 19 38 13 24 27 40 16 12 25 21 19 19 31 21 15 26 13 32 28 27 36 13 37 11 23 11 16 23 31 30 23 26 30 22 18 14 14 31 35 34 11 25 23 16 28 28 29 29 11 39 19 15 33 39 29 29 36 15 26 18 38 19 33 31 33 32 34 31 12 36 26 11 36 26 24 16 39 18 28 36 28 30 36 11 14 27 30 36 31 23 37 18 39 27 34 38 14 38 27 37 19 24 22 23 22 40 17 27 14 12 32 15 29 40 32 14 27 18 24 32 33 23 12 23 25 33 40 31 25 32 14 36 29 27 16 33 12 34 28 38 16 31 17 14 35 12 38 37 22 15 17 39 38 15 40 33 11 17 21 28 32 24 28 24 18 27 32 38 19 25 34 34 11 20 18 16 26 12 38 12 36 24 39 27 23 16 29 17 40 29 40 22 30 31 37 20 22 14 32 18 36 33 18 18 38 29 13 17 15 27 34 15 23 38 13 34 20 18 19 12 17 35 26 19 14 34 14 39 16 26 19 11 31 30 17 17 17 17 33 39 38 29 34 35 35 34 36 37 29
1 30 5 29 18 28 10 22 11 6 26 6 17 6 19 4 16 6 22 2 6 6 6 30 20 4 16 15 1 4 24 22 3 28 24 18 18 10 30 15 22 20 10 27 1 17 5 18 30 21 29 20 8 5 20 24 13 12 6 29 17 18 20 8 19 8 14 23 5 3 1 24 10 26 6 12 10 22 22 11 30 1 2 20 21 3 30 9 7 7 18 24 21 9 9 11 11 27 2 5 5 13 1 28 7 2 3 30 1 24 6 16 8 11 9 20 30 28 23 12 4 22 11 17 1 20 25 11 20 3 28 24 9 10 7 30 19 7 18 24 26 8 16 4 23 16 28 7 3 10 24 16 30 2 17 21 30 19 19 2 26 24 9 4 7 7 9 7 23 24 15 29 26 16 6 15 14 6 5 4 16 23 18 24 6 17 24 23 6 30 9 20 24 3 15 6 12 23 28 14 13 19 11 25 2 3 11 29 6 6 12 24 29 18 6 4 20 27 30 22 16 9 23 20 27 29 15 11 23 29 8 10 25 4 28 17 29 19 14 9 29 15 26 8 7 4 22 2 15 29 26 9 28 3 14 17 30 6 2 15 11 9 9 21 11 5 16 3 22 18 17 26 3 27 1 13 1 6 13 21 20 13 16 20 12 8 4 4 21 25 24 1 15 13 6 18 18 19 19 1 29 9 5 23 29 19 19 26 5 16 8 28 9 23 21 23 22 24 21 2 26 16 1 26 16 14 6 29 8 18 26 18 20 26 1 4 17 20 26 21 13 27 8 29 17 24 28 4 28 17 27 9 14 12 13 12 30 7 17 4 2 22 5 19 30 22 4 17 8 14 22 23 13 2 13 15 23 30 21 15 22 4 26 19 17 6 23 2 24 18 28 6 21 7 4 25 2 28 27 12 5 7 29 28 5 30 23 1 7 11 18 22 14 18 14 8 17 22 28 9 15 24 24 1 10 8 6 16 2 28 2 26 14 29 17 13 6 19 7 30 19 30 12 20 21 27 10 12 4 22 8 26 23 8 8 28 19 3 7 5 17 24 5 13 28 3 24 10 8 9 2 7 25 16 9 4 24 4 29 6 16 9 1 21 20 7 7 7 7 23 29 28 19 24 25 25 24 26 27 19
1 8 24
295 187 462 397 245 209 43 7 58 65 41 197 417 443 148 67 341 102 313 158 456 66 113 362
1 9 12
278 251 32 398 416 43 127 36 95 383 107 292
1 16 2
209 117
1 11 16
393 260 138 298 432 251 93 319 299 148 245 146 124 318 208 145
1 17 14
123 348 218 68 337 463 76 86 209 32 249 122 488 113
1 7 22
458 166 402 257 373 248 275 77 205 366 188 59 477 371 327 252 17 329 36 313 343 162
1 13 16
324 278 235 359 381 335 134 365 318 394 70 462 57 305 116 64
1 10 22
331 12 90 65 15 335 356 51 481 235 484 199 465 467 19 17 419 490 57 141 36 1
1 14 18
91 180 13 466 363 341 416 116 162 403 366 424 32 90 110 216 368 474
1 12 24
194 158 37 112 482 2 21 196 38 434 395 119 466 294 138 392 123 287 105 359 473 408 128 291
1 20 20
318 340 395 347 4 250 238 290 217 425 12 410 85 497 348 240 119 126 394 152
1 10 7
95 32 178 41 77 325 407
1 3 14
338 239 17 281 475 486 35 225 495 66 26 120 137 231
1 4 4
89 225 480 421
1 2 25
479 270 64 147 184 440 242 39 399 453 135 261 432 301 25 492 367 11 291 396 339 363 324 74 280
1 15 22
422 346 310 232 71 483 499 146 317 97 367 111 19 124 181 224 309 401 304 160 123 147
1 7 3
448 105 176
1 7 17
148 407 224 498 43 469 14 412 187 16 67 329 30 65 288 182 215
1 7 24
155 64 191 328 47 159 247 378 397 93 419 355 434 381 336 428 150 124 400 347 43 41 459 25
1 19 2
246 118
1 18 24
489 147 251 19 54 166 42 338 495 336 245 88 358 405 247 65 346 344 268 192 350 207 397 303
1 9 22
23 341 189 473 25 48 360 377 42 70 423 192 385 111 83 241 56 448 282 81 320 121
1 2 7
114 276 295 117 451 382 462
1 6 15
261 9 8 344 388 117 253 83 92 98 52 152 415 322 379
1 14 12
467 312 378 392 18 26 481 440 348 209 139 175
1 7 11
406 444 349 44 407 484 165 392 358 395 405
1 12 25
326 404 433 235 367 278 29 259 143 392 99 16 95 490 94 393 172 132 149 137 321 440 222 116 445
1 19 3
211 105 315
1 7 25
97 75 22 44 118 209 412 461 21 110 2 61 220 260 398 236 312 302 296 469 124 354 146 65 259
1 5 21
270 219 22 177 361 274 99 187 67 251 86 171 429 409 393 88 6 301 472 383 83
1 16 18
41 342 335 164 126 22 296 305 114 322 362 60 189 403 65 89 129 327
1 14 5
467 296 166 283 211
1 6 9
69 447 239 315 120 278 286 468 40
1 14 21
48 156 241 162 121 333 166 20 76 439 355 409 489 112 284 134 486 294 406 329 359
1 11 25
220 47 194 45 90 122 304 172 114 241 141 498 421 227 228 462 26 7 489 485 210 365 202 159 385
1 2 19
109 125 302 322 171 251 243 491 113 96 368 432 306 497 288 24 320 194 90
1 8 24
494 394 231 68 323 12 334 7 244 114 170 335 202 216 404 37 47 289 195 237 349 103 276 455
1 2 7
375 456 124 409 361 125 208
1 11 12
156 263 435 479 67 470 499 148 213 341 253 340
1 5 18
400 110 67 308 262 265 365 122 183 378 143 105 380 477 421 187 445 88
1 5 16
207 356 215 403 75 210 156 452 100 140 334 258 487 257 115 213
1 18 23
151 287 78 372 457 17 80 47 164 498 122 349 172 130 266 196 123 20 15 101 37 210 221
1 3 22
358 262 16 209 429 195 365 477 4 212 86 404 0 232 430 139 436 189 386 193 406 190
1 14 25
185 341 427 304 15 246 76 17 80 5 283 496 258 356 169 471 0 24 143 345 108 202 402 461 214
1 17 12
473 488 51 387 186 85 324 366 60 445 497 17
1 11 16
87 61 120 430 139 169 442 358 264 314 200 50 229 315 47 194
1 18 7
449 116 487 412 268 223 257
1 6 19
341 347 204 56 52 45 310 120 9 84 115 193 72 417 406 364 103 211 496
1 3 5
189 479 362 177 364
1 2 14
87 440 245 457 82 168 50 431 436 123 428 144 56 470
1 14 14
214 177 385 50 256 77 75 104 113 410 329 439 63 96
1 20 2
52 406
1 16 16
358 483 432 348 85 216 459 453 499 111 54 87 268 337 272 132
1 19 18
138 438 485 56 270 335 70 275 27 336 304 166 6 235 164 276 368 197
1 15 6
449 325 469 392 178 388
1 9 5
487 435 383 82 287
1 5 6
213 263 357 455 392 417
1 7 25
76 351 194 417 131 484 95 19 266 364 14 52 18 246 354 497 15 401 421 329 198 57 178 82 13
1 4 8
388 63 332 120 412 333 174 460
1 7 15
61 291 247 457 398 239 377 216 446 479 425 143 59 427 321
1 17 3
479 131 316
1 18 10
455 343 57 61 12 405 443 116 463 296
1 12 10
489 346 15 325 332 263 417 479 33 252
1 13 18
295 244 365 398 112 108 251 245 462 197 308 200 347 352 8 22 28 339
1 3 10
260 456 348 337 405 459 436 317 483 91
1 4 10
107 438 149 230 81 33 83 297 223 323
1 7 11
336 441 44 93 268 267 8 325 22 14 192
1 10 23
51 487 0 169 476 108 331 451 376 205 306 468 196 178 33 286 412 472 316 298 320 406 87
1 17 7
22 33 372 391 435 235 198
1 9 7
257 264 372 279 85 337 103
1 6 3
308 111 215
1 1 13
404 24 402 464 480 477 351 297 236 198 271 157 471
1 2 12
222 184 148 230 258 95 317 338 276 161 130 37
1 14 20
25 396 131 183 379 409 125 221 334 498 312 65 399 415 230 177 325 313 122 301
1 16 22
27 153 353 364 295 238 206 277 31 178 128 449 352 278 291 355 264 261 279 72 337 480
1 17 7
189 457 496 419 485 474 412
1 11 14
147 287 385 219 128 329 233 222 258 465 60 76 276 70
1 9 2
246 64
1 15 5
203 233 45 372 205
1 19 9
102 299 337 386 438 7 62 85 161
1 15 20
280 408 47 484 307 213 178 135 18 66 221 74 309 174 458 487 347 231 474 338
1 13 8
425 264 292 246 232 361 214 319
1 11 24
138 85 13 290 119 299 405 336 291 69 380 93 149 104 472 457 22 100 53 181 212 218 430 124
1 19 4
128 240 5 225
1 14 3
262 124 25
1 11 8
3 33 68 481 144 343 82 398
1 2 15
124 416 387 469 103 65 461 140 45 184 419 75 55 195 420
1 8 15
118 414 343 9 404 488 458 60 104 273 471 58 63 89 484
1 5 23
488 395 416 333 325 400 287 411 171 107 262 177 157 166 117 245 444 49 439 12 419 385 194
1 5 6
322 450 35 11 105 290
1 2 4
322 343 31 133
1 8 15
143 146 179 480 343 454 166 371 389 137 212 12 282 272 98
1 1 21
13 330 441 55 470 172 496 236 198 329 367 205 497 343 234 232 204 440 28 250 268
1 6 21
59 278 260 207 363 456 295 376 367 95 351 327 331 132 186 314 372 153 163 225 445
1 6 19
355 445 121 439 81 342 414 198 206 382 243 79 216 431 422 299 350 256 99
1 6 7
266 115 316 25 416 287 60
1 17 7
460 213 437 370 51 417 119
1 6 10
345 161 137 468 466 454 63 438 294 425
1 20 22
361 87 334 66 24 52 262 112 370 316 68 169 454 287 378 479 21 283 58 248 233 359
1 1 23
441 332 430 383 233 497 386 449 432 182 454 241 460 217 346 45 446 146 315 178 433 480 145
1 11 11
198 274 125 160 114 455 116 489 390 322 351
1 20 25
401 272 404 371 84 212 406 174 2 313 490 152 5 330 48 117 266 156 279 120 267 229 123 76 47
1 19 22
180 140 242 349 278 386 331 343 271 23 213 445 203 17 137 64 152 286 108 34 41 261
1 8 20
84 39 276 204 288 192 377 34 302 263 173 374 327 194 7 380 472 177 307 395
1 3 8
87 457 441 363 54 127 159 333
1 4 20
239 135 288 174 408 386 222 151 394 4 126 256 314 375 452 371 203 345 400 388
1 18 18
480 462 423 2 466 36 444 239 348 129 188 299 282 427 445 246 318 181
1 5 8
236 371 89 0 418 25 217 206
1 18 5
155 6 29 125 270
1 1 7
55 122 84 58 466 267 469
1 9 13
339 72 485 195 157 463 498 146 180 365 168 38 237
1 8 25
85 379 260 456 377 212 466 47 109 255 251 406 140 488 18 105 97 490 365 324 158 285 4 353 354
1 10 8
417 173 419 191 126 322 352 336
1 5 18
465 326 107 260 226 368 219 347 330 274 281 355 141 38 60 123 216 154
1 15 4
239 106 344 498
1 12 3
372 286 209
1 9 2
358 233
1 7 10
387 323 434 444 276 268 196 490 279 30
1 14 25
192 415 219 104 121 393 9 16 354 167 427 479 476 397 22 372 469 112 107 153 199 183 288 466 255
1 3 17
266 327 152 406 168 240 233 214 495 252 313 224 254 379 466 50 61
1 4 24
77 221 427 485 302 24 164 375 433 428 277 274 246 382 89 80 305 417 313 149 490 58 39 457
1 19 4
89 136 242 197
1 14 24
128 192 167 160 312 90 273 255 383 404 31 444 462 471 99 148 473 477 52 374 162 430 231 185
1 17 16
318 8 408 484 54 255 171 240 436 433 7 488 2 26 464 472
1 11 5
122 39 24 363 473
1 16 18
248 35 263 62 85 265 12 153 280 102 56 417 362 1 88 315 494 398
1 17 6
81 184 438 394 371 484
1 1 7
69 410 206 147 307 78 406
1 9 12
457 58 308 367 373 151 161 490 107 228 445 434
1 7 7
399 280 145 247 415 237 180
1 19 5
366 279 308 128 31
1 2 11
313 176 235 27 170 69 162 29 402 215 413
1 8 6
229 403 164 487 367 183
1 9 10
92 131 65 2 146 496 161 100 173 89
1 12 18
277 91 352 148 311 239 139 340 101 474 113 395 205 456 202 17 497 8
1 3 19
148 303 150 207 369 12 270 97 300 410 254 485 497 292 400 463 376 83 132
1 9 19
497 10 127 158 77 256 237 241 156 63 194 316 343 326 404 54 80 420 464
1 16 14
353 48 441 370 455 16 107 113 385 32 41 118 40 223
1 19 3
379 362 30
1 4 9
272 92 65 45 225 135 488 143 263
1 13 13
186 341 109 439 52 49 448 252 226 201 398 110 480
1 5 14
221 340 181 250 62 106 69 449 130 332 228 337 199 100
1 10 7
281 464 172 386 24 96 148
1 1 8
282 181 91 215 188 19 18 2
1 14 8
53 355 66 435 277 89 214 316
1 4 2
333 247
1 8 21
257 57 21 51 225 62 29 264 97 465 41 245 167 473 100 393 456 451 24 59 287
1 19 17
65 431 260 326 437 397 115 88 337 223 114 96 251 224 76 355 110
1 15 14
98 96 363 400 390 451 235 217 438 189 202 5 45 250
1 5 8
430 497 196 296 101 205 85 56
1 11 24
444 275 441 286 98 471 154 169 442 319 164 318 43 469 112 18 175 203 131 56 353 148 83 69
1 8 11
340 260 408 168 470 238 350 210 383 431 429
1 4 15
308 322 91 128 252 319 317 224 326 339 173 446 159 206 39
1 7 6
430 133 351 197 44 77
1 17 17
409 88 435 322 278 13 311 117 337 68 26 343 224 480 161 223 176
1 3 23
419 73 381 34 441 103 144 388 497 344 337 409 257 279 116 109 330 166 97 434 482 152 130
1 17 23
92 69 242 457 96 206 183 407 265 88 445 428 50 290 429 264 402 188 127 140 453 347 36
1 7 6
167 496 491 68 303 292
1 16 4
467 113 349 65
1 14 11
374 273 195 237 235 438 283 260 433 162 439
1 11 9
442 427 428 448 158 88 163 360 185
1 5 20
84 479 390 326 93 120 218 140 442 433 344 107 91 22 281 233 313 322 349 441
1 3 8
210 387 201 34 245 97 489 285
1 6 19
319 28 296 159 372 170 14 462 189 409 394 432 145 94 426 151 360 250 150
1 5 8
261 346 253 160 101 387 88 296
1 12 5
163 387 295 427 327
1 8 15
321 333 68 48 462 174 335 128 7 0 258 210 86 76 365
1 12 25
499 419 35 484 31 339 178 288 104 373 480 275 330 266 409 176 109 374 467 188 405 417 78 453 163
1 1 21
383 494 208 40 472 360 15 408 490 141 427 73 462 167 272 489 302 215 226 375 303
1 6 15
460 285 228 469 370 305 295 355 317 235 151 263 194 158 122
1 17 6
413 56 207 71 194 418
1 3 5
193 115 478 420 191
1 11 19
474 117 442 343 451 178 71 258 260 175 207 141 213 388 250 189 169 391 1
1 10 10
55 465 499 280 309 214 368 22 334 16
1 1 22
279 331 324 79 74 393 193 490 127 280 70 179 242 185 58 184 133 444 207 39 187 442
1 5 18
266 67 441 197 475 48 323 106 448 226 113 432 110 463 180 23 13 75
1 11 23
429 302 64 364 395 37 312 264 486 46 102 100 495 89 353 386 462 200 148 406 266 214 80
1 17 21
65 114 271 152 31 378 281 249 419 175 295 199 492 239 427 11 371 478 57 477 183
1 16 13
171 33 205 427 471 83 121 230 375 422 182 293 178
1 17 22
275 160 319 478 343 144 487 306 410 497 140 158 112 66 447 262 56 187 201 409 294 427
1 1 15
63 205 25 76 37 134 369 119 436 199 286 60 359 211 12
1 3 15
285 132 477 337 91 328 0 395 203 175 478 275 171 62 356
1 19 7
264 182 334 364 481 180 398
1 5 25
190 438 11 437 410 157 70 472 250 282 454 396 21 252 266 201 80 144 394 165 490 428 34 152 243
1 2 13
488 46 202 71 335 10 124 456 352 155 89 59 445
1 10 20
149 352 486 285 290 174 443 312 80 123 345 383 198 103 335 216 167 230 295 35
1 8 2
161 188
1 2 10
198 7 244 287 450 246 404 478 322 133
1 6 17
310 259 281 319 188 363 284 206 9 486 26 424 192 222 141 462 6
1 1 19
466 409 164 243 113 408 18 141 367 0 425 56 355 281 237 48 110 212 296
1 11 21
347 374 354 212 229 19 337 269 155 35 317 362 471 277 408 31 405 94 27 44 206
1 19 4
231 404 50 165
1 4 4
122 210 303 139
1 15 10
273 21 56 237 488 466 144 414 278 374
1 9 14
112 481 434 468 24 474 280 83 310 448 182 331 273 41
1 8 13
451 483 382 49 173 230 417 0 404 266 426 467 55
1 15 22
278 231 397 150 471 395 157 21 289 433 168 268 9 129 32 254 175 437 119 393 25 440
1 4 25
130 179 91 459 115 421 256 114 19 498 354 187 371 401 337 478 92 138 364 428 439 406 323 365 159
1 7 4
153 200 499 392
1 16 14
299 38 468 211 368 205 392 246 148 164 408 242 180 80
1 13 20
410 1 73 14 304 157 435 296 257 479 27 213 151 499 256 174 346 147 352 275
1 20 25
97 474 276 382 282 278 219 285 436 28 222 205 145 176 462 236 78 85 363 356 209 19 15 266 195
1 9 9
395 3 176 368 219 235 407 177 187
1 1 9
185 234 134 167 271 221 42 172 213
1 2 17
288 53 316 204 465 36 213 365 63 187 218 412 337 222 491 5 47
1 12 2
412 353
1 8 10
335 231 51 117 93 143 419 35 178 320
1 7 2
348 425
1 17 6
244 359 214 468 256 158
1 15 13
124 255 152 160 236 476 272 449 498 165 123 438 400
1 20 14
480 37 417 296 293 376 63 333 214 449 167 14 76 10
1 19 7
424 286 460 223 410 468 446
1 3 23
483 309 205 449 296 415 235 248 454 463 215 474 292 196 317 259 486 313 325 64 372 213 439
1 16 24
108 59 251 428 402 126 477 245 369 291 455 454 142 433 265 344 121 476 415 267 96 231 370 244
1 1 3
493 66 496
1 2 11
239 204 34 499 134 343 83 270 454 482 260
1 14 14
284 439 77 22 97 459 445 488 146 306 150 257 13 0
1 17 23
160 498 493 426 306 58 402 173 420 133 191 210 405 56 496 136 29 273 107 413 232 495 352
1 17 25
325 391 5 389 265 161 290 315 6 126 77 192 412 431 470 71 186 400 424 206 91 211 198 205 45
1 20 8
327 461 315 6 466 27 311 308
1 10 5
31 337 389 387 458
1 10 19
11 456 78 395 33 27 10 106 180 141 7 98 49 107 234 108 345 494 283
1 12 8
118 273 2 120 347 468 371 151
1 5 7
328 223 384 9 65 345 64
1 6 25
92 306 291 175 435 292 335 254 428 37 396 155 123 403 264 179 187 364 232 320 382 324 177 263 196
1 3 19
431 9 198 30 291 95 251 280 424 448 498 394 375 146 257 465 77 450 101
1 18 16
13 373 236 465 463 433 357 437 191 309 315 419 162 85 497 385
1 4 16
185 62 286 471 260 220 334 245 305 238 13 377 267 375 193 190
1 3 18
373 145 214 382 279 207 192 488 332 366 227 296 324 295 219 129 213 22
1 8 2
492 412
1 19 18
10 183 178 15 182 177 143 343 330 102 132 247 308 22 42 216 469 358
1 2 24
87 45 148 184 352 70 147 499 407 47 198 213 292 443 67 390 487 497 104 300 414 19 54 282
1 12 20
170 112 94 7 371 246 344 338 208 385 278 223 493 433 22 124 52 477 320 476
1 10 3
462 159 201
1 7 12
157 16 346 266 196 379 272 6 358 221 402 357
1 9 17
423 75 205 217 477 493 286 185 306 353 252 104 3 264 312 421 108
1 14 7
430 446 222 345 195 225 422
1 9 20
327 384 35 410 16 391 150 338 468 110 73 137 412 56 128 184 4 395 229 378
1 11 6
101 210 158 422 337 329
1 6 17
86 372 259 42 267 476 472 216 192 423 149 139 61 130 0 425 441
1 6 17
165 145 297 252 367 214 110 176 13 308 421 408 148 279 331 29 484
1 15 16
236 6 7 170 31 363 157 140 42 37 98 147 347 425 191 164
1 15 9
45 499 275 442 401 42 295 486 191
1 20 7
456 397 408 180 400 162 40
1 7 4
447 490 415 297
1 4 25
21 92 470 374 169 263 463 287 207 381 210 295 441 479 174 408 487 30 171 489 138 99 47 468 367
1 16 15
54 105 357 389 148 140 349 165 399 457 218 66 117 175 144
1 1 22
289 270 135 39 54 197 497 27 119 419 241 91 315 377 139 163 305 335 239 245 420 366
1 16 6
254 157 156 164 110 184
1 11 10
268 255 329 380 59 238 388 435 249 394
1 4 13
303 405 212 435 350 455 371 487 116 325 4 267 178
1 4 13
192 13 6 499 17 264 177 404 482 50 109 27 40
1 14 10
163 352 103 474 155 98 82 349 243 74
1 7 12
365 418 353 479 109 473 270 150 70 19 113 395
1 9 4
79 473 366 210
1 8 18
382 179 225 231 8 51 20 328 22 142 442 409 474 455 136 289 258 417
1 5 5
168 153 434 51 473
1 12 22
106 324 42 218 116 298 15 380 278 433 264 412 250 230 389 0 40 225 140 67 416 369
1 7 23
142 463 185 174 209 230 205 479 215 9 349 266 70 16 414 257 404 478 216 355 439 373 269
1 7 14
236 368 31 43 490 106 136 92 77 342 111 50 365 59
1 2 11
409 445 45 2 454 204 116 85 195 148 300
1 14 15
206 351 308 358 224 62 241 271 284 189 481 273 442 117 270
1 11 9
208 464 36 186 252 294 20 225 430
1 13 15
154 213 310 480 431 314 189 205 415 229 276 337 432 102 159
1 15 13
251 240 487 439 337 161 382 56 365 409 450 40 42
1 14 22
275 144 22 399 50 133 210 464 297 80 117 135 148 168 359 261 147 120 13 172 478 254
1 5 5
144 188 274 70 44
1 14 3
192 292 107
1 11 9
29 489 318 115 186 277 385 155 5
1 8 11
209 436 100 48 165 182 6 211 192 93 453
1 16 14
196 378 353 16 120 209 331 446 362 333 436 149 448 308
1 6 15
12 188 456 127 15 89 204 313 464 135 196 353 53 273 331
1 1 18
202 45 71 90 244 423 50 13 358 400 191 166 288 437 439 386 224 188
1 12 19
450 417 231 220 160 456 304 19 38 0 457 67 413 303 354 468 336 475 109
1 20 12
227 454 387 223 232 62 401 8 460 184 277 369
1 8 23
106 123 134 87 50 81 483 55 28 351 285 5 306 2 258 26 472 204 107 155 401 65 300
1 14 19
71 237 38 60 147 224 187 3 404 477 273 390 265 197 436 24 225 39 343
1 3 16
446 207 431 335 73 40 67 277 143 0 259 150 491 209 398 94
1 11 5
351 213 119 112 355
1 15 8
420 157 396 112 374 220 292 46
1 13 11
270 455 164 445 312 401 244 100 325 336 17
1 13 11
443 207 169 251 304 97 203 445 345 378 387
1 19 9
201 12 130 264 79 462 249 485 42
1 19 19
222 286 307 67 136 488 95 279 103 460 250 405 409 144 4 124 487 248 104
1 3 20
168 452 360 462 372 32 277 206 374 237 188 77 388 106 56 175 272 492 261 69
1 3 4
366 220 313 42
1 12 6
73 367 84 341 300 31
1 10 9
474 360 210 219 424 123 465 309 122
1 2 24
43 220 367 385 424 351 149 496 382 135 455 42 365 406 34 211 52 214 364 493 311 92 368 337
1 8 20
122 485 358 41 242 259 28 369 391 178 466 438 30 142 416 367 475 479 281 207
1 8 23
333 45 76 355 151 242 71 254 318 181 217 468 227 37 415 28 129 120 313 442 31 466 396
1 16 2
254 153
1 13 15
393 407 314 99 95 84 174 332 123 240 489 331 426 467 341
1 17 11
258 289 157 356 245 101 276 8 477 449 318
1 1 15
397 89 466 53 392 174 454 219 283 493 83 281 362 490 433
1 9 2
131 147
1 9 5
33 439 34 346 24
1 15 18
178 190 370 257 77 278 116 57 187 78 230 177 449 322 118 357 323 421
1 4 2
153 143
1 10 14
25 49 198 244 273 146 265 294 206 107 283 59 180 205
1 12 18
96 143 454 189 117 368 161 209 281 340 53 377 383 174 243 213 130 160
1 16 11
246 295 477 123 42 268 63 201 169 230 488
1 8 15
50 231 232 6 409 318 80 405 221 394 485 160 97 406 30
1 17 21
79 332 452 167 409 275 235 142 397 474 442 138 383 370 369 7 488 195 255 58 6
1 20 2
197 387
1 20 14
130 128 143 351 135 399 323 223 334 402 470 435 426 11
1 7 11
122 290 91 12 9 148 147 364 405 129 256
1 6 15
437 15 435 197 394 457 295 407 422 296 52 491 396 229 141
1 16 18
289 405 237 0 162 349 159 88 438 494 476 491 283 497 423 195 455 499
1 2 19
493 112 484 294 323 253 33 446 204 185 340 486 282 348 410 371 234 338 406
1 2 25
448 345 17 166 494 496 132 264 360 479 171 168 4 453 423 274 491 30 103 203 23 61 376 142 247
1 14 18
426 458 98 418 449 471 411 401 320 393 69 395 101 163 1 250 273 499
1 7 21
364 69 73 266 83 23 89 276 109 455 305 6 252 360 337 153 29 42 122 356 112
1 13 23
430 281 366 328 150 35 43 451 125 406 145 438 297 164 232 27 399 167 476 77 257 492 270
1 14 17
26 208 336 74 7 88 477 359 48 436 290 58 17 404 298 368 172
1 9 24
133 140 331 314 176 134 457 423 105 281 445 254 47 195 258 300 63 128 219 441 117 51 115 65
1 9 8
466 303 437 207 246 489 331 272
1 15 6
274 185 285 396 163 272
1 13 12
470 38 2 439 127 114 365 337 146 316 256 101
1 10 19
359 284 352 462 184 115 250 331 12 27 46 335 28 379 79 463 350 173 260
1 19 21
240 204 139 301 429 288 465 280 376 344 154 277 17 0 309 91 281 196 449 117 355
1 5 25
470 385 340 47 233 184 380 478 357 361 243 416 433 329 212 234 109 405 420 412 75 186 485 203 85
1 10 17
444 469 335 178 172 351 116 267 489 218 242 142 413 56 491 188 403
1 9 22
478 225 383 329 13 212 406 458 15 191 436 427 263 35 207 251 82 467 229 186 368 239
1 14 24
159 260 392 149 462 219 394 404 366 271 156 116 54 135 314 364 40 292 369 386 154 136 418 473
1 16 10
260 270 324 80 241 280 12 224 353 309
1 5 14
57 82 22 95 105 174 92 126 288 484 361 381 132 62
1 20 25
32 203 387 280 356 337 77 43 428 114 97 117 131 140 226 344 36 107 294 413 216 490 382 41 246
1 20 11
424 354 26 22 67 440 106 12 312 245 402
1 6 14
204 50 461 488 44 481 98 104 314 69 422 416 178 288
1 19 17
229 90 346 34 432 129 54 160 165 43 269 402 234 85 193 429 190
1 15 2
137 47
1 9 13
168 331 100 142 199 46 498 457 190 302 468 375 274
1 18 13
291 76 320 430 328 259 170 241 378 196 0 142 448
1 19 19
77 185 439 245 269 248 449 343 74 266 466 446 43 355 235 129 94 237 460
1 14 12
168 202 159 83 242 463 141 478 122 326 456 401
1 14 9
414 359 430 365 261 71 433 239 381
1 8 6
436 173 341 58 333 379
1 13 4
293 390 415 316
1 11 11
286 316 125 95 49 387 213 308 448 168 454
1 7 3
401 241 425
1 5 22
129 368 339 160 312 298 316 257 29 166 21 438 159 140 228 44 52 145 401 467 141 13
1 20 13
392 24 338 412 145 120 330 350 423 379 398 34 62
1 12 14
410 273 473 436 467 379 319 429 162 2 95 489 234 471
1 12 12
431 160 398 479 57 484 172 378 220 442 459 11
1 11 8
102 353 69 468 312 492 446 125
1 14 22
360 315 478 496 83 486 362 465 469 222 329 233 254 70 184 384 161 160 404 35 162 411
1 9 12
79 58 6 485 313 101 55 2 292 488 301 355
1 9 8
156 478 307 489 119 379 43 349
1 20 16
226 321 138 70 402 444 98 445 8 25 264 350 415 323 452 471
1 12 8
84 258 197 163 404 341 473 471
1 10 19
300 3 447 329 72 358 278 379 107 58 31 182 102 130 368 384 296 426 408
1 17 4
317 470 20 115
1 16 22
283 107 240 459 305 275 172 111 226 196 396 202 197 430 318 216 473 78 330 431 482 36
1 2 20
449 477 268 73 394 346 80 421 226 225 323 130 311 418 402 34 316 127 47 32
1 17 12
387 285 236 55 29 497 138 254 487 69 401 336
1 1 10
275 418 435 268 181 350 293 440 45 243
1 5 14
158 404 216 253 43 328 96 278 436 337 146 420 446 348
1 6 2
256 153
1 16 23
375 228 143 69 75 226 39 473 148 2 164 290 88 442 96 234 56 95 8 263 423 434 487
1 7 10
124 450 271 336 323 448 394 8 387 456
1 13 20
84 165 314 383 422 8 72 107 128 208 477 400 359 155 486 437 490 90 333 95
1 1 18
208 446 484 461 214 339 165 84 311 153 36 22 438 374 44 335 39 455
1 19 6
326 114 357 104 426 80
1 2 23
38 72 459 58 122 210 425 348 352 230 95 355 407 408 304 217 190 430 446 327 465 222 180
1 17 8
380 105 84 32 214 169 294 96
1 10 22
26 321 221 306 279 86 236 125 407 277 386 268 42 46 297 324 323 228 434 334 275 281
1 18 23
408 396 185 377 40 399 292 99 372 440 194 486 424 456 266 205 438 278 265 80 364 285 30
1 7 24
342 399 144 243 322 255 301 96 177 312 68 369 200 44 244 319 92 19 139 374 381 168 223 367
1 1 8
179 209 368 84 151 447 189 215
1 4 2
422 476
1 6 13
339 13 290 29 349 124 225 227 233 97 109 86 131
1 10 6
66 475 88 135 5 25
1 15 23
0 275 189 141 232 409 484 132 282 317 443 346 136 301 404 260 250 145 166 214 172 161 187
1 18 17
420 465 497 29 319 457 359 109 397 470 92 70 283 441 437 415 412
1 18 23
452 315 94 122 423 176 16 387 70 108 434 265 450 114 234 324 488 403 135 480 422 217 95
1 6 14
145 381 99 184 89 69 482 158 253 223 394 191 406 463
1 5 19
191 130 306 96 408 462 254 4 137 41 11 90 406 301 199 135 385 172 152
1 8 18
297 294 405 183 350 117 123 104 132 248 258 196 371 407 235 119 50 254
1 4 6
287 349 227 127 393 468
1 12 9
216 134 436 213 432 385 257 157 181
1 8 23
166 179 289 125 279 55 17 398 465 85 90 491 147 483 472 34 5 131 433 209 440 94 463
1 4 6
45 405 15 389 420 97
1 6 15
356 434 293 295 20 286 147 270 195 474 3 114 451 367 324
1 1 23
208 170 264 188 479 184 219 249 232 74 161 200 470 455 7 94 178 396 164 301 494 360 297
1 13 16
129 332 380 334 311 482 408 281 344 207 1 395 340 497 306 369
1 14 13
280 297 217 232 342 387 197 288 395 415 129 151 392
1 16 22
263 23 114 55 494 31 52 428 143 256 234 249 402 437 168 362 122 242 328 13 400 24
1 4 8
351 411 426 89 287 57 154 143
1 16 17
491 227 284 109 335 116 356 33 208 449 292 413 181 465 361 473 221
1 14 23
27 231 464 470 266 407 241 496 21 338 399 98 349 154 168 320 473 400 224 353 332 165 201
1 7 3
12 333 162
1 14 13
90 313 29 258 297 146 360 100 382 33 432 368 321
1 6 10
336 24 128 117 70 432 72 121 143 5
1 12 4
51 152 380 477
1 5 11
6 254 49 154 410 341 7 243 396 406 224
1 11 19
130 366 389 214 491 255 360 45 269 317 339 33 251 212 384 156 446 397 70
1 5 7
58 484 90 218 242 123 346
1 8 11
134 185 383 81 363 68 61 131 48 443 327
1 13 9
288 98 87 385 496 0 237 181 352
1 20 2
370 471
1 7 14
450 405 134 196 227 325 108 214 22 111 249 64 241 446
1 15 16
2 13 321 179 425 396 166 305 487 320 202 55 143 100 180 95
1 14 21
200 395 39 62 358 379 315 317 16 102 355 399 347 365 68 290 78 30 259 461 99
1 3 8
48 125 47 417 245 126 38 172
1 18 15
149 314 65 366 52 489 472 223 24 154 263 421 334 400 276
1 19 17
481 235 136 387 165 384 5 30 180 372 13 159 173 179 185 390 71
1 2 11
446 309 327 137 187 314 210 198 406 313 186
1 12 18
384 32 300 125 118 285 449 50 110 480 217 3 82 437 450 177 485 228
1 5 10
160 123 195 171 150 132 424 105 347 91
1 17 8
258 316 313 465 22 49 188 466
1 15 21
131 410 4 301 139 111 237 394 108 122 76 100 322 12 141 449 161 252 249 30 491
1 20 19
410 351 72 372 56 358 266 179 374 426 350 55 209 425 491 93 270 228 468
1 20 7
491 5 40 27 371 74 147
1 17 23
364 46 17 439 369 139 122 176 150 234 43 185 85 308 8 263 412 407 211 222 436 395 60
1 1 17
131 135 56 229 444 258 39 64 166 121 116 353 138 189 265 160 467
1 16 2
483 456
1 7 6
360 172 39 469 174 214
1 20 18
438 81 477 463 301 14 69 348 386 211 437 35 307 41 352 243 340 235
1 9 15
11 480 392 281 498 210 261 257 291 406 191 122 433 372 82
1 3 25
265 130 410 433 392 370 457 203 424 437 297 354 417 372 356 323 274 63 255 452 88 349 373 251 125
1 17 18
215 91 369 390 264 492 60 430 100 221 341 191 427 173 161 415 380 443
1 2 15
467 497 281 156 41 113 313 318 107 424 443 486 300 169 477
1 6 9
39 44 430 381 211 0 42 119 339
1 3 9
346 483 469 473 95 208 383 54 352
1 18 11
274 127 493 22 376 253 180 174 480 1 101
1 19 16
478 139 81 312 161 185 314 496 411 412 272 32 409 192 50 0
1 8 2
20 124
1 20 22
462 490 448 53 18 149 225 41 22 57 477 163 415 499 131 26 221 92 78 295 117 176
1 4 25
43 283 59 461 391 201 17 117 297 41 270 106 228 372 338 31 281 268 81 327 396 126 208 145 482
1 17 23
305 310 493 418 355 201 374 75 392 287 87 293 218 209 22 469 353 5 261 138 471 462 109
1 3 9
499 27 456 106 133 207 24 142 452
1 11 15
52 217 299 229 409 205 257 414 58 499 430 311 111 23 46
1 16 20
32 341 485 173 223 146 277 364 399 308 434 406 75 28 11 74 182 293 284 120
1 8 20
75 128 157 422 37 68 23 287 240 294 316 462 326 35 359 16 105 357 311 388
1 14 6
418 207 349 92 376 52
1 13 17
428 117 49 439 306 367 354 20 481 393 403 22 80 32 412 369 270
1 6 3
212 363 53
1 8 10
400 148 257 325 283 485 143 366 93 37
1 15 10
130 363 400 489 351 109 89 246 150 461
1 10 6
341 276 140 410 342 219
1 2 11
189 477 296 120 360 106 472 367 201 399 225
1 8 12
48 112 388 2 255 244 194 22 442 431 471 124
1 15 20
359 213 218 354 11 441 150 264 416 111 303 494 373 224 372 0 147 315 448 263
1 18 13
64 223 386 413 192 69 403 193 119 302 186 199 399
1 5 12
102 93 375 279 97 457 319 77 149 179 178 201
1 16 17
314 481 490 139 223 34 42 379 318 428 74 439 472 158 278 191 272
1 18 16
111 121 285 89 416 0 245 353 347 50 18 320 56 294 381 186
1 9 19
104 205 246 381 37 263 140 48 323 471 34 233 144 47 310 201 152 122 219
1 7 25
294 301 131 135 77 54 322 445 225 161 168 239 421 174 164 83 18 278 354 150 158 107 402 171 314
1 5 2
335 196
1 5 21
75 280 98 7 418 128 170 437 82 189 17 422 115 419 56 480 5 207 409 448 487
1 14 15
27 335 159 175 268 125 114 74 234 495 425 49 258 127 122
1 13 6
179 400 82 231 52 267
1 2 14
240 72 13 256 235 270 226 22 201 398 405 366 40 307
1 3 24
498 377 103 342 208 320 245 31 99 358 195 359 326 17 201 341 91 160 207 295 134 418 253 88
1 1 16
74 371 182 470 336 278 33 438 162 20 60 414 260 367 426 351
1 1 2
485 348
1 12 25
254 232 148 199 67 48 368 469 295 64 292 60 31 239 138 102 399 174 105 2 180 176 431 147 59
1 8 22
292 8 246 482 36 375 467 108 215 279 91 116 456 483 487 214 327 253 254 182 452 421
1 15 14
309 199 195 103 361 481 263 108 204 26 401 53 284 420
1 12 11
343 460 455 19 322 50 128 159 387 315 413
1 7 21
145 340 155 272 82 496 355 222 185 21 467 117 26 325 87 288 389 383 451 207 287
1 18 11
165 267 214 462 496 314 275 302 451 50 280
1 13 13
266 12 248 57 238 215 46 242 441 48 364 351 229
1 19 5
136 286 117 248 181
1 11 24
301 228 380 113 224 334 68 327 304 451 252 492 24 405 105 57 427 18 484 168 261 219 145 146
1 1 16
170 220 475 463 427 13 207 178 464 396 133 77 251 160 94 400
1 10 2
391 18
1 1 24
304 330 132 221 254 402 420 350 452 369 14 91 333 426 268 187 56 395 315 96 454 189 375 455
1 14 21
291 420 319 199 39 0 385 442 38 488 181 289 351 121 287 117 414 165 241 41 159
1 14 14
462 21 347 68 144 149 67 22 361 298 84 396 176 281
1 15 17
48 221 116 406 169 471 298 207 228 188 371 117 419 41 35 340 343
1 5 2
427 27
1 13 5
15 174 341 414 402
1 16 19
360 239 19 471 296 449 90 441 143 202 253 41 423 173 164 309 241 113 322
1 12 9
472 102 128 4 155 270 441 68 70
1 5 6
320 120 444 104 314 84
1 4 4
402 361 111 359
1 9 23
233 210 139 296 399 66 74 118 37 251 190 268 480 174 137 460 334 72 1 335 22 263 330
1 11 5
161 322 474 11 400
1 12 17
200 389 240 160 309 342 130 81 405 27 269 426 345 451 62 306 248
1 14 13
419 81 184 189 79 296 106 292 203 273 491 432 469
1 17 2
168 428
1 5 15
9 142 413 63 344 237 16 470 351 211 131 183 33 220 257
1 11 16
128 51 270 148 85 296 102 267 278 34 151 314 37 36 397 77
1 19 7
251 477 348 232 403 158 496
1 8 3
138 160 118
1 17 8
92 146 400 183 474 100 212 82
1 7 24
98 3 299 312 104 145 393 245 436 381 173 81 458 410 362 289 313 238 16 390 107 250 155 366
1 19 18
467 200 304 223 317 288 276 101 227 48 266 412 150 138 186 226 364 151
1 17 24
191 139 256 412 345 473 183 309 479 24 31 10 288 16 372 118 489 355 383 84 75 401 471 492
1 3 6
425 348 246 497 136 288
1 18 22
128 492 35 109 148 110 366 411 407 185 124 180 483 88 328 442 463 336 333 127 323 76
1 12 7
424 477 441 249 160 268 51
1 6 24
31 285 73 454 92 158 486 127 111 179 87 219 363 456 447 254 295 246 432 225 40 63 465 95
1 1 8
237 356 314 191 160 143 0 396
1 17 23
385 219 132 211 353 26 191 80 99 234 178 157 209 373 107 97 241 335 38 171 79 309 333
1 18 13
275 223 42 234 250 196 376 331 434 12 427 183 404
1 5 22
230 248 330 488 279 353 172 106 202 349 247 453 292 475 336 117 309 227 245 164 212 142
1 15 17
381 60 290 299 415 67 297 134 103 453 149 106 265 306 121 131 200
1 3 10
291 419 430 406 339 20 185 65 259 221
1 19 22
147 281 270 130 177 18 297 309 133 424 164 257 352 322 55 294 326 174 290 431 155 380
1 11 13
428 102 262 90 421 140 63 275 261 35 379 72 400
1 18 13
385 284 203 353 125 14 441 365 217 306 310 132 267
1 9 20
63 332 41 298 247 323 73 410 103 176 375 47 53 444 489 137 234 413 303 420
1 16 5
217 73 419 208 106
1 13 8
92 110 218 131 59 312 447 150
1 18 15
318 311 482 24 92 74 292 442 430 352 425 162 154 17 284
1 11 19
104 267 164 334 183 70 289 295 113 386 382 310 349 263 162 359 188 161 491
1 1 15
384 194 260 108 404 199 424 229 32 78 121 447 61 34 330
1 20 15
350 286 312 157 434 301 174 217 410 393 45 52 59 320 221
1 8 24
117 137 394 404 38 316 272 426 341 42 215 402 202 186 247 80 314 220 454 302 218 63 418 142
1 18 4
341 180 97 0
1 3 25
465 137 153 121 115 396 317 14 328 343 322 310 401 331 16 266 177 126 442 329 374 248 140 379 382
1 8 24
151 34 485 322 3 82 218 298 2 329 196 272 331 12 59 497 465 163 110 308 336 146 228 270
1 19 23
416 200 174 1 375 173 345 425 411 267 104 415 244 355 17 189 97 297 43 311 46 429 336
1 16 9
173 198 359 180 377 82 485 334 51
1 8 19
342 419 20 66 202 198 249 468 22 245 481 45 447 12 184 97 428 216 254
1 1 11
192 69 362 345 430 78 45 241 277 171 145
1 3 10
103 32 198 297 414 18 228 215 247 277
1 1 13
61 332 449 275 375 75 435 253 137 55 364 85 307
1 13 8
85 147 461 292 352 103 156 98
1 10 11
450 465 99 133 130 160 8 444 2 496 83
1 12 5
184 254 388 165 400
1 15 6
415 7 24 351 394 452
1 11 24
295 431 340 166 486 204 144 275 416 58 263 260 426 346 25 445 335 406 149 489 67 368 301 199
1 6 3
244 203 47
1 3 21
347 288 313 62 21 359 478 465 425 23 203 416 344 197 165 160 377 412 407 474 301
1 13 9
484 55 404 82 326 109 318 271 88
1 8 7
210 291 189 1 235 48 273
1 6 2
184 107
1 12 9
206 5 146 267 439 422 397 44 307
1 12 17
132 107 219 134 449 368 144 71 83 179 246 187 336 173 271 349 465
1 20 8
400 497 410 465 54 376 199 90
1 16 22
137 115 260 251 48 460 91 490 418 51 267 172 75 39 361 102 23 422 103 154 356 464
1 11 9
383 370 63 233 305 27 261 416 58
1 12 13
405 421 344 12 297 105 170 324 142 365 434 460 34
1 5 4
18 110 241 286
1 19 16
362 295 29 460 144 92 101 380 202 383 146 431 373 178 124 248
1 20 14
198 414 108 461 233 49 326 142 430 290 444 378 373 273
1 9 17
121 475 204 431 160 443 244 288 493 5 205 472 444 441 110 408 243
1 19 10
463 409 473 394 488 445 256 209 365 1
1 8 18
121 154 361 160 134 297 272 487 155 110 394 168 39 262 360 187 425 281
1 15 4
59 457 286 261
1 6 3
304 277 78
1 20 18
436 312 153 17 341 106 50 180 184 111 177 375 77 261 428 211 269 267
1 3 14
291 10 275 348 190 16 215 240 189 255 171 61 478 76
1 6 11
360 192 273 88 241 160 155 381 57 302 185
1 8 15
405 106 155 322 154 252 220 300 82 25 434 486 292 370 127
1 10 23
403 369 184 306 402 193 12 241 439 265 463 195 74 475 235 112 281 109 169 101 436 309 428
1 3 13
128 326 149 107 496 101 100 199 54 60 292 265 46
1 14 5
464 88 121 294 25
1 17 18
487 249 105 391 148 468 394 465 267 13 260 157 212 432 342 479 480 425
1 6 10
97 488 417 90 180 432 67 141 495 356
1 5 18
125 41 108 62 240 412 101 118 275 279 150 435 130 267 268 269 424 113
1 14 12
120 191 132 246 448 265 72 379 320 436 395 341
1 17 20
272 420 196 110 463 115 138 44 177 440 4 372 286 402 38 432 182 305 284 476
1 3 4
137 482 313 484
1 5 16
84 286 74 185 472 397 133 11 470 49 75 405 65 97 361 455
1 2 23
98 395 174 341 328 409 280 242 215 435 346 108 272 301 303 457 225 499 321 309 5 439 450
1 9 20
135 118 417 52 458 368 327 146 383 314 32 112 110 480 142 213 166 347 246 491
1 4 24
79 25 266 90 404 252 84 32 14 438 241 80 235 400 245 280 169 319 78 34 307 82 311 171
1 13 20
416 485 216 97 7 191 225 396 429 446 18 392 357 415 304 477 3 459 412 193
1 4 14
108 145 221 408 499 277 436 150 322 30 52 257 251 281
1 18 8
164 472 322 278 463 128 434 498
1 2 25
41 195 281 354 449 144 445 366 485 414 53 389 211 152 67 426 440 321 427 196 31 205 186 348 411
1 15 5
323 424 194 92 1
1 2 16
17 253 469 20 275 360 173 465 288 380 316 488 417 27 9 404
1 12 9
498 98 403 325 364 184 106 409 268
1 3 5
317 307 398 464 492
1 6 4
311 275 357 240
1 16 3
126 438 40
1 4 24
194 54 387 158 218 189 90 484 149 334 178 256 20 37 98 23 443 275 113 246 129 252 465 428
1 17 20
13 357 377 498 186 435 232 295 242 193 143 319 243 463 25 0 443 336 211 190
1 18 5
42 217 120 69 433
1 19 24
335 487 291 133 187 218 369 66 155 43 265 463 485 95 405 22 279 490 112 296 245 473 144 343
1 15 12
248 99 19 364 84 34 411 211 78 93 268 309
1 1 23
204 136 325 0 279 106 213 288 34 320 299 491 187 416 88 490 251 436 419 438 64 83 311
1 18 20
17 59 9 244 412 3 136 352 227 204 4 368 53 19 351 146 28 211 7 313
1 2 19
228 287 310 142 417 202 168 136 440 258 84 280 479 40 17 308 87 100 15
1 20 22
171 312 59 337 7 183 16 486 24 194 252 391 99 409 319 69 367 332 23 336 48 186
1 5 4
466 84 258 356
1 19 6
17 449 100 66 48 489
1 16 16
356 222 105 151 182 265 74 165 328 43 200 145 112 335 358 270
1 5 16
338 155 309 447 333 264 175 46 251 188 77 95 446 273 454 203
1 6 11
73 436 211 352 440 30 26 63 429 47 41
1 6 24
440 189 320 340 433 135 200 342 91 40 237 114 38 422 260 176 70 413 220 2 61 352 24 361
1 20 2
178 150
1 5 7
249 456 338 465 163 33 296
1 4 24
73 200 497 336 301 262 472 422 264 419 251 167 436 385 440 485 45 304 165 277 491 70 279 394
1 3 18
312 418 217 473 154 468 80 93 99 338 290 132 410 101 31 451 211 193
1 12 25
316 99 200 308 301 465 484 94 48 76 434 166 323 389 36 387 280 210 459 269 14 168 355 263 231
1 8 19
369 154 232 255 450 495 197 178 343 499 96 360 395 206 310 122 107 424 191
1 5 17
470 196 282 333 24 376 245 21 122 204 170 129 365 283 485 290 39
1 4 12
249 318 26 449 300 467 205 324 259 362 191 112
1 11 23
225 497 200 115 341 41 19 139 287 39 29 408 404 308 330 35 337 117 162 187 58 482 174
1 9 16
34 150 367 12 418 414 424 402 496 17 233 87 404 65 138 491
1 16 22
459 456 91 489 100 147 187 138 115 93 311 384 61 33 113 171 72 343 346 238 487 125
1 20 17
298 363 234 286 167 271 204 342 125 110 62 118 492 278 102 133 65
1 17 18
163 54 131 375 460 186 215 125 334 70 273 26 369 280 493 199 265 115
1 6 15
218 295 425 55 434 153 134 336 366 186 227 81 112 21 307
1 11 2
192 266
1 6 21
353 329 12 59 102 347 172 331 286 186 327 283 197 440 207 85 392 13 20 426 427
1 5 15
263 161 498 341 254 282 383 106 476 179 90 432 60 197 167
1 4 12
352 249 394 174 207 412 27 265 405 402 188 313
1 7 2
317 173
1 1 7
57 429 125 498 479 474 6
1 11 8
287 142 442 151 354 452 479 75
1 6 4
215 422 41 225
1 4 9
134 29 140 231 252 449 48 154 5
1 19 12
445 394 116 237 103 4 142 47 449 316 141 430
1 19 19
487 496 77 367 338 459 88 210 254 251 394 327 456 404 52 476 342 79 161
1 12 9
48 184 79 142 474 252 183 366 463
1 18 5
397 272 351 70 71
1 9 16
141 471 12 418 93 3 8 394 409 452 111 378 54 361 53 322
1 6 6
222 242 228 444 152 280
1 16 17
387 307 135 179 332 180 177 81 2 319 231 468 327 230 464 201 343
1 18 16
207 283 409 168 124 6 464 13 231 214 291 38 123 301 215 292
1 6 13
495 305 241 407 243 122 117 0 187 317 220 53 419
1 6 22
474 3 124 61 341 485 421 45 460 391 128 80 441 33 36 329 115 141 131 269 467 322
1 12 18
286 280 375 78 455 270 435 99 417 294 61 385 418 50 282 113 204 246
1 11 2
160 313
1 9 16
335 222 290 210 416 176 491 153 404 461 41 227 350 369 370 94
1 6 22
143 67 410 120 483 1 470 400 123 264 249 362 387 447 58 28 140 138 233 267 333 164
1 18 17
382 473 103 437 121 154 472 15 36 486 490 364 97 145 294 285 406
1 1 4
408 179 113 309
1 7 16
95 255 421 311 354 109 289 397 237 364 128 250 257 256 214 281
1 8 16
205 176 234 202 308 490 174 387 455 292 456 262 153 469 401 220
1 15 19
442 97 467 488 200 358 207 448 87 7 5 259 398 172 351 123 101 37 220
1 8 13
120 126 228 302 230 62 103 87 461 328 100 5 256
1 3 2
437 221
1 4 2
313 60
1 9 9
411 64 418 234 429 348 155 244 276
1 4 8
232 401 255 319 396 202 416 248
1 14 19
481 204 377 189 290 352 68 459 315 33 391 297 106 256 405 358 431 203 253
1 4 15
274 220 66 314 98 416 450 205 60 27 67 133 231 248 50
1 17 17
455 313 327 443 166 151 29 420 183 475 297 212 384 58 250 135 307
1 17 24
349 172 402 345 348 355 199 14 97 106 320 30 91 111 184 143 245 148 356 490 63 200 379 437
1 12 5
444 263 38 9 334
1 7 12
402 215 141 289 272 437 398 122 37 148 188 155
1 10 16
158 100 416 460 314 56 490 25 18 28 69 258 483 236 484 428
1 3 3
330 85 15
1 9 8
423 314 451 354 318 148 316 473
1 14 13
416 7 28 178 340 101 244 141 155 125 338 153 257
1 14 22
297 495 281 388 71 264 314 45 141 308 401 431 122 485 41 339 236 381 13 174 427 139
1 6 21
258 54 392 196 394 37 449 320 349 212 475 468 164 375 404 488 277 147 245 162 26
1 17 4
493 99 362 297
1 15 25
314 169 489 62 108 485 375 149 370 464 437 166 482 238 161 272 49 288 123 333 143 33 324 118 243
1 13 16
99 234 280 282 471 134 495 295 477 279 361 283 106 16 317 186
1 3 10
137 338 370 33 385 277 329 182 407 123
1 4 3
468 441 317
1 20 3
212 243 380
1 4 18
102 465 401 60 21 415 380 63 360 186 339 498 303 104 65 398 414 55
1 12 2
440 262
1 19 17
392 45 146 155 319 222 485 63 482 455 405 359 419 199 383 233 215
1 18 11
219 102 338 11 403 429 52 174 482 292 445
1 5 21
326 92 152 197 291 351 97 145 127 190 443 217 225 390 310 412 474 83 7 117 347
1 5 12
103 376 116 215 188 129 114 332 126 455 78 23
1 17 25
328 454 227 479 33 122 434 18 21 81 35 140 229 183 100 490 47 420 474 482 238 125 60 240 282
1 8 5
168 64 398 276 188
1 1 6
244 126 72 219 489 473
1 17 15
455 172 369 397 446 490 472 180 44 27 3 450 178 227 143
1 7 13
396 4 90 64 213 281 18 17 381 121 336 124 104
1 10 23
91 223 300 371 59 222 175 336 210 197 67 279 196 152 219 431 226 55 428 433 218 377 220
1 4 11
206 484 107 398 410 232 418 76 115 377 287
1 4 22
123 195 156 406 391 256 296 34 229 175 467 223 82 160 262 410 369 297 19 337 254 104
1 1 25
286 469 331 64 495 121 480 384 457 247 273 110 4 120 435 126 344 272 445 0 481 38 451 199 137
1 13 4
374 214 428 182
1 6 18
229 299 12 172 6 287 387 450 362 73 459 265 40 449 87 96 489 202
1 13 12
120 301 144 470 266 35 22 6 246 434 485 186
1 9 17
328 298 384 81 317 216 444 271 73 435 454 390 259 383 339 140 120
1 10 22
109 369 340 56 26 295 378 356 310 258 281 55 151 272 66 83 496 320 218 384 85 457
1 2 9
94 157 441 431 366 309 253 36 200
1 1 20
254 111 348 466 226 406 328 88 191 423 220 261 305 496 168 227 326 346 29 420
1 2 4
128 235 216 411
1 8 3
170 224 61
1 5 20
207 111 276 433 484 411 100 247 56 6 31 267 112 291 71 361 120 446 300 271
1 7 10
461 476 164 285 50 263 386 136 235 486
1 12 7
86 92 210 391 297 241 292
1 11 14
423 304 42 144 72 47 43 11 421 34 207 195 152 103
1 20 6
154 169 237 257 98 471
1 16 22
191 75 240 127 58 385 2 271 204 247 422 375 268 445 466 4 15 51 124 222 208 76
1 6 25
269 341 22 295 451 261 115 327 458 94 461 277 213 315 434 251 123 156 323 281 398 299 42 102 497
1 3 11
59 446 176 187 9 373 221 5 8 146 336
1 19 19
370 394 340 118 375 264 233 94 39 148 336 437 89 112 20 31 329 428 413
1 15 2
300 311
1 16 11
306 22 297 150 132 77 7 276 253 194 85
1 13 4
442 176 291 165
1 8 17
132 38 0 365 267 54 419 186 202 97 468 73 366 262 143 246 362
1 20 25
285 373 157 131 141 355 166 120 268 308 56 40 493 408 344 428 153 386 174 494 108 248 179 406 316
1 14 4
44 298 370 259
1 2 10
398 140 125 236 36 446 368 204 264 345
1 12 8
313 121 369 199 80 160 201 337
1 1 11
387 162 174 378 18 491 341 251 140 396 41
1 10 25
419 421 161 97 452 51 459 299 166 1 113 156 181 167 152 84 497 325 413 230 177 358 70 470 55
1 16 14
265 466 148 497 398 343 257 438 294 270 30 58 1 335
1 3 20
164 473 184 212 313 144 51 62 330 245 73 343 87 88 419 61 316 180 169 402
1 4 12
99 448 359 291 105 243 37 54 108 407 83 110
1 11 24
140 304 439 251 124 191 306 41 47 9 359 35 40 262 274 480 201 181 178 151 184 11 164 345
1 1 6
212 179 248 419 378 231
1 11 4
407 489 207 230
1 18 10
85 209 487 450 296 493 29 427 147 142
1 16 24
74 99 35 22 272 266 65 108 353 496 444 296 205 16 438 337 361 158 56 310 152 33 90 396
1 14 22
5 354 490 390 498 394 20 81 422 76 183 401 82 363 370 65 152 480 85 200 106 441
1 16 4
468 159 281 82
1 1 17
433 31 352 210 411 196 256 309 85 361 275 446 222 345 183 291 254
1 17 10
82 343 439 59 7 56 176 428 268 269
1 11 5
266 36 179 228 143
1 16 20
206 7 317 102 40 343 365 356 473 418 394 24 407 156 106 342 37 110 363 335
1 14 2
182 143
1 7 3
153 342 249
1 15 13
323 459 384 320 487 428 66 473 275 474 488 112 279
1 10 9
1 115 490 317 466 159 408 225 470
1 3 22
88 317 138 248 438 390 237 150 311 147 485 50 45 294 9 222 290 480 352 176 135 369
1 4 6
119 129 489 114 392 206
1 1 11
376 468 27 72 192 429 392 440 265 307 213
1 13 23
386 432 101 77 495 39 165 421 215 21 37 471 439 339 12 401 472 16 218 3 49 465 332
1 6 14
277 320 448 356 315 482 163 19 231 123 297 340 243 265
1 12 14
118 157 177 93 168 262 227 340 332 81 9 244 302 77
1 20 17
289 212 472 30 245 457 350 156 466 309 310 357 219 396 280 100 186
1 8 15
93 288 477 99 145 219 163 49 390 211 365 437 449 142 356
1 12 7
9 136 438 405 165 92 21
1 17 17
311 184 177 231 499 474 426 60 229 100 37 4 50 81 252 98 25
1 17 24
246 2 390 78 426 191 230 17 284 217 16 59 131 122 238 181 265 83 125 102 225 162 169 48
1 1 15
175 412 441 297 447 153 345 324 341 79 46 52 228 164 55
1 16 8
271 232 310 182 460 105 461 443
1 13 21
112 434 145 384 362 192 80 402 32 70 439 147 262 309 108 64 184 98 0 233 245
1 1 19
415 96 349 256 162 320 45 163 484 450 223 265 77 143 347 387 491 380 425
1 19 2
130 259
1 9 25
229 170 338 372 167 267 220 158 121 215 348 172 10 144 108 40 417 479 115 374 32 183 346 179 415
1 10 23
59 302 101 428 268 367 187 63 167 184 380 73 132 479 231 384 152 497 119 327 394 263 19
1 5 13
365 430 184 149 62 402 485 127 464 74 459 493 67
1 9 9
151 297 152 155 356 174 346 478 20
1 1 9
201 73 328 108 87 495 346 76 39
1 11 22
309 398 91 6 304 355 351 119 320 435 208 143 221 461 287 108 386 56 129 237 78 28
1 14 19
68 149 459 486 453 248 29 237 399 234 367 487 81 174 56 390 386 385 263
1 13 5
452 91 385 351 142
1 3 8
188 272 200 210 474 57 436 257
1 2 11
423 404 261 339 367 48 341 496 270 298 210
1 20 2
315 437
1 6 4
245 105 246 476
1 1 14
175 220 157 18 68 176 241 23 311 207 124 161 362 28
1 1 9
65 251 488 464 107 27 199 158 485
1 1 9
403 201 121 468 188 135 79 63 66
1 5 17
337 401 319 229 434 461 117 19 100 277 343 489 192 251 322 272 496
1 13 22
146 145 195 228 305 179 207 328 159 332 66 313 225 232 336 12 294 457 4 282 308 338
1 9 20
321 322 168 309 483 294 123 459 488 98 301 408 201 424 176 468 29 259 269 35
1 3 16
258 125 217 238 144 6 275 302 361 163 243 252 285 142 327 400
1 18 12
13 227 138 70 310 110 261 106 361 473 451 243
1 12 25
398 158 458 198 48 84 21 238 467 279 230 185 147 212 304 318 36 31 111 293 82 114 468 99 16
1 4 2
253 205
1 15 18
86 217 471 285 57 462 345 322 7 243 396 458 227 475 398 420 365 328
1 6 19
323 144 113 449 6 365 416 336 488 180 123 201 494 25 296 314 160 379 392
1 19 14
331 237 407 319 262 404 82 175 353 410 494 113 180 362
1 8 23
420 359 247 103 372 178 135 48 159 93 133 406 96 482 272 206 181 356 357 408 361 200 210
1 1 24
202 187 156 102 206 78 474 345 322 244 346 178 136 90 375 311 15 368 271 153 441 64 436 157
1 7 20
220 276 51 16 132 364 118 346 18 42 462 90 326 144 70 468 130 232 404 319
1 10 9
314 11 255 40 113 5 265 269 324
1 19 18
233 215 33 411 137 285 279 40 134 170 454 413 64 200 376 419 432 79
1 12 16
309 64 321 366 103 50 344 457 124 401 333 255 144 440 415 398
1 17 20
53 243 319 238 34 106 95 401 208 202 400 64 315 374 431 98 187 284 75 344
1 17 23
207 15 247 201 264 48 129 167 142 261 456 55 222 145 179 185 212 474 310 250 479 361 340
1 10 9
114 178 173 354 256 143 494 429 275
1 7 3
178 442 278
1 14 11
169 152 226 187 280 474 427 493 382 267 146
1 19 22
29 458 84 172 431 94 9 77 414 57 249 492 253 352 164 76 260 370 97 108 326 168
1 16 19
188 441 53 29 259 39 474 465 127 479 363 128 388 426 405 435 301 229 61
1 9 19
66 208 75 237 465 451 355 105 131 128 492 94 19 432 255 241 220 63 354
1 14 18
297 378 418 159 211 286 254 240 268 171 8 169 160 181 33 324 69 340
1 7 8
290 496 366 237 229 316 394 401
1 19 18
204 52 171 57 218 366 56 179 422 319 487 246 149 41 95 5 374 310
1 6 14
228 13 338 285 122 491 187 322 175 10 31 43 263 332
1 14 22
115 128 292 481 149 21 331 192 20 121 146 346 469 383 396 218 310 351 282 295 470 495
1 20 18
196 307 265 281 263 85 14 371 334 202 103 218 422 351 284 267 399 356
1 1 24
289 123 207 116 440 225 157 333 497 144 433 470 484 487 117 212 42 270 92 96 309 458 432 71
1 16 21
136 332 80 214 164 262 64 41 81 434 324 316 27 364 132 46 130 436 128 301 139
1 2 23
37 467 141 242 135 493 212 306 293 330 408 297 414 405 1 309 496 301 377 438 149 448 255
1 5 24
105 20 367 220 291 247 140 146 476 38 472 417 470 490 113 213 194 238 11 205 132 435 185 202
1 20 18
281 398 127 343 282 14 172 242 489 205 267 142 131 272 72 215 390 412
1 10 2
42 445
1 5 11
70 88 97 371 182 193 451 6 279 199 295
1 2 24
171 87 359 81 280 352 473 98 439 82 231 146 320 282 432 152 357 484 30 288 317 285 194 5
1 5 2
70 92
1 2 9
19 206 291 248 111 489 238 46 217
1 4 19
212 433 178 225 176 177 54 140 330 316 279 296 364 302 493 18 497 308 186
1 19 21
173 237 175 89 232 351 23 164 293 454 434 308 160 45 147 441 349 115 432 498 25
1 14 8
464 370 378 111 160 351 447 6
1 3 11
137 494 289 196 39 484 444 4 271 69 30
1 14 20
396 482 246 179 446 91 480 315 142 46 322 74 428 168 336 279 94 19 80 35
1 15 3
122 127 8
1 10 14
122 490 436 292 263 190 392 354 493 196 56 209 42 442
1 14 10
242 490 204 444 309 419 317 138 51 403
1 5 13
113 404 249 8 274 230 263 453 427 78 155 154 490
1 19 25
288 80 166 35 135 243 87 96 399 300 115 307 310 128 295 404 244 345 323 420 459 221 224 174 396
1 6 11
97 419 295 172 40 94 443 420 186 268 47
1 10 4
91 208 127 484
1 1 11
414 60 419 483 88 472 54 441 404 218 285
1 4 22
43 90 369 492 335 140 115 295 134 53 294 231 396 267 392 344 51 245 31 366 411 331
1 18 4
310 170 24 407
1 15 15
373 97 342 330 440 188 105 412 76 273 320 291 319 264 150
1 2 14
497 64 41 443 328 265 44 221 481 145 473 112 471 460
1 2 3
332 396 39
1 7 24
236 97 224 259 448 211 74 109 26 102 362 23 277 158 60 37 428 265 27 479 179 406 221 180
1 7 18
177 128 156 20 166 439 249 101 174 24 499 445 127 66 279 154 273 328
1 19 18
486 5 363 434 309 474 297 222 229 190 263 481 94 304 214 354 283 493
1 10 14
209 324 389 171 493 239 344 254 16 0 457 104 63 291
1 16 9
318 193 158 260 232 451 234 465 189
1 15 5
450 202 441 57 27
1 2 21
396 287 179 222 103 52 384 232 422 97 38 89 335 493 3 355 340 428 488 171 109
1 19 16
256 221 437 291 110 480 236 485 306 413 22 259 82 335 391 125
1 7 3
16 46 236
1 15 8
360 369 171 200 256 10 231 240
1 1 8
159 267 434 136 52 206 29 228
1 16 22
440 294 186 200 472 7 171 421 345 302 395 117 41 265 81 398 46 251 91 458 416 401
1 8 24
439 187 132 418 69 51 271 170 492 164 403 216 34 430 491 226 232 440 323 389 195 16 310 212
1 2 13
74 491 73 224 411 307 424 108 199 267 490 231 222
1 14 2
78 94
1 3 18
499 297 483 137 224 452 192 475 329 28 248 13 378 402 453 480 412 328
1 9 5
460 196 404 340 162
1 3 4
463 476 54 282
1 19 8
325 92 199 481 327 248 232 233
1 12 15
149 293 494 435 492 236 283 29 198 397 180 350 431 207 454
1 6 14
149 456 408 451 386 321 103 173 358 337 417 364 384 373
1 9 2
264 287
1 6 24
472 461 131 48 471 218 489 4 393 390 312 315 222 429 62 107 225 303 318 453 381 263 311 130
1 5 15
402 34 298 174 304 42 491 333 340 74 48 17 489 16 123
1 10 24
413 406 13 33 245 433 283 476 27 492 438 205 157 372 487 367 464 99 209 84 88 445 358 51
1 18 19
84 34 191 234 446 28 179 173 306 164 361 392 123 153 424 264 240 133 297
1 16 18
290 485 399 218 357 483 44 166 466 1 212 301 54 93 231 45 122 124
1 1 5
402 160 329 116 300
1 5 24
468 491 130 357 290 335 364 155 410 193 297 163 334 60 351 98 268 143 54 408 10 67 250 200
1 18 10
17 333 283 53 28 235 380 293 484 88
1 18 23
256 280 199 42 209 193 289 246 272 128 160 232 29 40 342 157 205 451 13 333 228 126 185
1 9 23
414 28 325 189 193 492 51 96 17 309 158 60 480 443 372 427 55 33 149 260 22 366 420
1 5 24
465 188 51 187 162 79 72 484 411 315 245 91 250 279 275 178 10 104 360 262 400 485 120 134
1 9 16
333 135 4 98 92 499 159 421 174 305 441 323 163 27 1 327
1 16 11
446 378 385 422 233 83 282 26 310 209 313
1 9 12
452 316 317 307 410 355 352 137 343 39 139 466
1 2 5
334 174 316 435 383
1 6 23
333 117 158 180 492 4 73 62 310 326 250 195 190 140 31 28 380 143 298 392 414 115 454
1 1 24
254 417 227 349 164 468 389 171 34 267 477 308 473 498 319 309 433 203 455 11 476 494 235 393
1 18 7
307 443 55 350 155 290 379
1 14 20
371 347 107 174 232 101 376 74 449 54 439 53 4 111 474 338 2 161 314 192
1 4 6
392 15 378 185 376 362
1 12 6
90 77 64 439 454 483
1 2 2
234 78
1 11 9
367 290 151 478 322 225 23 236 296
1 20 23
25 280 408 498 364 476 396 282 170 214 133 454 406 190 97 134 486 288 241 77 384 156 315
1 7 22
24 232 476 203 283 440 460 386 168 454 281 240 184 147 307 370 290 213 493 424 12 282
1 17 22
28 219 155 71 379 56 98 361 213 281 216 107 241 199 226 162 430 465 453 299 39 297
1 11 14
431 14 89 328 317 360 164 442 223 219 386 276 83 195
1 8 14
274 246 216 381 413 77 483 92 427 288 250 360 459 239
1 12 17
62 410 351 153 214 119 418 215 355 477 31 387 356 496 60 442 462
1 4 10
107 205 202 283 334 15 322 13 335 47
1 4 8
326 93 298 175 194 297 195 296
1 19 11
31 266 477 413 214 299 149 429 496 271 64
1 7 24
187 348 197 265 146 335 411 62 94 109 77 208 438 328 347 28 78 131 254 271 54 267 334 290
1 1 13
38 470 204 352 446 159 155 179 453 163 304 96 432
1 9 21
418 272 49 316 227 155 401 357 343 209 293 282 55 101 143 164 230 482 207 189 383
1 19 5
197 233 2 363 478
1 3 5
334 232 495 19 332
1 11 20
219 110 149 73 251 99 187 217 342 496 458 302 346 267 181 403 96 341 479 36
1 16 21
454 437 289 4 421 335 371 339 395 468 163 179 494 25 49 483 315 198 126 162 213
1 18 11
151 353 68 187 499 132 196 428 30 174 409
1 2 5
427 86 184 274 21
1 13 14
241 104 428 292 230 384 255 423 175 123 467 493 296 393
1 14 5
285 461 145 353 175
1 15 7
149 236 378 269 6 35 37
1 20 6
421 311 170 479 101 410
1 2 5
425 417 102 318 215
1 7 18
286 416 295 468 273 445 164 174 33 413 154 99 492 149 342 226 213 389
1 4 17
74 455 387 79 109 93 489 75 301 184 475 16 380 34 144 337 295
1 3 4
63 40 383 182
1 16 3
494 362 468
1 9 22
131 130 122 148 397 73 391 357 106 302 135 23 91 202 33 79 364 113 199 76 169 97
1 16 17
296 388 118 158 472 137 78 495 265 346 342 406 229 1 101 487 33
1 10 11
288 242 126 320 175 291 113 74 360 251 252
1 12 11
169 55 499 352 490 413 202 77 390 110 245
1 13 8
279 399 321 205 445 361 119 277
1 17 24
88 61 477 281 417 313 222 63 401 192 47 4 250 344 381 357 86 67 292 27 212 83 470 269
1 19 17
136 211 48 411 337 431 179 418 449 327 382 315 333 206 330 421 27
1 8 20
307 448 26 244 492 312 328 177 104 208 146 108 370 406 109 214 243 60 468 353
1 4 19
63 20 300 378 218 209 286 64 401 135 346 344 473 449 498 186 497 70 367
1 17 16
35 340 144 53 304 21 115 147 158 298 244 337 279 310 67 193
1 16 3
261 458 273
1 9 7
180 26 91 370 106 381 318
1 18 19
415 180 355 194 163 393 374 139 463 387 16 79 251 379 167 149 342 474 436
1 6 6
327 94 415 130 439 67
1 2 4
418 70 261 281
1 1 6
283 96 215 357 150 194
1 20 2
431 327
1 16 5
208 349 273 80 191
1 1 7
209 415 111 494 455 300 178
1 11 19
140 159 290 232 296 182 368 341 470 280 77 230 469 210 80 13 334 450 314
1 20 23
239 457 415 335 183 270 199 197 339 29 132 421 208 203 393 314 170 263 121 249 221 461 463
1 17 14
457 101 392 252 54 339 307 327 387 453 97 225 28 382
1 2 12
191 284 409 202 347 173 170 390 476 315 165 128
1 1 21
20 339 6 436 196 239 123 100 445 163 37 30 237 212 224 66 338 90 394 50 378
1 1 25
304 406 85 104 48 41 151 405 12 344 148 100 278 404 415 127 333 95 373 236 382 256 245 388 199
1 7 25
137 161 431 387 297 355 404 261 270 212 466 145 7 451 115 205 349 56 470 39 338 235 75 369 332
1 6 12
286 59 102 260 14 67 205 104 141 443 265 45
1 8 8
278 411 227 18 243 329 298 471
1 5 2
317 80
1 13 7
302 447 29 150 246 256 330
1 8 18
189 355 493 136 380 17 356 190 408 351 45 200 262 461 247 178 243 236
1 17 18
84 336 149 352 350 392 133 201 18 427 76 252 412 467 136 432 409 325
1 2 19
209 281 390 292 271 419 308 465 164 249 431 339 299 260 15 203 196 107 151
1 19 19
53 143 226 45 97 228 178 452 80 190 159 250 296 21 482 35 131 376 120
1 4 9
79 131 364 331 359 468 199 22 352
1 1 22
332 41 225 330 212 179 289 272 102 341 204 209 283 293 361 221 263 366 294 466 379 357
1 11 6
144 50 221 295 359 434
1 2 13
379 352 422 113 407 366 69 469 418 416 111 498 310
1 18 21
444 107 482 339 188 158 176 110 159 447 327 478 487 64 298 66 300 288 9 136 405
1 19 18
224 278 103 67 14 360 77 391 426 286 23 469 226 463 179 477 128 487
1 4 13
410 320 281 272 1 369 190 134 418 68 235 300 180
1 15 19
490 119 68 248 433 176 290 82 469 159 320 120 352 165 235 442 3 175 273
1 9 12
58 449 356 24 220 381 252 419 119 260 451 110
1 13 5
498 422 335 315 210
1 15 3
423 130 288
1 10 20
277 332 255 363 267 440 263 429 63 466 494 330 102 406 117 376 107 272 229 430
1 16 17
134 98 487 334 189 32 11 435 343 219 293 178 312 211 168 7 481
1 4 9
292 7 44 226 313 366 453 483 137
1 7 9
480 152 138 264 231 380 445 437 45
1 2 4
144 275 206 34
1 16 17
396 71 413 478 333 471 344 397 365 112 476 296 216 242 402 266 302
1 4 2
97 369
1 15 2
106 249
1 12 12
256 443 155 116 387 49 101 381 438 321 48 229
1 6 12
495 315 164 3 420 216 165 476 316 449 238 133
1 10 12
342 443 303 144 478 65 378 130 56 60 274 429
1 10 13
9 152 3 402 148 387 443 106 46 63 419 411 85
1 16 21
312 366 210 321 308 289 404 165 108 35 431 390 328 136 51 272 301 281 106 379 495
1 13 19
344 422 199 218 393 418 337 361 36 92 112 138 398 0 33 331 44 100 436
1 10 10
3 489 440 372 296 246 154 210 370 328
1 9 3
155 456 105
1 13 2
64 407
1 7 12
45 308 195 387 315 354 38 317 337 145 487 192
1 9 16
208 85 346 128 382 3 163 323 202 383 146 138 451 398 59 452
1 17 21
3 463 431 381 410 216 371 324 350 22 446 165 322 65 464 123 397 44 284 333 97
1 11 10
385 269 86 226 433 168 396 358 407 350
1 13 16
206 494 174 391 235 365 134 71 252 270 208 496 167 195 133 443
1 15 13
94 297 244 227 172 263 427 450 31 89 321 409 48
1 1 3
375 329 388
1 10 2
212 25
1 12 24
340 261 79 158 458 490 422 476 328 352 321 456 175 119 194 316 231 179 375 414 412 260 371 73
1 8 13
122 222 180 448 66 399 254 102 194 170 466 467 103
1 10 12
186 396 150 231 167 210 65 118 427 444 386 339
1 11 22
51 203 480 388 113 391 97 383 126 216 65 153 228 8 267 95 412 384 47 92 225 72
1 15 19
113 357 96 442 497 116 229 312 261 433 296 174 426 483 196 157 220 17 431
1 9 9
239 15 222 74 87 86 414 262 482
1 4 13
148 429 94 341 227 467 385 224 488 41 487 13 117
1 1 21
319 295 117 124 415 464 15 212 183 306 441 67 69 307 40 31 60 224 487 347 336
1 8 7
211 378 224 390 83 482 188
1 4 19
138 36 174 14 137 103 236 251 495 404 187 342 302 88 261 318 397 418 357
1 12 20
75 484 78 45 396 161 214 43 248 439 225 302 424 201 171 73 290 215 228 403
1 19 11
291 116 137 192 92 262 0 170 77 314 461
1 15 7
388 105 16 178 366 11 124
1 19 3
436 471 320
1 11 23
182 44 442 286 469 492 473 245 480 192 66 41 410 29 394 339 159 323 46 298 48 367 424
1 17 16
119 32 219 228 273 401 271 89 121 160 452 59 258 206 329 172
1 10 4
245 332 484 329
1 19 9
255 451 197 188 178 88 132 79 3
1 1 18
113 180 97 191 162 82 271 487 192 318 314 352 73 99 251 28 291 488
1 11 14
417 120 495 333 463 74 492 284 425 85 134 122 165 34
1 2 6
175 226 107 301 91 19
1 6 22
137 492 227 204 207 378 305 310 22 185 334 31 418 495 371 83 100 256 260 99 143 139
1 5 25
293 343 254 185 272 230 353 107 434 250 437 480 402 297 243 78 186 41 82 60 359 475 411 336 410
1 20 8
160 312 294 414 486 110 126 429
1 10 6
298 124 226 460 250 337
1 6 17
216 208 415 281 59 258 94 365 449 394 371 434 18 209 338 148 239
1 14 5
225 309 0 464 337
1 15 12
410 344 2 211 424 241 455 402 474 317 93 119
1 17 5
175 245 429 279 373
1 7 24
320 178 265 469 477 340 299 439 187 484 239 497 47 7 95 367 286 426 438 273 449 342 211 241
1 20 21
382 480 62 404 495 411 226 8 299 384 61 86 6 74 56 331 364 186 399 284 311
1 20 21
103 315 415 170 421 434 410 54 491 277 183 175 225 148 60 171 236 475 128 290 213
1 1 17
426 261 362 405 231 366 266 240 388 463 236 387 389 64 235 245 66
1 16 5
220 481 295 358 215
1 15 16
40 72 293 385 461 107 320 419 66 287 176 114 416 328 205 390
1 5 22
281 50 189 198 286 196 282 36 85 480 268 425 378 341 300 262 418 413 265 479 424 381
1 17 10
283 421 310 237 180 70 294 432 250 322
1 2 25
360 488 416 185 256 438 108 397 192 32 95 190 479 441 293 391 420 46 130 309 481 392 89 60 371
1 6 14
242 467 414 5 233 99 293 108 367 465 64 169 359 486
1 10 6
382 479 183 20 0 486
1 16 6
136 26 179 225 259 391
1 2 15
36 167 278 115 368 484 306 132 314 1 182 270 407 487 98
1 1 6
6 395 308 205 195 107
1 1 23
341 314 161 313 19 301 373 402 47 454 278 283 295 159 342 124 176 438 390 166 480 182 240
1 14 22
461 24 449 290 487 356 385 489 155 143 58 409 35 190 396 483 470 242 293 333 329 93
1 12 4
335 280 278 393
1 4 7
243 474 163 470 375 425 299
1 2 18
450 325 344 174 386 160 216 318 68 408 335 30 137 0 61 24 217 28
1 2 5
321 384 72 297 318
1 16 4
396 420 492 254
1 6 14
424 385 440 493 444 137 353 48 216 242 243 249 91 37
1 1 23
22 386 103 64 285 138 336 474 290 176 302 39 272 136 168 366 265 381 8 204 373 311 63
1 19 7
333 291 297 272 68 124 418
1 12 25
245 356 464 387 219 34 364 497 368 476 228 265 310 428 499 123 25 283 287 21 78 73 284 74 317
1 8 20
320 317 447 233 493 169 418 183 196 494 384 212 461 294 453 460 253 170 130 29
1 2 4
16 281 51 141
1 10 19
439 9 184 339 4 159 497 269 257 58 296 145 135 0 116 409 170 422 153
1 4 21
162 354 498 183 384 69 192 100 288 179 220 280 248 473 96 353 189 152 64 33 496
1 13 23
0 15 175 241 342 164 444 94 279 217 383 252 263 481 288 329 149 424 354 133 14 401 12
1 20 10
487 294 364 343 482 207 314 174 13 440
1 13 20
25 301 144 282 499 113 93 302 168 310 180 47 293 85 388 169 115 178 409 190
1 14 17
397 209 26 372 246 450 497 260 365 352 380 66 262 28 284 276 240
1 7 12
424 358 52 176 139 66 152 119 425 293 109 159
1 1 15
203 91 83 357 128 252 93 162 388 282 275 336 206 441 212
1 8 7
73 133 184 259 74 238 382
1 19 8
244 13 38 398 88 185 62 311
1 13 7
76 100 236 221 85 97 112
1 15 7
148 250 291 342 352 146 94
1 13 3
98 47 51
1 7 6
41 310 323 53 120 494
1 12 11
456 243 152 291 212 293 267 205 227 118 38
1 17 19
2 42 335 372 315 370 354 454 286 448 9 73 496 382 331 235 468 292 144
1 11 7
6 436 497 474 200 281 407
1 5 22
461 372 363 430 441 448 195 301 313 317 327 13 349 208 328 451 342 341 425 331 83 98
1 8 24
54 214 321 93 198 360 136 266 429 218 269 332 444 481 288 261 374 12 491 237 337 103 56 387
1 18 2
195 377
1 11 4
64 353 294 56
1 9 21
425 489 258 439 322 40 250 57 349 249 479 76 245 289 53 379 440 211 415 364 7
1 12 15
367 444 405 489 372 143 295 71 253 322 412 194 246 459 174
1 15 22
20 179 390 222 465 459 120 289 180 464 123 142 328 147 381 190 339 436 434 326 438 377
1 19 6
310 438 364 464 414 272
1 6 10
177 307 321 266 360 434 195 65 403 12
1 8 22
136 114 318 169 21 284 234 453 418 411 451 47 15 373 150 400 65 447 0 427 175 416
1 6 8
228 333 414 152 308 153 467 197
1 12 19
21 105 19 355 93 181 128 419 36 111 170 154 15 17 200 119 96 455 319
1 7 12
201 221 261 40 381 237 131 31 319 398 48 215
1 1 19
85 99 248 395 11 41 340 490 160 400 63 250 493 118 392 350 301 482 243
1 10 11
353 400 201 472 17 96 421 452 47 121 123
1 20 10
18 380 136 249 303 60 95 242 157 282
1 18 9
56 326 168 78 359 495 83 400 347
1 5 18
393 401 119 324 108 140 166 105 52 274 336 402 433 6 160 456 258 454
1 4 16
399 472 332 182 281 131 337 44 395 434 346 313 242 186 344 13
1 13 16
63 369 17 51 361 178 162 439 247 451 430 205 337 363 444 105
1 19 25
117 281 340 263 170 277 52 165 218 436 226 128 2 87 276 496 337 79 241 434 398 350 11 39 338
1 8 7
366 404 399 382 204 322 169
1 20 13
275 346 10 19 217 330 494 167 358 43 397 31 189
1 15 22
102 259 368 104 299 271 481 411 407 46 482 354 449 371 92 153 480 228 459 443 488 361
1 11 21
37 431 320 34 337 21 311 374 239 65 134 425 289 246 402 328 476 343 3 404 35
1 6 25
82 195 147 492 124 390 128 170 463 200 50 112 411 13 252 360 215 44 343 303 316 228 339 255 281
1 5 15
226 285 450 148 219 313 476 345 222 300 199 250 270 448 25
1 3 3
292 221 103
1 11 15
185 148 157 63 396 314 239 180 133 196 381 364 90 237 174
1 11 25
45 281 248 178 263 194 306 108 298 250 469 35 90 126 230 187 260 208 62 428 74 236 332 224 69
1 2 17
18 117 11 305 283 277 358 161 244 67 341 419 477 413 360 319 265
1 17 10
33 339 1 95 366 92 451 140 480 429
1 1 23
171 350 87 163 394 24 93 211 213 272 421 148 398 110 40 47 105 225 373 486 82 293 242
1 19 10
175 165 265 213 270 275 200 295 196 235
1 9 3
481 8 382
1 10 4
157 488 127 319
1 18 13
435 179 219 284 236 168 0 205 295 47 187 162 325
1 5 20
351 138 340 427 378 330 177 225 56 6 346 211 331 394 493 364 407 272 401 30
1 9 6
91 443 210 120 37 350
1 18 25
391 372 464 375 83 64 439 484 88 457 30 222 453 51 271 193 270 15 4 355 124 145 357 279 316
1 10 22
344 472 2 18 157 60 303 229 34 255 341 211 189 291 381 216 122 105 420 19 200 380
1 14 13
255 474 277 241 92 319 102 82 121 253 280 213 89
1 13 4
202 460 108 154
1 12 23
154 343 238 124 403 123 297 45 473 193 352 49 12 337 217 289 287 54 175 300 319 374 218
1 2 12
468 7 121 437 10 459 371 406 218 62 441 405
1 15 19
457 103 288 257 489 18 318 333 277 427 7 155 95 186 381 196 82 10 272
1 16 10
366 378 479 453 247 204 238 489 304 415
1 11 14
427 196 10 426 421 179 343 425 230 37 136 177 155 279
1 3 5
145 392 195 277 159
1 5 9
365 498 278 195 95 0 357 277 198
1 20 9
333 285 298 37 172 253 290 362 401
1 20 7
361 241 295 459 118 337 156
1 8 10
23 438 395 348 345 49 489 148 400 102
1 5 23
136 266 271 127 366 282 446 351 380 409 404 6 369 227 465 255 339 142 236 69 306 267 78
1 19 10
360 313 278 444 453 342 382 222 376 384
1 13 17
328 269 204 105 145 487 91 87 422 285 144 154 456 344 335 497 32
1 2 12
358 135 142 184 163 173 45 277 121 344 122 250
1 16 21
104 370 213 183 69 170 472 366 17 48 315 137 305 469 326 288 473 440 109 169 281
1 16 9
275 453 203 161 344 347 438 261 463
1 9 23
48 226 396 488 432 270 190 228 387 26 87 321 265 192 323 221 176 109 183 199 247 386 471
1 13 10
400 67 451 42 227 11 381 434 38 350
1 2 5
189 335 338 27 313
1 2 19
299 369 186 192 465 214 460 319 343 279 106 428 338 413 140 294 203 452 93
1 12 5
49 44 442 291 296
1 12 17
221 352 102 88 123 306 194 372 35 490 94 62 29 285 378 417 239
1 13 9
271 5 80 1 277 414 336 223 195
1 17 15
141 68 389 287 160 178 477 89 71 256 493 490 309 328 329
1 15 21
268 154 330 46 48 350 44 424 185 110 138 453 241 302 374 489 465 314 100 210 96
1 11 17
352 10 103 387 470 253 116 138 165 338 158 318 51 460 423 330 454
1 16 4
162 499 393 200
1 3 8
141 478 280 2 315 4 242 345
1 1 24
185 232 285 24 370 364 203 299 330 460 48 187 93 485 184 324 454 244 479 380 296 307 29 428
1 1 25
279 376 51 325 309 146 3 353 129 132 123 19 301 68 306 264 225 404 381 93 8 268 342 313 493
1 1 18
236 329 50 202 269 401 226 195 419 371 444 1 252 63 105 361 184 275
1 1 17
449 33 204 127 59 194 80 48 102 439 63 198 478 444 387 452 159
1 1 16
18 284 90 15 410 107 375 111 408 461 118 76 492 184 181 377
1 6 8
413 169 19 409 48 212 441 20
1 1 19
349 124 347 105 274 446 81 129 67 92 234 171 26 482 229 248 132 48 12
1 19 11
117 190 169 29 243 120 461 484 269 41 163
1 18 22
77 162 483 274 388 195 88 404 142 349 406 140 242 23 317 190 37 235 208 248 354 413
1 5 10
292 90 472 213 255 55 441 144 261 422
1 7 8
115 284 412 128 424 320 199 485
1 11 5
144 208 378 47 350
1 14 20
238 175 203 319 79 374 497 260 37 412 241 33 413 303 232 92 181 329 195 159
1 2 4
45 370 213 83
1 11 6
305 295 363 399 469 67
1 4 22
304 75 33 442 213 40 64 494 451 187 333 428 340 404 178 228 290 21 374 130 62 345
1 2 5
232 349 398 245 155
1 10 3
196 459 186
1 6 14
6 350 405 198 202 86 161 290 437 47 244 87 353 358
1 5 12
87 105 23 342 290 375 418 393 416 452 277 225
1 2 13
166 275 127 260 473 400 343 26 408 206 163 395 328
1 18 16
375 496 278 197 400 72 194 106 268 358 50 144 249 164 177 320
1 4 25
0 320 395 47 335 114 364 398 81 6 445 107 27 131 470 236 64 287 129 108 385 462 440 363 153
1 4 10
413 327 236 242 37 228 59 323 422 454
1 14 9
236 122 198 415 99 138 100 222 197
1 2 25
444 75 86 420 439 84 90 91 394 108 221 18 239 100 96 216 440 282 344 360 45 31 1 73 121
1 7 10
472 217 330 14 142 214 62 101 125 297
1 18 17
220 101 489 57 275 79 290 211 50 479 23 165 314 31 68 146 234
1 14 2
214 411
1 9 22
364 445 147 387 230 487 336 287 51 10 252 432 64 123 388 277 178 13 58 429 206 108
1 8 9
235 441 374 97 256 88 285 363 304
1 2 15
449 71 481 241 156 434 428 458 120 418 114 264 236 165 26
1 5 5
6 332 158 239 366
1 18 16
20 435 358 437 292 102 442 215 288 143 471 109 21 483 258 145
1 3 2
141 350
1 5 20
294 163 4 247 138 312 34 420 306 236 471 264 499 221 381 142 237 121 282 131
1 16 19
91 321 96 466 417 373 57 187 358 270 420 305 362 328 159 267 237 418 406
1 16 24
97 121 442 271 367 347 410 424 0 353 78 77 322 416 345 348 115 391 302 299 32 368 321 282
1 10 21
18 145 453 451 315 413 183 62 332 37 219 382 497 74 229 11 346 24 60 237 466
1 3 25
350 355 40 454 228 184 421 342 482 251 357 467 484 332 81 419 352 132 151 6 105 455 138 445 477
1 1 2
98 58
1 11 14
386 180 395 168 494 4 190 379 274 166 139 292 65 117
1 6 5
417 260 233 268 346
1 5 6
438 130 258 344 85 1
1 6 2
391 255
1 3 22
354 420 429 179 253 306 337 186 376 486 262 307 265 464 326 269 65 29 61 299 466 430
1 1 14
290 445 176 4 308 117 330 171 13 438 455 151 51 259
1 17 5
317 46 179 140 169
1 12 10
290 411 40 278 208 68 237 284 408 293
1 17 5
85 60 140 477 122
1 1 6
0 138 76 282 108 55
1 16 23
459 134 440 373 81 154 26 262 310 384 284 198 67 259 69 392 206 120 130 179 267 156 370
1 7 11
373 220 376 460 72 30 446 40 328 164 454
1 12 5
399 389 29 129 354
1 20 4
213 62 52 399
1 17 18
95 243 301 456 390 27 128 240 490 378 366 464 96 322 5 445 125 238
1 15 5
306 344 292 484 256
1 10 20
101 285 9 336 181 454 422 328 57 275 141 429 233 372 394 14 164 12 199 238
1 18 9
386 342 237 94 369 176 40 266 74
1 9 14
339 486 261 210 69 303 127 128 492 422 421 6 392 335
1 10 16
139 460 453 128 85 477 48 242 332 341 298 466 2 37 142 461
1 10 23
301 191 299 452 448 296 204 202 160 430 257 163 176 127 148 10 5 356 298 403 412 370 158
1 12 5
392 316 67 453 95
1 18 20
290 405 249 43 429 309 234 100 299 330 191 124 103 212 181 373 183 123 152 69
1 11 10
292 53 198 57 44 76 209 477 84 352
1 11 2
60 159
1 19 4
282 189 404 407
1 15 24
426 231 157 112 131 116 249 26 148 360 28 423 74 440 185 489 130 280 247 313 282 200 429 37
1 7 19
223 270 440 390 81 367 398 2 386 203 101 448 165 347 22 263 168 238 197
1 18 12
52 381 240 337 90 384 75 423 264 39 205 360
1 3 15
354 74 399 269 419 486 154 348 474 300 275 129 137 10 413
1 15 9
43 413 353 338 24 84 90 240 66
1 14 12
184 383 374 138 289 29 488 186 427 242 426 400
1 16 7
0 268 331 226 453 438 123
1 10 2
85 380
1 2 6
334 39 86 41 454 322
1 8 2
118 144
1 1 11
174 397 280 494 241 392 426 126 354 136 459
1 4 17
120 103 180 184 170 229 418 397 73 153 10 327 7 174 147 296 409
1 17 9
236 475 351 344 394 98 90 124 21
1 7 22
240 146 159 74 329 13 490 137 314 278 156 241 433 316 347 435 483 371 236 263 372 328
1 8 19
310 305 460 428 491 274 364 217 272 345 437 258 2 496 324 452 479 304 15
1 14 14
53 469 153 258 183 246 318 388 87 427 243 355 122 42
1 20 9
247 261 467 292 482 323 263 400 397
1 5 23
444 275 330 457 227 105 101 165 401 119 271 104 328 287 467 352 76 296 82 240 145 191 450
1 20 25
90 442 204 375 308 8 361 342 191 154 435 158 44 475 155 369 104 255 26 259 387 99 449 493 431
1 17 10
111 402 322 371 209 240 410 326 386 285
1 20 6
394 310 116 195 203 210
1 11 23
145 68 117 435 492 178 59 102 354 264 63 440 115 205 248 357 414 56 341 368 353 499 131
1 5 22
198 445 258 498 183 352 361 19 296 115 462 206 367 235 131 359 23 281 95 496 232 406
1 3 3
266 398 318
1 8 2
177 242
1 11 9
28 73 153 481 319 103 203 422 382
1 11 2
234 35
1 14 5
359 196 321 381 306
1 9 15
185 204 99 416 339 472 479 410 6 69 9 311 169 348 253
1 12 13
231 101 82 355 186 479 400 311 64 364 30 329 274
1 3 6
443 494 0 179 476 56
1 7 20
130 246 250 236 25 175 149 159 285 98 19 142 430 497 73 474 107 76 231 393
1 14 17
383 77 236 210 248 391 190 257 258 279 178 380 175 152 462 239 111
1 5 16
134 198 349 211 476 135 117 347 155 102 403 293 4 250 359 136
1 7 23
350 362 73 169 143 142 379 485 435 299 263 443 431 363 266 422 367 264 391 368 460 98 52
1 13 16
258 257 107 179 323 82 48 309 95 456 421 221 172 170 115 496
1 13 12
186 318 17 82 296 491 31 18 270 134 260 449
1 4 3
268 413 318
1 16 12
110 384 400 35 382 431 441 8 99 160 394 445
1 8 12
288 387 159 463 373 46 235 88 202 107 304 389
1 10 18
233 326 423 445 148 144 100 9 448 372 13 50 385 103 450 322 28 99
1 20 8
166 33 399 279 54 206 251 391
1 10 19
327 297 153 292 275 105 375 175 452 401 310 322 100 350 439 416 253 224 53
1 3 10
436 245 234 390 373 464 71 437 30 172
1 8 11
487 457 488 471 90 330 215 496 358 396 433
1 16 3
250 203 130
1 16 12
427 239 304 6 2 283 170 232 397 183 234 119
1 14 19
182 258 331 89 13 150 19 386 138 79 205 62 178 254 17 154 40 423 342
1 3 24
14 407 132 267 334 172 266 70 395 15 223 62 409 93 441 413 344 195 154 97 403 44 103 217
1 11 6
341 173 362 12 303 244
1 11 14
139 348 48 145 461 354 464 152 410 199 462 324 302 347
1 10 15
66 351 23 295 444 28 266 187 376 402 71 37 179 230 499
1 2 25
467 153 469 164 422 157 447 426 181 258 226 36 234 62 103 4 468 358 481 244 317 160 190 220 459
1 9 21
147 468 132 28 117 465 280 250 486 291 496 54 390 320 345 438 356 358 480 460 437
1 6 17
279 59 460 498 437 336 249 121 11 231 22 94 290 318 412 300 35
1 4 17
270 54 350 470 488 145 352 13 432 232 191 434 207 65 333 383 446
1 18 3
404 37 443
1 20 13
48 320 113 90 97 167 348 141 151 138 464 264 199
1 4 17
111 206 308 74 40 299 470 16 442 193 182 236 41 292 197 80 42
1 13 21
424 347 420 403 492 19 490 337 222 372 414 430 3 20 252 465 45 177 11 418 350
1 6 3
384 7 120
1 8 15
339 423 262 324 450 273 92 163 184 264 298 54 1 473 70
1 20 17
247 35 220 441 267 366 475 351 157 344 402 260 94 217 44 0 288
1 18 21
62 39 471 418 352 110 299 2 351 190 175 497 367 171 368 78 46 499 233 496 279
1 13 24
321 208 303 454 386 29 295 160 368 254 419 482 456 489 363 426 461 47 451 74 206 38 179 69
1 1 20
279 416 252 161 475 185 386 309 331 106 455 335 319 53 462 216 40 100 183 296
1 3 22
72 52 121 114 229 210 412 152 355 437 67 457 353 330 75 79 280 285 23 289 212 262
1 4 15
173 363 225 15 174 191 493 308 325 377 182 301 447 14 359
1 12 15
343 249 395 391 188 5 477 352 77 389 52 215 387 406 25
1 3 17
472 368 311 228 238 27 254 322 425 309 359 331 171 240 343 379 26
1 14 13
318 474 87 289 422 432 272 96 158 447 44 104 216
1 15 9
92 247 87 274 249 195 435 484 350
1 18 25
369 311 75 15 303 160 129 339 324 208 153 46 450 358 99 409 427 476 14 385 25 349 451 141 440
1 12 16
66 451 372 489 237 79 337 288 274 447 151 105 350 314 379 142
1 15 20
250 379 209 335 408 267 277 291 339 308 85 93 407 312 111 132 101 365 402 288
1 5 20
342 482 71 53 154 207 462 492 25 486 117 167 145 296 300 336 70 404 119 214
1 3 12
166 384 98 362 56 21 454 325 369 95 396 324
1 4 2
161 43
1 18 2
414 141
1 9 19
415 445 183 262 452 398 401 52 330 307 321 21 215 232 176 82 270 94 256
1 11 21
242 211 71 461 145 58 35 275 482 220 53 14 475 116 133 240 217 415 450 45 235
1 20 23
248 456 406 475 386 148 470 57 353 17 362 244 47 11 355 459 165 242 325 151 62 68 196
1 19 17
289 234 134 146 258 58 338 366 478 296 92 12 343 409 154 157 99
1 10 3
276 182 335
1 11 10
63 177 109 375 385 185 245 48 358 389
1 5 10
213 482 234 46 145 316 107 75 496 177
1 8 21
125 298 248 329 328 384 188 206 261 178 332 379 135 249 374 313 316 394 278 63 317
1 9 14
185 143 66 371 479 197 321 260 85 47 54 233 283 311
1 7 7
441 211 290 254 70 433 495
1 11 22
435 369 307 107 77 288 295 289 30 127 356 496 118 200 228 170 201 105 87 460 329 484
1 5 11
487 476 341 122 346 416 289 332 462 94 105
1 2 24
426 67 392 89 139 197 346 140 11 297 137 157 107 40 343 320 347 378 381 422 123 54 194 309
1 13 10
19 216 379 448 262 491 439 185 229 301
1 2 5
367 461 242 267 338
1 18 7
254 392 21 354 237 459 343
1 10 3
211 340 186
1 10 19
51 40 144 348 185 187 224 0 374 33 498 292 367 164 323 419 220 45 47
1 6 20
6 297 395 194 499 13 91 98 457 471 462 8 331 0 60 319 306 443 185 409
1 5 17
284 445 492 287 453 115 463 93 331 41 214 109 400 123 256 173 212
1 5 5
136 484 106 122 22
1 5 4
438 272 257 392
1 7 21
16 373 467 90 307 111 475 147 282 363 276 63 287 337 366 237 198 168 44 335 210
1 2 7
374 148 272 400 274 367 465
1 8 24
102 317 145 200 271 199 438 273 450 351 20 296 428 446 432 23 277 407 434 138 194 406 217 232
1 11 24
309 376 159 134 127 54 475 150 85 250 230 356 27 495 269 258 192 147 191 123 24 332 238 0
1 4 20
498 147 78 371 179 466 132 297 80 485 424 166 119 74 275 373 12 325 260 245
1 15 4
145 385 338 196
1 14 8
304 81 225 207 472 464 179 354
1 15 3
112 224 75
1 2 16
307 462 403 214 400 45 410 378 44 80 266 248 376 36 272 240
1 11 8
315 337 467 292 417 120 118 339
1 8 2
166 296
1 11 20
1 227 122 96 46 51 136 35 241 386 176 132 406 481 137 339 469 496 442 264
1 20 13
426 138 226 410 2 271 214 467 148 81 345 224 332
1 1 22
36 86 410 479 420 160 71 304 47 38 41 431 2 421 435 382 473 237 122 462 18 417
1 13 14
388 215 159 302 383 11 196 444 386 369 222 37 329 225
1 20 13
318 81 293 158 219 72 90 484 334 31 295 61 464
1 10 21
400 199 161 360 55 242 182 135 234 428 162 388 377 468 297 207 142 252 245 108 196
1 10 14
71 309 217 0 473 456 351 426 255 166 464 120 145 395
1 15 25
109 448 255 386 59 311 347 11 127 394 333 281 350 436 20 62 167 114 79 99 37 484 395 115 199
1 9 20
477 79 303 337 169 332 215 340 438 424 263 464 311 55 294 481 461 98 404 482
1 2 9
163 377 114 322 71 298 272 106 375
1 9 24
258 342 231 195 313 27 419 339 152 129 18 63 38 427 458 31 322 401 483 85 118 117 334 44
1 15 13
111 179 391 221 174 100 402 1 451 360 141 486 313
1 14 22
305 164 270 278 171 288 36 432 125 76 394 411 293 215 103 273 497 281 3 425 259 226
1 16 12
487 97 18 263 138 290 250 341 222 46 147 121
1 1 22
335 118 43 186 382 296 237 189 22 240 131 119 47 395 407 275 389 42 332 94 207 157
1 11 23
130 277 203 308 73 163 317 242 19 225 288 306 448 263 326 404 284 362 232 194 465 248 365
1 3 14
241 290 2 139 177 157 424 435 91 337 487 207 194 97
1 2 23
452 378 59 126 456 260 164 480 209 111 48 120 280 479 337 365 469 170 333 168 42 187 204
1 20 17
134 221 422 361 381 305 390 426 316 329 484 141 68 214 458 405 253
1 20 7
268 288 472 311 95 41 117
1 19 21
152 187 315 76 496 74 495 289 252 308 427 123 286 217 248 419 205 414 461 82 112
1 14 5
419 240 48 332 430
1 4 19
77 80 301 171 236 367 18 136 182 256 82 173 110 164 285 371 95 29 356
1 3 4
418 14 291 51
1 13 19
469 401 236 125 32 65 14 284 204 92 400 349 4 72 280 350 147 323 288
1 5 10
9 119 55 393 354 177 27 315 139 475
1 2 7
256 259 46 73 124 313 190
1 5 24
86 366 299 272 343 492 405 206 479 46 285 450 184 362 499 4 144 39 13 482 253 261 249 459
1 14 18
415 219 172 21 351 369 249 208 180 284 216 241 430 243 309 221 234 240
1 3 24
128 415 209 385 290 470 399 406 354 192 392 405 443 87 60 438 366 376 322 250 27 183 123 287
1 14 9
486 447 492 86 140 464 87 324 17
1 11 9
230 433 363 319 372 327 270 163 201
1 10 11
271 454 407 396 45 318 196 281 57 467 486
1 13 2
91 399
1 16 16
251 422 378 209 150 261 114 186 396 318 133 80 343 28 2 329
1 3 7
490 371 496 199 269 134 414
1 1 7
356 317 325 284 399 96 441
1 15 5
75 344 129 339 136
1 10 21
383 178 352 263 99 67 187 148 432 103 330 2 198 434 23 56 307 294 232 496 197
1 16 15
7 28 240 488 138 317 442 303 259 229 94 339 81 353 490
1 4 20
61 59 455 348 291 105 283 482 448 298 246 276 73 187 39 435 374 196 84 323
1 17 16
302 255 40 465 184 258 99 63 151 371 27 463 299 186 128 458
1 15 14
223 138 148 343 21 41 50 286 347 75 341 56 410 53
1 2 7
366 307 210 8 302 188 380
1 17 19
484 379 296 175 494 48 273 386 480 167 73 194 325 346 70 7 349 2 351
1 9 23
180 2 388 250 289 224 21 273 440 181 77 318 249 329 349 343 403 74 103 50 492 128 246
1 7 19
314 306 66 338 11 215 231 307 268 191 236 330 450 123 197 438 417 309 24
1 17 3
407 218 82
1 4 10
489 85 417 355 404 495 226 111 285 196
1 5 17
82 290 280 213 7 295 8 260 126 143 51 373 467 291 498 428 131
1 2 10
246 23 257 310 329 12 495 315 182 479
1 14 18
213 268 173 463 335 33 233 493 237 260 321 425 410 187 80 303 354 278
1 4 25
459 444 5 187 45 216 275 382 77 46 301 43 391 385 369 340 52 426 205 207 247 10 55 64 472
1 16 18
441 242 213 268 99 341 39 98 382 156 450 256 358 206 207 303 464 67
1 16 24
210 58 29 296 260 198 440 261 285 350 465 458 329 52 459 128 283 241 115 169 274 121 196 301
1 4 15
69 473 219 246 250 150 85 79 175 153 99 180 126 5 420
1 3 24
389 352 105 168 432 411 2 294 164 419 385 138 83 222 58 499 286 166 256 131 408 293 290 356
1 15 8
216 67 482 91 387 404 44 292
1 5 5
427 224 173 297 32
1 6 7
27 298 217 50 487 380 301
1 20 25
303 207 410 362 446 479 150 109 249 287 495 358 239 32 137 350 268 46 148 481 197 146 232 123 196
1 13 22
203 261 123 171 262 201 416 395 212 372 348 106 219 22 115 127 130 118 470 365 135 341
1 10 19
496 276 47 456 288 198 341 138 136 347 411 172 398 36 235 252 343 100 378
1 13 20
305 85 396 384 224 252 242 379 235 71 462 90 256 284 88 173 237 247 444 451
1 15 21
37 160 145 83 14 59 92 150 318 316 463 273 122 284 36 390 209 95 252 155 410
1 4 7
447 120 21 18 44 264 126
1 4 20
322 159 11 307 234 151 184 79 459 488 172 375 176 357 106 244 436 296 419 73
1 11 5
397 405 448 58 363
1 2 21
347 449 353 71 131 193 342 88 480 272 107 69 210 164 428 408 119 431 329 244 114
1 15 19
407 223 493 446 468 211 373 19 479 422 9 164 356 358 220 386 204 106 110
1 11 22
475 139 212 490 245 29 37 266 455 2 9 77 429 105 143 464 19 489 347 165 470 166
1 15 18
6 252 179 73 185 16 278 13 1 207 473 113 159 281 57 307 277 264
1 18 11
349 498 176 374 276 360 420 87 280 221 304
1 11 2
43 498
1 11 7
341 494 91 219 168 267 453
1 13 21
431 430 356 413 391 273 323 336 65 308 345 239 367 464 298 309 115 159 106 200 351
1 4 8
471 148 246 85 313 307 256 410
1 14 21
107 430 149 336 275 451 319 417 199 352 119 93 89 68 413 0 460 450 147 304 420
1 7 16
370 114 276 24 329 155 280 45 409 377 244 373 418 356 202 270
1 18 5
260 376 136 220 451
1 19 2
270 419
1 2 24
143 354 103 400 273 123 49 72 230 171 54 403 394 490 132 8 487 242 149 362 6 287 430 381
1 16 24
465 386 108 106 412 280 125 257 253 326 4 266 383 345 348 60 221 54 23 0 209 318 22 164
1 9 11
217 90 282 315 270 337 24 433 194 240 283
1 9 21
403 15 46 374 319 171 376 72 22 427 498 479 136 208 334 247 229 19 33 320 372
1 15 18
102 414 26 177 407 454 264 299 229 301 105 184 318 455 372 362 165 415
1 12 17
244 271 44 497 204 99 336 169 152 178 450 326 221 209 106 277 373
1 3 23
132 388 463 445 426 92 119 379 222 31 443 292 82 474 401 276 212 432 187 58 493 394 331
1 18 23
314 248 195 323 359 120 136 270 59 310 255 293 125 353 236 425 336 175 106 396 265 443 197
1 12 18
16 465 324 347 388 36 164 212 64 498 259 471 312 299 368 158 390 313
1 12 2
177 275
1 2 5
19 462 215 417 418
1 3 3
31 366 65
1 3 11
5 338 370 359 152 405 254 388 21 143 96
1 10 11
32 229 409 458 483 422 80 377 104 487 282
1 4 14
428 35 114 242 366 494 457 447 272 265 371 80 365 410
1 5 7
337 44 19 34 386 492 476
1 14 17
171 429 208 123 398 283 367 13 80 183 145 88 483 440 248 337 161
1 12 7
414 390 300 184 121 115 469
1 9 5
450 190 69 29 476
1 20 3
130 451 328
1 7 4
374 341 305 296
1 19 3
122 389 187
1 5 3
60 348 416
1 11 2
10 172
1 9 13
73 186 146 130 417 290 224 58 402 28 192 346 6
1 18 20
198 165 108 297 389 225 349 86 384 382 450 302 303 77 340 79 180 111 493 305
1 13 14
77 388 171 417 231 12 374 189 328 437 166 337 295 147
1 3 23
164 225 220 86 331 29 113 150 321 252 496 452 196 204 268 105 240 482 177 166 162 52 423
1 3 7
400 343 354 308 114 243 171
1 11 4
341 266 199 71
1 14 11
142 48 258 377 427 467 284 51 319 173 85
1 13 3
151 425 167
1 16 17
56 149 104 200 335 97 209 233 343 153 264 385 29 116 178 160 432
1 13 4
304 212 211 151
1 6 25
370 486 421 316 265 87 122 443 100 195 177 363 395 448 209 423 101 67 236 494 148 312 159 272 445
1 7 19
171 442 36 257 346 495 322 366 318 43 37 60 407 122 401 64 100 463 212
1 2 21
289 246 158 260 408 29 9 454 455 321 255 121 412 362 218 363 384 235 100 72 192
1 7 2
137 27
1 8 22
163 314 122 95 107 410 434 174 393 338 297 481 185 12 461 367 65 387 316 197 285 371
1 8 11
302 381 246 264 76 487 385 432 113 81 338
1 14 18
193 104 465 175 80 318 373 79 245 366 128 325 485 68 77 423 24 415
1 16 15
350 411 104 188 262 102 2 314 273 427 485 332 458 148 134
1 20 20
418 238 99 141 25 10 445 474 41 123 348 291 58 332 371 75 406 466 414 55
1 2 23
108 341 444 290 242 30 170 452 251 318 85 152 312 274 426 401 490 113 463 246 160 408 356
1 19 10
403 293 133 487 108 206 327 105 259 320
1 20 14
35 8 455 385 200 374 430 453 304 489 67 496 258 63
1 17 15
268 205 29 495 155 134 429 36 459 264 435 181 210 485 40
1 6 25
476 147 138 206 402 81 237 225 119 187 134 371 431 88 414 60 40 267 475 368 264 446 342 87 284
1 14 25
423 202 384 244 455 59 339 387 445 111 358 484 126 309 279 245 165 351 287 393 155 325 288 451 398
1 5 6
426 85 210 474 355 65
1 15 9
244 80 274 9 435 43 23 415 84
1 6 6
67 215 358 24 171 53
1 1 15
472 420 483 270 32 476 460 144 390 344 11 14 162 325 280
1 13 15
342 401 245 337 23 430 80 459 249 471 306 305 429 424 200
1 14 9
181 434 240 90 28 109 479 184 457
1 14 24
57 221 463 236 289 344 423 496 372 170 499 76 428 393 375 220 266 291 213 87 127 214 72 407
1 15 16
259 148 479 119 159 404 499 83 451 253 492 284 12 405 220 322
1 2 8
283 99 287 159 68 454 97 316
1 15 22
473 20 198 59 408 445 40 71 123 427 414 362 267 384 215 178 329 411 315 377 201 344
1 12 23
28 345 446 160 362 38 298 353 112 134 448 115 450 269 464 37 123 159 215 231 335 142 226
1 1 19
156 222 453 435 87 171 145 57 414 202 121 9 489 259 144 266 418 302 139
1 20 11
398 435 316 3 121 49 238 27 360 346 355
1 7 3
260 369 187
1 9 21
384 366 53 381 144 215 216 454 190 273 446 223 249 405 292 188 416 261 418 360 57
1 17 21
435 78 160 414 350 185 168 303 310 495 457 328 234 206 174 47 111 90 445 349 12
1 16 6
368 227 358 402 187 394
1 10 13
114 243 235 146 248 21 166 328 409 96 250 48 29
1 15 5
263 487 318 448 404
1 2 5
458 299 64 187 364
1 8 14
361 366 390 131 118 227 223 231 386 442 31 107 299 475
1 2 24
460 96 206 396 155 308 342 107 141 253 50 280 157 37 145 453 71 376 341 357 449 352 454 297
1 15 7
20 101 173 205 102 315 219
1 20 4
385 30 230 32
1 19 5
391 284 191 132 179
1 15 11
132 491 408 219 332 304 205 363 84 353 481
1 3 25
461 377 77 374 173 202 482 33 475 13 198 116 246 236 163 187 222 435 110 438 80 205 141 326 72
1 15 10
308 449 123 145 28 288 268 173 96 497
1 9 16
88 84 45 171 316 357 389 310 159 80 451 312 454 74 301 85
1 1 19
138 76 50 177 253 67 386 54 399 241 278 266 169 431 340 123 15 110 387
1 8 14
117 235 264 157 120 438 485 217 223 453 426 82 97 289
1 17 24
487 281 493 142 349 439 180 356 447 130 282 123 127 73 103 159 375 467 367 113 287 474 444 165
1 7 20
473 290 353 292 441 58 40 253 305 380 347 494 375 343 476 297 286 427 184 227
1 2 15
383 300 234 153 489 338 191 323 415 303 493 342 127 434 226
1 20 12
35 149 225 82 401 104 266 327 244 188 102 9
1 20 17
177 380 19 1 378 77 284 353 7 196 308 379 281 31 486 60 11
1 2 19
401 405 381 60 348 47 448 437 445 225 486 15 256 325 449 142 31 243 456
1 10 24
63 275 21 245 97 475 481 106 417 381 206 387 173 367 357 158 436 126 286 296 292 240 422 427
1 8 5
46 209 190 356 295
1 16 10
449 133 389 368 73 288 182 318 376 455
1 5 7
347 208 350 2 126 493 108
1 6 7
1 283 84 106 6 213 435
1 12 3
464 476 473
1 3 25
459 446 189 281 498 228 80 257 130 395 138 25 344 62 4 132 399 40 376 75 496 92 445 178 236
1 17 24
333 220 110 483 485 405 88 249 188 287 133 224 176 65 6 129 55 277 243 251 427 178 481 26
1 2 11
493 427 240 293 252 311 110 398 482 448 423
1 2 7
143 16 370 105 117 371 455
1 9 20
112 70 378 347 110 476 448 26 126 217 454 308 49 48 175 484 31 82 434 394
1 6 17
401 25 162 155 299 234 0 461 102 323 415 44 353 364 236 205 88
1 9 3
390 200 101
1 4 23
215 329 293 263 264 24 457 52 252 174 201 171 242 70 392 162 446 104 110 490 454 417 20
1 9 4
285 149 415 20
1 18 16
83 484 457 226 473 249 274 46 185 334 216 45 364 284 475 63
1 13 13
481 399 197 408 103 44 471 389 42 216 446 275 57
1 18 15
96 22 273 324 239 48 298 278 294 115 312 269 31 99 2
1 19 25
331 189 110 219 280 45 174 238 278 320 449 413 373 270 145 91 273 468 293 395 228 335 248 443 211
1 6 11
348 318 21 53 328 359 435 50 226 438 309
1 10 22
23 14 410 335 366 81 109 242 389 338 352 379 487 294 102 179 93 177 269 74 337 64
1 10 23
145 3 61 460 312 444 223 295 266 429 62 445 232 291 267 50 368 407 340 142 208 159 491
1 2 12
402 325 193 364 247 437 455 86 89 304 88 287
1 2 5
330 202 491 109 8
1 18 19
204 122 21 320 299 51 41 10 292 368 132 381 481 106 451 397 412 162 493
1 5 8
93 249 385 389 497 208 205 233
1 20 12
312 211 408 325 433 348 247 243 373 83 473 145
1 7 6
371 325 353 429 297 284
1 5 24
80 463 213 469 36 392 168 121 148 441 314 252 178 283 456 182 71 141 297 340 229 50 279 20
1 19 17
29 455 285 392 197 208 59 244 288 241 186 324 273 60 83 129 100
1 7 8
486 286 105 415 385 256 489 201
1 14 10
72 129 6 165 450 117 54 89 90 398
1 3 10
188 241 497 95 115 342 446 265 495 103
1 2 19
14 245 429 388 80 48 212 91 488 222 411 309 246 138 484 376 299 298 46
1 10 4
116 55 214 411
1 4 7
27 493 67 349 32 39 239
1 19 14
404 447 440 249 394 215 90 14 64 42 346 414 487 140
1 12 13
455 429 448 241 477 233 264 119 434 179 394 260 201
1 10 8
92 50 283 492 411 28 436 116
1 13 18
51 468 190 34 52 449 240 465 337 308 314 299 227 255 6 391 215 83
1 10 25
407 2 415 156 160 493 411 11 367 356 457 193 291 56 106 332 481 21 178 475 320 263 331 368 344
1 16 22
181 271 318 480 180 348 101 471 327 228 357 479 380 459 497 407 399 185 463 487 69 469
1 3 25
178 299 61 47 113 371 143 39 361 286 200 483 435 135 99 284 88 470 255 319 229 494 118 18 450
1 1 20
31 391 140 286 375 184 198 32 361 125 154 30 127 130 134 471 366 439 158 359
1 13 23
99 215 314 292 414 486 489 162 54 201 202 185 308 453 230 343 67 166 330 133 477 450 280
1 20 2
292 69
1 15 23
328 6 212 438 122 12 182 264 333 171 347 374 236 258 213 201 235 92 476 266 118 386 488
1 9 23
336 285 492 161 167 305 40 452 184 337 180 142 284 147 380 261 243 443 327 471 133 310 239
1 6 6
349 431 132 28 253 391
1 7 12
481 191 62 120 410 497 336 171 442 331 177 270
1 10 18
436 120 228 398 100 263 53 434 443 43 180 8 418 162 14 317 69 252
1 15 23
159 70 229 448 356 373 61 214 199 63 139 359 60 256 192 335 399 341 205 257 109 86 275
1 7 13
128 133 248 401 61 470 30 301 168 132 12 383 130
1 10 2
468 191
1 2 13
235 460 23 1 123 232 124 173 426 156 352 47 303
1 11 18
444 485 312 440 377 403 370 228 213 479 468 41 335 309 193 43 315 371
1 17 11
13 441 287 137 130 95 28 295 274 356 223
1 2 5
256 340 405 308 476
1 19 24
430 54 403 311 199 79 395 492 350 302 372 7 259 446 245 242 250 303 387 78 111 292 401 266
1 14 10
291 331 487 370 465 306 295 178 165 154
1 13 3
47 77 58
1 12 16
341 279 380 221 194 359 331 431 225 121 113 294 88 202 340 492
1 7 19
25 428 407 340 431 331 448 309 92 80 413 239 235 289 406 303 13 75 130
1 5 7
65 434 9 314 42 261 349
1 12 25
481 123 115 323 343 253 190 402 319 485 106 91 243 158 265 165 412 231 187 452 290 120 408 219 97
