500 2500 775
11 31 31 11 28 12 30 30 37 24 26 30 34 17 37 37 33 37 19 37 13 14 19 22 39 11 19 34 36 13 17 23 29 36 17 26 20 39 27 38 36 23 13 19 39 26 25 24 34 36 29 18 26 11 31 12 16 18 12 12 14 21 34 22 12 22 14 34 28 26 26 21 16 15 11 25 20 19 24 15 35 15 13 38 31 26 29 37 24 24 26 18 18 17 21 24 32 32 14 15 25 21 40 29 32 13 30 38 22 16 16 37 28 28 16 18 37 23 25 27 26 14 26 11 21 28 27 28 38 14 39 25 14 32 13 26 33 15 16 19 25 20 11 37 28 20 38 37 19 37 20 25 12 26 40 33 40 17 12 26 14 27 12 24 29 30 31 25 35 31 32 14 36 35 37 38 39 36 39 26 40 40 17 37 20 26 32 18 29 32 36 23 32 31 21 18 36 29 15 39 22 40 25 25 24 39 35 26 36 18 24 20 15 17 28 15 36 19 17 18 17 25 19 17 35 13 37 32 39 15 40 27 21 24 24 34 20 15 40 15 21 18 18 31 23 38 25 22 17 12 31 25 13 21 34 33 39 25 15 19 12 21 29 17 27 29 27 31 19 30 13 40 28 36 24 39 13 39 17 29 12 15 40 22 21 36 31 14 25 26 21 14 32 29 30 33 21 17 21 39 11 14 14 28 21 27 38 30 17 30 24 32 30 25 28 16 22 21 35 38 25 40 25 34 25 29 35 36 37 12 22 35 27 27 11 35 25 21 24 22 27 16 13 40 32 12 36 11 27 13 17 38 29 29 30 19 33 34 40 19 37 25 11 32 28 29 24 11 40 33 32 34 22 33 31 24 39 25 30 29 39 23 13 32 20 13 18 12 20 19 25 20 37 11 22 40 38 28 17 15 40 38 22 16 21 20 12 28 17 16 27 37 12 19 39 12 31 21 17 36 33 24 34 19 25 12 21 25 20 24 16 37 19 33 39 32 24 22 29 14 38 22 40 27 14 12 20 37 13 32 17 34 31 22 11 12 36 36 28 27 37 40 37 38 13 32 39 31 16 21 39 39 19 39 34 12 23 39 18 30 18 19 16 19 15 40 28 31 34 12 22 29 37 29 40 20 12 33 21 13
1 21 21 1 18 2 20 20 27 14 16 20 24 7 27 27 23 27 9 27 3 4 9 12 29 1 9 24 26 3 7 13 19 26 7 16 10 29 17 28 26 13 3 9 29 16 15 14 24 26 19 8 16 1 21 2 6 8 2 2 4 11 24 12 2 12 4 24 18 16 16 11 6 5 1 15 10 9 14 5 25 5 3 28 21 16 19 27 14 14 16 8 8 7 11 14 22 22 4 5 15 11 30 19 22 3 20 28 12 6 6 27 18 18 6 8 27 13 15 17 16 4 16 1 11 18 17 18 28 4 29 15 4 22 3 16 23 5 6 9 15 10 1 27 18 10 28 27 9 27 10 15 2 16 30 23 30 7 2 16 4 17 2 14 19 20 21 15 25 21 22 4 26 25 27 28 29 26 29 16 30 30 7 27 10 16 22 8 19 22 26 13 22 21 11 8 26 19 5 29 12 30 15 15 14 29 25 16 26 8 14 10 5 7 18 5 26 9 7 8 7 15 9 7 25 3 27 22 29 5 30 17 11 14 14 24 10 5 30 5 11 8 8 21 13 28 15 12 7 2 21 15 3 11 24 23 29 15 5 9 2 11 19 7 17 19 17 21 9 20 3 30 18 26 14 29 3 29 7 19 2 5 30 12 11 26 21 4 15 16 11 4 22 19 20 23 11 7 11 29 1 4 4 18 11 17 28 20 7 20 14 22 20 15 18 6 12 11 25 28 15 30 15 24 15 19 25 26 27 2 12 25 17 17 1 25 15 11 14 12 17 6 3 30 22 2 26 1 17 3 7 28 19 19 20 9 23 24 30 9 27 15 1 22 18 19 14 1 30 23 22 24 12 23 21 14 29 15 20 19 29 13 3 22 10 3 8 2 10 9 15 10 27 1 12 30 28 18 7 5 30 28 12 6 11 10 2 18 7 6 17 27 2 9 29 2 21 11 7 26 23 14 24 9 15 2 11 15 10 14 6 27 9 23 29 22 14 12 19 4 28 12 30 17 4 2 10 27 3 22 7 24 21 12 1 2 26 26 18 17 27 30 27 28 3 22 29 21 6 11 29 29 9 29 24 2 13 29 8 20 8 9 6 9 5 30 18 21 24 2 12 19 27 19 30 10 2 23 11 3
1 19 7
69 15 437 216 113 43 346
1 13 4
345 409 107 392
1 13 2
444 343
1 1 7
485 85 368 105 339 179 424
1 1 3
100 233 139
1 17 5
451 238 201 107 64
1 3 10
445 207 349 437 9 365 187 23 250 122
1 12 2
437 77
1 8 5
322 426 445 243 477
1 4 7
155 131 319 16 247 496 55
1 14 8
289 389 62 398 136 322 312 163
1 14 3
0 456 216
1 12 5
305 367 463 116 16
1 13 4
479 308 229 231
1 4 10
259 209 247 303 10 489 175 88 267 484
1 13 5
497 158 414 306 364
1 11 3
164 396 394
1 16 8
61 386 11 321 459 460 335 485
1 17 4
444 442 349 410
1 12 5
39 350 359 258 376
1 4 8
491 311 386 337 21 45 0 263
1 8 8
298 455 204 228 91 200 433 48
1 8 4
256 117 134 132
1 16 4
250 246 138 38
1 20 6
83 4 428 396 352 456
1 11 2
359 457
1 9 7
409 451 77 131 342 405 68
1 20 5
342 53 205 489 261
1 17 2
375 359
1 15 2
438 354
1 15 6
420 465 115 13 19 202
1 5 3
259 336 201
1 10 9
301 127 15 125 280 496 246 68 188
1 16 2
396 458
1 10 6
340 70 18 412 381 356
1 18 2
226 371
1 12 8
492 465 63 237 204 486 195 366
1 2 10
406 338 403 357 361 452 7 306 465 379
1 4 3
480 10 290
1 18 6
225 303 344 337 269 482
1 8 8
152 175 283 304 17 413 230 282
1 1 5
194 168 201 161 279
1 7 4
414 13 56 15
1 2 3
400 301 125
1 8 7
428 449 129 133 140 5 365
1 7 2
30 191
1 2 8
147 199 464 275 383 264 171 26
1 8 2
236 477
1 11 3
129 298 166
1 1 2
362 396
1 18 2
374 244
1 9 5
67 77 387 397 162
1 2 3
165 50 432
1 19 7
36 61 117 420 38 22 302
1 3 10
412 259 149 407 460 230 200 292 121 246
1 8 2
419 291
1 17 3
143 252 487
1 8 6
343 165 375 438 272 472
1 7 3
444 71 237
1 9 2
70 45
1 3 6
80 396 113 189 133 37
1 6 7
292 241 279 290 383 5 35
1 16 8
458 426 226 333 275 229 227 155
1 2 8
491 354 413 297 193 409 34 250
1 18 5
274 275 233 154 432
1 5 9
250 102 468 257 355 361 171 427 413
1 16 7
28 484 296 466 61 375 440
1 6 5
211 355 104 75 298
1 5 7
484 297 363 255 352 326 135
1 20 5
314 177 337 388 109
1 3 7
98 94 211 330 472 185 23
1 16 7
438 59 24 34 445 348 119
1 13 4
356 38 269 391
1 18 3
67 206 11
1 8 5
356 488 39 74 25
1 10 8
324 167 43 55 173 111 90 279
1 6 3
363 9 176
1 16 3
192 141 83
1 7 7
127 402 433 15 128 110 52
1 12 3
172 129 149
1 4 2
67 177
1 7 10
391 347 142 24 134 417 136 54 205 67
1 9 2
253 296
1 2 6
185 454 41 427 248 290
1 18 2
328 437
1 12 4
100 69 50 253
1 12 3
447 154 100
1 9 6
2 230 465 308 171 495
1 2 8
368 9 444 324 248 107 409 313
1 1 6
266 94 305 486 76 297
1 3 9
443 195 156 463 2 15 39 7 208
1 5 5
434 415 65 325 340
1 12 6
290 346 133 190 128 263
1 11 4
61 471 157 28
1 2 10
488 63 314 499 367 422 380 164 495 231
1 10 7
16 261 257 329 5 381 250
1 9 10
330 108 83 290 46 194 389 145 250 455
1 2 3
92 12 73
1 17 3
494 37 198
1 5 8
194 429 56 377 425 137 403 196
1 1 3
54 327 462
1 16 2
90 322
1 1 3
80 496 240
1 19 9
153 486 60 11 354 403 89 197 421
1 5 10
111 160 300 264 443 11 225 219 434 316
1 14 9
151 42 385 372 240 390 475 208 91
1 14 8
233 247 412 488 22 295 401 116
1 14 10
195 135 185 400 167 115 56 101 391 302
1 20 5
172 52 377 161 352
1 9 4
236 486 354 409
1 13 4
408 218 472 296
1 8 7
165 324 278 246 33 80 496
1 18 8
209 259 73 350 243 164 490 332
1 7 8
206 151 71 235 334 252 444 464
1 18 8
43 460 25 215 152 476 165 287
1 11 9
179 186 44 107 377 9 209 256 486
1 20 10
260 253 350 66 283 59 405 460 327 146
1 1 3
64 109 339
1 16 4
198 412 345 114
1 4 6
16 96 213 61 297 120
1 10 6
343 319 406 493 310 72
1 12 4
210 57 357 22
1 8 7
353 411 329 461 399 324 167
1 3 8
169 447 75 142 140 298 153 277
1 14 6
219 4 221 419 460 211
1 6 5
187 137 279 497 264
1 9 4
474 312 156 300
1 17 10
377 63 114 212 238 145 110 305 127 81
1 15 8
115 429 160 52 399 57 431 414
1 9 7
330 236 276 303 171 228 391
1 17 10
324 10 361 457 463 132 369 371 496 430
1 3 5
36 327 64 185 298
1 4 3
251 112 189
1 15 4
419 340 175 290
1 5 3
364 153 300
1 7 7
93 286 60 303 364 489 191
1 15 6
491 6 290 419 64 311
1 13 9
174 250 296 197 213 275 85 32 199
1 19 10
225 157 107 3 394 378 55 2 39 323
1 11 5
108 368 456 493 266
1 14 7
347 150 27 457 184 274 201
1 3 9
46 313 35 50 235 429 18 391 360
1 11 8
401 491 39 131 112 118 265 92
1 13 5
298 69 492 170 315
1 11 10
94 290 209 319 65 14 477 214 393 87
1 5 3
110 299 419
1 11 6
315 216 158 181 450 476
1 12 8
477 389 53 158 106 14 86 16
1 20 6
489 118 122 167 92 145
1 12 9
192 446 147 110 390 132 335 325 392
1 8 9
59 150 232 211 324 315 210 197 30
1 18 5
478 379 258 378 196
1 1 9
453 234 292 341 26 282 204 69 222
1 16 3
455 495 282
1 20 8
178 6 278 175 440 58 319 335
1 3 5
139 151 401 357 325
1 19 10
371 447 203 420 417 80 168 126 480 22
1 3 3
109 321 273
1 5 3
7 427 158
1 14 8
7 349 14 56 409 202 19 430
1 18 8
382 34 232 60 307 268 118 140
1 13 5
254 58 384 475 259
1 9 6
215 360 109 287 338 161
1 10 10
35 8 129 59 389 463 170 460 124 247
1 18 2
251 333
1 15 10
39 354 276 467 335 263 480 115 195 496
1 4 10
111 263 147 324 112 377 303 305 48 454
1 13 10
446 454 429 399 142 80 25 347 218 358
1 14 9
51 287 183 370 193 273 428 355 91
1 5 3
373 325 387
1 3 10
266 74 260 82 372 175 437 173 237 433
1 9 5
187 411 1 188 328
1 17 7
380 182 345 60 208 264 125
1 17 9
93 237 191 395 441 488 469 270 462
1 3 9
357 64 382 395 184 95 208 495 308
1 5 9
4 231 407 360 61 297 455 292 287
1 20 10
27 465 271 134 444 245 425 80 287 430
1 2 9
53 99 180 262 371 305 441 376 439
1 14 7
176 125 143 472 133 300 172
1 19 8
84 319 367 378 46 450 207 136
1 13 7
141 167 151 133 283 439 472
1 14 8
115 52 247 190 434 458 130 416
1 5 10
289 34 303 469 148 201 411 312 455 130
1 5 2
131 283
1 8 3
98 434 365
1 17 4
257 177 497 238
1 8 7
177 75 395 351 27 235 156
1 4 8
65 268 222 452 356 461 198 20
1 15 7
35 279 217 314 116 162 348
1 19 8
141 357 75 237 24 497 7 396
1 17 3
231 187 108
1 12 2
262 388
1 13 2
341 91
1 7 9
334 212 222 315 0 3 472 405 377
1 11 5
220 342 495 121 475
1 20 5
367 445 252 464 305
1 17 8
21 190 115 392 80 170 376 364
1 13 6
84 434 121 264 176 467
1 7 4
432 20 454 206
1 1 3
137 338 497
1 17 4
269 267 174 30
1 4 2
210 206
1 19 3
488 412 300
1 12 4
173 438 32 39
1 5 3
336 276 492
1 11 4
195 429 351 32
1 16 5
273 374 413 217 105
1 17 7
472 466 475 378 257 90 234
1 14 4
202 376 138 112
1 7 8
182 98 102 472 259 322 277 480
1 17 10
404 300 211 49 485 369 22 59 92 306
1 20 6
330 67 282 142 320 295
1 10 10
487 223 18 372 375 308 310 179 149 403
1 11 6
170 232 413 447 488 480
1 19 6
80 479 254 105 163 27
1 16 6
460 471 425 253 442 165
1 18 5
67 91 4 439 245
1 13 8
81 456 281 272 284 481 249 259
1 4 9
140 132 130 496 12 20 70 188 113
1 4 5
257 294 162 11 167
1 7 4
342 216 320 491
1 11 2
133 32
1 15 6
41 276 135 72 405 12
1 7 4
316 376 166 143
1 2 3
304 219 435
1 1 8
410 271 239 397 341 79 304 478
1 12 9
90 414 459 266 164 10 61 104 265
1 15 9
251 66 8 139 248 366 58 318 29
1 13 7
390 358 426 409 3 68 152
1 19 9
45 117 371 39 362 364 135 247 167
1 13 5
91 178 334 496 475
1 17 6
70 484 454 235 439 227
1 1 7
170 363 206 46 413 438 154
1 11 9
12 111 182 240 14 397 361 289 98
1 3 7
435 264 302 113 260 486 220
1 2 8
198 470 8 257 42 74 499 107
1 13 3
459 181 485
1 3 9
422 42 373 291 153 320 11 370 17
1 3 3
33 132 390
1 9 3
429 110 414
1 2 9
438 400 182 482 386 141 102 103 487
1 13 9
288 130 471 307 405 298 371 91 160
1 6 9
387 163 186 299 277 373 224 63 250
1 11 9
231 434 13 198 255 276 91 343 133
1 14 10
368 84 252 234 38 455 479 55 134 176
1 17 4
175 376 353 269
1 6 4
184 349 236 455
1 9 6
52 445 230 444 273 222
1 16 10
228 81 240 457 201 198 375 303 397 96
1 4 9
222 432 152 224 248 140 70 446 41
1 12 9
20 226 293 380 15 479 401 183 428
1 11 3
225 495 4
1 14 5
214 368 210 335 237
1 12 2
261 95
1 9 3
446 476 263
1 13 9
251 441 137 29 291 495 55 211 203
1 15 3
487 128 378
1 6 7
403 289 286 327 350 314 451
1 14 6
460 455 12 469 73 34
1 13 8
467 16 118 51 12 325 383 135
1 19 9
160 432 287 207 289 407 498 262 377
1 10 9
66 403 342 194 166 234 71 69 435
1 12 3
491 274 26
1 10 5
28 93 254 343 147
1 16 7
384 117 165 328 426 433 267
1 5 3
109 51 179
1 2 3
437 129 182
1 13 9
429 233 222 50 156 54 274 127 175
1 12 10
451 36 148 72 21 427 279 185 11 195
1 13 5
175 499 421 11 221
1 15 3
2 247 89
1 6 6
240 424 265 266 39 282
1 2 2
109 473
1 10 9
82 449 18 469 207 482 342 387 418
1 2 9
4 174 359 112 334 353 315 25 338
1 19 3
444 58 249
1 9 6
102 288 248 328 499 174
1 11 9
239 296 59 119 496 433 213 103 389
1 19 8
306 317 37 296 244 446 414 109
1 7 8
453 228 391 480 482 245 172 208
1 3 3
180 272 184
1 4 9
111 147 55 291 129 185 140 495 485
1 15 6
184 300 292 258 307 311
1 9 4
139 430 477 102
1 8 4
162 272 295 293
1 14 10
31 139 135 484 258 84 60 241 92 41
1 12 3
100 435 307
1 6 10
213 69 70 472 468 113 150 78 157 198
1 18 5
497 85 35 114 162
1 12 2
168 395
1 12 5
210 426 317 318 463
1 16 3
153 403 474
1 12 9
142 178 271 415 357 249 17 353 90
1 3 9
313 57 148 70 315 351 255 188 31
1 13 7
217 83 499 484 268 92 145
1 1 3
263 436 173
1 3 6
176 412 460 152 384 341
1 1 5
490 123 458 357 382
1 17 7
170 267 306 298 342 158 482
1 14 10
404 277 141 194 378 395 217 75 434 53
1 15 5
489 372 385 473 308
1 7 2
367 42
1 19 10
90 199 488 344 125 397 370 216 202 437
1 10 3
269 447 107
1 4 8
421 351 97 262 246 413 172 130
1 10 6
292 3 312 55 291 368
1 4 10
410 423 274 416 38 121 212 147 3 251
1 13 9
354 204 327 321 282 112 447 304 345
1 13 10
340 71 354 353 163 228 291 296 421 344
1 7 9
95 176 135 314 30 492 26 240 254
1 18 10
369 300 364 383 330 187 338 179 10 233
1 7 5
431 203 169 69 12
1 2 10
440 209 40 404 310 412 26 326 128 9
1 15 8
320 282 408 236 129 116 318 201
1 1 2
191 194
1 4 5
8 167 367 268 394
1 9 8
48 386 367 30 296 242 288 28
1 9 3
489 279 315
1 2 2
59 138
1 10 9
115 377 336 462 227 28 284 94 147
1 19 5
337 123 112 322 394
1 17 7
138 246 358 235 221 176 219
1 14 3
472 312 128
1 8 5
238 408 372 272 34
1 17 6
441 446 454 449 86 134
1 13 5
449 211 420 45 130
1 17 3
177 282 306
1 18 8
319 6 309 477 349 143 16 461
1 11 2
398 231
1 19 2
85 86
1 18 8
426 492 93 54 73 346 288 225
1 6 10
499 272 230 457 301 446 478 152 323 327
1 7 10
26 282 315 367 245 375 358 286 125 467
1 11 3
256 271 72
1 1 2
333 321
1 20 7
87 204 157 179 376 181 186
1 19 6
252 365 328 444 359 15
1 6 5
405 337 235 119 71
1 8 2
160 370
1 13 10
253 248 62 118 406 127 53 226 128 303
1 8 5
380 415 349 14 372
1 3 4
468 289 446 213
1 6 2
67 49
1 8 2
275 398
1 10 9
353 41 203 436 36 435 69 241 397
1 12 9
4 406 207 495 415 361 380 189 251
1 8 5
315 168 174 495 21
1 20 3
116 0 39
1 9 5
51 285 417 274 280
1 1 8
155 386 157 4 204 302 357 382
1 7 6
351 371 494 239 313 59
1 13 9
180 385 181 18 218 246 443 453 425
1 4 7
118 409 58 119 308 302 79
1 19 10
150 141 393 215 52 234 430 165 317 387
1 2 2
414 5
1 7 3
150 15 51
1 3 10
331 489 117 207 137 109 100 113 496 76
1 13 10
477 1 160 117 102 318 4 51 489 368
1 13 6
453 327 377 306 251 351
1 16 9
275 69 156 276 340 454 85 240 426
1 20 2
483 491
1 15 2
465 119
1 13 7
483 178 134 389 132 454 383
1 10 2
196 393
1 4 9
244 377 147 435 59 448 162 127 398
1 12 2
401 215
1 13 6
190 256 442 144 287 191
1 13 4
293 149 354 334
1 5 10
266 431 195 385 188 476 343 15 33 275
1 19 2
80 308
1 16 7
184 239 49 395 492 430 375
1 8 3
424 75 13
1 13 6
67 191 181 264 43 339
1 15 9
154 366 184 422 115 112 355 36 47
1 10 9
199 27 7 388 281 357 250 396 499
1 16 3
417 18 364
1 10 2
461 344
1 4 6
458 429 43 377 111 353
1 14 5
228 320 412 485 461
1 9 7
28 492 287 440 140 272 192
1 14 6
412 107 354 92 463 422
1 15 10
357 98 485 58 324 264 376 379 326 35
1 9 7
125 30 11 115 391 210 74
1 16 2
183 495
1 19 10
143 28 57 492 378 98 145 468 300 377
1 20 7
122 151 256 426 11 308 180
1 18 2
326 233
1 14 5
467 123 166 311 12
1 20 6
269 179 454 496 34 390
1 11 5
186 78 141 326 355
1 11 6
301 201 312 124 179 165
1 3 9
125 247 279 379 274 280 71 245 344
1 8 2
191 366
1 7 8
414 80 380 285 146 175 128 52
1 15 5
424 403 401 406 79
1 14 10
265 356 159 457 386 32 151 400 470 417
1 15 3
192 312 35
1 11 9
93 302 205 140 454 433 34 320 456
1 18 3
288 290 111
1 5 7
454 165 331 132 16 483 484
1 6 8
328 384 494 396 51 146 145 180
1 13 4
498 167 131 358
1 12 9
430 231 80 154 88 64 196 280 456
1 5 9
29 244 344 296 64 416 371 140 94
1 7 7
311 263 366 43 349 496 346
1 4 10
181 354 405 236 461 477 441 264 128 44
1 5 8
363 274 184 36 466 249 326 417
1 4 4
300 432 381 418
1 12 3
40 391 215
1 4 9
37 480 442 193 12 60 133 26 469
1 16 3
269 179 224
1 17 4
331 266 126 239
1 14 2
323 482
1 12 5
294 445 494 143 326
1 4 2
355 461
1 19 7
337 303 167 480 355 434 437
1 20 8
104 328 143 272 100 413 446 350
1 15 5
186 218 485 101 164
1 17 10
277 55 373 5 192 442 112 162 371 372
1 14 9
111 240 450 63 483 243 211 359 261
1 13 9
195 248 239 328 86 432 179 201 0
1 8 3
469 187 41
1 9 8
87 17 334 167 474 335 178 426
1 11 7
330 16 323 79 383 220 249
1 9 3
31 154 164
1 6 3
54 103 254
1 18 9
203 282 409 248 232 2 379 172 80
1 6 7
366 232 16 162 200 203 412
1 9 6
173 381 266 376 99 188
1 14 2
363 85
1 10 10
151 327 211 443 197 165 280 257 201 105
1 18 7
319 459 142 8 464 9 293
1 13 9
444 240 183 289 382 262 345 300 278
1 19 6
284 113 228 114 76 82
1 20 3
17 59 238
1 16 8
65 224 181 340 120 359 488 136
1 8 8
201 219 133 479 183 90 190 77
1 12 4
13 58 150 376
1 15 10
486 287 443 315 383 81 216 80 384 78
1 14 8
170 201 291 353 91 474 392 90
1 3 10
400 255 299 73 496 361 56 300 462 466
1 11 10
332 173 447 178 488 159 434 308 171 192
1 16 3
270 309 336
1 13 3
200 398 287
1 15 4
0 207 353 295
1 1 6
344 110 127 140 463 299
1 9 9
381 376 368 193 298 289 416 94 196
1 13 5
388 466 95 396 289
1 11 7
273 350 413 45 154 275 489
1 5 3
266 485 415
1 8 6
498 268 211 97 108 439
1 4 3
115 416 22
1 15 4
488 319 106 108
1 18 8
408 236 462 25 255 409 325 227
1 15 8
299 225 328 98 265 86 342 251
1 19 10
131 207 353 311 81 77 441 400 476 156
1 12 6
226 488 98 424 117 437
1 14 5
398 479 3 181 94
1 7 4
48 209 23 316
1 13 4
33 240 405 358
1 20 2
62 114
1 10 10
233 377 28 399 39 423 209 381 328 421
1 3 4
284 297 163 474
1 5 9
361 174 355 108 128 384 181 305 58
1 6 9
227 377 236 271 125 265 52 188 91
1 1 5
140 367 356 353 55
1 17 7
339 251 208 51 332 388 252
1 16 4
147 306 30 38
1 8 5
153 77 254 458 440
1 17 8
479 483 92 350 114 387 417 199
1 20 6
34 287 335 44 156 221
1 20 4
45 99 305 149
1 3 2
430 155
1 19 3
195 146 316
1 10 7
493 196 411 499 194 215 353
1 3 9
179 131 240 117 422 1 104 199 479
1 11 2
138 419
1 6 3
83 299 9
1 1 3
476 178 404
1 11 2
7 316
1 1 9
369 419 66 69 76 354 413 114 458
1 6 2
108 81
1 10 4
184 36 488 69
1 10 7
194 290 53 228 318 213 96
1 3 6
231 388 123 110 430 144
1 15 7
107 294 101 103 492 442 459
1 3 4
141 205 139 431
1 1 5
175 258 235 101 458
1 15 10
20 33 74 455 439 321 305 106 444 332
1 3 3
354 202 355
1 9 8
272 395 14 268 165 11 457 63
1 11 3
68 153 31
1 1 8
236 275 176 158 15 137 430 104
1 5 6
109 418 119 456 488 379
1 3 3
70 138 202
1 6 3
421 128 91
1 9 7
253 105 12 360 248 185 262
1 4 4
73 21 381 467
1 14 5
231 111 450 181 384
1 8 7
136 61 22 120 49 439 81
1 20 6
159 25 212 81 195 71
1 13 8
348 192 407 468 7 317 302 142
1 6 3
320 192 276
1 10 7
407 436 146 338 459 365 272
1 15 8
401 296 425 210 15 433 125 262
1 16 4
420 242 335 302
1 7 5
25 110 53 387 415
1 11 3
224 458 285
1 15 3
359 125 269
1 20 2
140 417
1 17 2
60 449
1 3 3
446 57 135
1 8 7
115 321 222 355 242 201 101
1 4 4
322 24 309 462
1 9 9
451 463 156 89 44 379 147 168 276
1 15 10
244 103 221 35 71 58 339 469 236 251
1 4 2
293 178
1 20 3
257 317 459
1 12 10
130 408 437 330 494 136 109 364 183 325
1 6 8
76 435 49 155 125 374 21 249
1 2 5
56 452 142 9 419
1 3 7
179 434 181 40 71 32 19
1 17 6
130 288 121 70 344 16
1 1 7
205 266 144 361 200 239 214
1 8 4
328 307 410 472
1 11 10
463 308 289 128 96 437 464 296 180 361
1 4 8
207 253 170 140 321 112 180 205
1 16 9
230 166 13 456 460 186 366 321 458
1 9 10
91 128 8 326 350 467 2 75 6 25
1 11 2
112 115
1 9 10
364 148 463 479 10 155 38 461 384 95
1 1 3
223 462 39
1 4 4
228 129 38 353
1 6 3
121 473 217
1 20 10
403 18 17 286 428 476 443 227 191 434
1 17 5
400 491 27 63 393
1 6 9
284 375 9 475 16 58 338 31 392
1 19 5
461 170 430 98 211
1 17 7
486 209 329 185 182 42 32
1 8 6
65 301 390 38 372 20
1 18 9
37 425 150 332 174 219 65 241 276
1 16 3
334 178 295
1 13 2
378 191
1 13 7
431 120 19 448 185 280 304
1 20 6
455 232 93 70 272 457
1 14 4
444 265 195 333
1 8 7
0 369 169 186 269 277 235
1 8 3
447 367 30
1 17 4
168 444 436 315
1 1 6
50 179 10 357 244 14
1 7 9
52 120 178 312 25 4 40 361 273
1 8 2
275 308
1 11 9
175 194 294 484 65 188 379 67 119
1 9 2
401 228
1 14 8
364 286 90 241 362 308 450 64
1 1 10
324 257 192 277 417 474 100 355 218 130
1 11 7
261 78 262 331 65 245 267
1 15 3
177 388 134
1 20 8
13 339 83 259 389 494 369 262
1 3 9
115 465 71 46 221 444 495 372 247
1 6 2
226 384
1 1 10
21 417 332 401 499 406 67 129 480 461
1 10 4
304 441 33 10
1 9 3
403 149 401
1 11 5
42 382 197 297 45
1 17 2
239 283
1 11 7
323 158 322 224 308 163 484
1 4 10
351 274 454 106 437 311 288 470 241 118
1 10 8
424 205 220 214 293 372 138 352
1 10 8
36 483 256 12 357 213 342 312
1 11 9
43 127 309 374 409 338 246 115 330
1 2 10
125 310 425 77 20 344 411 2 164 85
1 14 4
463 291 447 54
1 20 9
271 58 143 27 21 322 453 417 161
1 12 9
418 216 376 252 159 122 495 106 130
1 19 7
182 445 498 96 244 350 140
1 9 9
155 399 405 279 375 115 16 318 476
1 13 8
98 453 405 171 254 142 41 138
1 16 5
106 498 169 350 271
1 13 10
313 406 375 31 322 144 173 211 62 458
1 3 10
166 337 445 377 43 181 379 176 163 237
1 12 2
59 494
1 16 9
136 434 359 0 59 345 181 113 266
1 6 5
410 302 264 358 303
1 5 7
76 463 232 381 389 38 466
1 5 7
414 495 324 380 22 434 432
1 12 6
398 458 208 222 307 49
1 8 3
42 423 51
1 4 6
161 61 37 40 246 214
1 13 9
454 113 409 485 240 292 195 114 412
1 20 9
160 135 405 440 485 265 178 231 294
1 20 9
272 134 162 497 33 432 344 236 171
1 20 8
168 86 74 479 165 98 288 474
1 12 4
315 493 243 272
1 15 8
132 35 278 226 200 432 411 447
1 20 6
424 461 323 89 10 136
1 14 5
196 279 419 15 47
1 7 6
299 312 456 408 495 433
1 10 5
63 276 77 283 323
1 13 6
163 80 155 413 295 41
1 11 2
458 372
1 7 8
32 456 452 104 202 48 201 369
1 3 8
348 175 308 11 313 493 292 20
1 17 5
363 442 496 41 82
1 2 6
223 48 73 175 362 498
1 14 10
477 287 276 472 146 445 280 79 452 96
1 17 9
135 206 425 209 152 212 357 418 434
1 8 10
20 143 409 248 22 13 369 404 90 266
1 3 2
163 20
1 18 7
97 342 127 150 199 11 311
1 18 9
349 55 279 304 41 204 177 62 35
1 18 2
248 112
1 16 10
204 239 82 280 497 126 251 494 288 460
1 8 6
359 477 28 455 101 324
1 5 5
387 80 212 276 32
1 6 7
146 491 247 226 323 468 26
1 7 3
72 280 411
1 8 4
155 367 374 477
1 20 9
1 476 66 157 160 221 34 329 489
1 20 5
216 179 292 222 449
1 2 10
84 3 182 184 206 202 396 6 192 33
1 2 4
316 466 412 48
1 18 10
262 434 405 391 132 6 29 41 61 171
1 20 3
346 326 305
1 17 8
422 43 210 263 160 156 278 421
1 5 6
29 469 89 394 277 52
1 9 7
444 153 361 116 61 72 133
1 20 7
74 393 440 428 357 283 119
1 17 9
437 366 312 290 241 189 157 348 116
1 18 3
316 456 202
1 9 6
317 252 362 451 178 215
1 13 5
414 426 286 405 489
1 10 5
149 131 370 378 390
1 18 4
1 118 308 22
1 6 9
105 210 133 466 327 396 231 378 218
1 17 6
80 471 123 150 375 289
1 2 8
392 371 73 391 312 218 8 379
1 13 3
69 488 389
1 2 9
284 169 478 268 440 492 40 418 117
1 3 6
309 39 37 269 465 417
1 16 6
166 22 90 346 400 171
1 20 9
47 481 233 40 323 217 382 413 363
1 5 8
320 499 202 458 164 79 145 35
1 3 8
386 61 344 184 69 85 491 34
1 5 7
423 52 245 198 498 235 142
1 13 6
232 139 343 302 248 352
1 17 10
357 131 450 488 39 199 403 174 379 466
1 1 4
476 371 96 68
1 11 10
156 326 125 465 398 234 474 239 364 4
1 11 4
264 484 305 346
1 14 5
372 365 381 261 383
1 9 6
399 129 296 274 77 449
1 12 2
440 226
1 7 3
265 477 57
1 20 8
255 212 494 305 143 290 140 316
1 17 7
102 164 441 3 59 499 409
1 6 2
43 275
1 13 5
360 433 172 294 411
1 15 7
212 153 271 287 163 421 22
1 12 10
499 477 69 290 313 46 118 194 273 446
1 19 3
16 120 401
1 5 7
249 398 49 355 160 278 33
1 2 4
112 494 269 35
1 1 6
414 493 266 338 13 175
1 9 9
478 326 499 489 309 312 367 27 432
1 1 3
24 260 120
1 15 9
21 46 418 255 50 43 355 152 197
1 18 2
291 384
1 10 9
417 19 346 410 414 389 381 13 234
1 14 3
143 160 104
1 6 7
45 396 131 486 495 115 11
1 4 5
71 494 210 244 107
1 10 10
11 205 388 324 475 96 62 15 344 195
1 17 6
329 231 390 272 191 64
1 18 6
26 219 106 351 344 362
1 18 5
42 209 239 91 463
1 14 8
211 173 359 398 449 403 234 484
1 1 10
481 216 260 257 320 134 10 18 211 426
1 3 3
198 313 475
1 1 7
33 325 160 32 186 285 98
1 17 9
485 392 95 179 147 439 431 290 432
1 4 5
152 399 75 422 465
1 20 4
268 366 477 202
1 4 5
330 14 253 404 320
1 17 3
11 388 157
1 18 4
366 228 314 438
1 8 5
444 418 77 311 375
1 19 7
442 471 3 459 73 44 271
1 5 3
126 376 216
1 19 7
30 154 149 204 499 357 330
1 7 5
143 2 238 467 160
1 11 5
360 436 422 158 82
1 15 8
284 62 286 203 441 365 456 126
1 11 4
41 480 111 240
1 12 2
323 54
1 17 10
271 287 73 230 215 218 331 326 277 202
1 14 2
35 261
1 9 2
317 192
1 4 10
492 135 162 28 145 469 68 446 335 309
1 19 7
40 497 488 437 333 211 349
1 5 8
381 188 281 214 473 159 272 177
1 13 4
345 243 458 88
1 11 5
292 182 223 43 63
1 4 4
434 252 405 17
1 1 2
210 237
1 9 9
28 426 315 143 98 47 388 97 115
1 13 4
196 451 352 396
1 10 4
391 440 194 381
1 12 2
118 47
1 14 8
372 89 28 463 327 250 381 425
1 17 4
172 218 484 136
1 5 5
268 208 302 169 406
1 19 2
316 334
1 11 2
264 224
1 4 5
142 178 491 350 440
1 5 10
446 193 170 307 495 154 275 138 418 184
1 3 2
82 85
1 10 7
56 392 74 453 478 167 197
1 9 10
377 112 62 400 417 15 466 60 335 460
1 1 2
466 234
1 4 10
346 233 410 188 358 387 62 177 442 397
1 2 6
161 10 23 472 447 436
1 4 10
186 476 102 114 479 449 462 69 136 307
1 19 6
72 378 407 169 11 498
1 8 10
317 380 483 168 154 387 216 90 184 345
1 18 9
128 277 56 429 125 289 120 181 135
1 18 6
357 418 48 150 24 130
1 13 9
425 111 332 406 66 47 334 7 487
1 3 8
448 406 423 126 483 182 236 14
1 10 4
204 296 246 91
1 17 7
104 352 19 231 270 323 445
1 20 7
128 125 9 321 244 272 359
1 2 8
300 330 301 488 145 302 48 133
1 1 6
276 166 230 37 321 44
1 18 8
433 312 379 7 69 332 285 13
1 9 8
159 488 365 21 132 192 126 426
1 1 10
88 247 348 432 8 73 56 320 404 490
1 19 10
58 470 456 100 301 124 8 210 51 162
1 15 2
174 182
1 12 6
288 427 284 233 354 486
1 16 6
203 159 428 240 316 191
1 13 3
142 261 49
1 5 4
481 202 108 29
1 14 8
254 100 421 444 418 308 139 81
1 7 9
388 363 292 198 181 277 374 187 447
1 3 2
255 331
1 20 9
400 325 157 147 296 311 337 58 358
1 20 7
218 287 216 345 70 435 114
1 10 8
98 408 337 192 222 242 388 158
1 13 10
377 123 314 337 251 364 252 445 60 29
1 8 5
215 262 222 292 102
1 2 8
483 448 361 188 88 192 477 319
1 9 8
240 497 175 491 466 324 204 149
1 6 10
79 386 379 204 153 124 15 283 182 411
1 17 2
478 396
1 11 9
62 311 33 94 357 136 345 200 271
1 19 3
287 201 42
1 9 9
313 491 392 442 367 348 23 237 460
1 19 7
214 297 337 101 364 79 180
1 4 9
18 169 2 82 313 329 97 426 458
1 18 4
494 396 203 244
1 18 10
260 274 90 327 158 270 163 228 491 227
1 14 2
340 489
1 14 10
254 101 487 395 79 186 10 454 444 211
1 18 3
31 418 328
1 6 4
12 407 120 248
1 2 7
394 248 245 400 150 415 295
1 11 4
394 425 372 352
1 20 4
460 324 189 318
1 6 7
297 480 248 181 162 488 65
1 3 7
199 88 213 415 322 367 0
1 3 3
63 28 218
1 12 10
72 408 215 451 65 371 155 462 202 387
1 16 3
346 105 185
1 12 2
90 353
1 8 10
306 434 250 255 188 242 268 129 90 258
1 6 8
286 88 3 268 293 136 479 343
1 1 5
126 452 51 16 200
1 7 5
258 446 440 407 77
1 1 4
2 1 256 138
1 19 6
266 470 415 223 492 377
1 7 6
345 16 298 354 112 124
1 2 3
170 116 495
1 1 6
178 327 493 174 110 454
1 6 7
418 88 428 492 360 327 136
1 19 6
482 259 56 165 130 211
1 1 2
188 57
1 7 6
297 122 208 240 346 244
1 6 5
34 48 391 371 449
1 14 4
208 372 160 0
1 10 3
22 27 494
1 12 7
262 466 434 165 335 441 125
1 7 10
400 425 83 4 391 155 118 272 340 3
1 6 6
158 381 116 117 213 103
1 15 3
113 395 161
1 16 8
375 281 107 370 442 230 403 423
1 4 4
294 343 12 497
1 1 7
170 117 195 174 359 451 229
1 15 9
469 13 468 287 30 354 39 116 464
1 14 7
332 185 23 289 74 338 46
1 9 9
196 469 272 139 428 29 136 302 200
1 9 8
47 2 256 378 380 322 172 75
1 11 7
165 219 491 478 292 294 182
1 13 3
277 478 16
1 7 10
91 465 8 231 284 325 462 80 40 371
1 9 9
197 305 297 55 9 446 25 387 1
1 6 9
23 436 484 450 254 110 402 331 148
1 1 7
287 360 282 206 299 288 377
1 2 3
404 306 373
1 2 3
221 156 18
1 18 6
307 363 339 386 271 372
1 3 5
406 64 450 17 171
1 13 4
85 155 161 148
1 2 5
292 461 479 114 52
1 6 7
392 246 317 466 284 135 106
1 1 2
465 59
1 8 7
144 53 367 35 339 488 345
1 4 10
326 356 136 479 399 471 303 52 64 361
1 9 10
36 9 382 448 438 307 180 473 403 351
1 6 5
182 429 431 413 256
1 11 2
149 133
1 19 7
48 225 105 113 403 262 360
1 14 7
124 42 301 457 142 20 45
1 15 5
205 253 81 69 207
1 11 8
18 225 102 89 221 292 101 494
1 9 7
452 19 128 0 498 279 346
1 12 4
474 472 325 30
1 18 6
262 229 426 82 330 215
1 13 9
400 156 385 43 352 420 396 72 433
1 1 5
193 316 270 132 176
1 6 8
364 425 443 297 231 403 109 222
1 17 4
330 192 449 338
1 3 9
470 155 65 20 66 373 411 308 434
1 3 3
100 214 186
1 18 6
211 148 347 307 27 279
1 3 9
277 245 109 204 143 55 422 268 458
1 14 5
154 3 136 434 52
1 11 2
192 184
1 14 7
13 235 121 63 133 497 131
1 5 3
392 81 2
1 13 7
369 160 279 201 115 180 69
1 3 6
243 293 274 262 457 66
1 8 10
68 167 57 204 277 375 16 272 326 356
1 16 9
457 361 314 215 28 190 3 197 249
1 20 9
305 130 167 176 392 273 252 246 18
1 8 6
28 432 290 430 370 174
1 8 4
223 456 6 61
1 7 7
102 306 1 443 25 490 395
1 20 10
251 293 427 55 341 282 480 369 29 230
1 20 3
482 445 322
1 17 7
35 73 484 408 342 333 359
1 12 6
377 196 465 169 448 327
1 2 8
230 90 64 495 173 378 131 449
1 8 7
379 373 287 474 389 415 99
1 16 3
263 452 116
1 3 5
239 181 256 341 313
1 15 3
126 77 123
1 7 6
198 438 214 13 432 360
1 10 2
375 342
1 6 4
136 484 401 489
1 1 7
276 475 408 251 291 74 230
1 13 3
416 90 423
1 15 7
465 28 424 155 435 206 181
1 5 9
37 349 222 413 439 207 491 366 138
1 11 6
447 268 247 110 140 498
1 4 2
242 22
1 12 3
323 235 499
1 17 10
155 53 127 452 184 46 481 140 20 303
1 13 3
96 80 150
1 11 10
301 38 148 462 184 62 390 80 349 228
1 6 5
9 180 337 53 127
1 15 7
22 398 104 127 357 455 3
1 5 4
200 240 222 397
1 14 5
81 239 477 196 167
1 4 8
299 269 430 88 139 79 431 460
1 13 9
447 480 496 251 222 283 22 99 89
1 18 7
460 183 410 104 389 198 168
1 12 10
466 82 336 11 407 324 450 387 243 291
1 5 4
299 453 277 91
1 8 4
447 343 201 308
1 11 5
6 279 156 491 130
1 8 7
288 89 382 176 354 416 460
1 4 8
155 35 49 65 70 443 55 279
1 8 4
265 333 257 252
1 10 9
100 345 451 186 307 446 5 8 13
1 6 3
491 201 493
1 5 5
119 393 382 56 291
1 8 4
214 125 58 488
1 11 8
464 70 498 373 65 49 50 459
1 17 10
18 387 295 416 325 284 116 180 334 426
1 7 10
480 77 402 352 229 79 315 1 486 329
1 4 9
106 201 161 272 305 361 353 464 436
1 1 9
148 406 421 69 341 292 278 424 92
1 7 8
175 40 20 471 406 452 375 326
1 3 9
242 172 365 147 98 437 62 168 110
1 20 9
327 388 326 489 223 263 148 363 394
1 10 7
275 485 497 64 367 110 183
1 14 10
14 294 318 477 42 361 156 5 233 386
1 13 5
407 380 171 175 231
1 17 8
288 52 93 164 95 267 416 171
1 2 7
320 25 236 385 47 430 391
1 6 3
233 26 118
1 7 2
192 327
1 1 5
141 69 286 195 435
1 17 2
205 151
1 7 7
364 353 50 40 145 418 116
1 10 8
333 267 138 283 355 25 364 464
1 17 4
240 210 278 3
1 20 10
197 481 360 28 226 496 369 22 329 370
1 18 4
117 350 437 62
1 15 7
460 479 173 48 89 190 457
1 16 8
60 116 201 58 451 367 237 95
1 5 7
444 256 361 288 85 490 14
1 1 2
10 39
1 7 3
95 153 321
1 10 2
324 477
1 18 6
389 482 477 455 187 387
1 7 3
128 28 480
1 4 9
335 118 147 317 172 30 157 192 261
1 11 2
392 328
1 19 10
394 90 24 94 383 78 464 52 271 66
1 20 7
113 8 449 343 277 460 308
1 9 6
470 74 245 256 469 163
1 14 5
142 455 313 50 229
1 12 4
52 280 36 445
1 20 5
26 29 102 162 71
1 20 3
13 259 249
1 11 5
240 443 347 26 86
1 15 8
181 43 58 477 190 54 166 376
1 18 9
211 29 216 64 492 496 173 276 235
1 11 10
400 129 52 176 13 249 498 134 337 178
1 9 6
167 21 249 211 14 228
1 4 4
335 71 118 183
1 8 2
54 394
1 11 10
275 454 273 5 249 200 118 430 125 254
1 17 9
172 196 354 469 92 12 75 495 289
1 14 4
267 190 74 97
1 17 2
332 136
1 5 7
62 413 357 47 346 366 470
1 8 4
188 411 125 314
1 8 4
289 114 291 97
1 4 4
180 256 398 287
1 12 10
495 358 356 236 141 129 84 46 82 483
1 4 3
421 440 346
1 13 5
160 451 133 11 348
1 17 3
493 2 279
1 17 3
107 248 413
1 7 6
118 337 392 103 46 483
1 15 6
416 110 182 119 52 172
1 20 7
401 499 424 97 17 255 24
1 7 2
303 34
1 12 5
182 171 175 1 263
1 20 4
214 414 289 25
1 13 3
481 27 3
1 2 10
101 464 372 434 207 307 275 14 107 59
1 17 8
497 100 135 414 38 116 353 294
1 20 9
178 166 68 3 232 17 394 89 238
1 19 2
398 372
1 3 3
291 203 324
1 4 5
115 56 26 442 476
1 13 2
155 323
1 3 6
289 456 112 281 8 454
1 7 5
221 164 424 240 419
1 8 7
212 316 421 145 29 255 264
1 12 3
151 447 18
1 4 5
5 246 339 274 241
1 13 4
194 419 165 78
1 13 3
377 319 475
1 8 4
210 273 150 380
1 16 8
425 463 6 354 277 158 386 432
1 5 5
132 461 470 217 103
1 16 9
58 230 454 474 74 16 435 200 482
1 8 4
196 415 104 171
1 13 7
110 338 45 386 50 111 202
1 6 3
271 381 61
1 20 4
217 39 13 236
1 15 7
400 435 136 165 474 113 142
1 19 9
39 465 200 41 333 236 390 166 254
1 1 10
313 283 9 268 429 171 160 359 404 418
1 20 7
296 109 494 429 432 54 459
1 20 2
358 37
1 14 3
460 436 151
1 4 9
113 355 183 460 240 303 260 4 482
1 19 10
108 441 297 242 170 464 56 452 188 419
1 4 10
80 64 388 416 149 390 303 55 102 485
1 20 2
224 231
1 13 7
398 201 401 179 365 51 403
1 17 3
464 30 420
1 2 10
221 213 423 386 245 452 182 34 201 123
1 9 5
373 439 170 363 474
1 20 4
429 430 31 244
1 17 9
212 346 461 117 154 92 282 38 428
1 1 10
330 146 400 267 487 152 120 270 260 127
1 10 6
318 473 274 36 244 194
1 9 10
451 205 340 255 440 424 36 477 131 342
1 1 8
134 404 21 69 435 117 440 130
1 19 7
442 423 221 185 308 206 286
1 2 3
443 78 230
1 1 8
432 369 35 128 193 23 277 257
1 3 5
403 467 161 204 275
1 6 6
395 425 292 111 251 34
1 6 4
273 377 218 459
1 2 4
351 86 117 411
1 11 4
300 17 352 178
1 9 3
452 473 225
1 9 6
98 250 395 227 331 161
1 4 10
231 350 291 351 363 283 300 189 273 230
1 6 10
95 0 285 150 352 435 300 155 135 226
1 19 10
117 442 238 490 322 407 332 160 375 104
1 18 6
60 90 169 402 416 230
1 19 7
386 333 136 467 225 468 382
1 15 8
472 123 377 303 488 58 298 284
1 18 10
274 284 432 185 14 229 75 176 482 117
1 12 6
165 189 277 40 354 51
1 14 6
4 255 262 112 279 110
1 14 5
155 239 357 180 480
1 7 7
56 111 29 323 391 434 477
1 9 7
143 92 362 272 496 497 487
1 10 5
164 87 268 436 177
1 20 7
2 215 132 464 129 69 40
1 16 5
119 281 497 132 100
1 14 5
143 129 174 299 131
1 7 9
230 71 361 9 324 453 157 241 36
1 18 5
421 113 472 231 365
1 10 10
288 81 53 410 294 138 234 14 19 69
1 10 9
84 230 50 273 97 145 382 360 117
1 9 2
51 263
1 16 5
245 473 387 112 39
1 10 4
272 415 127 158
1 6 6
66 31 450 499 345 153
1 19 9
485 326 453 481 296 57 163 234 427
1 17 4
45 454 457 153
1 18 9
264 9 456 86 43 121 467 306 165
1 14 9
168 64 371 324 406 252 52 23 22
1 19 4
436 404 377 152
1 8 6
425 63 71 88 457 201
1 16 9
449 233 484 95 428 132 295 376 270
1 18 6
427 129 437 27 215 208
1 5 9
238 290 289 345 410 259 413 425 219
1 11 8
78 129 178 401 278 397 455 279
1 11 10
193 415 279 258 158 164 310 370 385 254
1 5 7
461 396 336 164 105 151 139
1 2 4
435 125 329 385
1 4 4
276 405 327 423
1 12 3
352 82 1
1 1 5
137 24 384 424 391
1 9 10
204 291 126 129 488 434 159 367 286 135
1 13 8
152 338 62 294 437 208 52 426
1 6 7
350 258 339 295 346 484 492
1 10 6
287 300 156 71 173 412
1 9 3
326 373 251
1 2 9
432 251 191 28 499 300 402 13 314
1 13 4
47 471 279 370
1 1 6
436 432 163 315 419 121
1 16 2
47 441
1 19 9
361 380 499 327 257 304 282 170 7
1 3 4
87 191 184 463
1 20 2
361 21
1 15 5
29 262 16 429 294
1 12 4
117 109 322 306
1 12 6
262 351 74 382 59 343
1 3 10
392 180 427 454 414 232 362 276 494 161
1 5 8
424 347 62 312 53 360 165 191
1 2 8
422 281 75 460 235 207 367 73
1 8 6
322 368 10 149 159 290
1 19 5
106 63 12 272 307
1 15 8
319 94 33 214 444 360 161 456
1 18 5
8 143 148 439 297
1 5 3
207 340 321
1 4 2
389 173
1 1 5
432 463 422 211 58
1 6 8
478 19 416 460 90 209 58 211
1 13 2
109 387
1 6 6
199 421 430 378 423 97
1 4 8
34 390 335 0 21 422 31 405
1 20 5
442 458 318 470 482
1 9 8
389 282 202 364 12 177 279 341
1 7 8
340 100 165 399 343 353 232 203
1 15 5
166 231 339 405 324
1 19 3
401 327 303
1 19 7
330 109 282 289 191 450 367
1 20 7
441 8 223 32 413 409 135
1 6 3
421 381 289
1 3 2
260 228
1 18 9
97 113 205 93 117 467 109 385 345
1 12 3
477 89 415
1 10 9
493 145 265 414 312 151 179 109 168
1 20 8
222 173 396 459 283 129 25 64
1 19 10
217 295 113 377 391 404 27 366 473 145
1 17 9
487 186 141 489 285 461 419 228 239
1 16 4
0 188 437 45
1 15 8
176 105 373 367 414 362 339 57
1 8 6
29 9 203 333 227 304
1 16 2
90 422
1 13 4
58 235 300 42
1 4 5
317 148 61 294 154
1 9 4
233 309 48 435
1 8 9
404 417 292 490 8 165 277 153 229
1 16 4
74 340 7 14
1 10 3
1 257 342
1 1 10
111 339 134 246 36 51 407 236 276 65
1 15 9
469 44 373 459 331 284 387 378 435
1 11 8
472 66 431 229 30 268 83 130
1 20 3
441 155 406
1 6 9
155 20 40 248 228 19 41 336 162
1 14 10
119 155 326 331 79 21 137 251 214 319
1 1 3
61 134 135
1 8 7
237 408 277 220 469 156 41
1 13 2
450 334
1 1 4
321 9 471 276
1 7 8
208 21 338 307 91 421 205 194
1 1 4
138 351 239 415
1 14 2
344 297
1 7 5
271 92 399 475 426
1 14 8
290 24 317 320 5 363 21 233
1 8 2
142 55
1 20 3
263 306 206
1 18 2
472 464
1 11 2
151 16
1 13 3
192 148 225
1 2 8
298 223 20 110 321 236 347 266
1 19 10
362 284 389 154 472 25 58 417 395 53
1 13 9
384 299 434 348 194 218 316 155 382
1 4 8
369 113 90 149 65 432 24 137
1 4 4
415 399 489 270
1 9 3
383 491 94
1 10 3
88 25 296
1 9 5
175 258 220 115 377
1 19 9
207 218 99 355 72 31 445 168 83
1 18 10
320 345 112 222 281 240 265 310 250 196
1 2 7
143 32 150 437 93 238 408
1 13 9
142 418 327 94 175 372 273 400 21
1 12 6
228 30 401 213 428 189
1 9 5
294 107 340 398 119
1 14 5
495 319 251 409 483
1 10 9
192 5 1 270 380 58 499 195 4
1 17 4
282 383 275 303
1 4 5
360 121 467 108 434
1 15 10
35 447 182 40 229 452 29 107 328 370
1 6 10
296 76 461 69 342 256 376 480 478 303
1 16 6
232 425 22 194 391 129
1 16 7
362 299 475 179 315 277 490
1 20 8
160 499 179 97 241 341 35 119
1 10 4
395 210 338 160
1 14 3
294 363 143
1 12 8
247 165 365 344 192 59 434 7
1 3 7
34 463 169 362 469 219 261
1 4 10
394 63 221 227 469 186 374 400 82 495
1 15 8
429 388 137 145 132 178 331 2
1 15 5
431 120 157 297 206
1 3 7
367 182 246 288 10 187 361
1 11 10
140 66 477 128 336 228 169 448 292 359
1 12 10
272 299 480 215 222 323 85 181 429 278
1 7 10
401 398 295 343 394 313 296 208 277 133
1 16 7
463 122 491 33 77 401 243
1 11 7
361 321 323 121 165 148 316
1 8 4
351 369 104 406
1 15 7
364 73 332 460 194 256 227
1 15 7
422 459 461 160 452 440 66
1 18 3
359 347 28
1 20 9
396 202 8 85 452 193 32 453 285
1 4 7
348 218 173 270 339 234 109
1 5 9
400 309 432 393 269 259 276 367 148
1 6 3
398 255 47
1 17 10
247 366 391 282 143 61 471 383 89 290
1 15 4
436 104 3 6
1 18 2
387 353
1 2 4
32 19 351 204
1 17 9
369 99 391 152 5 476 451 368 131
1 12 7
32 124 476 25 456 63 330
1 19 10
33 383 334 392 395 428 189 6 386 279
1 3 6
184 112 361 252 433 294
1 9 9
148 479 196 290 39 372 35 438 361
1 18 2
125 286
1 18 5
148 215 79 457 370
1 20 8
276 161 248 412 46 200 116 9
1 18 5
218 456 387 296 409
1 12 7
79 352 30 90 32 295 268
1 1 8
191 402 231 214 467 82 498 177
1 10 5
110 106 469 385 186
1 15 8
38 329 298 289 179 53 315 55
1 15 7
94 330 82 467 412 150 127
1 2 7
494 62 210 142 426 303 438
1 18 7
69 457 257 111 182 245 346
1 14 8
228 180 465 130 379 174 427 331
1 10 4
427 192 398 365
1 5 6
171 314 411 77 78 21
1 5 2
230 309
1 8 5
397 277 222 341 42
1 19 8
409 175 304 300 287 385 127 26
1 20 7
279 274 336 7 297 389 94
1 19 3
417 208 230
1 3 8
437 415 271 195 7 421 268 373
1 8 8
157 75 36 42 462 285 169 375
1 1 3
196 431 361
1 2 8
151 438 474 499 400 198 271 402
1 8 8
290 48 214 68 325 166 438 313
1 7 2
191 88
1 1 7
77 126 415 79 47 98 313
1 15 4
290 280 13 287
1 18 10
378 258 161 34 32 419 132 253 152 144
1 11 3
35 198 267
1 8 9
134 187 20 230 127 211 161 334 266
1 19 7
413 224 233 65 499 457 282
1 18 2
496 374
1 18 7
286 261 243 486 404 141 484
1 18 7
463 117 123 127 226 103 2
1 7 2
375 72
1 8 4
341 151 56 25
1 1 5
3 85 213 246 156
1 8 3
318 24 124
1 1 9
171 124 438 465 180 470 294 96 141
1 13 3
179 484 178
1 16 8
10 93 286 137 295 213 433 472
1 8 3
210 480 279
1 9 2
371 133
1 19 6
79 349 469 129 462 480
1 13 9
433 375 300 371 27 333 252 137 155
1 13 2
391 272
1 5 10
362 22 449 292 435 8 284 56 100 328
1 4 2
218 14
1 13 5
229 349 266 388 50
1 10 2
122 102
1 18 6
238 19 96 39 323 115
1 4 10
473 236 409 117 466 393 149 396 100 180
1 14 7
403 109 47 25 291 96 297
1 2 4
122 93 270 187
1 6 4
414 263 59 172
1 6 4
75 436 121 203
1 1 4
259 92 221 452
1 1 5
296 90 257 231 115
1 14 6
63 281 290 425 291 342
1 20 4
143 163 113 382
1 13 9
267 412 127 461 193 428 216 355 235
1 19 3
39 203 113
1 5 4
450 485 152 250
1 19 6
159 56 377 207 454 75
1 17 2
354 204
1 1 4
47 261 42 293
1 6 4
283 54 45 231
1 12 3
443 452 99
1 10 7
115 358 26 267 120 278 109
1 14 7
456 420 113 235 438 339 322
1 3 8
330 222 467 251 98 227 153 205
1 4 2
255 33
1 20 5
287 408 48 487 292
1 7 6
391 478 95 28 467 328
1 10 3
139 37 287
1 7 3
273 385 12
1 11 2
208 491
1 18 3
200 235 453
1 4 7
25 191 49 73 336 152 340
1 19 3
230 291 244
1 18 4
215 446 113 116
1 20 4
408 384 326 48
1 13 8
354 249 287 360 313 17 51 176
1 11 8
430 456 497 448 200 35 450 321
1 6 9
101 107 13 193 442 456 432 209 186
1 10 4
76 350 160 441
1 7 5
433 279 266 257 68
1 11 5
255 421 167 499 181
1 8 6
96 497 430 20 263 76
1 3 3
397 205 342
1 9 8
78 117 408 247 314 427 21 0
1 6 3
472 361 44
1 3 8
416 48 95 456 214 327 362 402
1 12 6
349 19 156 53 225 75
1 19 10
478 224 481 343 381 4 265 416 318 9
1 7 7
314 332 50 168 288 421 96
1 2 7
223 54 280 300 180 237 427
1 11 2
325 49
1 12 7
462 71 195 386 399 83 239
1 1 4
151 310 329 344
1 7 8
362 427 183 120 249 360 370 117
1 1 5
215 141 415 448 152
1 16 2
475 427
1 14 6
84 234 470 268 184 469
1 16 4
206 489 337 179
1 10 3
27 317 381
1 8 2
284 239
1 5 5
148 373 203 301 303
1 19 2
108 143
1 13 4
310 404 181 33
1 16 3
19 170 388
1 12 4
282 260 128 107
1 12 9
474 381 183 214 84 373 269 63 298
1 20 7
343 499 284 462 49 141 307
1 12 5
20 494 224 232 183
1 20 2
6 318
1 4 5
102 197 401 83 357
1 1 8
443 181 340 185 419 284 462 458
1 3 7
359 459 67 326 280 424 369
1 8 5
333 426 247 53 132
1 20 4
332 402 211 464
1 14 2
327 30
1 8 9
491 33 451 93 46 86 389 162 180
1 7 3
319 342 419
1 10 5
246 249 159 163 184
1 11 6
427 322 407 109 210 15
1 4 10
101 483 38 246 385 138 418 421 440 84
1 18 7
29 473 491 118 172 439 388
1 17 4
329 75 208 471
1 3 6
79 390 494 278 476 379
1 19 8
140 227 82 264 63 163 16 258
1 18 6
176 262 432 139 337 146
1 20 7
44 5 35 427 400 428 286
1 4 5
163 363 162 40 306
1 10 9
280 204 22 432 478 146 304 88 152
1 14 3
238 39 315
1 10 7
60 19 143 235 482 190 464
1 2 7
263 445 482 68 10 245 346
1 17 5
414 209 206 23 133
1 13 4
259 148 455 236
1 6 9
480 341 329 202 142 134 125 170 108
1 6 5
479 125 216 59 295
1 4 4
327 288 232 138
1 12 5
202 75 74 133 464
1 4 3
291 436 288
1 1 3
221 211 107
1 10 8
65 310 70 143 148 131 274 398
1 15 7
203 169 347 288 79 278 253
1 18 5
353 411 322 325 11
1 17 4
399 120 314 195
1 12 7
182 373 355 156 188 469 278
1 2 3
19 24 118
1 18 6
408 499 472 449 428 247
1 20 3
209 211 132
1 20 8
323 157 332 197 313 336 227 491
1 8 7
339 495 468 204 330 15 108
1 4 7
86 346 34 314 63 450 182
1 15 4
113 325 80 221
1 1 9
97 125 473 248 145 319 144 349 420
1 16 5
235 101 93 430 47
1 2 6
268 31 260 52 416 29
1 20 6
270 18 108 196 428 45
1 4 5
305 236 138 267 235
1 12 4
480 345 346 476
1 9 2
353 307
1 1 9
13 438 346 201 285 216 225 89 244
1 15 10
326 330 227 263 218 329 268 165 310 480
1 14 4
332 176 381 33
1 13 8
281 286 38 422 304 149 51 288
1 14 8
496 221 483 498 165 270 19 438
1 16 6
413 330 424 444 473 29
1 7 7
131 33 318 336 487 486 367
1 13 3
304 243 270
1 4 4
137 107 232 105
1 14 6
46 158 263 324 348 413
1 13 5
347 299 434 34 135
1 1 5
378 493 1 375 25
1 8 7
202 437 364 365 97 81 257
1 5 8
44 221 370 392 362 275 390 242
1 14 10
131 67 85 351 467 133 343 280 167 419
1 5 7
288 473 114 180 191 274 252
1 1 10
412 267 295 394 167 81 342 132 210 107
1 8 3
387 408 287
1 7 9
71 64 372 296 38 231 46 433 153
1 6 10
199 262 458 372 227 219 252 204 67 39
1 7 5
82 50 200 487 430
1 7 8
115 218 152 161 240 184 100 341
1 19 8
243 490 252 305 370 38 163 112
1 13 6
232 391 452 79 6 412
1 15 10
125 67 114 28 412 170 274 139 434 300
1 2 3
183 103 208
1 20 4
207 280 325 232
1 19 6
340 215 226 497 401 383
1 11 9
360 398 434 151 64 193 167 196 490
1 1 7
112 321 284 240 116 264 105
1 2 3
443 329 63
1 1 5
227 223 420 368 63
1 3 6
264 44 7 309 66 385
1 18 2
153 242
1 10 3
19 136 62
1 9 4
147 136 330 268
1 4 2
165 38
1 3 4
326 464 225 244
1 6 9
18 455 267 140 353 16 478 446 193
1 12 9
101 58 156 23 178 172 227 271 267
1 13 6
334 486 64 272 327 380
1 10 5
494 227 432 256 386
1 17 6
278 234 248 76 448 440
1 6 10
48 93 292 212 83 457 317 77 11 58
1 5 4
17 279 367 292
1 10 10
85 453 495 10 484 474 1 299 100 316
1 9 2
318 292
1 2 6
3 99 340 425 219 428
1 9 3
270 179 222
1 6 3
423 421 132
1 2 10
44 248 26 309 5 223 267 115 427 418
1 19 9
256 322 293 489 12 316 255 154 463
1 7 5
123 297 95 485 39
1 5 5
68 42 115 322 135
1 1 4
143 385 364 61
1 11 5
356 425 373 171 256
1 9 2
46 13
1 4 9
449 337 18 218 142 455 489 78 377
1 16 10
19 348 224 206 477 106 254 367 28 302
1 4 8
60 261 396 423 385 119 217 336
1 16 2
359 394
1 2 10
185 380 279 414 184 245 294 138 63 418
1 1 9
76 487 476 465 220 4 406 212 363
1 9 8
83 97 351 271 116 273 444 11
1 11 10
232 471 349 477 189 176 164 178 273 88
1 16 5
62 400 338 425 388
1 14 2
300 29
1 1 4
428 425 422 153
1 13 3
362 114 257
1 12 8
64 407 252 136 93 244 247 394
1 18 10
55 120 429 278 235 114 263 180 256 412
1 10 9
340 162 59 323 265 342 107 164 485
1 8 8
55 405 92 155 411 321 366 302
1 13 2
194 441
1 5 5
386 472 84 429 31
1 17 7
420 433 478 476 151 314 86
1 13 9
428 225 350 341 331 179 481 275 240
1 4 3
209 58 240
1 10 5
117 378 235 436 371
1 15 4
134 348 366 126
1 6 9
93 333 154 61 368 97 188 198 31
1 8 8
435 407 236 400 468 20 273 42
1 18 8
234 143 214 217 296 134 442 488
1 8 5
9 262 466 71 270
1 5 3
463 428 286
1 17 5
354 186 466 205 267
1 4 6
41 256 202 241 410 427
1 2 6
4 35 493 97 452 122
1 8 4
296 1 193 383
1 15 3
395 356 222
1 4 6
220 206 495 247 331 195
1 2 9
325 448 1 156 267 166 178 377 248
1 18 7
450 212 197 201 75 133 367
1 1 10
274 190 36 76 27 100 317 210 159 491
1 12 6
6 446 485 168 387 403
1 13 4
6 195 98 209
1 2 8
159 165 75 431 361 427 12 291
1 20 3
427 154 202
1 20 10
159 53 12 303 109 486 152 430 112 80
1 15 8
429 77 59 451 156 372 434 415
1 9 3
289 460 450
1 13 4
231 57 309 482
1 5 10
474 77 202 276 80 265 396 346 322 401
1 3 4
114 131 368 39
1 18 10
219 360 384 241 381 388 100 153 104 172
1 13 4
488 438 461 106
1 10 8
472 234 312 240 206 114 184 226
1 9 6
382 258 320 377 175 174
1 19 10
261 393 159 426 183 208 416 390 190 219
1 2 5
93 209 160 406 214
1 3 3
145 128 22
1 6 5
118 441 371 37 388
1 2 3
142 122 68
1 1 5
262 151 368 460 44
1 12 3
316 488 124
1 9 8
443 258 494 137 245 396 352 335
1 20 6
299 238 32 279 234 374
1 9 4
133 192 394 278
1 12 9
355 133 274 49 418 92 391 348 397
1 4 9
236 263 88 90 338 103 358 187 44
1 7 6
320 389 478 385 326 460
1 7 7
380 310 62 424 138 122 406
1 13 9
217 210 241 36 160 454 116 105 315
1 20 7
36 429 406 385 325 474 300
1 18 5
249 380 161 139 44
1 20 9
262 37 438 188 329 264 433 358 112
1 11 6
192 330 35 235 84 228
1 19 4
2 495 125 144
1 8 5
175 411 140 388 184
1 9 7
1 60 406 356 365 71 427
1 11 5
126 62 308 477 490
1 18 7
351 96 337 339 111 43 133
1 9 9
293 8 44 242 237 488 392 68 414
1 9 10
312 80 190 11 409 142 45 432 82 444
1 15 5
239 207 392 212 407
1 4 6
162 311 464 212 132 292
1 14 5
49 421 396 281 330
1 2 2
292 467
1 19 6
293 391 273 278 366 232
1 12 7
228 77 167 356 125 487 218
1 11 3
168 130 411
1 17 4
282 68 349 496
1 5 10
384 66 179 168 241 30 152 364 322 423
1 8 8
84 259 155 348 103 199 315 313
1 11 3
17 147 18
1 7 8
271 417 23 478 232 87 466 13
1 15 10
285 303 12 11 486 306 44 397 36 151
1 17 7
124 444 180 191 357 216 317
1 9 8
26 224 192 397 314 441 253 280
1 8 5
166 195 121 34 302
1 14 3
260 52 251
1 4 6
392 491 249 196 408 148
1 7 7
24 111 97 339 162 266 119
1 16 6
272 74 491 319 184 139
1 1 5
446 231 9 243 425
1 20 7
154 458 451 496 180 293 167
1 7 8
294 324 144 462 343 356 402 108
1 11 5
98 495 374 204 381
1 16 2
402 67
1 1 10
156 298 96 229 178 111 123 319 124 249
1 20 4
402 33 408 6
1 13 4
289 257 265 340
1 11 3
461 297 408
1 9 9
122 265 23 353 112 335 282 80 55
1 16 6
148 313 192 190 485 343
1 17 5
93 178 262 174 302
1 1 4
173 432 458 219
1 10 2
352 458
1 4 2
476 420
1 11 5
369 489 491 239 119
1 9 7
193 280 63 331 41 265 343
1 3 6
454 272 30 457 362 385
1 3 3
172 176 161
1 5 2
312 149
1 19 6
444 245 161 427 174 195
1 19 5
385 151 170 329 431
1 2 9
482 122 35 279 39 391 48 255 275
1 8 6
41 73 455 12 197 151
1 18 10
439 136 280 116 261 132 46 52 484 16
1 1 9
31 463 282 404 9 316 292 145 137
1 15 2
188 277
1 6 10
355 59 296 444 96 277 47 52 322 413
1 9 10
149 439 146 422 171 297 414 54 493 271
1 8 5
455 235 30 226 433
1 16 6
15 25 347 71 156 416
1 2 10
229 269 401 420 156 217 165 244 280 10
1 8 6
48 405 275 57 78 179
1 2 8
58 339 484 497 473 252 288 244
1 12 8
92 91 345 454 222 280 90 480
1 15 8
314 286 243 343 404 429 321 15
1 17 2
419 68
1 10 6
296 331 455 359 365 290
1 16 3
444 228 231
1 17 7
128 259 417 377 245 453 79
1 19 7
15 265 134 154 280 182 293
1 8 5
109 473 374 336 369
1 11 3
252 462 400
1 2 4
309 13 204 341
1 6 6
174 192 333 402 121 387
1 10 7
135 138 387 42 33 466 316
1 11 5
21 310 327 354 8
1 12 8
482 402 360 103 467 407 260 248
1 1 3
91 261 264
1 16 7
137 223 44 259 365 187 473
1 6 2
170 324
1 7 3
371 337 186
1 3 5
82 341 373 496 164
1 16 3
364 373 25
1 18 6
299 120 440 186 133 475
1 17 6
284 334 94 491 461 280
1 17 6
425 70 28 466 473 344
1 2 6
467 434 278 393 421 228
1 12 10
32 428 301 160 157 161 22 62 268 454
1 19 9
22 443 318 242 139 73 382 25 316
1 17 7
461 469 474 16 377 19 44
1 9 4
409 334 151 428
1 10 7
471 322 194 171 498 446 208
1 3 3
144 470 296
1 1 2
106 95
1 5 2
459 31
1 10 9
339 78 408 25 319 28 306 65 37
1 16 4
191 389 170 269
1 7 8
66 199 475 19 368 344 455 20
1 18 10
342 63 329 404 363 31 270 292 50 464
1 6 4
59 473 420 136
1 15 8
29 201 393 357 105 336 187 478
1 16 3
475 232 102
1 10 4
444 263 148 287
1 1 7
147 216 335 125 370 59 219
1 5 7
339 221 194 324 386 59 300
1 8 3
404 106 16
1 4 8
211 453 68 109 47 137 234 325
1 6 5
209 171 115 372 481
1 9 4
157 5 54 254
1 11 6
221 55 129 486 137 120
1 13 8
71 298 68 351 499 251 247 391
1 12 6
143 332 94 451 463 248
1 2 7
435 186 493 448 261 346 299
1 13 9
216 82 409 374 298 334 219 485 379
1 18 9
146 354 132 409 416 83 50 172 275
1 18 4
125 173 351 11
1 8 2
75 380
1 17 6
463 358 262 345 174 183
1 10 4
457 153 440 445
1 2 4
346 206 468 266
1 3 7
455 435 102 13 421 436 325
1 19 2
0 396
1 18 2
289 424
1 15 9
233 43 367 15 48 403 106 283 151
1 10 9
129 183 314 86 301 211 319 492 21
1 15 8
408 320 160 99 340 312 157 272
1 19 9
103 485 365 412 444 174 269 285 368
1 5 10
290 312 489 321 267 424 252 399 67 145
1 16 2
348 413
1 5 8
472 384 138 187 294 29 188 309
1 20 4
220 127 360 74
1 2 3
163 183 200
1 12 6
446 149 314 233 122 348
1 6 5
202 326 419 498 7
1 14 7
433 70 422 328 0 314 455
1 17 8
319 342 38 214 260 259 445 179
1 3 6
280 459 371 359 51 34
1 14 2
176 208
1 12 8
286 471 446 163 462 497 10 9
1 3 4
54 288 18 223
1 13 10
380 297 291 177 405 304 431 230 157 247
1 16 4
40 202 498 150
1 1 6
459 456 73 151 40 338
1 6 6
172 102 105 240 291 227
1 12 9
186 33 235 107 362 347 161 346 56
1 9 2
328 466
1 6 7
379 38 116 62 59 365 343
1 8 3
320 466 328
1 18 9
372 360 447 189 311 412 229 104 387
1 16 7
318 315 307 29 314 469 415
1 14 3
331 2 418
1 5 6
312 474 11 4 472 123
1 15 9
487 205 8 131 199 43 136 157 389
1 19 6
499 288 453 159 209 402
1 13 9
265 102 352 459 436 304 391 31 278
1 12 5
429 336 177 389 173
1 14 6
119 391 485 141 316 400
1 15 4
180 436 212 314
1 5 2
215 418
1 15 3
450 100 190
1 16 9
464 54 159 260 249 336 8 198 37
1 10 2
376 235
1 13 8
124 22 346 284 21 257 332 70
1 16 3
474 38 401
1 17 5
355 209 401 29 19
1 8 10
499 191 335 64 301 26 135 472 8 144
1 6 3
337 4 489
1 6 10
104 272 50 402 382 162 323 86 286 185
1 19 7
83 82 377 411 499 364 461
1 6 7
278 399 196 205 38 19 283
1 6 8
427 332 319 259 342 400 92 243
1 13 5
218 208 483 336 466
1 11 9
325 473 492 480 474 290 192 444 309
1 18 10
101 192 455 40 421 177 85 107 4 65
1 4 8
388 44 425 129 312 80 116 159
1 13 6
191 376 181 353 412 472
1 6 2
253 49
1 4 8
152 494 68 365 293 121 465 409
1 20 3
21 27 185
1 6 10
75 324 121 119 43 181 269 183 490 217
1 12 9
462 35 453 414 329 438 121 490 15
1 18 4
461 83 315 269
1 18 9
253 5 176 186 42 222 499 461 370
1 11 7
110 75 220 355 430 396 262
1 4 7
460 169 429 461 335 106 11
1 7 6
173 144 147 60 478 464
1 4 5
373 231 380 22 463
1 6 8
273 167 470 6 296 203 45 219
1 19 9
372 397 45 303 96 491 427 426 409
1 18 4
480 150 313 467
1 2 8
36 280 422 418 28 455 103 356
1 5 3
163 490 386
1 11 10
489 348 225 28 441 288 361 189 482 406
1 13 5
313 143 221 400 495
1 6 9
234 207 184 79 115 248 268 134 464
1 14 10
393 418 201 80 15 122 206 476 480 259
1 7 4
195 148 472 485
1 12 8
47 67 292 485 184 123 214 484
1 11 10
22 465 375 420 171 165 238 74 301 243
1 3 2
162 86
1 1 8
116 123 168 207 369 388 459 188
1 6 4
87 324 301 51
1 9 6
376 496 339 128 134 338
1 18 4
250 185 122 421
1 2 10
478 213 451 197 477 271 251 47 335 265
1 1 4
359 176 84 402
1 14 10
59 365 321 136 354 100 341 280 66 470
1 1 9
285 158 366 482 219 71 384 170 256
1 1 8
126 241 393 360 207 467 36 318
1 5 6
381 329 436 495 244 352
1 4 9
80 453 219 417 290 53 34 178 112
1 13 10
134 236 479 29 330 11 37 306 260 331
1 10 2
104 317
1 6 9
17 214 371 259 218 12 407 94 73
1 7 9
137 163 469 245 104 106 354 136 26
1 10 9
240 446 187 28 48 184 165 52 93
1 8 8
85 403 227 168 216 117 198 376
1 8 4
124 468 175 398
1 18 3
449 255 41
1 10 3
430 121 358
1 3 6
44 493 218 287 59 478
1 13 4
84 3 390 236
1 1 6
398 323 178 188 444 166
1 5 2
157 288
1 2 8
463 56 108 447 336 497 276 26
1 6 4
375 94 498 71
1 10 2
446 350
1 11 9
231 330 98 482 23 7 473 125 263
1 18 4
467 420 291 142
1 17 3
113 210 283
1 1 7
365 302 145 390 455 197 183
1 15 6
74 141 452 130 290 76
1 2 5
13 298 288 423 193
1 4 3
131 17 373
1 9 5
67 120 328 28 57
1 9 5
344 78 190 390 72
1 9 5
182 499 156 407 279
1 18 10
391 423 135 188 168 173 347 477 199 243
1 18 5
271 102 393 484 143
1 16 5
360 88 331 219 489
1 1 8
366 138 128 25 433 450 299 251
1 2 5
125 235 152 83 488
1 19 8
181 314 393 244 419 61 236 481
1 11 2
114 128
1 20 2
274 216
1 19 10
121 73 451 229 350 234 172 270 98 17
1 17 8
182 231 477 40 312 249 198 409
1 15 6
80 328 245 374 163 56
1 19 4
444 278 70 5
1 2 6
29 411 384 203 142 402
1 19 10
8 206 189 205 427 148 394 443 82 312
1 11 2
233 66
1 14 8
456 358 101 341 123 421 202 169
1 19 4
250 3 305 375
1 2 8
350 470 90 26 301 420 212 160
1 8 2
433 222
1 15 3
357 245 175
1 9 4
451 24 174 119
1 19 5
41 400 493 184 171
1 20 9
288 139 112 294 297 111 33 120 98
1 19 4
330 4 233 440
1 13 10
194 196 392 486 38 104 155 183 401 498
1 15 10
440 16 450 192 52 36 260 34 259 392
1 5 6
417 280 442 464 406 351
1 11 7
24 385 304 292 88 411 286
1 4 3
243 127 218
1 8 4
325 13 264 190
1 16 7
251 489 256 156 294 159 430
1 2 4
239 303 51 417
1 2 10
161 309 66 54 430 144 227 27 103 184
1 9 7
403 183 302 355 241 215 229
1 13 5
248 307 264 230 140
1 14 4
390 216 77 380
1 19 7
291 200 323 176 227 138 385
1 16 10
304 266 305 470 463 195 110 467 488 44
1 7 2
80 127
1 5 5
272 118 186 341 335
1 17 3
267 334 255
1 1 2
43 233
1 7 8
46 365 145 415 112 203 349 33
1 15 10
474 187 277 374 200 276 372 257 240 151
1 15 4
27 114 133 12
1 5 5
276 89 473 122 117
1 10 3
214 382 24
1 4 6
286 375 225 89 282 8
1 8 3
36 137 29
1 15 4
29 180 217 42
1 15 6
227 379 297 207 319 177
1 8 10
489 470 33 391 197 402 454 90 138 185
1 17 10
310 80 397 250 212 441 110 410 304 69
1 18 9
369 368 241 133 455 98 475 218 109
1 5 4
116 413 403 366
1 2 2
212 153
1 20 9
360 49 30 284 438 322 368 103 462
1 20 6
23 69 441 113 188 367
1 20 2
269 126
1 10 9
5 494 384 469 167 483 145 290 204
1 4 6
3 29 391 176 40 418
1 17 8
355 127 270 289 161 336 421 434
1 17 7
164 26 493 4 343 75 472
1 11 6
396 182 235 1 247 26
1 2 5
97 209 339 354 40
1 7 5
338 181 136 466 117
1 3 10
259 172 292 438 53 210 386 0 483 152
1 18 10
183 225 10 6 330 374 201 53 39 453
1 9 7
391 431 454 230 179 263 289
1 11 10
408 489 266 285 136 290 68 187 410 215
1 20 4
281 421 103 360
1 3 6
295 141 347 326 2 193
1 15 3
474 304 142
1 8 8
468 53 136 156 474 195 258 171
1 9 3
483 443 473
1 13 4
212 299 68 333
1 18 9
220 164 484 300 216 317 421 334 376
1 8 5
211 155 55 202 198
1 6 4
2 174 397 134
1 8 2
396 223
1 9 9
160 296 189 322 367 161 100 38 87
1 2 9
197 378 216 110 127 83 359 469 160
1 11 7
213 408 388 71 74 233 471
1 19 4
273 231 100 195
1 6 3
418 164 64
1 19 7
42 333 376 439 126 437 455
1 6 6
129 183 18 3 226 72
1 4 8
340 304 94 99 245 14 472 422
1 18 7
355 113 270 382 95 107 482
1 17 6
283 152 271 114 72 298
1 2 7
246 477 322 284 380 76 252
1 5 4
371 59 205 291
1 11 4
214 94 282 217
1 3 3
161 499 349
1 9 4
173 50 99 362
1 1 8
50 89 28 327 247 289 370 493
1 6 3
30 481 182
1 3 7
52 147 309 249 171 85 12
1 18 5
76 275 356 165 112
1 14 10
498 201 35 211 82 193 425 182 190 217
1 6 9
72 102 456 213 117 186 291 163 48
1 17 8
184 375 426 150 377 349 102 78
1 18 5
43 247 266 85 149
1 11 3
363 124 59
1 9 10
253 198 224 204 397 280 15 87 273 48
1 19 2
254 473
1 10 7
219 337 231 381 277 464 167
1 16 10
29 194 244 457 253 475 222 486 162 186
1 8 2
315 432
1 12 7
347 290 17 143 323 292 69
1 4 4
178 359 39 325
1 2 9
423 318 203 390 354 139 79 125 76
1 20 2
422 481
1 11 3
338 235 14
1 18 7
188 78 273 219 42 464 225
1 5 9
253 492 337 329 317 6 307 473 220
1 16 6
212 120 95 142 473 181
1 15 5
215 311 455 85 439
1 11 8
264 286 0 321 221 79 270 304
1 19 9
492 95 2 326 172 104 424 206 178
1 1 5
43 274 110 376 445
1 19 8
499 397 230 3 43 459 70 405
1 14 2
394 154
1 15 2
229 499
1 12 9
335 176 481 449 294 30 163 91 161
1 4 4
393 61 213 448
1 8 3
458 59 63
1 8 4
8 183 18 407
1 18 9
30 97 20 440 9 279 450 34 329
1 4 7
160 152 59 327 10 5 159
1 12 6
495 105 158 315 486 22
1 11 3
276 449 206
1 18 8
427 279 300 242 360 270 226 47
1 16 2
116 72
1 15 3
223 391 291
1 7 4
6 330 225 490
1 15 4
148 107 409 463
1 1 3
98 405 490
1 4 9
287 379 376 92 246 268 157 458 187
1 10 6
260 378 472 318 194 409
1 1 4
273 124 18 136
1 14 9
343 412 54 126 167 278 489 413 399
1 14 2
4 272
1 9 10
82 359 161 294 99 440 326 317 292 226
1 4 4
280 459 399 8
1 11 8
35 248 208 162 14 253 410 87
1 5 4
402 93 220 485
1 8 7
484 386 215 150 87 305 183
1 8 6
327 121 43 35 173 230
1 9 2
140 388
1 17 9
118 464 77 289 198 151 219 251 130
1 6 3
304 431 54
1 14 3
256 312 130
1 18 6
293 416 441 384 391 386
1 17 8
254 407 462 348 447 175 81 350
1 13 6
498 126 350 86 294 486
1 1 3
72 324 10
1 14 5
173 269 183 72 367
1 8 6
385 109 200 131 311 268
1 19 9
427 333 456 142 298 96 389 278 367
1 6 4
125 234 261 66
1 20 2
89 118
1 6 8
421 232 132 367 36 169 460 82
1 9 10
304 212 207 260 16 68 43 97 420 61
1 6 9
478 409 258 152 485 70 95 332 413
1 5 3
404 134 229
1 15 6
416 72 431 493 226 180
1 11 7
37 372 73 33 231 314 126
1 7 2
265 122
1 8 4
265 214 120 366
1 1 4
90 345 292 19
1 17 6
220 284 338 490 212 169
1 19 7
388 74 398 321 78 103 82
1 15 9
93 190 123 105 213 9 147 494 300
1 5 6
415 69 13 194 273 373
1 17 8
152 163 64 399 226 134 123 255
1 20 3
329 310 295
1 10 5
388 145 107 83 292
1 6 2
488 463
1 1 2
262 117
1 19 10
31 449 382 128 215 267 239 79 418 80
1 10 2
345 0
1 11 8
52 54 144 204 136 223 70 2
1 15 7
460 263 256 126 200 99 486
1 10 6
93 331 38 311 136 184
1 18 9
488 52 403 495 402 483 215 406 462
1 2 6
47 216 73 31 110 131
1 5 5
496 182 419 278 261
1 13 3
455 212 255
1 17 10
65 394 189 33 388 56 438 132 270 224
1 7 5
492 323 234 290 305
1 17 7
245 423 374 397 321 120 203
1 17 2
181 140
1 11 7
360 300 395 191 413 236 222
1 10 4
198 248 58 465
1 15 8
152 132 334 1 136 422 92 293
1 14 2
131 193
1 5 4
438 366 131 145
1 2 10
42 53 240 346 382 186 16 62 320 40
1 20 8
80 374 112 233 372 105 13 73
1 7 6
383 191 66 221 275 426
1 8 3
197 45 86
1 10 8
295 451 473 340 456 65 413 258
1 8 4
467 101 177 278
1 15 9
477 438 322 51 309 357 370 211 96
1 18 8
254 385 5 373 43 58 1 437
1 4 9
334 435 238 79 470 394 6 149 472
1 8 8
368 290 42 88 360 38 464 18
1 15 2
116 389
1 19 6
424 293 46 453 98 212
1 17 6
29 283 470 5 60 34
1 17 6
163 492 384 359 226 124
1 10 10
111 352 223 104 316 209 248 471 246 188
1 19 8
428 479 390 238 373 341 175 453
1 6 8
32 436 132 37 412 209 177 409
1 16 10
209 50 237 76 433 336 166 323 256 205
1 1 9
288 12 213 239 391 220 267 199 342
1 6 2
180 269
1 16 10
376 256 65 130 61 7 38 174 165 77
1 4 2
315 109
1 11 6
495 398 102 17 443 397
1 16 7
461 58 349 427 245 230 72
1 16 6
497 11 31 406 273 188
1 7 7
208 382 281 191 53 454 0
1 18 3
473 180 28
1 15 7
278 2 15 27 36 48 35
1 10 7
210 295 327 267 48 175 166
1 20 4
297 370 278 148
1 6 9
317 109 272 247 104 219 431 283 495
1 19 10
154 46 100 305 54 491 207 484 177 470
1 6 2
6 485
1 5 5
62 396 92 425 306
1 10 9
108 255 467 13 306 130 247 16 366
1 3 7
386 410 280 78 51 124 231
1 16 8
206 194 21 67 134 462 83 135
1 8 9
113 255 200 382 17 233 337 39 306
1 15 3
410 78 465
1 1 10
253 117 287 490 34 429 53 48 421 290
1 3 3
466 485 406
1 7 10
80 55 263 405 334 386 477 227 333 167
1 16 6
147 479 309 201 499 252
1 15 7
4 272 466 341 227 409 35
1 5 2
431 464
1 2 6
361 461 279 384 213 372
1 9 10
29 37 60 360 201 279 416 208 466 451
1 14 4
222 270 73 176
1 13 2
387 54
1 20 5
371 290 424 283 94
1 4 6
236 193 431 427 121 27
1 10 6
2 34 370 384 394 382
1 12 5
382 219 258 167 402
1 7 2
256 195
1 2 4
457 276 181 473
1 2 8
35 381 385 489 458 435 140 47
1 2 10
80 111 311 428 128 225 267 88 351 419
1 7 10
354 339 19 231 355 416 348 146 430 125
1 6 9
402 455 73 254 435 0 158 109 45
1 12 3
422 316 418
1 9 3
222 463 89
1 17 8
406 230 175 392 115 335 202 169
1 19 9
454 384 301 30 165 185 89 277 138
1 10 10
461 133 154 225 300 278 384 18 123 306
1 6 8
312 418 1 144 453 320 356 368
1 16 5
107 397 198 105 285
1 4 6
102 106 312 450 46 390
1 11 10
436 489 471 463 176 448 407 373 121 184
1 2 8
496 55 133 145 135 171 197 179
1 10 6
188 423 249 102 395 310
1 15 5
117 78 187 137 343
1 4 2
172 364
1 11 7
294 184 192 331 487 480 303
1 5 10
6 348 48 12 377 499 340 412 159 322
1 10 8
341 476 464 236 318 425 9 149
1 14 10
442 348 69 112 390 73 193 35 113 60
1 20 7
44 106 489 299 356 142 38
1 5 10
347 343 164 6 22 101 247 43 140 89
1 19 5
493 437 495 94 484
1 10 3
368 189 443
1 16 2
111 53
1 4 3
83 224 315
1 7 2
367 325
1 1 7
300 129 399 422 135 219 297
1 20 7
277 440 314 167 488 133 188
1 17 8
246 105 106 75 352 259 109 424
1 9 8
139 189 22 499 360 151 384 77
1 12 8
185 49 213 423 22 275 214 66
1 13 9
175 184 451 475 73 223 29 210 257
1 14 9
156 415 89 221 141 370 275 46 280
1 19 4
182 37 304 227
1 11 6
70 446 101 362 295 337
1 18 2
161 71
1 3 2
413 215
1 5 10
220 242 225 217 411 139 264 170 426 65
1 7 3
236 455 454
1 8 10
273 378 242 422 401 51 172 240 244 394
1 4 7
179 368 297 178 311 133 375
1 6 2
173 291
1 13 5
351 15 101 484 161
1 19 10
147 219 1 221 348 457 273 123 7 429
1 18 3
16 2 273
1 16 5
176 328 227 360 393
1 2 4
123 261 8 499
1 13 7
238 339 302 292 61 276 223
1 10 8
87 121 190 4 231 144 137 395
1 1 6
98 6 305 399 255 191
1 20 10
266 273 16 66 67 72 334 393 453 53
1 18 10
50 193 169 311 463 341 214 229 249 479
1 18 2
241 472
1 4 4
127 226 271 260
1 8 4
305 406 407 289
1 19 6
489 184 126 58 268 227
1 14 8
85 398 30 313 241 457 172 88
1 14 9
409 355 96 225 354 426 254 324 223
1 7 9
329 449 279 238 419 45 306 84 468
1 14 3
396 497 327
1 8 4
330 91 487 313
1 11 3
260 423 281
1 14 4
12 67 369 446
1 6 2
120 130
1 2 2
216 301
1 6 8
423 448 378 303 454 178 237 211
1 8 4
282 82 136 297
1 8 4
436 240 61 24
1 5 5
352 72 350 293 266
1 12 7
63 138 229 114 21 209 313
1 17 10
433 276 38 463 11 25 242 139 228 254
1 13 10
452 291 407 3 131 257 29 354 323 301
1 15 10
203 127 100 109 199 133 21 262 196 97
1 13 6
17 252 329 437 122 409
1 1 10
240 30 234 276 165 241 190 343 311 93
1 11 7
45 498 98 150 276 322 261
1 1 2
391 51
1 3 8
304 1 479 310 146 221 73 112
1 17 2
143 289
1 11 10
352 242 102 277 63 154 140 9 402 438
1 12 2
239 199
1 13 4
356 2 236 430
1 15 2
197 332
1 5 9
255 41 170 345 256 382 198 283 308
1 3 9
77 399 355 346 379 481 257 321 459
1 17 9
204 294 451 396 462 125 162 189 466
1 20 6
342 488 119 284 228 460
1 10 2
455 92
1 6 5
441 387 331 277 482
1 20 8
249 430 451 12 92 320 58 429
1 1 8
389 157 221 40 379 428 52 314
1 18 10
422 157 306 11 184 103 444 3 304 494
1 19 9
107 286 425 160 475 100 37 400 451
1 8 5
9 350 499 233 76
1 1 3
209 18 152
1 11 6
32 498 94 279 48 120
1 8 5
296 358 16 207 399
1 3 2
389 69
1 19 6
260 322 241 290 264 170
1 18 3
458 159 497
1 10 5
296 203 433 177 151
1 20 4
360 235 342 451
1 13 6
370 211 449 328 62 495
1 18 3
0 31 251
1 8 9
346 244 118 148 438 79 96 308 489
1 6 3
184 28 18
1 20 3
193 372 352
1 2 8
256 114 13 423 255 373 463 189
1 9 8
276 329 199 351 96 468 157 150
1 14 4
107 397 439 48
1 10 2
36 306
1 15 4
380 129 357 255
1 1 4
92 21 9 333
1 18 4
103 335 84 203
1 4 6
65 229 202 163 43 273
1 5 3
489 310 366
1 5 10
465 290 92 322 89 221 473 274 434 416
1 1 6
405 393 333 302 26 223
1 9 3
460 172 26
1 7 3
455 156 93
1 17 6
380 488 278 62 461 67
1 2 2
203 85
1 18 3
28 245 229
1 11 6
41 369 261 441 409 188
1 19 2
270 421
1 2 8
424 382 198 90 348 294 429 484
1 12 4
148 56 70 269
1 13 7
178 400 81 343 432 129 100
1 10 9
114 446 219 141 161 464 62 307 100
1 4 5
249 168 272 446 278
1 5 3
132 120 17
1 1 9
50 247 371 299 401 483 159 356 412
1 11 10
18 317 307 5 150 486 131 337 344 440
1 12 7
423 95 455 356 373 337 362
1 12 3
441 299 432
1 16 8
102 461 245 133 3 43 139 443
1 16 8
387 399 358 13 84 398 178 248
1 15 9
448 476 354 29 162 328 54 261 164
1 15 5
277 428 128 467 210
1 18 3
238 170 479
1 10 4
271 260 148 413
1 17 10
315 175 28 322 127 341 105 307 279 286
1 11 2
43 396
1 16 10
439 225 379 442 370 296 461 120 401 133
1 6 2
451 427
1 20 3
421 262 156
1 14 2
489 57
1 8 9
300 332 240 57 339 368 361 473 170
1 20 5
277 434 332 401 0
1 4 7
433 74 103 283 249 245 182
1 1 6
202 45 49 8 393 23
1 10 8
208 146 377 229 139 173 74 399
1 8 8
342 450 318 278 481 172 469 331
1 3 3
261 409 367
1 6 9
285 116 333 446 209 4 54 202 272
1 7 9
488 442 218 399 75 283 287 109 439
1 11 7
80 117 245 99 449 320 191
1 6 5
379 205 456 145 124
1 8 5
100 297 253 479 306
1 17 3
439 56 25
1 16 7
327 352 189 158 255 152 354
1 19 8
302 305 14 7 245 413 303 193
1 14 5
236 51 168 485 27
1 20 5
376 157 246 80 410
1 16 3
356 53 168
1 3 3
484 356 390
1 7 6
250 228 194 412 272 231
1 19 4
363 224 348 305
1 20 9
496 36 81 48 371 2 51 348 202
1 2 7
435 181 390 361 317 434 224
1 7 6
240 410 10 429 202 296
1 10 4
19 426 237 467
1 18 3
434 11 68
1 5 6
111 376 202 20 46 409
1 15 6
317 179 457 266 307 106
1 15 3
264 316 281
1 10 4
461 59 356 429
1 12 3
459 269 12
1 16 3
106 99 364
1 6 10
2 459 461 263 131 454 243 363 34 396
1 9 7
485 282 221 115 173 133 147
1 8 6
315 266 55 434 127 382
1 18 2
230 135
1 14 9
222 348 400 440 294 153 366 295 407
1 9 10
95 491 192 395 280 35 33 193 113 291
1 14 2
469 424
1 9 9
405 217 492 172 345 448 169 294 116
1 11 4
235 387 109 61
1 2 4
400 113 212 42
1 2 10
245 19 110 376 142 371 97 112 406 178
1 10 9
317 362 354 422 427 355 358 474 253
1 16 7
323 482 479 17 118 306 5
1 19 7
144 207 352 354 453 108 67
1 8 8
384 208 234 187 42 188 126 8
1 7 10
361 204 257 273 341 431 386 196 97 131
1 1 3
152 254 472
1 13 5
197 486 481 219 288
1 16 5
11 39 476 204 433
1 3 4
163 94 306 322
1 16 5
89 73 460 375 236
1 19 9
9 85 60 264 118 476 165 433 48
1 8 3
182 466 401
1 14 10
209 221 257 494 339 97 353 90 131 316
1 12 4
468 295 3 276
1 11 5
327 173 121 333 207
1 6 2
261 309
1 20 6
23 413 371 138 301 304
1 1 4
127 155 456 63
1 13 3
186 425 121
1 3 5
67 360 439 430 79
1 3 4
245 463 341 38
1 7 5
40 129 30 52 493
1 4 5
373 36 179 279 110
1 10 4
436 215 333 462
1 6 8
54 427 42 495 154 240 395 48
1 17 9
196 293 125 27 302 180 426 268 397
1 6 4
483 30 134 126
1 19 10
93 437 408 137 295 478 166 9 215 17
1 10 5
345 14 408 257 489
1 16 5
202 199 96 483 403
1 5 9
95 126 444 85 132 28 340 3 346
1 6 8
329 382 82 444 295 138 432 172
1 2 6
257 152 442 280 229 80
1 3 4
11 478 425 300
1 8 3
487 205 100
1 19 9
491 239 199 134 427 225 127 435 210
1 1 9
3 179 348 388 349 63 11 397 247
1 3 9
233 361 218 282 400 50 329 331 10
1 15 8
418 141 233 365 354 499 108 251
1 3 10
373 208 63 177 399 163 148 404 242 152
1 4 3
26 360 425
1 2 6
330 206 214 310 8 368
1 1 2
148 220
1 3 8
299 381 372 355 116 135 459 178
1 17 3
36 213 240
1 7 3
125 159 207
1 18 6
372 314 364 289 103 135
1 9 10
249 6 395 141 271 152 465 267 257 28
1 9 7
119 30 338 103 193 396 215
1 6 3
148 428 88
1 12 4
102 159 126 355
1 16 3
268 280 111
1 5 3
260 271 440
1 10 6
340 62 86 25 397 395
1 2 3
346 374 245
1 12 3
126 302 209
1 10 5
299 196 203 393 269
1 9 3
138 348 425
1 8 5
413 241 458 59 73
1 14 4
31 102 373 46
1 6 10
76 263 407 140 97 101 388 267 243 417
1 20 4
433 255 196 401
1 7 9
242 490 9 271 121 277 206 280 182
1 7 9
152 32 125 305 313 435 42 395 357
1 9 3
392 475 491
1 12 3
402 249 253
1 18 3
299 487 102
1 13 6
491 247 49 43 238 333
1 8 9
244 186 9 428 264 406 394 61 422
1 18 8
137 59 140 215 344 438 100 16
1 9 6
42 158 57 485 410 6
1 1 10
420 239 228 241 334 25 418 410 44 222
1 17 5
254 39 217 57 391
1 6 8
496 467 138 5 462 325 65 36
1 9 5
247 164 423 296 385
1 2 7
136 324 497 279 148 90 178
1 17 9
56 227 188 178 272 3 97 391 494
1 4 5
237 483 373 154 180
1 17 2
354 22
1 17 2
120 115
1 17 10
290 96 14 442 116 180 196 225 122 372
1 17 9
385 277 388 139 429 363 155 336 25
1 8 10
306 185 35 146 468 446 259 384 255 4
1 15 2
400 115
1 17 3
392 443 424
1 20 8
464 136 370 44 74 365 334 219
1 5 8
170 195 201 9 287 469 229 280
1 16 3
203 192 122
1 7 10
375 155 86 332 486 287 39 461 245 188
1 8 10
412 254 370 116 428 308 25 121 172 496
1 20 2
305 357
1 20 6
476 65 216 266 264 371
1 16 7
118 292 12 422 481 321 99
1 1 7
192 330 459 208 25 319 465
1 6 2
291 428
1 15 5
405 216 132 256 156
1 20 4
128 22 31 105
1 10 6
198 229 305 11 353 196
1 13 5
22 204 364 499 374
1 9 7
420 0 356 428 499 410 203
1 8 3
490 279 478
1 3 9
394 398 113 365 264 53 190 198 313
1 2 5
299 272 459 264 357
1 7 6
427 332 316 310 486 496
1 13 3
259 341 187
1 16 6
53 104 458 31 180 127
1 8 6
13 231 496 45 395 98
1 19 6
199 380 37 315 105 279
1 5 9
476 212 94 351 465 230 356 226 390
1 18 2
65 354
1 7 10
178 495 164 106 115 72 224 367 172 360
1 1 9
281 312 31 311 271 454 356 264 201
1 10 9
111 124 100 463 31 300 448 339 110
1 11 2
212 372
1 1 3
60 253 237
1 8 8
191 280 159 169 254 28 420 326
1 3 3
263 103 107
1 15 8
385 402 39 146 54 309 327 167
1 11 9
101 331 328 410 302 384 144 279 229
1 16 9
448 344 15 241 476 461 77 45 406
1 7 4
285 137 49 212
1 12 4
245 298 155 418
1 10 5
414 197 287 365 331
1 8 2
154 445
1 14 9
436 123 378 118 422 184 63 350 147
1 13 7
284 98 100 308 418 214 186
1 18 4
435 205 306 315
1 13 9
124 152 33 362 46 457 35 412 349
1 4 9
237 397 170 177 393 317 229 277 290
1 7 7
207 313 149 298 32 281 178
1 13 7
482 355 17 42 199 314 364
1 16 4
341 453 257 312
1 2 2
371 77
1 11 2
350 338
1 9 10
74 364 127 198 111 410 8 404 29 18
1 10 3
153 128 412
1 15 4
30 106 249 99
1 10 5
286 405 113 423 229
1 5 2
274 192
1 8 6
364 70 354 430 451 61
1 3 2
206 375
1 16 5
204 176 453 168 56
1 7 4
66 135 78 57
1 17 2
122 181
1 1 4
258 218 312 8
1 17 7
477 242 132 67 277 329 17
1 12 3
268 369 39
1 5 4
395 217 301 92
1 12 2
68 279
1 10 4
458 32 225 179
1 19 3
451 259 366
1 12 10
385 431 177 82 275 402 65 170 461 153
1 12 7
451 485 280 367 120 180 70
1 17 10
47 53 265 43 128 117 360 240 487 489
1 20 3
35 15 356
1 1 9
389 377 450 239 220 87 51 320 23
1 4 5
402 130 470 333 254
1 3 9
137 438 426 202 81 468 238 32 464
1 17 6
379 226 373 401 88 280
1 7 6
406 228 351 300 159 185
1 17 4
321 136 372 308
1 10 4
209 389 496 104
1 19 9
477 278 402 478 250 309 326 334 223
1 19 8
193 350 4 239 273 119 63 391
1 8 3
213 77 123
1 1 2
12 467
1 20 6
16 91 283 376 12 289
1 7 10
465 285 194 172 421 26 412 414 346 470
1 2 6
263 158 259 479 207 274
1 11 2
44 132
1 9 8
461 291 266 393 327 113 340 330
1 9 2
77 316
1 12 4
281 400 167 264
1 12 10
439 331 185 6 340 298 293 434 196 93
1 19 3
241 330 416
1 16 6
143 318 461 290 250 24
1 11 9
171 232 191 95 85 316 189 357 443
1 17 6
384 60 204 448 383 409
1 11 2
445 40
1 10 2
41 324
1 1 5
141 77 364 212 496
1 12 3
36 111 260
1 17 6
480 174 169 190 381 87
1 9 4
123 289 304 65
1 11 6
98 77 192 385 49 430
1 16 8
186 379 310 362 191 329 29 90
1 5 4
395 325 280 456
1 7 4
163 104 43 81
1 7 2
32 276
1 6 8
223 266 357 263 350 191 436 348
1 16 4
400 396 26 232
1 9 8
96 101 141 239 224 79 338 375
1 15 2
7 350
1 20 5
286 33 226 63 235
1 11 2
109 13
1 11 10
377 238 70 428 393 295 131 233 63 379
1 15 8
258 439 389 416 415 48 240 474
1 19 5
172 324 117 174 237
1 12 10
264 83 158 459 82 394 408 434 292 480
1 10 2
330 240
1 18 6
331 467 231 283 347 266
1 12 9
77 32 487 292 266 83 442 106 481
1 4 3
75 110 141
1 16 10
178 306 400 234 69 106 184 482 125 29
1 15 8
397 217 21 276 11 233 154 130
1 2 10
59 202 154 6 380 85 121 306 282 483
1 8 5
235 147 415 9 458
1 8 9
270 215 14 202 469 488 474 232 256
1 14 5
84 183 348 109 483
1 10 8
365 8 203 446 235 433 435 209
1 5 4
114 7 116 252
1 1 6
361 171 11 328 144 3
1 14 6
134 249 375 89 151 260
1 4 4
449 390 215 171
1 11 10
430 87 32 357 475 212 65 96 315 123
1 7 5
67 357 246 85 316
1 15 8
146 362 302 290 295 258 7 248
1 1 7
32 376 163 347 148 98 439
1 11 9
255 304 409 292 10 272 117 472 19
1 6 5
191 196 170 258 348
1 8 5
316 226 186 332 340
1 6 8
453 473 485 98 45 374 410 164
1 10 3
164 315 295
1 15 10
395 342 30 369 195 6 92 378 389 77
1 5 5
340 324 385 407 248
1 1 5
243 155 395 81 360
1 19 9
466 264 265 459 132 340 360 288 240
1 16 6
440 183 262 122 288 338
1 12 5
126 140 447 176 457
1 16 2
87 432
1 1 9
14 45 363 194 158 23 409 343 286
1 17 7
472 474 221 277 215 11 17
1 20 5
365 384 266 132 368
1 9 6
141 428 5 76 2 223
1 19 2
67 434
1 5 3
221 189 148
1 15 5
146 17 180 147 361
1 11 5
149 238 249 72 160
1 15 7
167 423 336 327 134 26 128
1 3 4
492 294 86 302
1 10 10
40 172 57 51 36 64 47 199 414 240
1 15 8
350 404 373 47 349 291 430 95
1 20 10
381 4 105 76 9 292 482 220 173 118
1 18 8
195 220 318 242 211 326 169 434
1 14 8
16 388 211 212 218 200 380 242
1 11 8
243 497 464 45 498 439 351 304
1 13 4
403 193 48 324
1 13 10
121 71 119 39 171 84 467 486 380 309
1 2 9
234 176 424 293 344 421 370 288 418
1 13 6
488 443 176 479 285 233
1 15 3
386 272 164
1 11 3
206 384 156
1 12 7
320 120 202 260 98 388 22
1 2 8
187 97 428 354 137 94 393 415
1 3 10
323 16 131 315 286 431 386 129 43 233
1 15 9
337 243 225 47 171 340 262 273 463
1 17 4
262 252 336 204
1 17 2
29 364
1 15 9
39 213 80 5 117 88 263 340 22
1 14 8
381 141 269 1 179 150 371 370
1 3 3
330 255 428
1 20 5
74 450 457 63 243
1 6 10
353 330 483 407 94 457 455 293 168 220
1 3 9
273 371 397 165 314 131 106 139 20
1 5 10
262 420 20 8 286 186 472 57 104 450
1 1 2
144 251
1 20 10
496 401 413 95 302 53 170 48 336 28
1 12 4
316 249 230 146
1 15 10
209 41 79 12 22 206 313 114 18 141
1 15 9
45 131 127 168 293 54 148 374 329
1 16 3
385 192 252
1 17 5
64 70 418 145 375
1 2 8
110 123 62 405 496 373 366 436
1 7 9
320 306 43 488 484 95 360 381 249
1 1 6
247 388 92 274 207 330
1 6 8
389 180 366 217 108 169 25 380
1 7 3
36 363 399
1 1 7
115 67 193 142 216 171 335
1 13 7
283 496 252 217 490 209 10
1 11 7
22 92 82 47 467 370 134
1 16 9
464 81 154 441 165 246 57 64 303
1 20 7
445 419 209 145 123 354 382
1 11 7
128 487 311 476 184 118 139
1 7 10
371 224 61 418 156 129 291 94 322 100
1 14 4
410 79 438 180
1 14 2
428 37
1 2 4
271 297 262 314
1 12 8
214 198 239 363 96 270 35 70
1 9 6
209 134 184 328 374 436
1 2 5
451 130 198 309 219
1 2 9
336 52 221 64 51 177 494 83 158
1 7 7
25 451 359 266 341 295 495
1 17 6
347 114 17 89 251 315
1 1 9
23 441 272 462 193 335 279 375 424
1 4 4
46 98 76 159
1 3 6
105 38 214 179 493 430
1 2 3
361 357 446
1 20 5
292 114 238 194 330
1 4 2
224 102
1 14 7
101 50 316 266 307 432 351
1 14 9
361 283 326 116 359 213 475 228 275
1 1 10
41 247 240 19 322 489 27 66 436 384
1 14 10
98 436 231 110 347 130 73 245 21 115
1 14 7
353 236 365 91 10 322 379
1 11 7
283 148 361 74 125 399 345
1 13 2
201 342
1 8 8
124 373 203 116 415 175 324 2
1 5 3
196 100 450
1 14 6
181 404 209 49 38 490
1 4 7
158 241 307 176 122 128 408
1 3 3
455 433 165
1 10 10
416 99 470 471 23 383 355 397 480 321
1 18 4
195 153 171 64
1 17 8
33 125 472 84 190 441 107 116
1 2 3
475 358 460
1 20 8
272 439 48 323 47 250 238 297
1 10 10
251 313 124 309 259 241 388 390 118 136
1 5 5
223 385 337 179 162
1 11 4
117 211 118 352
1 18 2
171 445
1 18 7
176 304 265 4 483 400 471
1 17 5
222 446 478 241 154
1 16 3
262 23 195
1 6 7
174 9 43 432 447 461 265
1 16 7
290 77 225 249 308 95 327
1 6 7
252 40 100 468 164 29 423
1 13 7
323 245 154 115 196 225 236
1 19 9
444 296 377 156 252 196 47 311 29
1 8 5
6 136 461 123 212
1 4 9
148 425 5 41 194 136 153 230 219
1 20 10
338 296 150 248 149 410 465 310 214 107
1 16 3
407 59 389
1 2 4
147 44 69 137
1 14 6
259 232 408 35 310 379
1 6 8
288 306 367 214 6 174 143 183
1 20 3
195 191 27
1 19 4
323 116 326 186
1 3 3
436 123 236
1 8 8
31 160 286 247 339 142 318 159
1 15 10
418 244 5 207 214 404 165 243 372 329
1 18 3
56 341 83
1 3 5
98 349 467 275 117
1 1 8
125 372 29 244 430 317 170 338
1 3 2
149 15
1 14 2
219 193
1 7 2
300 317
1 10 9
205 166 184 119 28 156 5 141 46
1 20 8
328 109 322 299 430 418 255 124
1 9 2
460 44
1 12 8
466 59 148 29 322 3 403 145
1 12 3
27 339 204
1 2 5
400 187 391 111 233
1 11 10
131 318 31 340 196 368 322 139 258 59
1 18 7
471 463 109 395 228 111 5
1 15 9
433 326 133 273 145 6 110 422 264
