500 2500 775
11 24 12 15 17 24 33 11 25 34 38 18 26 33 38 34 21 29 35 38 11 37 18 11 27 31 13 12 21 12 25 23 17 17 15 39 16 39 39 27 38 24 14 26 21 25 12 33 32 17 18 27 27 16 33 30 22 19 17 37 14 28 33 30 11 33 21 32 24 31 19 29 29 22 36 30 36 15 30 22 40 27 34 33 20 32 20 16 22 13 23 22 25 22 30 21 39 21 38 30 20 27 39 38 20 35 25 12 14 34 39 36 31 26 24 38 13 25 16 17 11 35 21 23 14 32 22 39 34 39 20 39 26 34 25 30 17 22 18 37 26 11 24 13 19 17 40 18 30 29 16 22 19 38 37 23 12 12 36 18 35 13 23 36 35 34 14 17 14 39 12 35 20 35 30 27 31 24 38 22 35 11 35 23 25 19 35 38 22 11 19 16 12 25 20 16 25 20 25 25 21 16 28 37 19 20 24 31 39 14 25 29 19 12 24 18 29 11 24 23 18 26 22 13 33 14 25 28 32 27 30 32 33 12 36 13 29 40 39 38 15 38 14 18 21 14 11 16 34 38 31 40 38 21 34 19 13 38 13 29 32 40 40 29 24 33 32 22 37 37 22 16 11 34 38 23 36 32 28 19 24 31 12 17 28 38 39 20 32 19 28 35 25 19 36 39 39 26 17 39 25 12 26 13 19 29 25 21 26 30 36 34 39 15 27 12 21 18 12 20 31 17 23 18 32 26 21 19 34 40 15 11 28 39 25 33 13 32 25 30 13 12 14 34 40 13 24 38 25 15 32 22 24 38 37 28 16 23 18 13 28 33 22 34 17 38 37 25 28 13 11 37 40 33 16 25 25 25 37 31 26 36 20 13 37 34 31 28 35 29 33 11 17 14 27 17 39 36 37 39 24 32 34 15 36 17 30 38 14 31 25 21 40 33 22 40 16 31 21 39 32 29 25 38 26 25 27 27 35 31 28 18 23 19 11 36 34 38 18 37 37 22 26 15 37 20 14 12 35 24 14 16 33 24 14 26 15 21 39 31 23 27 16 30 39 26 26 11 31 38 23 15 35 19 37 16 25 28 32 22 28 14 17 13 12 27 12 23 16 16 24 38 17 15 21 34 25 25 31 28
1 14 2 5 7 14 23 1 15 24 28 8 16 23 28 24 11 19 25 28 1 27 8 1 17 21 3 2 11 2 15 13 7 7 5 29 6 29 29 17 28 14 4 16 11 15 2 23 22 7 8 17 17 6 23 20 12 9 7 27 4 18 23 20 1 23 11 22 14 21 9 19 19 12 26 20 26 5 20 12 30 17 24 23 10 22 10 6 12 3 13 12 15 12 20 11 29 11 28 20 10 17 29 28 10 25 15 2 4 24 29 26 21 16 14 28 3 15 6 7 1 25 11 13 4 22 12 29 24 29 10 29 16 24 15 20 7 12 8 27 16 1 14 3 9 7 30 8 20 19 6 12 9 28 27 13 2 2 26 8 25 3 13 26 25 24 4 7 4 29 2 25 10 25 20 17 21 14 28 12 25 1 25 13 15 9 25 28 12 1 9 6 2 15 10 6 15 10 15 15 11 6 18 27 9 10 14 21 29 4 15 19 9 2 14 8 19 1 14 13 8 16 12 3 23 4 15 18 22 17 20 22 23 2 26 3 19 30 29 28 5 28 4 8 11 4 1 6 24 28 21 30 28 11 24 9 3 28 3 19 22 30 30 19 14 23 22 12 27 27 12 6 1 24 28 13 26 22 18 9 14 21 2 7 18 28 29 10 22 9 18 25 15 9 26 29 29 16 7 29 15 2 16 3 9 19 15 11 16 20 26 24 29 5 17 2 11 8 2 10 21 7 13 8 22 16 11 9 24 30 5 1 18 29 15 23 3 22 15 20 3 2 4 24 30 3 14 28 15 5 22 12 14 28 27 18 6 13 8 3 18 23 12 24 7 28 27 15 18 3 1 27 30 23 6 15 15 15 27 21 16 26 10 3 27 24 21 18 25 19 23 1 7 4 17 7 29 26 27 29 14 22 24 5 26 7 20 28 4 21 15 11 30 23 12 30 6 21 11 29 22 19 15 28 16 15 17 17 25 21 18 8 13 9 1 26 24 28 8 27 27 12 16 5 27 10 4 2 25 14 4 6 23 14 4 16 5 11 29 21 13 17 6 20 29 16 16 1 21 28 13 5 25 9 27 6 15 18 22 12 18 4 7 3 2 17 2 13 6 6 14 28 7 5 11 24 15 15 21 18
1 5 5
127 297 268 31 325
1 18 10
66 73 273 285 95 280 438 326 315 192
1 7 4
5 98 378 160
1 3 9
140 365 475 104 456 387 78 301 129
1 19 2
256 55
1 12 10
10 243 407 438 345 5 186 400 259 274
1 10 8
146 408 484 470 81 204 110 99
1 8 3
45 352 419
1 6 4
455 254 341 278
1 13 7
490 265 391 73 239 131 344
1 15 3
210 84 336
1 12 10
478 225 420 188 324 4 186 291 256 175
1 7 10
417 52 357 26 410 181 4 219 446 166
1 14 8
279 166 178 429 428 60 479 464
1 7 2
70 424
1 5 7
361 181 372 416 92 225 6
1 5 2
124 283
1 10 9
292 34 151 240 379 157 402 145 144
1 19 9
326 298 364 4 68 420 496 225 473
1 12 6
393 390 112 16 81 145
1 18 9
298 203 315 85 222 254 170 303 104
1 19 3
386 132 92
1 5 10
411 475 11 257 103 146 338 121 3 149
1 13 6
465 410 18 126 128 169
1 11 8
206 170 295 251 199 81 85 185
1 18 6
112 124 317 45 199 100
1 12 3
456 430 364
1 15 3
246 200 222
1 17 6
211 418 52 374 154 159
1 20 4
14 484 497 417
1 11 3
306 102 295
1 2 8
48 365 198 0 328 301 410 469
1 18 10
463 106 265 222 240 414 72 237 55 261
1 6 9
441 475 251 116 496 247 154 337 192
1 2 6
179 29 278 470 249 234
1 6 2
153 50
1 20 10
380 368 92 397 53 119 405 130 273 422
1 17 6
416 10 221 65 471 473
1 1 3
498 351 132
1 5 4
52 498 281 296
1 8 2
117 63
1 16 2
212 189
1 20 10
321 193 359 55 135 390 165 108 11 256
1 1 8
242 432 126 154 399 62 99 436
1 17 2
236 297
1 8 5
134 125 198 193 101
1 11 8
322 260 19 354 493 108 227 308
1 11 9
378 490 66 263 231 264 119 80 349
1 11 7
181 116 3 328 6 66 39
1 15 7
312 499 269 395 430 219 96
1 9 6
433 9 288 217 157 263
1 8 8
485 293 243 33 85 229 20 345
1 5 9
303 262 407 212 423 55 468 472 255
1 20 8
390 284 304 323 165 289 117 157
1 18 9
138 134 80 481 493 429 442 35 112
1 17 3
304 430 265
1 4 6
480 334 271 83 466 390
1 17 3
78 444 302
1 16 10
466 243 71 208 394 62 397 438 167 256
1 6 9
154 80 450 465 277 460 456 359 212
1 10 8
390 138 229 380 254 374 181 498
1 17 7
209 213 372 206 16 270 274
1 18 5
462 458 459 242 425
1 8 7
63 178 416 92 268 107 337
1 20 4
136 45 416 242
1 18 3
327 244 79
1 13 3
45 103 280
1 2 8
122 109 387 103 323 152 29 242
1 11 4
267 108 423 454
1 13 9
232 66 492 495 24 111 67 421 187
1 6 3
181 335 30
1 4 6
264 247 319 23 428 450
1 3 9
204 207 66 116 247 144 362 274 6
1 6 7
183 348 66 275 147 379 14
1 5 5
171 287 470 411 266
1 9 5
80 457 45 444 37
1 19 5
242 51 189 90 158
1 4 6
322 209 308 91 373 426
1 19 7
193 284 52 176 277 180 324
1 16 5
204 236 35 117 163
1 16 4
458 296 360 470
1 12 5
265 210 131 222 309
1 18 8
51 78 300 312 73 248 338 485
1 7 7
175 430 170 100 29 69 33
1 8 10
272 492 423 83 33 278 66 1 478 414
1 1 4
226 214 345 436
1 1 10
407 302 384 492 164 334 313 370 220 180
1 2 4
105 28 280 407
1 10 7
270 228 89 389 287 324 264
1 1 3
226 63 110
1 3 5
308 78 165 484 84
1 8 7
26 214 243 379 495 321 225
1 18 8
345 305 401 106 224 18 284 461
1 9 7
364 54 385 57 95 399 373
1 17 8
32 59 198 344 212 233 401 142
1 12 9
389 278 113 410 290 489 463 325 104
1 8 6
283 46 76 328 86 232
1 17 3
70 81 88
1 6 3
215 469 420
1 15 4
359 166 131 90
1 12 4
477 185 141 246
1 4 9
271 214 248 389 33 268 366 107 492
1 18 9
434 25 299 242 17 419 332 82 107
1 2 5
299 70 184 64 29
1 19 8
311 74 65 35 288 216 470 338
1 19 6
54 384 382 184 224 274
1 19 2
281 141
1 18 2
56 126
1 10 7
341 398 150 16 407 238 119
1 11 10
463 427 489 300 206 68 462 192 289 373
1 9 2
30 466
1 10 6
455 144 8 217 169 277
1 5 6
103 279 349 213 381 362
1 14 8
69 191 314 14 206 292 196 287
1 5 5
491 268 331 480 456
1 7 5
118 202 375 263 302
1 10 2
461 308
1 12 8
314 339 315 228 31 480 280 361
1 1 9
363 106 100 255 153 335 264 279 49
1 17 6
447 256 177 461 235 145
1 4 5
466 138 204 217 494
1 14 8
316 71 208 441 223 164 449 20
1 10 8
204 320 349 120 399 390 107 58
1 9 9
351 484 394 322 35 170 104 83 426
1 9 7
16 416 171 234 96 487 9
1 1 8
164 312 252 261 381 142 57 165
1 1 4
408 354 240 302
1 9 9
481 165 191 412 442 160 98 377 372
1 12 6
283 472 164 453 279 287
1 3 3
113 268 0
1 2 6
137 89 388 8 232 151
1 12 6
425 260 58 35 430 317
1 1 8
462 354 165 390 243 72 453 401
1 5 9
169 315 260 360 107 446 407 292 353
1 15 10
307 107 157 235 141 168 151 65 188 173
1 17 9
354 191 146 185 485 492 425 369 234
1 8 7
22 273 69 232 190 350 141
1 14 6
112 357 82 116 192 382
1 11 6
62 361 397 86 181 458
1 4 5
103 119 120 292 485
1 4 4
422 444 204 426
1 4 9
145 123 458 285 224 88 424 447 173
1 7 8
5 241 39 494 137 467 100 347
1 2 8
340 116 240 253 454 437 283 244
1 7 2
49 376
1 1 5
56 433 89 451 493
1 17 10
419 450 162 263 183 57 224 207 497 13
1 12 2
307 339
1 8 6
398 391 477 168 194 159
1 16 2
170 346
1 20 4
413 469 415 313
1 4 3
40 119 296
1 1 2
90 149
1 8 4
367 283 201 20
1 1 10
252 115 72 296 275 3 313 330 308 74
1 8 2
210 365
1 16 2
22 113
1 3 7
351 164 419 284 176 228 193
1 11 5
11 409 333 313 406
1 13 2
237 59
1 5 5
466 149 327 48 280
1 12 5
46 494 48 26 425
1 14 10
6 145 374 34 307 222 192 141 175 398
1 4 3
492 41 495
1 8 6
403 233 64 338 62 227
1 2 2
51 336
1 8 10
291 67 331 274 61 253 3 490 166 492
1 10 5
341 60 181 310 130
1 19 7
396 216 417 424 52 91 243
1 3 4
191 55 499 83
1 2 10
231 319 64 376 119 486 122 168 306 205
1 17 8
305 82 394 187 456 112 240 217
1 9 7
403 326 433 226 20 102 419
1 15 5
316 436 259 117 282
1 14 5
399 59 327 468 351
1 20 3
377 148 444
1 8 2
261 388
1 14 8
165 193 288 268 160 246 204 471
1 12 2
334 177
1 12 3
215 161 49
1 1 9
30 69 49 258 471 316 170 276 405
1 7 5
157 299 225 318 129
1 16 6
408 6 399 434 235 211
1 19 4
298 322 399 377
1 19 5
5 413 180 338 425
1 18 5
133 493 393 330 305
1 19 6
48 51 374 324 307 105
1 1 5
52 434 417 74 149
1 11 9
282 470 130 249 261 46 195 241 296
1 20 2
227 40
1 14 5
417 286 185 143 237
1 1 8
392 439 23 449 431 346 242 140
1 20 3
176 202 262
1 13 7
149 101 9 192 247 380 112
1 8 2
393 342
1 11 8
400 466 265 387 236 24 384 101
1 17 2
394 223
1 13 5
107 439 206 414 113
1 17 2
154 399
1 14 6
442 225 229 167 250 329
1 20 3
249 17 227
1 9 4
42 354 264 151
1 12 2
499 188
1 19 2
312 268
1 9 6
96 173 231 311 337 425
1 9 8
333 488 309 129 110 326 470 489
1 1 6
34 356 421 324 52 434
1 17 4
44 29 459 419
1 14 8
392 81 2 322 330 367 44 109
1 3 7
97 288 299 0 364 283 361
1 18 7
322 484 13 212 425 329 417
1 19 8
110 135 22 126 224 80 191 144
1 7 3
471 412 98
1 1 5
407 85 69 182 335
1 7 2
45 478
1 16 4
173 122 79 263
1 8 4
34 31 241 220
1 9 2
25 10
1 15 8
37 41 129 172 118 360 372 259
1 19 2
271 378
1 11 6
41 452 67 425 134 100
1 12 4
347 11 223 332
1 19 8
219 374 280 1 453 91 82 34
1 3 10
455 340 284 373 457 420 37 329 45 495
1 18 5
83 248 297 456 95
1 12 10
370 189 242 473 429 354 88 487 326 5
1 8 3
480 465 133
1 7 7
435 229 13 64 275 201 54
1 4 2
472 369
1 20 6
316 184 413 179 99 342
1 18 10
491 456 115 210 165 60 131 198 325 90
1 11 3
325 481 430
1 13 10
482 271 78 415 48 335 90 308 367 69
1 5 6
322 413 116 266 468 373
1 13 10
431 134 97 252 384 58 414 19 201 219
1 16 5
467 216 442 415 452
1 10 6
321 256 41 134 290 123
1 13 3
233 478 8
1 20 6
470 444 451 428 81 255
1 3 9
274 211 359 188 456 303 15 65 25
1 8 2
274 242
1 2 3
381 441 43
1 2 6
61 66 73 430 489 384
1 15 4
238 284 294 148
1 7 6
479 493 29 97 458 139
1 6 5
271 226 106 257 276
1 14 8
106 205 490 422 345 339 35 310
1 10 4
210 400 271 123
1 14 3
180 301 21
1 15 9
444 139 113 163 432 57 296 45 122
1 9 6
134 107 92 348 246 34
1 2 6
30 303 18 455 362 446
1 8 2
399 309
1 19 5
185 7 282 408 24
1 4 6
325 470 383 119 19 296
1 10 6
12 430 484 412 140 291
1 16 2
74 424
1 11 8
220 419 323 340 491 377 2 492
1 18 8
228 270 118 498 166 394 95 389
1 3 5
56 104 4 65 142
1 4 5
254 0 440 120 413
1 8 2
455 131
1 12 9
117 198 334 358 180 373 427 381 71
1 19 10
361 297 65 238 223 309 419 143 157 203
1 1 6
390 110 1 189 94 173
1 16 9
98 442 279 337 34 197 427 215 366
1 11 2
33 440
1 9 3
285 382 464
1 3 4
38 340 154 441
1 11 8
120 468 80 132 218 255 53 327
1 1 4
358 52 491 425
1 7 4
242 360 287 73
1 17 4
145 290 92 260
1 9 2
84 381
1 11 3
286 365 108
1 18 7
203 330 159 65 352 429 173
1 19 10
137 219 394 465 24 402 299 459 348 74
1 15 6
249 36 245 110 152 386
1 20 8
463 221 188 354 239 36 280 99
1 1 9
385 302 288 387 180 151 172 36 368
1 16 6
412 4 182 112 17 377
1 5 2
372 5
1 13 8
107 53 440 491 346 129 259 60
1 3 10
208 243 203 16 383 472 44 4 132 398
1 3 7
428 234 388 80 179 316 458
1 18 3
410 300 136
1 12 7
234 212 286 427 207 290 353
1 3 2
16 40
1 1 2
155 21
1 16 8
108 427 490 484 378 302 406 385
1 6 9
159 433 427 368 91 410 61 238 152
1 8 6
166 395 78 38 447 279
1 9 4
498 275 478 132
1 5 4
224 159 19 176
1 17 8
453 298 430 423 104 85 418 407
1 6 5
257 161 12 354 242
1 5 10
397 289 324 264 146 230 386 434 416 421
1 1 8
30 246 103 473 421 193 182 19
1 20 8
151 303 374 369 394 393 210 363
1 11 2
339 15
1 17 8
407 400 353 355 136 122 497 421
1 6 8
475 426 57 345 163 122 463 63
1 11 5
192 136 118 318 28
1 3 8
0 372 300 270 134 346 338 169
1 19 9
134 307 1 107 231 56 438 76 265
1 13 10
442 172 440 143 126 449 151 38 339 53
1 7 3
463 31 90
1 4 3
146 225 297
1 3 9
447 313 211 269 465 408 259 352 342
1 2 4
25 409 481 313
1 15 10
463 415 361 261 134 330 276 209 290 260
1 11 10
81 351 434 401 3 12 380 153 276 266
1 5 5
77 374 229 386 249
1 15 2
455 373
1 5 10
252 125 1 484 265 2 464 416 318 363
1 10 2
111 1
1 15 5
479 37 54 457 189
1 20 6
71 131 135 274 74 303
1 14 3
7 497 199
1 16 2
140 377
1 15 4
269 454 387 304
1 4 10
48 383 432 177 151 52 397 65 414 0
1 11 3
100 67 432
1 12 7
320 91 449 350 58 490 303
1 11 5
464 218 110 55 291
1 1 2
386 393
1 7 10
357 61 488 286 496 433 257 69 15 218
1 6 5
92 150 486 118 371
1 2 10
188 43 56 429 55 358 108 58 427 486
1 5 3
319 66 7
1 11 2
359 414
1 10 9
47 340 191 107 443 14 456 109 156
1 18 9
460 110 133 116 493 129 148 398 298
1 13 9
37 0 295 496 90 447 249 424 4
1 8 8
297 394 412 329 399 317 271 142
1 6 9
474 399 467 290 271 487 253 397 35
1 6 4
428 254 160 412
1 19 4
6 442 5 177
1 9 10
31 187 197 17 385 46 208 377 109 164
1 4 2
327 430
1 11 10
400 150 399 272 360 298 34 484 222 108
1 14 6
304 482 131 17 115 134
1 19 9
449 273 257 203 314 173 362 86 74
1 5 7
467 139 431 188 247 22 174
1 6 10
275 117 219 216 81 497 125 390 183 168
1 6 9
435 442 333 275 458 362 174 436 358
1 16 8
268 362 260 133 224 250 39 170
1 13 3
277 394 117
1 6 5
283 461 95 106 260
1 13 6
87 397 325 467 379 221
1 13 9
158 313 238 226 35 143 235 157 301
1 18 2
2 300
1 15 2
417 235
1 2 3
105 343 22
1 9 7
384 194 446 79 225 282 261
1 8 3
77 75 9
1 18 3
246 304 157
1 9 8
262 101 117 410 494 146 147 324
1 15 4
303 91 156 495
1 20 9
131 1 169 14 464 237 32 269 42
1 13 9
13 85 305 248 436 274 401 342 107
1 17 2
300 82
1 2 8
19 371 172 485 46 13 58 199
1 13 8
43 387 232 491 139 420 240 434
1 2 3
29 218 471
1 11 7
222 468 128 484 79 489 411
1 9 2
21 129
1 17 4
35 144 451 322
1 11 5
120 13 255 171 186
1 12 3
42 11 304
1 9 6
312 322 381 137 82 334
1 19 6
337 295 419 170 193 117
1 10 9
171 461 169 191 306 304 143 26 312
1 10 6
121 346 369 96 130 238
1 2 4
498 324 162 110
1 7 2
118 355
1 3 4
22 278 217 338
1 20 7
484 412 490 352 228 104 275
1 12 6
490 309 343 111 8 268
1 17 6
325 429 323 350 342 156
1 16 10
309 234 154 187 270 383 295 470 310 0
1 13 2
448 295
1 4 8
331 370 309 388 257 492 107 188
1 15 5
237 401 354 290 481
1 9 9
134 110 435 212 268 232 368 459 86
1 4 8
309 291 133 190 434 288 344 127
1 12 4
488 73 121 294
1 18 8
51 99 147 81 455 192 343 231
1 17 4
3 498 371 210
1 10 8
396 290 152 483 454 133 493 162
1 10 8
194 272 373 446 126 336 313 97
1 20 10
29 215 3 154 488 383 396 213 329 137
1 18 10
140 497 269 345 353 151 239 262 284 343
1 7 7
395 274 81 64 442 68 0
1 20 2
100 390
1 12 7
277 391 398 44 388 264 265
1 10 8
8 407 38 164 77 260 110 282
1 11 4
256 62 154 363
1 10 4
320 334 495 220
1 12 6
286 0 444 225 148 203
1 10 7
418 368 211 7 174 197 430
1 5 4
366 407 374 262
1 9 3
181 257 201
1 5 5
36 150 207 387 372
1 11 10
201 21 163 124 117 33 481 286 252 327
1 12 10
116 74 349 15 24 426 76 289 320 331
1 7 10
456 193 232 231 271 490 395 342 176 110
1 14 7
270 343 13 58 471 24 43
1 8 4
376 85 30 60
1 12 2
425 250
1 1 8
421 445 440 410 447 263 148 46
1 12 3
367 81 154
1 6 10
447 173 147 374 384 483 497 25 330 77
1 8 2
230 60
1 10 10
351 76 102 348 18 373 380 212 33 409
1 1 9
94 229 492 410 47 284 202 133 322
1 19 4
217 345 76 24
1 20 5
326 369 406 43 479
1 11 9
59 312 220 179 426 105 446 329 228
1 17 4
148 264 498 29
1 9 7
459 389 151 283 9 326 218
1 19 8
159 363 452 291 373 326 194 274
1 17 2
71 283
1 20 3
456 293 483
1 20 2
300 73
1 16 2
21 269
1 1 6
168 40 75 109 419 255
1 11 6
118 265 180 157 344 319
1 4 7
42 330 351 15 414 301 129
1 13 10
301 88 73 164 146 376 139 168 103 81
1 1 8
309 494 466 200 256 25 223 305
1 14 10
6 315 346 24 170 128 231 314 123 408
1 12 7
14 459 383 322 418 213 395
1 4 10
199 465 348 261 154 323 290 98 102 43
1 11 10
445 239 244 194 118 313 32 115 437 33
1 20 3
394 110 122
1 19 10
379 447 240 183 169 211 289 26 19 485
1 16 7
18 194 79 338 480 116 270
1 14 10
7 69 50 476 170 186 436 488 20 352
1 9 2
405 335
1 11 5
220 63 443 105 161
1 14 4
63 208 155 38
1 14 10
2 438 159 219 102 334 106 294 453 374
1 4 2
357 187
1 20 6
433 204 422 124 487 266
1 9 3
115 17 442
1 6 8
443 148 167 460 25 498 270 242
1 19 8
63 147 28 22 149 233 108 110
1 6 5
421 20 385 128 401
1 16 7
457 249 190 388 153 421 453
1 1 8
394 252 300 311 178 290 99 51
1 1 7
241 426 336 219 345 409 380
1 19 6
148 237 20 285 136 378
1 18 10
77 334 294 298 60 376 256 104 410 483
1 16 10
64 115 265 17 356 423 53 304 332 418
1 15 10
228 471 206 389 349 160 140 159 77 498
1 12 7
49 418 34 89 299 25 130
1 19 4
78 75 208 266
1 15 9
51 53 64 324 377 477 29 36 54
1 2 6
437 253 3 108 239 46
1 5 6
416 290 295 39 264 372
1 16 4
222 109 205 322
1 20 2
314 375
1 8 6
213 75 410 305 239 301
1 4 5
245 351 399 397 29
1 5 2
90 138
1 1 5
228 394 130 90 83
1 11 9
290 32 354 132 358 437 495 260 187
1 6 7
372 487 65 15 278 495 43
1 17 3
362 112 150
1 6 7
83 485 436 325 86 96 426
1 12 7
188 261 252 77 419 45 241
1 1 8
251 114 419 71 235 410 426 246
1 20 3
33 129 189
1 8 3
427 112 180
1 4 3
116 491 149
1 2 10
161 258 475 354 487 71 107 458 403 377
1 14 10
389 179 40 248 134 415 317 94 250 155
1 18 3
26 444 120
1 10 7
33 467 479 391 125 455 74
1 4 6
186 0 61 432 480 452
1 3 8
475 20 302 80 313 291 120 100
1 12 9
187 164 184 191 260 74 90 112 233
1 15 2
51 472
1 11 5
258 88 477 61 303
1 17 3
33 270 36
1 5 8
17 478 31 369 5 185 309 51
1 7 5
31 422 157 494 5
1 6 10
29 162 345 331 364 202 273 125 339 155
1 5 10
275 8 136 493 157 181 335 312 77 354
1 16 7
336 75 198 373 266 184 78
1 11 4
266 331 312 160
1 11 8
94 444 43 152 411 174 160 3
1 16 2
315 143
1 8 9
154 335 182 448 444 27 238 416 116
1 16 6
19 219 36 84 496 314
1 5 10
499 214 490 252 472 302 152 434 426 354
1 19 6
127 248 73 251 416 491
1 8 5
483 73 2 250 180
1 20 8
430 499 212 313 273 98 170 218
1 5 4
275 203 460 220
1 13 10
450 244 423 169 321 38 83 185 263 101
1 19 6
35 286 352 160 310 44
1 16 3
117 157 33
1 4 7
88 347 156 258 123 480 378
1 13 3
35 275 88
1 7 6
364 224 459 373 307 402
1 20 10
89 391 461 387 56 10 467 388 235 471
1 18 3
239 120 253
1 17 4
177 24 423 75
1 17 7
459 28 363 87 61 330 42
1 11 8
473 405 82 303 243 97 140 86
1 18 9
339 82 189 197 484 264 333 258 70
1 19 6
452 9 81 256 359 10
1 11 8
90 401 424 185 41 65 232 198
1 2 4
333 16 416 121
1 7 6
256 124 114 169 480 20
1 13 4
336 74 168 236
1 10 10
248 53 57 182 231 319 498 99 304 378
1 2 9
48 97 3 314 83 419 339 58 410
1 4 5
446 112 106 147 202
1 15 2
342 150
1 16 10
426 22 463 27 175 94 241 491 327 228
1 1 3
282 139 183
1 11 6
107 263 406 267 213 144
1 15 5
357 164 57 426 421
1 8 8
11 224 429 316 93 13 324 366
1 13 6
477 302 256 453 70 80
1 10 10
234 106 294 164 30 56 26 97 496 230
1 12 4
153 486 52 320
1 8 4
93 361 155 445
1 12 2
52 447
1 7 8
243 232 366 15 444 203 295 463
1 15 5
163 399 58 204 183
1 12 6
30 330 428 108 121 32
1 17 5
203 477 97 228 386
1 8 9
166 425 22 422 158 354 261 87 383
1 20 8
304 85 129 56 490 274 118 302
1 7 2
219 338
1 9 8
297 271 56 328 264 487 401 28
1 20 7
215 387 415 368 29 76 358
1 10 2
358 312
1 8 6
199 56 393 83 233 160
1 9 3
15 229 385
1 18 7
466 323 76 207 296 183 274
1 15 7
108 151 487 393 392 34 76
1 11 4
205 468 126 83
1 18 2
150 19
1 11 10
273 438 190 75 343 123 390 340 110 183
1 10 5
461 466 212 195 285
1 13 8
281 301 466 36 462 144 163 170
1 16 8
398 368 38 271 383 230 356 394
1 13 9
210 157 182 223 145 90 23 298 128
1 11 2
497 206
1 2 6
99 411 239 312 383 429
1 9 4
214 234 331 90
1 17 10
408 59 135 342 402 424 11 165 400 224
1 7 9
297 98 222 249 175 347 440 289 129
1 19 9
168 65 195 245 479 299 132 491 470
1 13 9
158 456 104 65 164 381 6 25 469
1 13 4
312 391 143 456
1 16 7
144 427 458 27 183 54 201
1 5 8
121 343 109 248 387 228 17 23
1 16 5
380 347 349 94 398
1 3 4
392 387 36 143
1 2 5
430 173 348 171 158
1 14 9
318 272 24 299 39 493 371 157 19
1 4 3
257 193 96
1 11 5
209 170 235 157 171
1 4 7
69 244 82 35 114 387 208
1 2 4
487 461 370 28
1 7 9
429 339 199 112 466 115 487 369 212
1 2 3
66 477 448
1 14 4
51 207 204 399
1 7 3
192 253 198
1 6 9
298 436 455 437 311 432 10 75 94
1 19 10
420 370 137 335 53 16 229 153 201 425
1 18 6
30 260 133 0 438 493
1 5 4
200 380 339 449
1 6 3
110 242 341
1 15 10
284 449 184 101 110 465 73 116 311 189
1 1 10
138 403 473 434 255 306 221 460 222 42
1 8 2
382 158
1 16 10
410 272 46 308 170 223 475 152 273 334
1 9 5
288 151 53 364 481
1 14 3
53 7 164
1 14 3
162 228 317
1 20 6
198 258 276 58 122 367
1 7 4
21 310 100 319
1 7 2
51 161
1 5 7
116 57 180 261 89 466 197
1 3 4
462 191 12 458
1 15 6
329 53 400 79 364 25
1 8 10
104 183 360 33 208 412 376 123 274 129
1 7 10
88 255 283 440 84 441 174 322 279 115
1 11 3
63 27 486
1 15 2
132 94
1 19 10
337 264 45 160 485 217 213 141 475 186
1 20 10
47 31 491 186 362 110 185 133 222 58
1 15 2
310 153
1 8 3
484 164 468
1 8 2
334 435
1 15 4
455 73 489 427
1 7 7
441 334 278 61 155 24 180
1 3 9
182 320 492 213 264 273 149 8 330
1 9 8
238 78 313 153 328 221 225 316
1 5 6
401 433 164 393 157 483
1 13 8
373 154 377 298 131 6 84 408
1 3 9
223 78 350 429 369 143 42 157 254
1 9 10
447 86 214 438 380 45 448 484 274 128
1 6 4
404 231 302 40
1 8 5
294 460 158 424 255
1 11 7
128 438 208 134 154 429 476
1 18 3
199 108 434
1 6 4
308 418 165 417
1 7 8
393 19 346 379 461 315 492 65
1 14 4
172 438 188 187
1 1 9
471 493 233 390 444 303 341 412 477
1 2 5
290 177 381 376 213
1 18 4
352 483 485 0
1 7 10
274 176 152 3 467 349 22 371 71 114
1 3 5
372 38 164 133 425
1 16 2
172 96
1 14 7
318 280 36 153 103 415 210
1 16 4
230 272 164 296
1 1 6
313 466 113 84 30 422
1 4 2
474 166
1 13 10
18 48 455 2 43 100 231 323 461 269
1 8 8
443 233 110 456 274 401 50 16
1 7 4
496 446 327 223
1 17 8
125 307 121 367 378 439 337 400
1 10 3
394 373 69
1 10 4
194 295 268 334
1 14 9
434 176 147 370 194 178 425 362 243
1 16 8
287 239 60 447 7 170 260 232
1 15 10
24 53 280 21 187 273 10 329 101 31
1 13 8
187 416 211 393 273 483 493 461
1 13 8
489 255 133 269 134 66 136 128
1 3 5
113 422 181 394 414
1 2 6
456 40 118 383 159 304
1 5 4
167 227 484 83
1 20 3
271 476 330
1 15 4
60 78 288 49
1 15 7
57 11 144 250 455 160 422
1 9 5
382 211 15 415 288
1 1 5
214 146 358 412 410
1 6 10
377 198 17 2 385 147 74 51 397 225
1 18 9
200 497 186 358 175 467 448 158 233
1 15 10
59 299 147 136 101 379 161 388 426 189
1 4 4
17 428 383 279
1 13 10
340 97 485 487 93 472 411 429 57 170
1 3 9
224 472 439 89 175 330 240 392 495
1 19 9
82 448 487 173 213 283 376 252 449
1 19 8
127 261 428 125 63 432 328 469
1 10 8
368 176 354 64 226 303 210 17
1 3 4
45 156 197 460
1 3 3
172 116 143
1 2 8
415 197 379 139 219 225 186 398
1 3 10
414 308 35 230 109 274 293 457 304 430
1 20 7
307 148 216 162 196 227 359
1 18 10
411 441 169 159 444 377 278 19 172 442
1 5 6
15 181 280 484 355 347
1 3 10
180 467 444 425 149 234 60 237 119 89
1 11 4
247 46 297 13
1 1 2
94 466
1 9 3
16 115 59
1 1 5
186 308 82 392 488
1 1 2
63 346
1 6 5
268 52 243 294 372
1 17 3
482 111 340
1 1 3
341 132 284
1 14 3
47 326 391
1 7 9
450 102 378 189 476 31 170 6 370
1 16 9
62 454 128 358 388 361 402 21 133
1 1 7
141 251 456 137 359 203 286
1 14 7
86 222 59 0 221 108 188
1 15 8
376 295 164 156 231 370 49 456
1 19 8
232 29 254 286 415 123 460 299
1 14 9
132 431 493 98 45 71 104 370 119
1 3 9
357 69 54 73 436 107 285 40 89
1 13 9
171 247 215 136 328 385 416 149 61
1 16 10
7 254 351 405 6 91 19 346 345 328
1 4 9
466 54 364 121 22 84 186 147 2
1 8 5
117 341 252 251 204
1 1 4
377 239 466 468
1 2 9
234 152 176 179 153 357 216 64 208
1 16 2
302 226
1 3 2
407 440
1 7 4
156 5 174 226
1 3 4
267 36 322 414
1 10 7
249 408 129 300 153 280 372
1 8 2
477 18
1 6 7
401 247 75 241 390 110 73
1 7 5
379 249 364 373 312
1 13 8
465 239 272 33 32 296 327 232
1 11 7
380 2 156 387 140 483 338
1 5 9
137 417 264 344 367 242 150 54 283
1 9 4
217 11 421 202
1 14 10
43 228 203 122 36 293 47 13 365 284
1 4 7
282 493 316 263 67 219 397
1 17 4
322 170 68 269
1 2 9
270 495 396 273 288 214 349 284 354
1 19 9
143 420 43 103 327 352 303 152 51
1 15 10
273 54 231 199 85 144 460 153 79 163
1 6 5
69 68 24 44 59
1 17 7
396 57 195 249 384 205 43
1 16 3
31 284 217
1 19 3
166 218 368
1 10 6
390 234 177 21 20 243
1 18 9
442 64 390 191 309 154 53 24 373
1 12 9
396 273 136 324 423 205 224 294 335
1 15 2
496 294
1 1 6
26 63 221 28 392 463
1 4 5
380 117 492 419 412
1 15 9
397 187 329 190 31 283 458 153 104
1 19 7
34 252 31 270 377 204 292
1 18 5
497 396 253 59 470
1 14 6
440 387 46 189 360 389
1 19 5
65 341 207 398 496
1 13 2
241 98
1 6 9
280 446 382 236 491 281 352 384 277
1 12 6
208 184 67 229 304 238
1 15 7
392 98 222 333 435 31 53
1 5 5
115 356 370 316 40
1 20 7
360 177 319 184 39 476 146
1 15 10
430 332 412 213 199 61 337 496 128 236
1 18 8
458 144 279 212 321 319 482 131
1 5 10
465 449 21 276 58 194 69 408 379 360
1 2 7
485 221 477 169 495 119 356
1 12 7
444 328 133 232 487 277 135
1 1 5
19 187 384 374 160
1 1 9
35 66 73 89 333 262 10 430 30
1 2 4
85 135 165 401
1 14 6
258 79 222 103 142 86
1 2 8
436 247 157 12 91 299 490 408
1 15 4
66 84 279 382
1 5 2
327 143
1 6 3
275 280 84
1 11 4
469 4 274 59
1 10 2
322 341
1 12 4
448 327 320 225
1 4 2
220 87
1 14 5
84 6 474 339 35
1 18 3
498 239 406
1 7 8
145 31 401 480 301 341 255 453
1 15 5
54 499 478 358 389
1 14 6
480 314 247 37 298 23
1 4 3
364 200 363
1 6 8
83 353 220 156 285 498 479 223
1 12 9
339 154 270 78 399 57 297 68 447
1 4 7
258 125 136 68 88 79 285
1 11 8
222 188 149 325 445 368 133 476
1 9 8
232 336 276 45 377 398 56 372
1 3 5
403 350 102 106 229
1 9 2
261 303
1 17 4
366 466 147 215
1 17 8
222 205 259 79 82 339 402 322
1 3 8
342 41 435 24 275 34 457 42
1 7 5
24 150 483 91 376
1 16 10
68 493 47 110 272 416 290 216 296 9
1 20 7
369 268 480 51 59 76 362
1 3 7
178 272 254 320 237 430 203
1 16 3
316 112 335
1 10 2
109 147
1 12 10
239 373 345 34 119 306 394 122 198 45
1 19 10
95 63 460 236 171 407 443 288 372 356
1 11 7
224 142 200 207 177 249 474
1 20 3
197 402 163
1 11 9
114 187 432 440 69 435 262 367 393
1 4 5
468 326 311 292 359
1 18 2
253 193
1 20 6
51 150 322 3 16 464
1 11 9
224 36 266 97 251 142 335 466 295
1 16 10
273 6 211 464 136 351 334 471 193 13
1 17 5
465 304 341 31 327
1 6 7
491 182 14 437 128 248 384
1 4 2
385 394
1 8 9
265 168 471 305 55 271 417 158 365
1 6 7
402 185 150 341 153 63 186
1 1 7
365 335 41 313 228 148 463
1 8 5
175 163 455 410 348
1 8 2
72 490
1 6 7
67 95 360 362 237 15 392
1 11 6
411 348 56 434 86 394
1 3 2
97 381
1 18 8
173 153 471 226 209 496 133 293
1 11 5
155 208 23 324 248
1 8 3
460 241 305
1 14 5
93 262 244 378 26
1 10 3
465 197 131
1 6 2
437 166
1 11 8
15 452 28 226 323 478 370 100
1 3 10
218 346 443 255 353 90 414 196 366 136
1 7 5
430 149 181 52 304
1 20 3
27 52 208
1 20 5
273 382 458 357 12
1 18 5
126 190 302 288 117
1 6 5
442 247 241 204 303
1 7 9
320 182 469 457 401 495 271 299 479
1 14 6
349 47 323 318 65 328
1 12 6
413 425 203 354 96 254
1 4 9
102 131 376 364 11 105 371 39 284
1 17 4
119 212 40 358
1 13 5
366 138 487 470 25
1 18 10
293 475 119 273 245 298 460 281 168 385
1 10 7
424 324 125 382 81 162 426
1 8 10
337 355 282 208 204 72 129 233 177 78
1 1 5
313 483 144 109 280
1 10 4
82 463 154 412
1 6 6
400 314 161 63 136 274
1 18 7
444 234 199 231 278 339 457
1 17 6
1 247 444 365 45 393
1 3 2
302 164
1 10 8
106 302 407 162 144 275 222 364
1 9 8
414 290 26 124 223 169 452 242
1 20 10
168 452 420 126 93 351 181 216 497 113
1 18 6
346 244 240 233 391 64
1 2 7
221 303 355 195 202 482 35
1 15 8
229 324 369 489 199 154 325 64
1 7 4
241 290 288 301
1 2 2
4 162
1 10 7
445 261 356 390 35 399 127
1 8 5
49 209 234 229 308
1 11 2
95 202
1 11 8
443 295 466 95 105 481 114 16
1 7 9
9 375 488 4 68 124 311 300 470
1 3 7
273 87 183 447 469 25 280
1 2 8
356 153 155 166 497 154 360 165
1 6 8
142 449 89 53 55 334 452 424
1 19 6
481 217 383 464 432 370
1 9 9
482 6 339 498 352 285 396 253 330
1 2 9
312 475 314 315 168 476 246 335 400
1 6 7
149 226 205 123 314 325 243
1 4 6
89 319 232 330 422 97
1 13 4
125 197 184 438
1 18 4
131 475 477 109
1 19 5
325 473 191 75 370
1 10 9
164 407 52 125 48 465 428 202 386
1 3 9
261 289 48 458 414 344 210 486 402
1 13 2
150 313
1 8 7
264 39 382 136 395 133 466
1 18 4
112 77 210 307
1 3 6
160 390 312 184 156 382
1 19 2
126 123
1 18 9
232 405 410 374 141 358 47 389 104
1 17 7
59 244 33 239 219 388 73
1 13 5
351 361 316 383 137
1 7 10
388 179 251 197 100 56 181 35 466 66
1 5 3
469 373 115
1 8 3
337 64 158
1 15 5
410 369 138 71 156
1 3 5
475 90 6 71 441
1 4 3
386 243 335
1 10 9
212 304 299 361 200 493 148 484 81
1 4 7
164 478 456 494 155 81 468
1 7 10
387 307 351 243 278 358 493 33 48 279
1 5 7
283 0 159 60 306 166 89
1 11 4
347 139 432 288
1 1 5
285 287 49 396 294
1 20 7
342 357 399 452 164 199 350
1 12 8
325 154 465 319 497 386 180 120
1 5 3
245 303 346
1 10 10
221 4 293 274 297 60 111 273 16 422
1 16 3
136 84 325
1 2 10
415 402 413 456 195 436 268 80 72 279
1 6 9
299 20 390 244 108 399 221 413 452
1 8 2
457 329
1 15 10
242 243 66 142 90 431 378 289 31 131
1 9 3
34 114 32
1 7 7
330 447 321 30 259 499 335
1 19 2
235 411
1 7 9
288 379 146 73 238 441 289 321 240
1 10 7
438 197 236 279 78 181 301
1 18 7
356 176 478 497 69 207 241
1 19 10
98 357 125 380 299 412 95 460 433 465
1 9 4
0 361 453 147
1 13 2
46 424
1 1 8
8 46 206 215 9 85 392 65
1 20 10
335 60 97 368 322 177 290 104 380 488
1 20 4
472 212 30 318
1 11 5
427 106 134 67 455
1 11 8
90 141 178 27 457 281 340 423
1 6 2
359 373
1 9 4
16 260 102 385
1 12 5
253 336 312 278 484
1 13 5
105 345 125 490 308
1 19 4
400 370 316 189
1 3 10
381 336 331 368 126 97 282 61 322 94
1 20 6
438 147 201 207 415 232
1 17 8
32 175 118 227 103 134 36 218
1 17 3
131 289 236
1 5 10
339 189 115 157 110 2 450 228 292 230
1 20 6
374 189 392 38 213 240
1 1 9
372 218 96 360 389 400 270 276 472
1 9 2
472 461
1 2 6
201 254 468 496 243 357
1 10 2
86 326
1 3 3
33 346 50
1 14 3
285 185 348
1 4 7
39 160 434 340 349 230 442
1 11 2
263 89
1 6 4
391 400 131 447
1 1 7
361 319 308 198 79 166 26
1 12 7
446 465 405 251 185 288 81
1 1 2
488 426
1 13 6
184 342 266 360 393 208
1 15 10
135 49 208 60 27 90 160 298 214 265
1 17 4
327 47 99 137
1 3 8
120 461 415 490 410 366 472 221
1 12 3
185 257 300
1 2 2
463 195
1 8 2
167 154
1 13 9
405 361 244 146 444 282 280 33 96
1 2 6
214 149 38 330 343 112
1 10 10
31 258 257 286 331 236 416 280 494 431
1 2 8
212 162 254 215 318 475 62 238
1 16 9
78 349 295 248 103 198 471 404 85
1 1 2
24 35
1 19 2
20 166
1 12 6
138 86 322 391 336 445
1 4 8
111 296 18 339 318 471 456 193
1 1 10
393 281 353 379 270 37 450 85 295 264
1 15 7
465 301 486 36 233 69 436
1 19 3
444 145 133
1 14 5
426 397 299 236 48
1 7 3
324 199 256
1 4 8
325 312 362 131 229 395 476 263
1 18 10
369 238 498 74 84 453 107 121 355 374
1 18 7
339 179 104 437 8 343 188
1 4 9
432 243 128 14 51 94 467 237 249
1 9 4
70 267 171 90
1 18 7
468 269 71 402 117 338 32
1 8 9
78 412 32 397 363 330 489 319 6
1 19 6
209 343 312 177 231 216
1 18 3
322 237 170
1 14 9
278 422 290 424 124 152 496 141 392
1 10 9
248 341 63 106 26 187 223 112 310
1 12 4
422 33 178 455
1 1 4
235 328 19 417
1 16 6
325 176 238 380 84 291
1 3 9
149 405 437 327 446 95 433 335 111
1 20 6
22 171 475 442 168 259
1 1 2
126 382
1 13 2
288 63
1 19 10
111 29 481 5 476 159 192 313 295 342
1 2 4
25 323 443 363
1 3 10
387 400 210 450 162 478 397 3 285 186
1 4 5
400 173 422 190 232
1 14 10
47 328 237 313 454 75 236 225 481 101
1 1 2
106 31
1 14 10
17 22 236 225 38 370 246 268 289 215
1 20 4
372 196 225 286
1 5 10
12 473 217 444 339 387 433 287 204 11
1 5 5
490 56 55 149 85
1 3 6
348 236 335 459 426 344
1 13 8
264 225 173 129 329 422 259 176
1 17 8
364 426 440 263 492 407 175 387
1 19 2
145 268
1 10 6
49 420 416 184 481 226
1 7 3
296 96 163
1 15 5
104 106 484 288 194
1 11 2
176 440
1 14 7
169 68 184 431 11 30 6
1 1 9
174 132 399 417 404 320 478 363 118
1 19 10
402 78 180 158 59 164 142 57 449 1
1 13 6
289 384 454 365 31 243
1 14 6
300 256 73 229 177 163
1 16 9
269 167 292 177 44 261 135 396 105
1 17 6
327 458 422 199 202 111
1 6 10
57 276 210 376 188 336 175 2 11 144
1 17 4
292 212 72 189
1 5 5
151 252 326 484 148
1 15 6
258 45 25 42 419 0
1 4 8
415 102 495 168 369 386 147 325
1 8 2
308 216
1 18 4
354 348 226 303
1 4 3
321 382 232
1 1 2
362 477
1 9 4
93 111 149 150
1 12 9
454 97 106 371 294 432 370 47 69
1 8 7
101 348 316 174 291 48 70
1 5 7
407 26 303 59 311 298 43
1 3 8
298 209 109 78 355 169 293 245
1 16 5
208 397 441 53 406
1 1 9
399 369 299 33 11 419 6 383 411
1 2 4
478 202 245 146
1 13 10
360 225 44 182 424 493 316 124 436 218
1 13 8
472 108 6 402 134 101 407 358
1 3 9
361 471 298 422 375 456 17 195 455
1 20 10
223 469 428 254 5 119 22 468 482 421
1 18 2
402 480
1 5 6
251 317 212 347 153 486
1 2 4
32 416 213 162
1 18 9
397 167 325 98 218 410 242 291 437
1 6 6
81 452 311 396 154 227
1 4 8
499 218 242 72 372 253 436 306
1 19 9
439 354 24 38 288 9 160 324 488
1 10 3
95 271 99
1 1 6
358 322 183 55 373 343
1 6 3
119 57 145
1 6 6
395 18 110 295 422 337
1 15 3
204 92 13
1 8 7
479 36 422 486 256 270 298
1 18 9
455 496 142 104 486 207 110 168 435
1 17 6
256 416 204 412 116 112
1 3 6
458 492 152 120 83 182
1 1 4
362 461 478 215
1 10 4
275 310 200 423
1 6 7
498 450 78 180 282 220 69
1 20 4
250 150 475 157
1 15 6
380 267 375 120 333 431
1 18 3
359 411 441
1 20 6
10 143 163 271 95 452
1 12 9
270 52 33 404 476 172 246 242 108
1 15 8
66 226 341 394 377 294 189 176
1 9 5
0 338 493 465 250
1 8 5
37 464 423 492 165
1 3 5
210 168 78 252 35
1 19 3
123 310 228
1 20 5
90 359 19 347 108
1 2 6
246 340 114 27 444 364
1 17 10
167 487 211 310 227 188 1 385 307 105
1 9 10
119 118 385 410 130 388 337 155 326 422
1 1 10
233 448 3 474 135 409 412 139 9 280
1 14 2
296 381
1 1 8
308 493 149 82 192 91 320 131
1 19 8
484 13 458 6 48 312 334 409
1 4 4
55 306 64 299
1 20 4
107 364 344 432
1 20 7
417 173 98 29 27 54 232
1 14 7
183 360 395 277 318 412 416
1 18 7
400 203 240 460 48 303 218
1 6 4
133 59 70 391
1 2 4
232 274 393 241
1 5 10
243 116 350 168 392 35 292 99 420 394
1 6 10
403 476 46 315 141 470 449 364 115 425
1 18 6
8 376 370 282 475 20
1 18 5
106 469 107 15 172
1 7 2
220 4
1 17 10
82 312 91 81 417 225 413 364 344 238
1 3 10
286 391 239 243 341 269 111 334 56 359
1 8 10
158 428 288 37 367 202 467 376 315 259
1 8 10
408 228 430 112 128 404 53 419 478 306
1 13 4
15 459 106 417
1 2 5
297 357 315 33 176
1 6 7
145 433 178 320 392 415 75
1 20 4
310 237 149 252
1 6 3
65 236 249
1 14 3
210 483 170
1 12 9
34 66 433 213 13 417 182 55 258
1 1 7
348 436 322 275 295 442 429
1 2 6
317 0 254 458 455 291
1 19 2
174 400
1 6 7
37 7 376 214 333 478 127
1 15 5
428 124 387 391 416
1 9 4
465 162 415 352
1 1 7
485 424 413 418 188 26 446
1 19 9
148 417 330 338 433 307 215 293 111
1 3 9
157 431 188 154 443 291 482 215 389
1 18 2
378 134
1 2 7
282 398 492 423 260 267 254
1 9 9
116 447 335 464 310 430 183 176 494
1 5 7
129 337 13 323 258 78 401
1 8 3
24 34 115
1 6 6
309 288 343 150 296 492
1 1 4
249 302 76 250
1 15 8
452 236 439 405 349 267 314 95
1 17 3
120 73 448
1 4 2
237 176
1 12 3
89 463 157
1 13 5
110 311 55 493 405
1 12 5
404 407 458 488 372
1 4 2
370 162
1 11 8
371 334 172 75 495 318 76 118
1 16 9
38 158 3 382 99 68 91 334 43
1 1 7
94 300 296 387 435 191 19
1 9 7
375 135 419 125 163 420 329
1 3 10
151 174 77 242 497 414 1 188 40 258
1 18 10
401 107 229 458 191 111 257 441 214 102
1 1 7
130 434 359 271 234 371 338
1 10 6
186 244 62 66 423 43
1 8 3
131 259 61
1 4 7
454 16 1 179 149 299 241
1 13 5
93 270 213 120 474
1 19 2
457 244
1 4 3
329 73 24
1 8 8
177 293 234 365 394 56 261 321
1 18 7
498 397 77 214 343 300 179
1 1 10
160 237 83 186 147 299 104 344 236 425
1 18 6
28 4 301 323 280 354
1 7 5
337 98 402 440 131
1 2 7
498 17 418 180 378 146 105
1 5 9
329 7 437 342 309 15 124 100 224
1 4 10
160 452 251 141 485 147 460 478 302 294
1 7 10
173 425 120 295 62 26 174 63 316 80
1 4 10
151 472 68 49 380 168 261 414 308 487
1 20 3
433 174 253
1 20 7
467 312 177 433 498 371 78
1 13 5
303 99 441 354 388
1 9 10
458 120 127 27 102 460 397 138 228 25
1 18 4
496 281 338 182
1 6 4
28 95 30 78
1 10 4
374 318 371 348
1 20 6
105 48 423 177 158 104
1 1 4
429 350 95 93
1 19 10
181 406 154 222 76 239 81 173 227 256
1 13 4
193 458 185 21
1 5 4
452 181 462 42
1 10 5
394 166 160 418 452
1 16 10
13 419 485 491 23 102 100 273 316 97
1 12 5
258 108 291 42 482
1 8 4
92 371 79 258
1 9 4
4 32 490 49
1 1 3
63 232 119
1 11 4
281 190 300 242
1 8 6
340 285 415 385 363 217
1 3 9
77 426 57 159 310 419 368 307 319
1 4 7
245 64 82 474 259 304 435
1 1 5
23 140 434 148 86
1 14 10
118 284 414 476 53 12 121 308 7 239
1 3 9
117 206 281 294 363 422 478 196 50
1 1 10
201 94 135 397 303 20 252 474 196 413
1 17 10
380 229 123 241 372 440 476 200 285 188
1 4 3
224 328 294
1 6 5
405 7 182 37 60
1 2 9
466 222 333 136 492 51 482 448 323
1 14 9
368 53 133 25 210 59 436 158 453
1 2 9
126 388 98 31 263 216 119 92 197
1 20 7
306 436 337 472 107 39 63
1 9 4
118 325 163 240
1 6 5
355 1 464 484 231
1 3 8
457 262 133 330 166 332 172 23
1 19 7
322 175 327 120 244 55 185
1 12 8
354 248 433 242 246 346 492 336
1 5 9
397 63 162 222 411 306 396 42 125
1 19 5
161 380 27 371 275
1 8 6
82 7 251 239 440 445
1 11 9
105 118 358 418 339 270 323 81 257
1 7 7
319 3 171 212 95 226 318
1 19 4
494 362 16 218
1 10 7
98 457 34 202 438 471 253
1 10 6
53 368 478 241 404 343
1 19 6
309 12 115 30 194 153
1 8 5
292 305 363 111 327
1 15 7
145 164 456 316 48 50 73
1 15 8
134 98 185 421 138 135 489 216
1 9 4
325 269 194 196
1 4 8
369 132 22 45 102 409 133 2
1 14 5
77 425 437 312 33
1 12 8
449 355 2 203 315 493 47 346
1 6 3
450 388 272
1 5 6
330 424 121 303 90 300
1 6 5
177 448 478 464 491
1 14 7
303 21 163 400 391 39 402
1 10 6
301 403 434 320 441 86
1 4 2
400 10
1 18 10
315 326 236 151 220 399 409 340 251 52
1 19 4
87 100 10 269
1 5 5
299 256 439 389 375
1 14 8
185 411 31 42 223 436 34 335
1 13 7
414 434 425 85 464 232 175
1 15 6
422 389 47 147 105 290
1 17 10
413 88 272 91 337 16 237 47 362 470
1 12 5
484 35 194 8 380
1 3 4
107 497 448 244
1 16 2
115 139
1 15 10
67 204 424 444 209 4 11 416 460 280
1 7 2
276 134
1 5 3
115 262 176
1 2 4
289 10 217 404
1 17 7
366 265 135 437 315 172 485
1 8 8
296 339 312 38 187 284 109 182
1 9 8
476 242 428 383 480 55 456 216
1 1 5
26 217 474 408 10
1 10 4
271 177 78 468
1 11 7
203 260 49 378 80 388 248
1 14 4
460 24 31 195
1 16 2
225 418
1 7 4
129 222 81 162
1 6 2
336 293
1 8 6
136 311 404 33 181 359
1 17 5
56 99 122 98 493
1 3 6
245 213 306 341 325 88
1 16 8
236 11 234 205 276 161 217 287
1 16 10
215 470 229 114 18 339 212 486 91 291
1 6 4
493 256 483 235
1 7 10
468 33 180 10 211 407 293 424 14 365
1 7 4
291 470 90 432
1 4 3
353 267 62
1 5 5
176 496 430 310 492
1 14 5
323 397 344 24 274
1 8 2
198 398
1 10 3
288 22 149
1 14 2
348 455
1 20 4
435 84 490 214
1 16 4
99 443 450 370
1 5 2
157 341
1 7 4
253 373 324 440
1 17 4
404 100 300 33
1 2 4
497 399 443 34
1 8 10
492 72 124 210 131 187 11 383 92 74
1 20 8
334 489 400 59 112 212 55 377
1 16 2
148 149
1 3 7
256 28 67 443 47 156 457
1 13 6
174 436 104 462 48 286
1 12 6
380 140 347 299 152 455
1 17 5
26 469 414 38 450
1 15 2
262 449
1 20 8
283 317 379 266 84 47 477 331
1 12 2
139 379
1 5 9
117 135 46 97 348 304 476 483 98
1 6 10
482 318 463 364 185 311 245 370 52 353
1 10 2
116 419
1 10 6
222 366 130 278 397 395
1 16 3
302 64 58
1 13 3
377 417 173
1 17 8
165 70 491 99 266 106 256 255
1 12 8
188 144 139 138 7 73 413 67
1 9 9
460 423 7 118 383 47 104 30 55
1 12 4
425 349 62 405
1 14 10
422 405 255 453 123 235 451 151 132 347
1 20 4
498 371 433 13
1 1 2
411 378
1 2 2
421 256
1 7 4
382 362 428 309
1 7 5
205 168 408 131 481
1 13 3
353 352 172
1 17 6
326 35 49 4 455 188
1 19 8
86 480 234 429 428 69 376 36
1 14 8
250 53 441 139 409 413 386 449
1 20 7
86 414 162 498 200 45 347
1 19 7
354 375 5 9 192 99 367
1 13 6
353 338 108 75 150 340
1 9 4
287 116 224 119
1 19 10
453 95 240 269 156 51 271 226 254 192
1 9 6
319 231 215 460 402 107
1 13 6
283 406 390 484 423 355
1 5 7
344 102 447 154 316 14 284
1 12 9
281 327 303 455 294 409 404 252 180
1 2 10
26 220 214 398 68 394 383 288 120 356
1 10 6
268 380 229 197 155 352
1 8 3
271 494 52
1 6 10
98 468 87 347 63 105 62 434 481 182
1 12 8
421 110 279 263 386 424 428 145
1 4 10
267 465 394 51 141 413 101 182 127 389
1 10 10
243 53 164 456 475 404 222 105 362 394
1 8 4
368 337 86 291
1 15 5
188 473 260 20 235
1 9 9
381 122 41 312 450 437 237 289 435
1 3 7
225 192 186 70 9 372 431
1 20 9
227 290 459 394 9 59 105 348 406
1 18 4
324 330 126 186
1 2 9
306 374 277 454 331 487 210 266 246
1 19 10
176 234 207 241 46 285 477 439 393 87
1 19 10
333 249 350 396 102 420 43 255 290 50
1 9 6
155 159 254 425 335 400
1 19 9
406 272 106 21 327 48 303 416 425
1 17 2
458 59
1 2 9
99 460 461 434 2 411 117 32 435
1 10 2
279 219
1 18 4
265 233 21 450
1 2 6
171 368 196 260 193 1
1 2 8
5 376 246 332 134 168 268 131
1 2 6
113 154 119 30 15 418
1 11 4
365 174 445 36
1 3 3
260 380 181
1 16 7
477 218 130 311 248 315 356
1 1 6
329 360 143 244 279 185
1 18 2
35 360
1 17 7
61 28 84 329 427 91 204
1 5 7
397 117 322 126 127 279 318
1 10 4
316 457 196 398
1 18 10
144 160 179 386 285 245 97 207 351 175
1 12 10
95 33 264 83 384 456 364 200 442 431
1 19 9
444 332 17 252 286 374 24 99 306
1 2 2
259 498
1 2 3
361 410 285
1 20 5
245 57 412 102 392
1 9 4
368 151 117 106
1 5 5
482 48 44 233 430
1 19 8
52 160 461 228 304 210 218 40
1 20 3
96 432 457
1 9 8
498 241 120 213 310 414 246 188
1 11 6
362 498 305 53 9 37
1 13 8
126 296 312 62 241 203 95 182
1 11 3
37 378 458
1 8 4
41 421 409 153
1 8 2
466 433
1 13 9
4 487 170 469 226 115 137 107 457
1 10 5
283 487 492 212 220
1 20 5
47 399 461 195 378
1 15 7
102 267 98 463 162 323 167
1 16 9
492 435 34 439 187 464 354 272 221
1 14 10
390 389 300 153 313 94 441 251 253 483
1 9 7
488 126 219 117 283 422 298
1 10 4
188 215 478 213
1 8 10
20 277 14 123 83 369 65 417 122 345
1 11 3
185 262 2
1 19 4
117 166 461 497
1 3 9
441 298 126 110 168 183 386 0 143
1 1 9
151 416 31 497 143 238 496 478 215
1 4 2
494 323
1 5 2
405 22
1 13 8
421 238 178 241 363 224 341 449
1 19 5
117 21 20 103 262
1 3 5
345 206 54 196 491
1 4 5
180 257 493 175 245
1 10 7
198 84 433 381 287 40 379
1 13 9
273 374 54 17 137 202 47 28 259
1 15 2
224 191
1 16 6
281 180 137 493 381 443
1 6 5
408 54 216 244 175
1 8 6
472 476 266 227 463 480
1 15 2
249 473
1 4 6
258 368 150 72 234 233
1 8 8
453 93 14 337 356 498 39 394
1 19 9
114 400 488 360 321 469 140 340 483
1 16 7
428 146 5 469 412 300 252
1 5 4
57 24 439 259
1 4 7
271 393 471 326 28 394 205
1 14 2
47 123
1 18 7
219 438 349 122 303 108 94
1 3 6
5 90 370 320 348 244
1 2 8
146 426 299 3 90 312 145 97
1 5 8
36 150 351 348 117 356 87 111
1 4 8
403 42 200 35 131 108 175 295
1 8 10
362 93 392 204 77 301 278 492 441 19
1 4 8
452 485 336 280 461 305 89 323
1 1 3
20 291 466
1 5 6
427 98 5 181 472 12
1 15 6
149 76 426 267 227 101
1 8 5
485 188 371 473 254
1 13 9
208 182 201 78 175 184 283 246 73
1 15 4
84 9 361 70
1 17 6
260 398 138 99 310 472
1 18 9
464 396 459 425 311 495 432 399 345
1 20 9
485 84 227 164 474 196 208 400 281
1 3 5
478 253 111 225 266
1 18 2
127 272
1 3 4
377 477 158 155
1 1 9
166 459 80 350 0 198 416 160 323
1 13 10
72 220 471 242 314 398 115 333 78 376
1 6 2
298 475
1 10 7
152 0 407 124 11 36 247
1 19 9
310 428 283 47 488 218 319 195 119
1 4 8
405 82 246 17 394 42 96 218
1 13 10
121 129 369 271 267 385 249 180 399 427
1 8 5
4 107 265 307 320
1 2 2
107 329
1 8 10
296 438 154 29 117 362 311 97 214 341
1 4 4
120 94 221 1
1 2 7
391 10 20 45 101 60 151
1 3 10
284 60 165 217 360 359 221 423 183 299
1 1 10
272 457 59 437 403 247 201 89 390 434
1 9 2
158 255
1 16 2
16 359
1 14 7
347 58 106 388 88 356 469
1 6 4
309 100 425 128
1 16 3
83 423 440
1 1 7
69 342 51 302 60 65 161
1 4 2
242 111
1 14 2
181 465
1 12 8
59 285 146 329 225 207 353 121
1 8 10
316 479 433 3 22 325 399 356 128 4
1 9 10
274 252 498 156 45 150 209 359 223 191
1 9 8
276 309 60 153 259 427 140 428
1 12 3
99 408 36
1 5 2
128 389
1 5 4
194 269 103 449
1 7 4
133 233 101 247
1 8 4
341 172 413 170
1 14 10
295 272 462 365 4 408 301 203 159 334
1 19 8
14 417 400 45 437 296 133 236
1 1 9
19 435 270 2 395 336 209 400 200
1 20 10
8 473 125 0 328 175 24 392 428 297
1 10 10
48 473 176 82 328 111 322 496 228 461
1 1 3
365 123 304
1 20 10
242 32 137 294 395 386 393 341 243 80
1 10 2
221 7
1 14 3
211 312 397
1 9 5
66 57 89 216 195
1 20 9
343 305 442 142 481 38 354 408 16
1 9 3
158 121 13
1 7 8
452 176 105 73 170 185 399 410
1 8 6
438 418 429 378 265 223
1 1 2
424 134
1 20 9
443 48 309 289 463 142 144 4 312
1 11 10
372 479 434 82 391 87 349 97 427 492
1 5 9
182 246 71 90 178 132 6 83 411
1 15 7
342 32 27 9 376 94 150
1 16 2
171 185
1 11 9
413 489 251 46 494 189 278 190 275
1 2 2
123 30
1 16 10
407 183 364 391 166 430 488 231 404 46
1 8 4
331 475 462 411
1 2 5
37 117 33 153 156
1 10 6
89 193 83 309 10 173
1 7 8
460 412 402 378 50 281 271 17
1 1 2
474 181
1 18 10
205 498 121 493 200 226 23 253 471 358
1 4 4
94 73 338 387
1 1 8
263 445 275 236 23 16 68 224
1 3 8
78 133 222 189 27 100 50 241
1 17 5
493 128 157 96 339
1 1 3
239 69 417
1 8 10
214 293 173 372 206 32 55 435 421 95
1 18 8
326 18 384 33 448 182 272 157
1 9 2
31 301
1 20 6
439 333 420 76 292 36
1 20 2
190 48
1 17 8
39 50 247 17 261 16 115 157
1 18 3
233 291 314
1 1 8
157 431 285 114 170 310 199 450
1 1 7
234 459 220 135 171 494 339
1 9 4
107 214 16 342
1 19 6
55 471 438 488 271 101
1 13 10
53 136 245 429 271 203 386 37 93 312
1 3 7
146 22 247 186 256 426 215
1 10 6
489 389 26 327 171 238
1 4 5
393 37 104 465 78
1 16 8
359 438 24 161 430 187 166 128
1 16 10
129 3 80 48 342 496 440 373 362 96
1 10 3
17 314 23
1 7 9
441 90 364 423 159 124 456 305 258
1 10 9
120 7 470 490 487 414 452 314 486
1 5 6
3 169 183 450 481 172
1 15 8
413 126 188 440 129 128 381 76
1 2 8
198 488 273 354 240 163 117 374
1 18 8
154 366 275 10 241 2 238 345
1 14 7
88 125 150 144 391 5 348
1 4 3
116 183 498
1 8 4
103 148 421 388
1 2 2
327 494
1 3 6
382 235 193 69 377 314
1 5 4
450 418 456 298
1 20 6
112 343 22 320 29 102
1 11 8
483 30 453 55 433 8 90 104
1 9 6
33 478 187 125 329 462
1 16 10
368 21 3 378 100 229 490 98 25 28
1 14 4
241 207 209 347
1 19 7
17 105 44 194 302 108 386
1 12 5
38 342 82 336 115
1 3 8
179 199 50 368 381 121 435 371
1 9 2
79 9
1 13 9
495 99 319 227 492 208 183 482 435
1 2 2
208 492
1 9 4
237 236 205 135
1 3 8
50 497 200 474 441 193 390 469
1 17 8
170 163 131 97 451 39 375 274
1 12 2
82 250
1 2 2
12 173
1 3 6
235 469 458 57 336 135
1 4 8
482 294 408 250 188 317 180 484
1 20 8
444 317 361 14 464 468 355 498
1 19 6
368 22 97 19 432 388
1 13 9
198 263 228 81 124 358 422 360 470
1 11 3
466 424 167
1 9 4
89 370 281 3
1 8 4
324 11 156 383
1 2 7
306 144 263 153 155 244 223
1 14 3
408 486 291
1 12 9
192 161 451 461 23 217 351 288 115
1 18 5
243 25 363 296 7
1 18 9
481 203 232 332 485 483 353 106 178
1 20 3
19 381 467
1 9 5
104 349 224 194 302
1 11 2
391 235
1 12 2
343 102
1 1 6
60 264 67 220 203 450
1 16 10
30 235 355 133 228 141 81 190 97 487
1 19 6
369 132 49 35 305 120
1 9 10
73 62 72 233 238 288 267 321 86 241
1 12 5
80 16 7 191 258
1 14 9
439 404 216 166 111 120 17 20 168
1 17 5
416 109 23 143 464
1 12 5
352 409 175 161 469
1 1 6
230 172 355 3 87 498
1 20 5
86 56 31 454 68
1 3 2
299 279
1 5 2
173 174
1 3 6
252 76 182 206 115 24
1 5 7
115 106 297 196 410 205 208
1 17 9
87 70 214 387 487 135 187 0 299
1 7 3
336 65 143
1 13 8
38 12 100 203 356 136 406 182
1 3 8
315 69 25 188 358 462 443 320
1 10 6
428 72 58 67 47 88
1 8 9
172 278 474 246 451 341 18 36 437
1 9 8
482 452 390 357 26 196 291 187
1 13 4
426 117 144 422
1 11 7
387 312 419 130 5 44 450
1 6 6
418 31 158 240 32 464
1 15 2
217 33
1 2 5
300 76 331 359 166
1 9 5
215 179 386 11 38
1 6 6
164 82 261 134 420 53
1 2 8
83 153 476 415 389 268 338 277
1 5 10
467 27 14 39 498 334 332 478 230 176
1 14 8
111 36 315 497 20 293 217 314
1 6 7
208 110 140 419 437 385 377
1 5 8
244 162 257 415 444 445 139 323
1 18 7
233 25 110 331 495 37 261
1 8 5
429 304 142 319 169
1 7 7
238 462 217 129 18 148 70
1 9 6
462 261 269 287 254 184
1 1 5
359 222 27 142 445
1 17 8
361 407 314 339 409 217 415 362
1 3 8
215 17 450 486 142 328 302 77
1 12 10
379 290 281 143 240 44 31 385 194 229
1 13 8
331 491 214 228 299 290 312 189
1 15 8
87 341 339 384 47 444 302 473
1 20 4
112 268 378 417
1 19 7
276 188 13 122 261 284 411
1 20 5
425 243 152 25 124
1 5 4
364 387 276 131
1 4 8
311 185 179 403 424 37 222 12
1 12 3
167 258 499
1 12 7
166 43 109 30 295 285 322
1 20 7
338 170 491 330 132 51 155
1 11 4
424 202 361 463
1 4 2
4 219
1 5 8
146 45 308 453 107 32 96 409
1 5 9
176 52 112 15 292 462 267 420 480
1 14 9
302 399 136 165 339 287 61 59 321
1 20 3
26 125 471
1 3 4
421 74 106 69
1 3 6
271 50 196 230 149 345
1 9 2
224 216
1 2 3
145 401 175
1 12 3
141 226 74
1 15 8
176 407 216 103 48 230 218 318
1 1 9
467 192 139 247 315 314 421 49 199
1 16 8
352 444 405 117 330 167 297 319
1 14 5
25 467 303 235 93
1 15 2
149 51
1 14 8
190 413 421 360 354 278 337 161
1 5 8
92 173 337 8 202 142 180 325
1 1 3
190 393 197
1 17 7
40 246 211 52 322 335 389
1 17 4
445 409 430 422
1 1 8
255 217 169 76 331 238 12 359
1 2 2
466 422
1 5 3
81 164 489
1 14 7
117 312 130 404 315 139 460
1 17 9
403 414 38 153 349 437 395 361 9
1 8 10
266 344 349 220 332 298 97 402 134 133
1 12 3
7 267 344
1 3 2
282 8
1 15 2
230 215
1 5 2
154 80
1 20 3
385 440 269
1 18 7
328 284 220 149 347 428 307
1 9 7
72 67 132 260 231 442 371
1 14 2
187 223
1 14 9
180 479 325 152 335 218 315 452 232
1 15 10
294 21 417 185 109 372 434 442 439 201
1 6 2
29 79
1 13 10
215 69 272 120 331 18 314 295 452 240
1 5 5
135 185 264 248 489
1 9 5
113 83 235 257 117
1 17 3
301 174 156
1 3 8
185 472 423 212 337 139 46 220
1 15 9
474 459 221 214 325 376 45 333 52
1 7 3
445 166 138
1 8 9
38 222 82 319 248 216 365 386 474
1 18 9
253 343 432 406 126 422 205 47 196
1 3 9
472 35 154 415 132 299 498 88 474
1 7 8
155 190 66 148 405 464 151 348
1 11 3
193 368 144
1 20 4
177 243 427 41
1 13 9
73 294 60 465 252 472 226 224 151
1 14 4
336 231 220 291
1 8 3
399 279 173
1 13 6
286 119 420 421 291 369
1 17 7
33 142 70 160 485 0 408
1 4 10
469 26 464 495 474 274 229 111 461 314
1 20 10
391 283 144 297 34 57 279 170 407 105
1 15 7
308 370 211 306 490 242 405
1 1 5
272 92 55 261 47
1 2 8
191 327 59 318 101 102 490 54
1 1 2
247 408
1 10 7
40 440 213 380 42 69 263
1 16 10
333 146 311 451 432 118 91 327 229 115
1 7 6
58 346 408 263 210 483
1 18 9
244 34 77 103 475 469 234 453 321
1 15 5
456 2 216 23 265
1 10 9
386 382 492 21 456 10 163 266 493
1 16 10
445 495 159 216 295 249 459 8 36 32
1 20 8
134 107 469 460 171 166 350 174
1 12 10
152 482 47 123 150 231 56 163 368 437
1 4 2
355 254
1 17 4
93 214 136 473
1 15 8
323 105 408 253 338 352 306 328
1 17 9
189 271 293 486 495 286 28 44 413
1 4 10
196 486 443 88 272 321 388 454 204 259
1 5 2
184 90
1 13 3
228 239 343
1 4 4
320 493 492 315
1 18 9
340 429 376 187 474 144 441 77 494
1 9 4
3 171 444 246
1 8 10
67 431 184 335 419 491 452 467 478 159
1 14 6
170 299 343 68 430 166
1 3 3
452 362 184
1 4 9
189 94 18 45 24 56 263 154 106
1 7 3
125 241 462
1 10 2
36 139
1 20 6
346 241 327 239 472 482
1 16 8
63 469 111 487 9 21 315 144
1 14 4
347 210 134 175
1 7 5
50 463 176 165 278
1 16 3
53 357 261
1 18 10
251 454 35 370 157 9 63 477 301 95
1 20 8
74 271 10 49 192 394 95 398
1 15 3
2 370 474
1 18 5
139 76 106 70 259
1 4 9
364 189 224 387 347 446 171 127 77
1 3 6
193 430 385 113 390 107
1 8 4
294 75 243 361
1 4 4
352 441 298 422
1 16 3
347 447 60
1 2 8
181 361 166 127 413 394 26 4
1 15 2
262 412
1 3 2
142 497
1 12 3
180 223 351
1 4 7
49 213 358 250 174 299 489
1 15 4
133 313 235 274
1 4 8
447 433 16 468 400 167 301 206
1 6 10
471 372 290 84 3 373 244 101 374 296
1 5 4
208 326 417 110
1 6 9
126 171 234 384 476 91 233 15 423
1 14 6
147 139 467 111 465 265
1 10 3
56 404 179
1 11 9
383 27 284 300 410 282 416 107 264
1 5 10
482 367 277 458 250 101 239 225 289 88
1 12 6
5 134 0 351 19 106
1 14 9
165 140 68 331 113 291 47 254 416
1 5 8
211 155 233 398 249 405 160 392
1 13 10
231 161 280 58 220 9 341 498 143 41
1 17 5
339 380 16 302 90
1 4 9
302 160 43 178 214 359 194 219 185
1 6 3
36 490 499
1 14 2
90 324
1 7 10
481 91 355 3 467 385 135 347 477 17
1 6 6
91 344 168 141 292 336
1 3 5
327 386 332 297 389
1 18 9
50 445 191 249 131 394 153 300 98
1 18 4
118 176 436 368
1 19 5
442 33 29 170 437
1 14 7
179 67 81 1 341 94 165
1 3 8
453 309 6 205 429 14 236 301
1 4 6
17 413 6 20 424 457
1 15 5
8 112 346 409 263
1 11 7
71 363 267 284 245 115 311
1 17 5
33 335 54 177 17
1 7 3
156 81 320
1 3 2
499 142
1 3 8
315 424 470 390 294 226 336 83
1 3 9
5 210 48 480 338 122 92 417 121
1 15 6
477 178 75 226 280 40
1 11 10
314 197 124 358 487 250 185 236 267 261
1 3 5
296 300 364 103 484
1 17 9
219 221 8 149 405 336 88 444 283
1 20 2
138 22
1 14 6
14 18 307 16 471 400
1 15 8
229 475 482 66 218 347 243 393
1 4 2
345 322
1 3 9
355 313 28 495 417 452 425 50 48
1 20 7
463 281 17 321 340 173 228
1 16 4
89 144 296 9
1 15 2
284 292
1 16 3
144 343 476
1 3 6
420 56 136 292 449 187
1 11 3
388 474 374
1 10 2
46 19
1 15 5
284 141 206 51 366
1 1 3
106 362 465
1 19 3
452 124 52
1 1 10
100 278 356 468 495 355 322 189 167 333
1 10 9
250 382 402 495 405 15 399 370 284
1 6 5
255 363 210 294 280
1 10 2
21 120
1 4 10
74 229 149 92 230 423 457 275 128 106
1 11 6
81 323 91 415 32 75
1 7 3
263 473 305
1 6 9
119 385 249 417 151 129 24 230 163
1 7 2
433 158
1 19 4
340 98 165 89
1 19 4
373 382 146 465
1 14 7
139 309 412 269 381 452 11
1 17 10
493 385 483 158 168 35 19 455 496 281
1 17 8
217 391 471 455 266 182 42 339
1 1 2
84 352
1 13 10
325 339 92 376 277 110 94 8 43 250
1 14 8
347 17 286 25 483 336 400 381
1 11 7
20 170 315 259 489 55 313
1 10 3
471 327 190
1 7 10
135 182 60 47 122 428 313 90 207 107
1 6 7
358 407 365 288 273 29 150
1 1 4
337 225 271 263
1 13 7
9 219 198 222 304 402 143
1 13 3
312 198 376
1 14 10
277 347 430 333 128 216 462 494 285 297
1 5 9
213 132 139 249 25 218 241 116 86
1 14 5
339 391 442 66 76
1 16 3
292 18 109
1 13 10
130 239 384 243 180 366 16 38 423 223
1 9 6
206 291 83 438 318 26
1 9 8
238 120 353 150 371 155 459 494
1 17 3
46 383 268
1 7 4
10 374 245 439
1 16 6
302 127 231 210 109 498
1 17 7
26 370 270 384 258 55 409
1 5 7
128 61 469 118 207 240 303
1 15 5
22 168 419 142 409
1 16 9
473 306 29 379 295 469 61 18 16
1 14 9
233 102 202 209 153 427 109 313 376
1 18 4
45 442 451 289
1 5 8
41 144 428 84 140 146 198 167
1 8 9
488 118 234 374 182 73 424 466 394
1 6 7
147 445 468 145 429 211 274
1 3 3
180 475 66
1 20 6
387 354 252 297 268 150
1 4 8
74 176 429 319 323 363 409 324
1 4 10
93 80 87 443 256 405 262 388 459 309
1 4 10
158 482 176 6 44 227 374 63 410 266
1 14 6
83 392 235 228 114 43
1 16 3
2 103 346
1 10 9
214 440 433 362 429 4 339 27 55
1 4 3
67 321 468
1 10 7
66 18 235 168 293 86 25
1 3 6
319 449 202 388 113 3
1 4 9
400 134 131 227 381 43 389 56 139
1 14 9
321 157 74 411 287 364 3 382 309
1 13 2
37 329
1 2 5
136 497 450 466 320
1 8 10
412 200 489 115 127 192 113 175 188 32
1 14 8
152 340 462 301 137 180 352 357
1 16 8
161 116 167 151 403 211 317 436
1 17 5
246 196 141 441 316
1 19 4
38 100 487 3
1 17 10
196 173 249 168 89 452 48 317 466 228
1 20 8
171 452 314 442 349 49 292 451
1 9 4
203 300 349 118
1 9 10
231 466 138 365 236 156 11 209 393 409
1 12 6
106 51 294 35 70 426
1 16 6
100 89 67 240 491 171
1 17 8
149 300 314 214 156 64 193 338
1 14 8
260 337 148 377 202 354 204 255
1 7 10
225 412 259 297 61 104 218 498 157 139
1 4 9
245 487 130 38 422 93 452 277 240
1 3 8
91 201 436 162 196 324 12 205
1 12 4
18 444 110 12
1 2 4
21 305 52 377
1 10 10
9 143 367 205 292 97 243 144 118 176
1 1 6
207 185 47 17 426 237
1 12 3
383 21 248
1 15 10
129 376 199 283 233 184 247 320 435 166
1 1 4
229 125 263 11
1 8 8
493 320 132 46 241 416 459 146
1 17 9
412 199 483 321 336 42 252 56 198
1 8 5
15 16 99 111 89
1 15 2
177 51
1 5 3
67 88 43
1 7 10
451 327 73 376 201 82 473 163 258 39
1 13 4
52 424 315 170
1 5 4
137 97 151 254
1 1 3
425 474 350
1 4 8
223 337 260 459 448 457 82 35
1 10 5
169 288 184 42 253
1 12 3
375 399 346
1 13 2
295 454
1 7 5
471 391 275 335 241
1 1 3
70 266 212
1 15 4
433 146 47 322
1 13 9
136 33 246 110 433 121 162 95 466
1 19 8
278 10 322 373 332 461 73 316
1 2 4
36 322 68 22
1 15 8
196 436 188 76 37 407 135 170
1 6 6
110 169 390 336 442 3
1 17 2
496 148
1 14 2
72 476
1 8 5
476 399 315 496 114
1 13 8
362 119 383 182 485 416 313 388
1 15 3
82 317 297
1 12 6
134 155 457 75 468 350
1 12 9
339 200 260 283 213 434 495 142 348
1 16 4
348 11 9 406
1 10 8
312 245 59 68 283 393 490 305
1 18 2
169 400
1 7 4
251 406 483 381
1 6 5
498 191 291 454 188
1 15 2
199 56
1 11 10
323 456 285 272 438 236 155 89 34 452
1 9 10
255 123 381 171 231 386 352 19 397 468
1 6 4
137 178 433 138
1 12 6
361 48 453 16 130 40
1 12 4
220 234 46 495
1 10 3
207 424 491
1 1 9
369 434 233 291 216 182 437 342 415
1 16 6
89 255 435 381 179 200
1 13 4
163 236 440 401
1 15 3
132 456 43
1 20 8
463 291 480 179 462 392 285 185
1 7 5
127 75 144 256 308
1 11 6
75 104 254 377 86 469
1 12 7
398 189 183 439 354 363 224
1 10 9
91 269 499 132 241 160 88 393 214
1 4 6
74 55 104 38 131 26
1 2 9
179 402 85 304 56 138 167 157 219
1 4 8
498 72 12 60 52 250 146 384
1 1 6
295 137 209 131 185 215
1 2 4
214 433 362 176
1 10 10
440 183 74 110 114 253 496 405 392 399
1 6 6
143 140 270 399 253 337
1 14 9
342 488 122 206 288 161 413 5 278
1 18 4
211 455 413 91
1 1 9
457 187 410 115 27 42 44 107 293
1 12 7
211 251 270 178 16 378 355
1 13 2
190 279
1 7 10
427 13 430 496 297 130 88 144 263 449
1 8 9
448 131 8 148 366 313 403 437 269
1 14 6
17 421 32 155 453 169
1 3 5
145 305 43 269 175
1 19 8
71 393 90 12 364 29 468 199
1 7 6
314 313 156 327 416 493
1 18 5
101 425 342 105 137
1 8 6
56 434 246 163 100 99
1 20 6
167 117 136 435 91 237
1 19 6
67 299 474 405 203 304
1 12 2
492 31
1 16 7
463 351 180 192 236 291 256
1 13 6
452 485 463 16 487 353
1 20 4
321 106 497 149
1 2 7
9 217 377 170 176 166 444
1 10 7
420 299 98 239 439 374 313
1 11 6
271 126 353 147 390 65
1 7 3
375 18 169
1 7 10
97 38 110 382 224 390 23 77 375 470
1 13 5
315 167 438 129 309
1 12 5
190 73 387 194 180
1 2 3
56 65 124
1 4 3
309 91 399
1 20 4
222 83 27 98
1 8 5
267 55 402 207 452
1 17 8
434 336 97 304 266 129 347 458
1 13 9
192 136 326 129 141 15 64 94 484
1 6 9
388 371 22 319 161 90 171 81 104
1 2 8
286 35 364 282 37 150 135 77
1 5 6
439 424 360 451 182 463
1 14 10
253 362 410 392 407 212 232 237 4 248
1 3 10
1 489 383 394 483 108 147 58 334 280
1 18 2
223 134
1 9 7
323 254 431 291 439 0 464
1 15 5
484 340 62 435 96
1 16 10
389 22 330 176 183 140 413 345 383 390
1 13 9
229 266 54 133 353 272 344 113 361
1 1 10
209 175 467 361 193 7 148 20 376 235
1 6 2
8 309
1 17 5
148 377 147 141 399
1 8 9
76 446 258 329 389 190 142 113 370
1 14 4
417 229 394 112
1 17 9
473 311 154 480 251 396 304 147 398
1 4 4
270 372 151 171
1 6 9
310 33 364 250 98 123 309 359 270
1 4 8
323 340 160 461 291 230 424 92
1 5 4
493 134 345 113
1 3 6
396 137 257 130 300 48
1 18 3
466 364 103
1 8 6
93 111 310 16 444 480
1 7 2
159 333
1 12 2
485 483
1 8 5
115 464 28 462 283
1 19 8
492 3 449 205 450 163 130 193
1 9 10
211 268 388 14 18 127 111 45 249 419
1 5 10
242 454 97 488 457 329 351 129 431 214
1 10 2
309 269
1 15 10
339 450 34 202 68 75 436 248 107 426
1 13 2
151 65
1 17 3
95 479 292
1 19 8
340 378 360 318 380 22 144 300
1 18 4
364 468 151 469
1 16 8
351 202 481 484 280 213 343 246
1 8 4
337 102 1 69
1 15 7
333 69 201 36 378 190 477
1 11 9
427 70 278 296 99 231 164 152 81
1 2 6
293 347 231 17 369 368
1 3 8
107 325 186 82 287 202 399 114
1 10 5
135 187 290 131 258
1 19 9
60 467 377 181 472 254 368 104 477
1 7 6
117 454 207 278 244 81
1 4 5
287 141 478 349 413
1 2 3
60 473 8
1 12 2
69 1
1 17 6
185 18 358 299 488 90
1 18 2
184 18
1 2 6
51 475 240 159 196 381
1 12 8
231 26 315 476 96 452 193 376
1 5 6
132 76 336 202 227 46
1 15 9
144 485 145 478 266 202 391 229 44
1 20 8
103 365 223 126 478 134 323 129
1 5 4
275 104 149 265
1 6 2
158 2
1 8 6
248 222 315 319 58 258
1 4 10
31 432 483 103 172 356 79 419 311 68
1 15 6
432 457 202 344 450 87
1 16 9
383 164 479 182 215 313 35 396 322
1 1 3
56 333 465
1 19 8
133 254 73 83 182 495 485 303
1 16 4
88 400 380 84
1 9 6
310 409 336 395 181 415
1 5 4
105 330 51 33
1 14 7
451 355 102 227 496 51 497
1 13 5
30 311 33 343 479
1 7 9
354 423 465 42 275 103 169 244 456
1 11 7
220 291 277 133 166 380 436
1 1 4
114 141 216 147
1 12 5
449 263 190 299 59
1 3 2
291 99
1 16 9
347 281 385 218 406 214 252 342 388
1 15 7
87 316 362 189 366 214 308
1 20 8
393 57 179 235 150 113 359 345
1 17 8
444 409 276 304 406 370 102 232
1 12 3
307 63 222
1 14 8
357 208 128 6 314 17 437 481
1 18 3
463 338 417
1 1 3
382 153 155
1 9 9
134 229 370 244 357 256 301 458 303
1 14 2
356 287
1 4 5
28 9 329 274 229
1 19 7
345 74 4 362 377 411 228
1 11 9
309 338 238 90 327 14 81 440 206
1 1 5
389 2 178 417 251
1 9 10
477 20 406 271 263 173 221 386 207 137
1 4 2
213 335
1 16 4
114 170 111 213
1 12 4
332 309 166 224
1 3 9
284 429 29 334 106 63 372 104 368
1 9 2
283 448
1 8 9
323 122 112 310 35 451 391 428 19
1 7 9
466 478 210 352 126 82 160 224 96
1 3 5
372 381 455 163 184
1 7 9
167 199 65 94 272 378 67 43 144
1 16 3
460 384 52
1 2 10
129 162 280 346 142 479 122 39 5 147
1 15 10
183 410 494 108 121 368 11 43 424 367
1 20 4
22 150 42 237
1 5 10
0 411 333 161 199 462 217 71 66 79
1 6 2
457 439
1 7 8
55 436 318 462 54 151 168 155
1 16 5
370 225 421 270 87
1 5 2
473 73
1 14 10
66 351 494 337 484 391 287 303 125 376
1 16 8
412 449 234 47 294 207 24 475
1 9 4
311 432 477 431
1 18 8
55 276 56 497 145 414 374 170
1 5 6
83 94 278 444 149 198
1 1 5
35 465 198 199 55
1 13 5
404 42 402 169 226
1 18 6
371 350 4 182 212 141
1 2 2
232 154
1 18 6
160 429 477 49 286 316
1 20 5
174 357 300 485 110
1 18 5
125 465 481 230 405
1 7 8
299 484 43 48 241 489 223 303
1 18 8
315 69 260 362 490 430 288 325
1 4 9
275 200 49 494 496 154 56 364 160
1 3 7
281 407 361 188 210 383 385
1 3 9
22 454 106 205 214 300 104 272 421
1 12 8
279 172 51 357 3 440 66 120
1 16 10
96 95 52 419 111 21 205 485 13 447
1 1 10
293 419 271 98 166 252 406 283 299 240
1 8 2
20 209
1 13 10
403 245 373 105 358 204 64 215 42 210
1 2 8
422 438 3 108 400 153 457 446
1 10 4
154 339 180 85
1 4 9
64 33 170 136 141 227 220 266 251
1 3 10
497 140 392 333 254 278 428 220 351 135
1 8 10
377 322 381 113 301 474 321 259 28 15
1 15 3
261 445 135
1 12 7
121 252 454 48 420 132 123
1 2 6
84 468 369 5 155 111
1 16 7
417 310 132 206 13 243 204
1 3 7
225 410 397 243 455 40 277
1 15 2
297 311
1 10 9
449 394 295 45 95 338 69 489 120
1 7 8
50 199 139 27 439 35 429 69
1 12 7
142 277 237 96 189 275 44
1 6 6
257 76 39 414 74 279
1 8 4
377 490 497 347
1 4 3
33 270 188
1 3 3
491 371 168
1 5 2
329 349
1 9 3
377 90 228
1 5 4
241 222 104 52
1 1 4
310 281 204 378
1 12 5
363 398 87 143 307
1 19 9
318 335 393 184 212 110 361 450 273
1 13 6
218 313 287 115 332 291
1 5 6
415 125 467 332 191 29
1 16 3
101 121 132
1 7 7
467 213 193 281 240 162 318
1 9 5
393 82 459 3 402
1 4 8
462 390 94 276 476 395 184 461
1 16 8
134 297 57 21 440 30 240 178
1 9 4
356 458 430 211
1 4 5
202 14 198 31 47
1 12 2
381 56
1 19 10
290 133 176 60 161 208 162 374 147 426
1 9 5
48 462 475 312 433
1 5 5
112 417 150 42 347
1 17 5
451 46 121 449 264
1 2 2
29 477
1 3 4
145 365 345 147
1 20 8
167 143 322 266 142 488 99 47
1 12 8
251 254 159 98 479 67 240 447
1 3 3
243 464 218
1 16 2
49 296
1 15 9
241 127 54 10 24 186 235 393 486
1 3 7
118 210 298 407 334 377 213
1 13 5
10 482 153 21 429
1 2 3
49 279 461
1 19 8
111 441 225 107 499 282 396 199
1 19 2
485 385
1 19 4
244 205 476 23
1 5 5
468 260 220 398 308
1 14 5
349 333 115 58 391
1 9 8
384 99 169 454 484 81 485 84
1 4 6
435 42 217 437 455 166
1 6 5
4 402 224 244 293
1 12 3
93 376 68
1 20 9
437 87 318 137 459 412 245 273 217
1 20 9
468 397 174 384 217 0 110 438 344
1 5 7
202 75 13 244 167 66 487
1 8 6
481 497 94 85 82 26
1 1 5
92 161 499 306 422
1 11 5
304 337 48 118 336
1 15 7
116 347 448 454 210 475 165
1 3 2
284 282
1 5 9
471 102 465 429 435 316 107 275 382
1 3 2
225 374
1 17 6
305 250 10 0 480 56
1 15 9
414 356 14 75 64 367 339 166 427
1 20 5
349 230 407 5 422
1 9 5
98 112 492 151 442
1 10 6
473 86 268 290 472 11
1 19 9
458 149 306 347 145 390 137 116 201
1 3 5
316 376 56 87 463
1 1 7
421 48 465 409 66 486 138
1 7 4
55 434 398 268
1 15 2
60 376
1 15 10
218 172 435 444 246 195 337 110 341 425
1 2 9
246 16 70 84 43 354 146 109 94
1 12 8
308 12 292 287 372 55 139 309
1 19 4
310 189 246 64
1 8 2
279 499
1 4 8
277 313 462 212 246 257 304 376
1 12 8
434 328 101 226 415 83 357 20
1 5 8
152 334 431 304 1 301 336 258
1 10 3
389 356 194
1 18 4
274 74 98 153
1 5 8
175 380 237 463 432 78 264 267
1 20 6
215 447 461 206 375 7
1 13 5
437 160 128 28 264
1 20 6
399 337 434 94 193 112
1 17 6
92 346 449 496 341 1
1 2 4
100 251 279 384
1 4 3
462 87 475
1 10 6
90 190 402 414 52 34
1 15 9
361 18 408 157 431 430 84 166 167
1 19 4
380 409 318 362
1 16 8
9 208 388 480 158 214 317 201
1 5 5
483 338 395 432 9
1 7 4
138 328 181 85
1 16 9
184 377 272 378 128 320 139 499 324
1 13 9
424 383 266 86 427 483 4 237 205
1 20 8
487 310 133 484 287 217 476 321
1 4 3
479 260 389
1 10 7
447 284 477 173 445 491 94
1 10 8
434 460 412 327 414 69 114 279
1 4 7
53 222 124 421 178 291 470
1 12 6
369 427 52 284 156 325
1 4 2
443 352
1 5 4
469 132 159 40
1 14 5
421 105 162 229 369
1 19 7
371 23 450 440 332 417 488
1 2 3
55 305 236
1 8 6
24 82 337 351 358 156
1 20 6
199 178 253 227 427 313
1 5 3
239 487 464
1 6 4
50 415 17 126
1 12 3
213 80 188
1 1 8
11 334 265 22 277 402 426 446
1 5 9
293 223 96 190 250 92 11 469 139
1 1 8
205 34 101 347 132 89 148 172
1 14 4
270 301 358 367
1 14 8
221 108 396 470 354 208 65 39
1 19 4
2 221 220 4
1 19 6
132 12 431 273 477 358
1 20 3
485 432 109
1 6 3
218 105 239
1 7 2
457 217
1 10 10
392 398 476 27 59 360 264 62 203 422
1 9 10
30 259 193 388 379 228 195 196 361 444
1 7 5
256 119 159 202 145
1 8 10
178 58 349 355 483 167 50 409 141 390
1 15 2
55 466
1 8 10
176 193 450 38 314 137 129 343 308 304
1 15 9
330 453 72 476 31 225 473 424 39
1 11 2
472 0
1 16 3
333 348 207
1 15 10
301 437 207 414 196 14 482 380 426 353
1 8 9
413 17 499 317 355 61 440 35 318
1 16 3
255 146 342
1 20 4
128 119 243 210
1 6 4
44 359 274 255
1 15 7
38 281 263 104 226 170 306
1 2 6
256 271 138 67 399 458
1 2 7
369 483 352 262 230 150 475
1 3 10
228 384 19 36 329 135 179 343 395 437
1 15 9
12 235 89 148 437 391 331 63 104
1 20 4
200 488 183 245
1 13 10
313 222 295 397 186 307 128 106 353 167
1 6 3
4 447 457
1 2 8
213 303 14 166 305 328 274 361
1 16 9
71 229 312 239 167 445 30 343 134
1 6 8
370 387 291 82 92 287 297 70
1 7 9
225 366 363 51 105 422 369 32 135
1 13 3
407 74 461
1 3 3
367 473 376
1 20 4
320 488 241 214
1 20 2
64 89
1 5 7
233 302 104 175 433 98 218
1 8 2
200 182
1 16 6
269 8 458 85 316 307
1 16 4
320 447 222 198
1 5 8
208 419 333 172 402 124 169 446
1 20 8
333 203 233 202 67 375 29 93
1 6 4
207 108 197 59
1 11 3
449 200 32
1 4 9
295 237 389 425 421 171 259 220 75
1 5 4
233 79 253 338
1 17 7
148 232 325 115 262 173 138
1 10 10
484 125 305 252 441 296 242 265 475 37
1 15 2
232 368
1 6 6
111 355 245 475 119 222
1 6 5
30 309 35 228 463
1 13 5
188 435 149 352 418
1 14 4
361 209 347 33
1 3 2
260 7
1 6 3
48 288 451
1 2 7
143 297 480 233 309 248 356
1 12 3
199 203 59
1 4 5
3 236 482 407 256
1 13 2
119 407
1 9 8
199 104 361 231 286 179 383 299
1 20 5
383 483 394 106 69
1 5 2
57 472
1 4 6
448 161 433 376 121 360
1 15 7
386 273 323 224 267 463 128
1 2 8
321 481 197 431 386 224 79 46
1 12 7
224 351 375 27 237 477 4
1 2 7
179 279 195 326 360 323 12
1 15 8
51 94 374 170 484 83 204 381
1 5 7
457 355 119 449 283 17 174
1 18 3
249 276 450
1 13 3
274 446 354
1 1 6
49 321 224 381 72 285
1 13 2
458 330
1 15 7
104 488 408 131 467 50 485
1 13 7
445 326 465 260 145 433 59
1 7 3
366 88 176
1 12 7
261 79 335 473 495 346 432
1 7 10
327 314 339 61 33 361 485 448 424 322
1 17 3
10 408 33
1 5 10
434 166 51 181 255 460 74 313 250 353
1 20 10
343 462 499 107 441 242 361 66 327 53
1 7 6
123 198 283 27 286 372
1 2 3
286 87 417
1 3 6
496 119 126 367 16 257
1 5 2
115 122
1 18 6
181 96 236 442 488 232
1 18 6
479 149 476 133 328 61
1 8 6
277 215 227 266 14 204
1 9 7
125 136 49 300 181 170 151
1 3 4
173 252 117 6
1 19 5
343 164 137 153 173
1 3 2
475 127
1 16 8
199 435 44 194 72 424 464 157
1 7 6
420 22 467 327 486 130
1 7 2
273 395
1 5 10
87 69 272 296 247 150 122 284 264 169
1 9 4
117 372 243 447
1 13 8
110 331 171 20 213 325 356 455
1 10 5
234 15 233 220 144
1 19 2
474 125
1 2 10
350 23 106 61 24 150 141 144 422 142
1 15 6
82 154 436 191 112 79
1 3 6
145 13 389 128 183 434
1 11 6
287 306 9 201 293 101
1 10 8
421 375 90 357 227 21 135 260
1 18 7
143 249 324 219 21 288 287
1 4 6
439 323 261 425 495 221
1 17 3
125 1 180
1 7 4
380 369 24 378
1 4 5
134 379 97 25 332
1 5 4
423 418 200 420
1 2 3
231 484 372
1 5 2
173 95
1 16 9
215 470 45 25 443 274 87 177 440
1 1 9
42 96 404 104 297 436 232 334 258
1 18 7
438 476 213 308 31 158 285
1 3 4
323 468 409 42
1 18 2
142 96
1 9 6
256 283 215 111 391 315
1 14 8
300 190 214 144 469 125 6 239
1 13 5
99 101 469 459 366
1 2 5
158 438 247 38 154
1 9 3
42 161 438
1 18 9
376 495 89 67 424 219 49 283 408
1 12 9
79 421 488 36 7 116 494 197 221
1 1 7
206 159 54 437 466 55 116
1 11 5
419 46 175 282 23
1 6 5
45 411 236 344 359
1 11 3
42 430 251
1 15 3
120 205 282
1 20 8
488 294 440 465 257 63 452 107
1 10 2
437 210
1 4 2
138 416
1 12 10
264 395 294 70 174 421 11 29 44 91
1 1 2
145 125
1 4 2
349 336
1 14 10
415 395 300 468 69 374 440 286 416 428
1 10 2
454 61
1 6 3
51 492 157
1 7 8
470 162 272 342 433 478 293 412
1 20 4
496 492 228 263
1 17 4
453 37 234 69
1 19 4
360 126 17 464
1 4 5
21 226 138 25 358
1 1 3
317 67 245
1 12 5
295 320 351 84 137
1 12 10
39 226 32 298 262 390 97 54 27 469
1 17 9
124 460 463 297 113 287 21 318 231
1 13 9
179 316 54 130 230 266 334 194 393
1 8 10
116 11 62 304 0 364 192 275 86 135
1 8 10
422 103 299 284 448 427 52 375 180 86
1 12 3
174 322 306
1 18 2
313 122
1 4 8
255 445 420 46 456 412 215 59
1 14 6
451 171 36 228 205 204
1 5 3
132 34 317
1 8 8
465 471 343 144 265 365 388 22
1 13 9
210 288 168 470 126 44 435 348 81
1 14 9
336 93 447 399 24 428 64 223 332
1 1 9
169 203 8 221 113 107 452 259 267
1 8 3
42 162 452
1 8 3
458 220 226
1 5 5
64 377 188 433 475
1 5 2
381 320
1 6 4
389 435 380 393
1 16 6
226 350 256 476 473 115
1 3 2
176 289
1 4 8
79 382 147 355 102 111 114 499
1 5 10
280 141 33 6 373 31 453 219 248 429
1 10 6
465 347 170 319 371 208
1 14 8
178 319 48 329 457 30 224 344
1 15 8
302 183 448 102 289 26 334 474
1 18 3
340 345 242
1 4 10
171 60 94 337 81 369 316 91 0 24
1 6 5
12 128 207 402 465
1 7 10
211 154 478 90 337 327 241 66 192 383
1 12 6
457 43 477 432 148 166
1 9 2
415 452
1 6 4
329 472 148 377
1 11 2
425 420
1 11 7
395 465 35 376 482 198 387
1 11 5
271 326 424 24 80
1 14 4
381 135 127 279
1 18 5
168 320 471 336 391
1 7 6
495 185 76 226 469 215
1 13 4
472 93 268 152
1 17 3
84 267 42
1 19 9
36 391 286 362 214 276 64 371 162
1 11 8
279 123 352 59 322 32 182 394
1 2 9
20 117 373 42 271 167 226 184 475
1 2 7
112 48 231 256 364 170 447
1 19 5
286 234 488 333 237
1 12 8
373 119 108 58 421 39 154 379
1 10 6
367 184 374 441 483 488
1 16 3
34 85 143
1 9 4
47 395 468 369
1 18 8
476 78 174 158 257 200 425 206
1 4 5
223 10 400 386 106
1 5 2
310 305
1 11 6
395 54 393 372 295 416
1 8 4
140 178 134 21
1 12 9
436 415 329 469 233 228 101 1 382
1 20 6
85 452 221 94 233 202
1 5 2
263 425
1 15 5
272 280 254 130 20
1 19 10
100 88 333 0 484 96 436 226 322 477
1 17 7
310 63 56 170 240 342 353
1 13 9
465 71 76 34 37 234 302 423 477
1 11 9
429 362 365 173 273 290 384 167 104
1 5 9
189 244 135 426 55 124 496 75 308
1 7 4
140 55 268 431
1 7 7
375 80 431 348 446 184 312
1 11 6
57 193 336 206 393 260
1 3 7
170 391 122 196 222 499 42
1 2 2
192 70
1 19 6
75 499 122 396 404 461
1 11 3
75 51 403
1 1 2
157 100
1 17 9
16 406 234 135 419 409 243 375 144
1 19 2
194 230
1 17 7
54 136 497 314 93 418 81
1 3 9
160 187 156 274 68 50 36 307 473
1 11 9
291 245 333 98 304 63 280 488 157
1 10 4
313 461 482 494
1 9 10
497 425 27 307 70 378 82 406 392 386
1 14 7
282 258 448 127 417 389 362
1 19 8
329 68 184 306 308 366 261 242
1 4 6
344 222 491 328 183 101
1 6 4
320 422 133 391
1 10 8
443 329 469 404 298 173 442 26
1 2 7
38 272 324 289 67 439 416
1 14 9
133 51 481 464 27 15 495 452 25
1 2 3
30 182 70
1 14 3
201 126 45
1 10 5
333 105 419 143 165
1 5 6
58 125 285 253 341 440
1 18 10
356 271 2 177 17 409 130 476 103 183
1 15 6
240 468 249 63 300 316
1 10 3
324 475 326
1 6 9
401 240 163 379 247 359 186 106 234
1 18 9
436 140 273 354 321 304 40 233 489
1 5 2
297 352
1 19 9
100 481 92 231 234 213 379 151 325
1 16 6
345 298 292 274 221 142
1 12 3
396 94 240
1 4 9
486 327 87 43 268 197 41 242 157
1 16 4
474 453 232 465
1 17 4
440 125 494 486
1 11 9
234 41 436 200 135 85 119 454 399
1 12 3
34 173 2
1 3 3
451 371 29
1 17 4
210 384 203 3
1 3 6
374 365 235 229 10 29
1 18 2
65 493
1 9 8
469 2 428 177 184 358 151 105
1 5 2
410 381
1 12 9
386 434 402 80 349 485 391 176 243
1 18 5
28 461 181 348 270
1 9 6
156 31 39 307 460 429
1 3 5
146 234 391 247 199
1 3 10
25 270 165 188 240 152 437 429 386 227
1 18 8
266 9 239 473 253 160 117 450
1 11 2
327 145
1 7 9
284 108 144 19 475 11 405 362 16
1 15 2
250 221
1 17 8
79 193 24 117 239 360 77 18
1 8 7
210 206 287 120 288 341 323
1 18 2
255 309
1 1 7
113 201 319 62 219 416 59
1 15 10
363 347 60 306 372 287 449 101 458 21
1 8 5
473 270 93 233 179
1 19 6
303 213 291 293 200 196
1 1 5
3 151 495 370 43
1 1 2
283 6
1 17 9
401 43 109 47 445 65 470 33 232
1 16 6
75 212 402 65 104 32
1 17 10
241 62 279 477 468 17 210 0 415 218
1 19 6
431 4 213 57 490 11
1 10 6
218 68 177 107 396 375
1 10 10
170 296 28 323 258 464 484 373 202 94
1 18 5
237 110 469 92 354
1 13 7
160 34 184 20 316 446 231
1 2 10
433 286 16 211 171 0 111 78 321 133
1 12 5
29 310 68 157 118
1 6 8
401 148 218 61 380 152 18 422
1 12 7
168 94 418 204 90 133 129
1 7 10
265 297 161 353 24 302 189 281 40 33
1 4 3
347 123 240
1 6 3
101 233 463
1 13 6
2 299 315 41 396 93
1 13 5
56 471 438 331 124
1 17 4
289 133 495 183
1 2 5
7 24 146 116 266
1 1 4
352 159 188 142
1 16 7
125 17 228 430 426 419 492
1 12 4
189 490 185 428
1 5 3
496 283 244
1 11 6
109 44 312 424 60 322
1 3 2
425 12
1 5 2
343 190
1 11 8
215 297 214 335 300 244 98 370
1 1 9
199 214 311 57 495 334 37 363 3
1 3 8
308 371 111 420 317 283 362 477
1 12 9
400 98 204 146 495 431 459 388 397
1 5 5
278 207 185 398 109
1 3 4
68 243 156 237
1 12 9
457 445 44 439 173 273 329 203 271
1 2 10
296 228 148 98 229 120 318 230 498 232
1 11 9
191 103 439 337 357 102 163 355 436
1 3 9
457 164 130 67 153 1 88 451 425
1 20 4
338 352 386 162
1 11 4
202 448 458 424
1 20 7
493 132 299 370 122 416 271
1 1 6
101 201 321 364 274 125
1 13 9
333 279 485 169 99 23 122 117 156
1 11 7
306 303 81 479 147 369 305
1 3 5
62 380 29 350 365
1 11 3
266 358 67
1 1 6
194 289 391 126 218 479
1 11 5
168 14 364 450 73
1 5 7
406 385 187 477 38 262 199
1 5 5
362 2 320 186 139
1 3 3
410 281 439
1 12 4
245 463 393 221
1 11 7
42 264 113 299 142 255 307
1 6 8
339 336 487 137 55 375 479 495
1 15 2
464 328
1 16 3
190 213 231
1 1 8
228 448 182 316 241 79 461 14
1 7 6
128 42 456 222 338 461
1 11 9
264 464 343 451 123 333 321 37 99
1 2 7
83 309 73 462 9 435 116
1 2 4
467 125 110 431
1 2 4
262 34 90 202
1 16 9
323 80 418 276 288 422 356 198 378
1 18 6
496 326 357 328 393 436
1 18 9
148 478 450 182 117 438 471 225 215
1 12 3
433 275 430
1 16 2
107 113
1 9 8
368 8 170 267 5 168 491 322
1 8 3
475 329 169
1 16 3
473 158 455
1 18 4
393 330 378 490
1 15 7
163 469 193 230 45 165 445
1 13 6
132 478 291 356 12 331
1 18 8
370 62 427 463 237 231 466 229
1 9 7
466 240 261 367 351 285 144
1 8 4
352 129 414 199
1 1 10
55 164 464 397 338 205 427 198 96 454
1 13 5
237 263 375 479 389
1 4 10
469 358 152 300 159 397 72 51 440 53
1 16 10
414 71 331 288 405 40 366 103 451 298
1 3 7
328 469 312 280 216 201 281
1 1 4
146 69 279 75
1 20 7
413 216 176 284 44 392 124
1 13 4
13 128 349 282
1 2 7
259 310 343 285 305 371 420
1 17 6
452 359 273 75 414 128
1 10 3
340 378 61
1 6 6
48 414 472 8 493 418
1 20 5
12 265 384 88 480
1 12 7
27 307 332 22 443 312 197
1 7 8
488 175 315 453 119 466 325 227
1 11 8
490 143 86 484 364 123 270 179
1 3 3
385 364 456
1 18 5
70 350 263 154 224
1 2 2
454 324
1 9 10
369 146 231 325 379 145 127 343 403 240
1 7 10
262 118 333 75 82 77 5 70 293 25
1 14 5
403 13 401 498 432
1 8 7
64 370 160 141 462 146 1
1 17 7
277 19 212 29 69 318 402
1 17 6
240 375 81 477 6 102
1 12 3
0 116 6
1 11 9
237 105 457 313 204 192 25 413 232
1 1 10
411 121 228 128 234 29 471 432 299 285
1 14 2
397 286
1 14 6
189 406 491 7 68 155
1 15 6
463 250 293 299 371 15
1 2 5
312 40 139 241 89
1 19 9
232 369 42 348 364 365 352 66 278
1 6 4
40 99 450 314
1 8 3
50 351 226
1 17 3
489 298 492
1 15 2
143 386
1 7 10
179 180 64 109 323 187 183 406 223 94
1 16 3
42 489 40
1 4 9
469 128 95 47 225 17 40 124 109
1 4 2
382 152
1 2 4
466 381 390 98
1 15 8
158 405 335 176 499 410 466 217
1 2 9
210 99 327 117 306 92 187 330 393
1 11 8
129 268 292 238 141 312 201 401
1 20 8
408 474 360 224 453 233 284 276
1 5 6
309 353 28 366 269 488
1 3 2
31 492
1 18 10
155 499 349 211 416 193 205 338 389 133
1 9 2
449 1
1 3 7
100 15 237 426 403 357 123
1 18 5
52 77 344 396 275
1 7 10
176 348 457 439 186 9 405 250 40 251
1 12 2
406 229
1 13 4
40 407 233 480
1 18 4
213 146 57 224
1 5 7
100 150 343 22 200 295 371
