500 1500 775
17 15 16 4 23 9 13 12 22 17 16 18 12 26 2 17 9 27 11 12 11 19 21 24 23 8 30 22 10 21 24 21 21 26 14 19 7 7 19 2 17 5 13 13 7 27 14 6 26 1 30 20 10 14 16 26 6 14 23 8 27 11 21 15 22 27 19 28 26 19 6 10 26 8 17 9 12 21 12 23 30 6 28 1 17 17 22 3 7 11 17 10 5 22 15 9 14 16 23 9 27 21 27 15 7 28 22 17 5 8 14 19 8 28 10 28 29 26 23 20 14 11 12 21 8 7 12 6 10 25 23 29 9 21 15 23 5 22 6 18 30 16 21 15 24 20 13 27 8 13 2 9 30 6 9 2 24 27 6 14 27 24 28 27 22 25 12 28 23 16 27 28 18 16 6 4 16 18 23 26 15 3 26 28 30 25 29 7 30 30 9 26 1 5 28 9 3 5 28 16 9 2 9 10 17 21 15 8 23 8 2 21 4 12 3 10 17 30 27 2 15 26 1 19 22 25 30 30 6 30 3 1 12 8 5 10 23 21 14 16 25 3 11 22 27 29 22 21 7 19 3 28 10 12 24 14 24 11 21 9 18 15 19 1 18 6 23 22 16 9 12 21 22 24 18 10 19 13 29 21 15 1 25 12 23 19 18 22 26 5 10 27 18 24 15 8 22 15 4 22 8 30 12 6 26 10 17 9 7 5 5 20 29 15 19 22 11 21 3 16 9 27 6 2 2 11 25 4 17 22 2 9 15 13 16 6 20 3 25 4 25 24 28 22 3 6 9 16 1 23 27 16 10 13 19 26 20 23 12 24 13 14 5 30 9 4 12 10 30 27 14 18 1 27 24 27 15 25 1 20 6 3 27 13 22 12 2 29 17 9 17 10 4 6 17 4 24 12 25 19 7 22 21 9 5 22 6 20 21 16 21 9 13 4 29 25 2 25 11 8 28 21 21 8 1 27 5 21 30 5 24 2 2 6 12 11 8 14 23 18 22 1 12 13 6 11 8 10 3 20 13 6 2 23 10 20 3 9 7 22 7 27 15 8 19 14 12 18 20 14 14 24 16 16 25 1 1 5 25 26 17 15 2 29 7 27 10 2 1 12 22 17 18 25 9 23 9 8 14 3
1 10 15 29 3 9 14 26 24 10 21 5 7 11 27 20 22 4 15 28 24 13 22 13 1 26 15 20 21 18 10 9 10 11 19 30 4 6 8 20 2 15 16 24 19 4 1 21 24 13 9 27 20 12 29 15 9 24 30 23 14 29 18 23 2 27 2 28 21 11 30 1 28 19 23 3 15 25 26 2 19 12 7 29 8 20 28 9 26 24 3 4 21 9 7 20 15 9 21 13 18 11 5 8 23 15 14 6 19 10 18 6 23 10 25 12 12 9 27 30 14 22 9 4 8 20 1 4 19 19 15 23 20 2 16 16 29 24 30 24 3 21 1 3 2 17 25 10 22 14 7 18 24 3 6 2 7 3 3 25 22 6 26 13 12 7 20 8 3 24 18 20 28 15 23 20 20 24 5 29 17 20 4 30 27 16 12 12 16 24 11 29 19 5 30 15 7 10 16 3 2 22 3 18 22 17 25 22 15 17 3 20 1 11 12 26 28 24 13 29 14 24 23 14 6 11 14 16 21 16 9 25 15 11 18 23 4 16 25 6 30 11 17 10 9 22 5 15 19 1 8 26 19 10 2 9 14 13 19 19 24 15 27 3 2 21 18 29 20 25 27 7 29 14 22 15 30 19 7 17 30 21 15 28 25 21 19 10 28 7 23 4 23 8 28 22 7 14 23 14 8 28 10 24 4 3 4 7 23 24 2 6 11 20 30 11 12 13 24 14 5 14 22 13 8 8 12 28 11 23 23 27 18 9 2 22 17 25 27 14 2 11 21 30 18 12 8 23 1 21 12 7 2 19 23 24 16 19 24 8 18 9 28 23 2 2 1 12 13 14 18 27 6 7 14 20 15 27 1 10 9 2 1 26 9 28 15 8 10 19 25 24 14 9 29 6 28 20 22 22 13 1 12 19 13 20 23 13 1 6 17 8 12 28 27 21 26 14 26 21 28 2 26 11 16 19 15 27 30 9 21 5 9 17 7 15 1 14 7 26 28 20 26 13 15 13 8 2 10 11 22 18 5 24 2 5 4 4 14 5 22 11 28 30 11 22 23 27 30 19 28 25 22 10 14 30 21 23 16 6 24 7 1 6 14 13 28 18 23 23 13 6 9 22 28 4 18 29 16 29
4 13 11
483 40 350 412 158 385 116 465 243 443 287
1 19 24
474 491 320 223 461 129 330 260 80 157 189 7 212 276 75 269 71 161 224 232 418 355 13 463
2 16 20
196 252 308 153 82 410 232 274 315 431 135 145 486 420 356 311 330 0 1 290
14 19 23
208 253 472 306 365 266 322 212 141 375 478 254 426 368 440 156 2 114 421 25 125 369 81
10 17 23
475 246 285 301 410 12 207 494 57 47 454 382 79 490 73 307 318 324 408 401 18 258 32
7 6 16
92 298 183 19 447 468 113 359 99 416 218 252 482 54 453 72
2 2 3
441 209 120
6 14 19
413 364 278 170 349 291 311 104 458 391 384 111 281 464 266 488 414 154 454
6 13 22
161 479 496 329 51 330 484 78 8 296 193 36 401 387 279 362 96 82 319 115 97 25
2 7 12
441 313 237 92 76 243 208 72 462 226 320 362
1 12 10
27 383 125 203 216 455 279 377 351 464
6 17 20
284 201 71 159 442 290 250 313 26 244 353 79 103 368 206 278 302 97 334 196
4 7 14
252 309 222 328 116 213 412 112 319 236 404 333 433 46
1 7 16
185 368 231 367 179 463 86 63 362 252 451 150 370 173 364 496
7 5 20
4 480 125 398 118 314 143 202 177 246 179 476 86 361 224 481 91 264 127 392
8 16 25
454 343 278 220 234 398 116 18 122 223 131 396 179 41 300 51 235 293 407 50 449 435 486 45 482
2 14 4
13 476 459 310
1 18 2
335 90
13 15 25
69 25 239 40 136 105 51 454 418 92 72 102 321 306 120 257 370 64 428 179 158 19 294 38 375
5 8 10
447 488 337 465 93 80 162 283 364 407
1 14 4
18 448 337 180
8 3 14
292 253 435 163 470 484 67 246 465 172 101 422 315 333
1 6 13
269 17 243 249 251 91 473 156 208 298 420 68 285
1 9 18
167 398 184 445 333 408 365 265 252 239 297 88 384 250 21 374 292 483
1 17 5
299 124 237 67 277
6 5 10
490 79 103 0 234 198 61 440 205 361
8 15 13
444 438 18 389 13 203 278 108 362 391 5 105 411
2 3 13
206 414 484 465 462 355 49 69 94 449 36 248 52
3 17 6
388 300 477 54 164 209
14 2 25
213 460 124 394 61 23 391 286 280 102 416 208 301 40 304 64 130 74 29 200 362 479 174 258 209
7 18 11
228 449 415 42 317 238 392 63 350 461 448
4 11 7
365 405 169 161 33 490 22
1 9 5
66 227 116 155 419
16 6 24
97 462 310 41 337 44 460 433 164 76 452 7 64 125 250 469 53 120 152 289 101 352 36 199
1 19 5
295 320 315 108 279
8 14 15
141 499 218 314 66 306 389 245 200 391 273 114 489 482 248
1 11 3
121 96 278
2 18 4
90 341 47 432
8 20 19
366 497 151 176 372 159 162 353 81 150 477 283 164 362 76 407 408 391 165
11 19 17
33 159 235 452 130 320 182 381 293 180 241 306 276 256 117 25 466
2 1 20
455 122 235 26 65 462 94 472 54 439 456 318 101 191 168 114 240 233 410 176
3 19 11
58 123 372 489 138 227 193 470 177 127 230
2 4 7
370 314 236 217 423 470 242
1 2 7
143 441 261 429 8 252 411
1 5 7
449 165 401 213 399 359 121
2 3 7
278 132 20 38 188 381 274
6 9 9
124 211 337 73 262 247 458 355 430
5 9 9
498 384 499 172 198 310 109 205 187
2 11 6
461 260 341 286 201 251
1 20 8
460 283 298 208 179 19 441 414
16 1 25
258 242 317 381 119 497 443 340 97 15 48 433 113 43 393 271 217 131 72 152 168 130 375 120 445
1 1 8
228 380 51 231 436 93 406 298
1 19 2
274 138
1 18 2
194 142
9 13 18
236 260 268 394 38 325 308 99 186 432 183 161 467 284 203 368 335 166
4 14 19
330 430 340 362 389 249 116 176 39 214 69 185 438 192 162 390 418 166 258
3 3 13
141 433 474 167 304 206 384 438 407 143 361 219 26
6 12 11
189 234 178 262 348 309 256 301 277 451 203
2 4 11
59 98 442 111 246 263 487 321 88 343 287
2 13 5
275 121 469 368 144
4 2 24
267 15 345 97 474 172 147 328 363 224 197 99 28 239 318 311 155 265 291 426 53 43 307 425
2 18 4
72 193 251 151
13 5 24
241 86 424 179 162 358 330 292 200 488 469 224 229 409 398 103 301 416 211 107 247 335 322 235
6 9 11
104 26 97 498 159 427 66 344 418 429 122
2 15 20
11 98 436 164 209 173 128 86 78 233 294 348 192 273 87 36 193 141 478 103
1 3 4
353 29 431 28
1 15 22
430 106 371 321 379 293 129 182 258 471 177 411 490 397 478 489 143 348 309 336 22 282
4 2 21
258 468 474 453 484 230 383 165 412 350 118 257 23 278 337 129 80 85 378 254 105
1 2 4
342 278 55 475
1 6 2
196 252
3 16 25
286 391 64 82 390 369 165 138 311 394 112 203 361 472 23 337 415 140 218 348 487 126 95 245 60
5 18 11
192 209 488 253 189 345 0 47 473 120 453
1 2 11
307 109 138 425 317 87 139 33 58 328 250
8 8 13
361 38 349 399 442 339 231 468 43 197 273 249 377
1 1 16
324 12 361 245 442 43 31 206 320 222 256 386 381 385 101 47
3 7 10
39 393 110 259 376 232 408 407 464 242
3 14 10
235 306 440 97 256 308 135 152 395 85
1 1 12
131 340 268 5 336 114 305 304 487 54 423 327
1 7 5
7 499 181 124 90
6 2 9
74 318 321 270 284 333 75 359 173
2 7 7
464 210 324 94 245 492 205
4 18 24
416 398 475 14 378 290 221 292 26 474 117 303 184 165 39 91 89 441 129 499 310 497 404 297
1 6 12
240 7 201 6 210 106 297 96 456 258 468 260
5 1 14
430 412 402 192 52 125 212 160 96 132 166 469 79 318
10 4 21
98 373 469 445 438 8 360 484 263 453 47 461 7 124 77 396 323 384 372 422 219
1 14 9
403 128 442 194 297 179 395 135 361
6 5 18
121 58 155 282 175 18 397 419 15 389 491 322 480 497 256 455 456 452
6 19 25
266 92 430 218 47 244 94 328 383 303 171 449 354 207 390 464 263 330 120 401 204 117 177 494 138
1 13 2
318 395
8 11 24
55 460 446 404 375 489 427 186 408 292 485 163 374 344 82 380 359 59 114 201 438 441 128 267
1 5 10
218 45 259 250 485 337 481 497 229 131
8 2 24
69 457 43 451 455 255 456 313 178 241 52 94 316 402 138 461 302 119 299 300 326 482 377 168
3 7 6
214 262 226 119 494 141
3 5 5
111 36 233 325 436
3 11 6
149 169 28 275 416 308
3 20 13
438 145 143 146 363 242 384 214 397 59 489 149 23
2 4 16
317 417 311 85 486 152 288 71 430 436 84 491 4 242 66 3
2 20 13
279 484 367 202 376 490 38 297 405 331 63 360 258
2 8 5
282 118 145 464 462
5 2 10
450 362 368 260 305 348 462 267 18 66
3 9 5
218 443 84 276 212
10 12 16
197 438 200 490 120 456 394 82 277 237 67 327 40 480 1 113
1 8 4
318 426 452 51
7 4 18
108 379 339 82 328 302 12 495 331 22 245 153 93 65 453 498 473 164
3 4 24
317 198 380 295 397 14 195 309 444 431 2 276 407 389 296 345 51 461 473 49 35 225 451 186
12 11 19
38 66 228 246 497 487 105 65 329 150 381 1 477 472 455 144 498 350 448
8 7 18
11 481 37 458 424 198 346 393 406 419 468 199 156 277 227 413 219 478
4 6 6
212 111 187 370 153 222
6 6 10
75 128 421 337 190 60 170 105 18 83
2 17 4
94 332 25 93
1 7 21
22 481 291 156 37 261 191 335 418 94 343 237 390 403 369 499 401 425 322 208 277
2 14 14
151 435 70 73 379 289 344 138 170 375 143 346 446 90
10 6 19
456 135 333 13 28 163 179 400 53 74 272 107 225 350 26 238 432 204 485
1 4 9
83 288 349 234 340 350 493 6 315
3 5 25
266 112 368 471 131 280 56 397 24 135 308 12 270 463 206 434 97 253 427 473 309 268 382 6 202
2 7 7
451 369 442 198 371 277 138
1 19 7
270 331 47 52 285 209 385
1 6 3
437 340 111
2 12 24
21 3 435 403 303 478 207 473 349 486 101 246 44 65 144 8 447 342 354 182 254 55 160 191
5 18 10
3 338 65 219 185 33 5 191 436 38
4 5 24
398 84 465 460 142 367 279 202 148 10 428 431 490 272 379 467 404 199 194 263 254 418 153 259
1 15 8
99 433 422 171 323 221 403 461
7 8 25
463 470 445 10 235 217 348 37 30 103 457 444 90 118 27 374 202 269 319 160 334 263 77 223 410
5 18 19
371 318 154 489 116 227 251 81 325 389 261 156 145 39 461 82 350 320 0
4 19 6
320 78 44 243 75 80
9 8 17
30 486 97 117 426 332 52 83 391 455 346 19 244 125 366 336 260
1 8 16
336 238 285 329 245 183 463 82 332 274 261 146 178 140 281 126
7 10 11
1 492 385 172 228 42 468 325 430 136 156
3 20 6
248 240 155 158 390 178
8 2 13
345 426 216 364 64 240 29 315 395 62 174 340 288
5 19 8
155 209 327 96 192 313 2 224
6 11 21
176 76 218 64 134 488 286 159 415 309 118 216 459 55 62 486 226 416 94 65 448
2 1 5
96 181 323 145 333
1 1 6
406 119 382 293 412 294
2 11 21
14 163 22 311 230 291 295 267 0 479 235 142 367 424 64 33 455 348 358 334 116
7 20 22
192 110 179 328 265 45 454 373 451 242 183 89 28 420 285 47 101 196 306 484 346 39
5 11 8
287 471 491 170 399 269 69 322
3 8 6
465 277 367 354 31 413
8 16 13
310 197 325 366 266 400 24 178 78 260 227 249 333
2 19 19
308 333 59 154 245 190 187 303 324 386 84 127 194 403 455 230 95 184 246
2 11 5
166 268 496 210 44
1 15 5
332 164 222 495 325
14 20 24
498 411 417 220 461 460 53 191 162 340 93 489 276 197 39 280 12 356 390 0 105 183 17 330
1 15 11
220 140 381 424 68 151 27 276 131 467 154
1 2 4
18 167 194 106
5 7 11
61 63 167 329 6 32 178 1 116 68 51
2 12 7
286 375 42 309 363 210 201
2 3 20
222 121 466 120 107 110 184 427 372 375 270 281 399 378 50 131 114 101 43 453
12 11 25
50 101 31 338 418 223 363 401 362 242 254 494 483 244 358 297 259 478 120 283 116 293 457 346 10
5 12 13
108 243 161 259 404 111 39 283 176 442 128 62 25
9 19 22
33 321 246 154 91 76 326 226 328 304 410 273 227 242 9 28 218 213 471 19 274 70
7 4 12
2 74 16 190 274 70 320 495 343 156 232 436
4 12 7
377 2 242 485 497 386 471
2 16 8
258 214 348 10 280 237 407 347
10 16 20
14 252 328 386 364 478 401 65 397 162 236 462 452 114 244 56 416 312 53 42
7 18 20
70 130 291 271 166 383 46 140 460 405 197 119 409 276 325 311 175 121 231 498
1 10 3
394 426 291
7 9 22
293 387 15 491 252 170 108 31 281 72 33 412 321 470 389 483 178 236 195 406 345 312
2 10 21
419 408 470 342 168 345 467 440 442 242 469 341 205 297 79 104 207 89 384 483 40
3 10 25
155 246 107 173 343 20 131 319 485 337 481 50 432 414 192 83 247 260 264 419 291 99 223 483 59
4 9 25
328 245 74 449 367 469 369 187 95 343 339 150 307 138 403 374 356 103 67 322 227 136 272 274 73
1 18 23
277 52 214 69 124 446 281 156 45 296 454 10 443 257 259 203 40 456 327 397 204 380 37
8 2 13
266 98 250 361 2 128 60 72 119 411 89 489 297
7 19 17
97 389 170 147 313 369 211 490 341 396 43 166 498 452 79 193 278
3 13 7
211 268 206 213 302 442 167
3 9 7
328 209 182 87 42 307 338
4 11 11
58 495 262 273 223 270 314 6 70 294 112
3 9 20
249 498 422 175 308 372 496 143 213 62 289 303 92 470 255 132 49 312 75 8
2 8 8
108 369 400 462 406 151 171 140
10 14 19
151 404 276 377 403 109 30 33 365 170 224 26 326 62 140 490 223 426 303
1 16 14
305 21 357 187 374 468 409 303 264 388 87 159 358 297
4 6 11
160 468 8 364 308 57 456 496 411 363 442
2 17 19
94 329 28 15 335 30 140 135 285 147 143 124 80 344 273 258 109 171 225
2 6 3
8 12 342
3 4 10
162 155 186 345 351 1 228 434 294 462
1 16 2
345 168
3 5 18
355 376 359 164 45 129 245 360 469 252 253 467 236 443 420 206 358 151
2 9 13
37 214 264 76 109 129 55 212 441 119 110 170 230
5 5 13
101 438 42 2 11 422 57 172 359 34 224 398 376
3 16 15
214 188 180 260 209 259 497 282 114 493 417 20 222 269 194
2 1 3
493 150 440
14 16 25
378 432 434 86 265 319 350 132 331 418 166 87 498 28 269 458 233 7 160 345 177 479 147 314 128
1 3 3
23 60 451
2 16 20
380 234 103 362 432 92 401 375 43 23 143 97 206 477 168 114 96 193 497 446
2 10 13
204 472 201 457 115 440 436 189 71 194 51 43 207
13 11 22
124 264 243 310 274 255 422 427 410 66 429 152 79 406 273 285 299 214 23 254 109 25
3 2 13
314 275 69 165 366 3 394 467 115 369 66 48 106
9 18 14
425 296 249 233 288 115 437 50 367 329 368 6 382 390
1 10 3
250 72 338
3 11 6
405 355 283 350 3 354
2 20 11
193 103 11 452 300 458 46 49 79 259 8
3 20 13
25 247 410 65 203 303 452 397 71 70 443 390 420
1 2 7
162 424 455 335 385 432 232
1 20 24
226 323 163 354 123 122 477 499 459 463 436 210 493 107 288 134 173 190 312 397 361 262 21 110
5 19 9
433 61 179 67 209 212 446 114 131
5 4 14
1 44 465 222 493 343 333 261 314 152 412 344 159 9
8 16 13
489 288 127 243 362 454 496 200 447 10 462 99 315
2 9 6
424 65 236 21 344 82
2 3 8
425 382 246 286 250 388 153 360
3 8 5
342 359 93 12 31
9 6 16
394 487 233 319 44 374 153 259 193 162 306 87 285 272 35 485
8 16 13
157 274 332 312 457 131 128 213 322 192 371 403 75
6 5 22
184 359 64 25 195 230 424 240 355 141 220 444 354 183 431 143 102 156 111 384 39 382
1 12 5
309 60 484 178 260
6 17 15
18 34 3 7 332 393 362 262 76 444 72 22 238 202 178
2 2 4
57 26 170 242
2 5 10
221 231 213 160 191 249 211 38 331 244
2 5 12
166 255 295 499 407 104 374 448 28 335 440 380
4 15 13
419 126 435 475 146 373 175 283 351 341 418 417 161
1 14 5
108 59 195 264 251
1 20 16
81 378 333 251 363 126 474 103 219 157 7 173 321 11 260 327
9 15 17
429 325 455 462 198 415 84 0 73 434 432 367 234 242 161 180 265
2 12 5
454 370 277 303 218
8 3 15
263 364 140 23 236 143 123 54 97 483 289 17 63 156 398
10 12 23
208 420 327 122 153 299 209 89 293 358 336 207 112 403 14 321 23 407 183 364 275 389 197
7 5 15
403 118 423 71 469 339 463 284 309 3 447 461 48 306 497
6 12 10
319 92 380 300 101 457 63 487 256 493
9 2 16
32 172 142 222 67 370 161 363 366 477 68 438 418 313 24 302
9 2 15
277 237 300 44 201 169 167 97 309 110 170 139 287 149 75
3 3 8
238 138 63 200 406 442 261 441
3 6 20
136 248 327 498 195 412 267 105 301 438 29 81 140 202 266 385 413 93 434 241
1 9 18
273 54 199 31 269 424 15 354 217 242 263 284 23 288 494 78 326 160
1 10 9
231 335 419 400 99 289 207 476 248
4 7 8
400 186 312 324 160 185 440 404
3 3 17
295 438 401 388 340 169 172 298 400 336 464 86 320 463 334 498 268
12 5 20
450 132 98 76 323 275 298 186 287 470 397 19 36 245 191 496 325 491 441 160
1 11 2
107 41
9 14 20
414 34 13 329 209 374 70 256 80 434 235 60 331 174 221 69 475 213 264 307
1 14 2
451 75
6 20 24
7 423 326 72 387 11 194 23 34 174 318 462 342 407 33 475 440 480 132 320 63 354 162 369
10 19 15
19 71 363 122 69 131 67 85 133 231 39 265 307 12 395
10 13 16
345 404 129 341 373 346 149 459 402 349 141 169 158 307 465 213
7 15 13
88 5 134 290 392 46 287 112 67 206 270 209 151
1 19 3
54 265 496
2 5 15
198 245 457 429 257 28 83 17 383 271 447 38 123 304 386
2 9 18
258 339 408 391 204 71 39 233 222 349 24 246 299 210 187 281 427 330
4 13 10
426 5 66 262 128 107 109 92 166 473
2 11 12
10 427 305 374 231 4 106 385 423 145 168 89
14 10 23
491 390 208 252 68 354 355 254 397 264 440 394 401 119 111 186 191 12 13 470 42 250 180
11 5 21
219 8 473 157 424 272 79 218 210 291 162 111 402 476 350 190 431 389 174 312 257
3 10 11
415 449 278 416 45 39 258 242 372 148 378
3 16 20
171 353 411 20 266 233 398 494 275 451 456 16 413 279 484 476 347 445 441 62
16 14 24
178 187 470 192 77 185 343 438 111 103 95 22 483 116 393 195 110 54 336 297 443 357 369 235
1 2 16
268 375 442 444 388 448 318 235 229 247 275 123 199 151 112 340
16 1 25
109 293 26 273 283 238 488 331 100 346 251 439 321 446 374 399 412 192 260 486 360 9 237 70 175
1 12 7
58 295 365 92 372 410 394
2 16 3
94 441 293
9 1 17
104 481 153 53 149 255 143 67 113 432 194 4 186 165 438 163 189
2 8 6
158 106 415 279 329 92
10 3 17
153 224 398 214 453 31 272 49 93 156 41 373 377 263 80 492 328
4 13 20
13 255 74 470 430 258 369 275 150 23 411 10 318 92 85 355 388 467 473 205
8 18 23
357 380 361 3 416 183 7 106 362 215 32 155 412 207 151 328 96 193 177 235 382 379 245
15 11 25
264 68 434 393 187 115 71 160 376 12 340 97 89 273 466 425 19 13 17 169 219 279 266 95 366
4 7 7
392 205 393 401 33 168 300
7 11 16
5 223 233 296 411 74 498 355 129 109 145 302 193 211 338 347
7 18 23
149 451 251 201 429 499 353 393 317 226 340 200 493 272 303 447 425 177 360 286 180 82 483
13 20 22
137 56 363 464 354 196 302 403 241 463 393 122 319 379 27 201 51 183 406 88 178 324
13 2 22
22 85 115 232 231 279 470 174 71 463 341 252 6 93 268 133 399 97 388 41 206 34
3 1 6
479 248 225 465 101 484
3 9 24
278 196 24 404 335 199 322 60 484 336 462 18 61 250 97 221 286 419 360 432 499 303 113 198
6 18 18
106 433 262 187 316 66 472 474 459 122 255 492 49 293 98 303 358 17
2 18 6
217 361 497 460 212 163
9 18 23
179 149 399 342 383 451 441 428 178 405 97 89 164 124 151 228 327 112 384 195 73 442 321
5 2 11
475 245 100 124 263 150 228 57 384 53 338
5 14 11
278 413 12 38 182 395 80 71 292 37 313
15 10 25
153 433 60 409 476 272 281 189 197 203 328 78 376 347 212 305 399 430 156 120 278 293 452 162 468
4 3 8
386 448 254 407 236 379 206 293
2 11 12
333 329 118 195 68 87 58 374 480 89 189 394
2 13 22
217 21 439 81 45 113 73 131 38 480 42 448 167 298 450 211 234 152 32 332 243 6
1 14 22
220 58 82 193 420 10 267 388 21 424 120 108 291 139 276 379 370 182 59 460 54 496
2 13 4
44 112 93 126
4 4 9
161 463 292 393 322 165 167 442 53
2 16 18
242 101 71 129 453 436 409 226 359 317 368 364 1 363 460 433 476 459
2 10 5
493 26 357 171 238
1 20 11
391 469 350 58 270 4 375 200 144 99 157
7 9 19
235 234 290 28 257 104 263 85 479 117 372 55 386 343 92 114 171 88 128
9 8 16
448 477 218 471 233 228 58 420 329 52 190 116 354 241 416 324
6 16 10
310 141 56 3 498 123 133 148 237 48
4 1 25
267 94 20 371 324 235 191 443 83 53 208 481 426 296 339 312 369 213 2 423 427 200 299 313 119
9 8 16
447 304 425 71 239 364 228 48 303 365 128 420 219 69 104 471
9 10 18
217 155 284 407 302 164 218 325 253 359 480 120 77 256 457 418 46 335
4 9 12
458 107 78 149 315 67 249 18 453 71 442 320
2 8 5
141 471 174 213 322
2 17 7
112 72 360 98 21 237 148
1 8 2
280 210
1 1 9
37 191 406 497 247 431 193 47 410
5 13 8
296 187 259 391 178 450 479 0
4 9 8
302 37 412 329 227 489 445 274
2 18 5
458 207 48 192 202
4 3 20
58 35 121 219 92 282 228 49 136 468 386 415 53 203 197 460 466 499 127 264
10 11 20
371 41 141 403 262 242 329 32 281 69 94 87 103 137 85 327 250 416 413 438
6 14 19
264 463 385 474 204 396 177 37 480 311 471 209 109 476 291 298 68 486 382
2 6 13
92 284 379 4 159 419 213 168 56 90 447 369 74
5 12 15
142 370 140 357 390 402 409 499 497 327 213 440 329 21 270
9 13 25
461 453 460 156 407 8 23 333 137 406 398 479 482 182 434 350 161 347 153 444 147 178 243 346 177
2 10 3
120 360 224
2 14 16
241 400 449 195 177 140 257 399 325 375 380 365 436 170 13 133
1 12 6
103 436 391 342 139 63
7 3 13
111 135 264 251 53 334 175 418 60 480 143 291 364
4 7 19
467 67 248 95 492 311 428 102 124 193 349 313 289 470 178 183 269 143 51
3 3 17
64 51 433 203 440 449 288 444 6 460 435 491 473 277 375 389 252
12 19 22
211 318 235 126 222 65 44 226 238 188 499 436 38 480 49 207 32 402 158 83 213 125
1 4 11
44 326 143 235 43 90 182 398 180 290 4
3 4 21
342 86 459 2 121 292 340 468 50 278 371 28 107 150 95 349 197 46 276 196 214
5 18 16
329 491 426 88 303 406 407 499 149 324 124 343 431 226 352 466
3 11 13
414 86 120 351 467 147 320 160 246 258 411 219 221
3 1 7
218 5 259 496 83 227 332
1 4 8
397 208 302 384 49 371 102 456
1 20 6
253 492 479 351 469 359
6 3 9
336 162 107 195 157 212 222 184 415
3 19 25
380 210 51 9 342 228 81 149 27 410 434 71 300 150 186 390 291 338 236 125 363 327 113 282 417
2 7 4
102 405 167 174
1 12 6
402 34 358 157 119 56
2 5 4
462 328 126 184
5 1 8
473 384 232 15 297 405 171 421
6 7 14
216 188 122 462 488 299 395 496 37 178 440 251 497 199
5 1 10
71 219 81 143 304 109 233 9 379 444
3 20 5
276 247 455 393 405
10 4 21
375 353 329 494 11 443 284 385 149 59 228 143 496 465 485 261 362 133 395 17 184
3 15 25
226 476 470 182 106 0 66 299 396 234 413 138 393 208 136 154 118 281 297 113 26 490 487 260 481
1 16 20
60 223 484 49 175 188 142 116 415 12 446 476 8 30 434 2 327 127 345 236
6 12 9
458 160 326 25 2 398 31 250 56
9 12 24
132 23 249 329 365 0 105 465 406 435 258 196 322 473 4 338 453 211 19 7 240 208 476 215
4 11 16
271 348 129 446 88 287 351 136 38 160 405 294 380 385 13 70
3 1 9
378 163 20 270 93 253 363 435 285
1 11 5
290 374 98 387 259
3 9 5
362 183 94 268 157
5 14 25
205 116 47 455 101 0 175 307 15 131 348 478 46 414 251 187 375 405 305 65 337 138 270 244 369
7 13 25
113 155 497 352 401 386 54 263 168 328 21 145 215 77 332 224 389 184 282 489 455 90 346 302 471
2 15 8
345 284 197 147 351 492 129 62
9 8 14
453 317 241 197 233 459 62 426 34 450 396 312 91 288
1 3 11
394 61 40 466 450 309 155 262 341 351 117
1 15 21
183 387 461 389 375 388 464 199 138 112 412 425 279 403 131 236 460 489 470 14 89
9 6 14
393 145 338 2 189 416 213 347 123 175 457 185 53 265
2 18 6
152 495 49 482 192 460
10 13 21
427 478 479 442 286 496 339 84 105 111 245 418 118 256 423 450 53 190 471 92 47
1 20 2
256 60
1 1 2
418 70
2 20 9
135 465 151 487 228 440 156 161 335
5 17 10
56 430 481 289 386 321 281 44 401 378
3 1 10
165 340 149 211 223 253 371 400 303 37
1 1 2
6 71
7 3 13
89 88 123 463 237 91 319 182 351 320 104 38 152
5 4 15
433 32 462 169 60 155 61 191 406 439 380 488 34 431 47
1 10 6
286 153 60 271 125 436
2 16 5
359 33 464 151 46
11 3 18
488 32 493 132 87 190 484 394 415 325 221 239 168 240 285 183 477 80
11 13 24
374 18 77 52 244 377 261 285 324 72 280 6 232 386 96 86 307 414 90 60 329 153 54 109
10 6 16
166 120 113 393 472 413 249 258 1 26 168 427 242 268 418 243
1 9 2
473 476
3 1 5
342 365 271 192 117
7 15 24
233 82 316 107 366 138 8 373 460 191 388 14 256 226 208 9 85 209 198 320 375 111 113 488
9 5 15
448 183 400 337 481 498 434 155 80 85 466 347 220 146 332
3 12 19
382 156 194 74 488 253 478 477 170 460 315 272 366 345 80 349 203 495 419
1 14 7
164 498 307 72 364 476 264
2 13 4
463 297 102 329
8 3 19
424 286 398 482 140 322 92 248 302 390 461 123 418 241 316 199 221 116 57
9 6 18
333 90 471 350 6 286 491 358 117 274 173 34 446 207 415 301 474 65
2 20 19
480 9 62 125 477 379 140 367 344 494 164 211 182 241 325 269 442 105 73
5 9 9
103 342 302 469 147 5 53 441 404
8 6 15
336 217 105 170 241 184 317 96 283 312 94 280 413 416 116
2 17 8
201 342 382 37 400 111 491 245
2 11 13
203 220 428 397 256 483 177 31 155 5 386 342 408
2 11 7
166 397 9 129 265 279 299
5 20 24
262 72 9 382 351 407 185 116 186 326 40 108 227 165 119 177 17 311 85 76 413 386 231 391
10 11 20
371 9 215 260 322 230 26 337 141 207 445 8 64 379 164 31 444 309 471 10
1 12 3
160 188 319
6 12 12
159 74 349 127 147 265 278 384 369 131 391 200
14 12 21
7 29 72 50 267 63 319 1 208 146 88 149 384 250 359 92 139 130 65 220 467
3 1 6
363 401 152 258 287 386
5 12 18
21 8 204 163 498 79 15 238 352 161 460 125 496 200 131 136 262 94
2 16 4
343 474 21 153
7 18 23
160 194 425 299 54 39 193 75 481 475 269 449 58 429 150 112 114 259 0 166 222 174 420
6 12 14
50 74 247 281 7 212 324 190 354 58 295 320 342 167
4 4 17
433 486 179 135 223 443 392 236 254 152 130 145 198 402 66 272 180
1 7 5
451 62 271 427 12
5 12 11
187 127 425 352 157 443 3 20 57 138 192
3 10 9
77 374 209 253 135 437 173 398 333
2 5 5
16 153 310 254 281
4 4 7
138 410 101 8 226 499 272
1 3 16
17 332 288 366 340 32 497 401 254 9 186 27 422 263 371 392
3 9 9
183 291 36 114 20 214 307 198 408
7 20 23
143 74 377 324 41 209 390 135 72 341 211 150 476 468 17 114 50 40 227 91 196 402 35
3 4 22
98 93 112 232 162 440 497 44 456 19 420 409 125 495 39 367 366 235 410 339 391 268
2 5 4
61 119 464 341
8 1 18
462 271 467 80 490 445 261 8 258 407 372 128 371 299 230 476 361 107
2 7 5
86 116 383 488 220
3 3 10
449 84 219 103 155 369 226 284 16 87
1 20 7
123 247 343 373 71 472 468
6 10 13
171 320 439 296 159 328 479 403 247 225 120 415 418
4 19 15
360 415 337 349 84 150 112 382 402 161 404 233 298 156 127
8 6 23
21 447 456 238 156 422 467 250 265 89 212 236 428 208 398 9 291 289 342 260 135 423 161
3 19 20
53 88 476 455 377 275 465 167 445 76 245 229 354 160 460 175 304 218 96 435
2 17 14
351 339 397 67 17 43 455 372 170 391 434 370 367 314
4 8 9
403 251 364 482 279 347 418 96 231
1 20 2
305 356
3 11 11
176 214 400 343 168 219 80 136 74 53 495
6 9 14
320 194 364 112 236 248 68 251 496 359 9 165 486 403
2 3 18
257 243 138 384 78 293 162 332 338 165 417 131 247 348 134 24 63 270
6 3 16
91 409 301 348 443 235 320 113 160 208 230 110 322 430 454 460
2 7 9
14 167 212 399 143 475 103 69 379
1 14 3
459 55 189
1 3 19
120 496 13 26 46 212 0 209 281 403 162 83 319 295 244 173 211 227 356
7 7 19
32 145 31 491 130 59 241 287 296 269 359 377 205 357 423 134 47 57 88
6 4 9
6 432 128 300 415 108 254 428 154
12 6 19
8 187 124 4 348 364 496 153 448 257 38 358 213 120 325 399 42 150 379
5 5 21
286 317 2 426 188 214 170 3 476 412 184 357 332 353 65 418 444 206 129 105 319
6 15 19
41 353 125 476 188 199 430 256 301 465 122 4 29 253 399 259 131 261 114
1 16 9
98 93 41 416 49 478 88 453 281
4 4 25
477 355 71 213 38 488 315 370 382 66 372 250 487 357 135 264 167 231 4 168 57 309 276 400 457
4 18 6
207 104 11 197 146 18
2 8 3
32 197 473
5 15 8
300 157 40 171 429 465 163 355
3 1 8
101 95 431 485 252 436 449 290
4 17 6
408 400 147 218 455 186
9 17 17
16 75 101 370 259 21 50 144 455 411 278 47 376 387 177 424 355
1 11 3
450 359 132
9 4 14
244 235 336 144 9 385 36 468 62 259 43 166 117 453
9 16 24
79 358 444 59 33 359 450 132 234 462 153 260 295 52 230 466 25 121 366 171 200 255 231 351
4 12 25
102 96 406 330 169 257 464 322 56 243 15 175 386 359 113 53 290 166 454 19 14 385 182 299 276
1 2 2
292 113
8 16 22
316 116 113 232 1 131 413 156 492 396 421 142 378 215 352 222 376 112 443 95 479 472
4 16 14
419 440 452 458 266 123 175 43 101 189 300 499 342 252
1 19 18
71 336 83 458 438 389 57 386 488 470 429 273 53 176 424 137 276 228
1 8 17
54 250 224 258 153 291 240 110 411 230 133 299 254 252 135 253 76
2 19 4
55 185 142 18
7 1 23
349 249 7 187 86 441 472 186 373 393 448 116 477 266 345 236 206 79 165 458 190 8 76
2 13 10
22 290 311 8 240 429 20 371 437 37
1 10 13
386 164 487 314 56 481 318 84 486 278 132 312 104
9 12 25
81 141 469 364 14 126 456 498 190 22 432 82 377 194 388 45 143 461 278 142 247 83 396 178 407
13 14 21
481 4 387 459 271 78 237 450 123 407 332 415 182 343 340 394 215 452 466 238 447
4 11 17
351 57 42 132 115 271 489 303 390 494 196 205 113 28 81 316 111
3 2 9
168 196 244 331 478 490 70 10 385
6 10 19
429 444 351 102 365 14 453 140 364 350 261 440 91 118 296 205 272 460 339
3 7 15
447 284 225 420 319 465 123 45 354 305 3 325 8 173 77
9 18 20
223 341 471 285 329 193 42 402 73 438 317 147 422 406 351 17 5 401 328 287
6 12 9
445 108 404 23 236 490 282 365 90
9 14 20
126 224 297 471 383 191 226 141 483 474 493 485 353 360 231 64 113 447 62 222
1 19 14
319 480 37 488 112 43 372 213 452 392 327 336 71 229
11 4 17
229 101 299 273 213 329 60 132 464 337 53 16 27 391 403 468 112
4 15 7
450 43 330 344 81 70 308
2 10 9
492 96 129 476 425 75 368 21 316
2 2 25
367 455 262 237 375 57 219 481 134 64 464 14 364 257 46 474 86 320 128 17 469 228 459 433 373
3 19 12
24 80 45 391 91 188 167 274 123 281 216 70
1 8 9
31 393 19 210 59 370 169 300 203
9 19 21
268 280 76 261 21 490 421 190 164 426 478 43 407 205 279 406 2 118 198 330 472
7 11 24
486 33 97 174 137 355 154 361 429 437 76 100 78 296 20 26 139 122 368 269 165 186 488 394
8 3 22
335 71 338 480 253 265 21 144 99 38 123 59 142 11 318 459 130 454 143 437 415 172
7 4 20
275 189 160 284 55 238 498 440 168 42 490 228 132 380 283 104 271 261 264 48
3 13 5
108 386 92 152 378
4 10 11
161 285 381 6 13 221 66 227 246 268 78
2 7 19
492 51 193 452 97 463 371 111 451 370 285 309 340 493 495 447 24 377 248
1 13 6
282 295 173 342 325 352
5 10 11
214 156 286 292 226 314 396 367 453 489 115
2 19 15
10 343 134 346 270 34 32 487 144 429 470 170 220 60 473
6 19 9
78 35 151 191 38 497 385 449 97
4 4 10
270 159 148 432 399 185 455 128 333 313
12 1 22
281 454 447 199 56 106 42 466 159 230 227 255 430 402 75 273 338 278 283 184 335 455
1 18 11
438 339 26 499 194 267 383 59 114 395 489
9 5 19
365 106 441 334 314 357 231 72 388 395 165 411 244 145 59 89 31 404 10
1 16 14
419 176 475 306 48 22 349 257 86 63 173 482 471 6
13 5 24
22 65 360 50 455 73 367 265 406 68 199 493 290 42 179 454 170 333 207 467 398 341 317 390
2 11 17
196 4 315 467 476 283 176 415 344 282 171 385 349 435 32 414 13
2 15 7
260 432 442 226 147 245 91
5 7 10
289 397 91 335 275 173 427 290 191 425
1 3 2
136 302
1 5 2
242 294
4 7 21
212 348 161 28 462 301 162 52 358 173 231 395 385 227 242 262 490 335 127 184 140
1 8 11
241 223 225 387 294 181 74 188 355 24 47
7 19 19
61 154 389 412 179 5 40 388 395 498 308 194 28 397 335 452 353 185 468
1 5 14
119 52 322 364 352 112 25 304 166 134 198 163 344 27
8 2 25
179 94 244 51 347 143 421 268 111 342 27 202 345 13 468 267 415 450 362 226 173 482 339 264 72
2 7 3
267 66 277
3 6 6
84 43 468 448 136 46
1 7 8
496 265 109 411 329 123 7 187
2 20 22
443 64 327 183 7 74 73 429 494 390 260 104 426 315 400 472 255 126 307 433 295 35
2 7 13
181 157 422 479 370 380 67 452 47 427 297 465 439
5 9 15
151 349 72 124 60 201 470 255 357 65 434 361 433 158 369
11 20 25
112 24 213 468 253 141 382 261 96 101 267 77 195 457 358 363 362 161 498 303 341 259 481 224 226
2 4 15
499 147 300 23 75 186 187 402 121 383 223 159 16 245 432
9 2 24
422 3 346 234 296 493 225 344 36 130 321 425 213 271 486 355 442 243 284 474 255 437 25 59
15 19 25
327 442 373 369 497 112 436 466 1 371 395 216 10 28 241 83 57 394 140 416 474 328 23 139 213
1 3 6
450 481 77 158 366 142
6 16 10
471 212 331 34 288 336 47 58 38 294
2 3 5
379 366 204 211 27
8 5 16
64 13 271 444 227 460 3 160 457 301 173 218 256 479 450 461
2 17 3
44 73 168
10 13 19
489 171 392 497 178 441 301 262 308 92 190 280 491 313 351 390 404 340 117
2 8 3
477 292 176
12 12 21
177 157 452 75 401 419 295 230 478 162 80 137 72 242 188 443 362 390 354 28 18
4 8 22
406 150 329 149 77 189 251 110 239 151 482 302 451 186 272 393 135 252 499 236 332 277
8 19 19
325 188 358 182 100 379 271 158 209 91 410 197 435 321 307 351 75 356 450
11 16 24
157 341 225 328 452 119 406 437 245 282 196 17 365 325 345 219 425 170 392 108 31 313 270 48
4 4 25
478 450 447 233 16 150 198 230 480 497 216 354 242 8 361 323 418 485 314 330 311 73 142 335 161
3 8 17
87 336 82 170 220 44 92 432 249 353 334 163 146 359 404 420 107
1 17 5
62 123 490 417 360
1 18 8
27 411 456 183 322 89 449 153
3 1 5
442 90 102 19 218
11 5 18
454 131 360 151 269 236 445 403 142 48 182 216 438 379 54 193 7 246
8 10 14
455 330 409 227 100 141 140 139 400 416 88 147 340 118
6 20 15
257 431 230 348 255 19 195 307 147 142 263 328 95 134 223
1 3 5
353 157 354 345 444
6 10 25
36 248 397 367 55 201 103 10 282 176 423 300 171 411 227 101 154 175 458 113 340 331 167 420 369
9 16 16
23 196 259 53 349 316 464 256 358 368 140 279 424 418 267 134
4 5 23
131 405 310 7 488 410 191 14 301 492 214 269 391 151 453 412 321 92 79 34 179 379 57
1 9 8
82 149 435 342 48 267 392 218
1 5 13
340 468 14 362 352 220 221 82 251 280 143 342 41
7 3 11
366 381 281 340 417 2 393 228 283 305 88
1 12 17
254 43 54 13 141 441 386 34 357 157 156 103 396 465 22 188 455
12 3 22
415 182 281 423 283 86 448 158 484 8 243 263 299 99 356 240 185 87 457 384 318 140
2 19 10
291 254 23 347 203 73 355 243 66 470
10 15 18
377 72 340 75 391 54 13 469 394 384 93 201 456 171 301 252 19 85
5 7 17
333 92 296 423 287 317 3 158 247 154 170 245 183 29 402 480 129
8 17 24
203 475 182 321 257 131 75 413 15 348 375 164 431 119 142 495 360 479 28 251 373 379 268 446
4 10 14
51 128 288 430 167 480 103 53 336 56 36 19 106 474
10 2 24
481 469 149 372 358 364 447 11 403 127 452 295 114 57 488 428 462 10 472 341 271 87 382 400
5 12 13
450 428 429 149 306 91 425 22 207 342 473 282 348
3 3 13
319 288 169 429 311 439 422 364 227 432 338 77 307
2 13 12
113 4 323 464 410 430 192 279 339 384 397 318
5 14 13
212 365 121 381 0 332 114 50 118 155 126 285 315
11 9 22
60 444 162 44 448 477 114 147 236 156 324 100 482 371 83 331 19 276 383 32 227 416
2 12 4
244 445 223 72
6 1 10
38 219 342 451 269 32 194 302 382 2
9 19 23
113 58 147 126 20 44 179 98 300 350 93 410 201 229 27 116 28 462 207 267 354 6 188
1 1 2
184 406
1 12 6
137 57 101 50 328 80
8 18 17
482 121 51 333 398 491 241 329 486 366 70 99 311 309 274 120 395
4 6 19
287 390 93 348 476 388 370 405 491 373 306 150 469 37 142 196 292 145 432
6 6 17
1 436 130 263 123 201 380 403 305 474 200 109 113 174 267 168 374
2 18 8
200 347 198 470 218 85 260 242
3 9 16
393 88 444 148 96 312 29 363 42 82 368 200 160 237 204 330
2 5 8
1 142 409 84 473 368 40 177
1 1 10
419 426 225 452 258 46 98 134 72 464
4 1 21
308 187 449 401 64 460 229 418 108 45 353 466 225 220 287 422 151 310 106 72 14
12 15 19
92 109 384 117 49 433 178 65 422 284 430 257 191 310 173 334 44 239 30
3 7 16
470 190 181 112 101 285 204 359 452 293 214 127 103 347 228 184
7 13 13
239 105 93 9 21 79 287 168 113 13 389 235 38
2 6 14
471 203 312 119 10 240 93 456 404 140 401 121 336 209
8 19 17
44 454 273 223 54 245 257 434 194 67 155 174 429 419 394 84 298
8 1 14
265 73 21 216 231 257 276 113 193 465 300 284 66 174
2 12 8
349 116 78 431 399 334 269 191
2 7 3
367 418 319
2 14 5
267 156 411 424 190
15 16 23
4 49 80 206 465 436 407 242 269 204 396 428 472 307 340 167 370 284 322 430 32 455 354
1 3 4
80 33 429 6
2 16 3
216 246 175
2 3 17
56 381 53 157 66 476 246 123 155 453 16 324 215 22 54 8 263
1 3 12
182 484 361 301 311 304 141 83 393 294 5 296
2 7 22
280 471 373 233 454 354 352 421 208 201 87 293 488 185 33 48 166 375 357 444 231 253
2 6 25
213 1 472 18 100 496 193 76 183 4 0 238 231 58 476 186 115 280 196 468 151 69 179 402 174
13 4 22
359 476 275 421 483 282 487 293 248 46 162 188 370 231 491 42 126 381 120 429 250 464
1 13 11
234 98 96 404 348 262 225 388 276 246 99
12 16 23
415 177 381 255 257 79 351 452 244 69 404 125 357 290 46 288 202 134 318 239 183 160 98
6 6 23
63 197 200 304 140 257 36 120 326 71 484 359 101 183 106 30 87 208 353 396 214 72 382
2 4 3
340 109 107
1 14 2
440 45
7 19 19
444 418 212 36 341 208 92 306 169 450 165 468 58 63 344 187 489 287 268
4 10 13
409 472 262 447 152 288 26 293 254 382 282 392 238
1 12 18
142 96 385 74 286 118 389 207 434 72 335 399 114 391 287 424 127 261
1 5 2
227 5
1 8 14
363 473 201 177 69 311 237 427 68 223 483 103 114 94
7 18 14
271 134 38 37 493 133 100 334 468 455 351 124 191 97
2 15 16
299 252 167 318 121 462 424 16 113 275 128 224 53 93 138 278
1 17 11
33 63 91 328 211 235 331 459 423 416 153
13 15 21
128 216 350 483 59 371 334 279 55 77 62 319 269 24 81 110 210 436 496 322 418
8 2 14
459 22 76 164 302 428 255 352 120 2 170 299 407 405
12 9 18
340 292 444 466 438 420 12 367 267 66 283 220 42 114 222 193 354 426
7 7 16
477 112 187 72 106 111 440 123 279 192 151 213 319 95 133 489
1 18 19
290 457 103 495 186 40 53 283 171 176 339 278 357 295 146 109 404 309 444
2 3 23
217 122 325 453 444 464 18 468 46 27 201 183 270 189 13 134 455 476 324 493 262 219 115
1 11 8
293 272 330 439 173 475 102 2
6 14 15
211 182 190 225 137 482 222 248 64 13 425 36 30 308 443
8 16 17
325 183 196 374 337 272 212 477 277 428 88 145 311 259 48 297 281
4 2 18
304 123 415 108 214 180 359 400 422 118 223 15 433 226 338 87 355 119
1 5 4
436 282 488 313
10 20 20
254 266 466 14 118 429 376 457 56 385 364 321 282 259 464 391 294 298 386 127
7 20 14
125 369 191 352 288 480 83 265 164 428 177 204 143 206
3 2 8
148 223 144 266 231 157 357 359
1 15 11
2 195 27 399 388 268 39 219 232 317 190
3 16 11
146 40 453 22 178 249 123 422 91 327 71
3 18 11
389 403 372 437 449 273 169 37 278 464 50
1 15 3
330 404 191
7 5 12
189 304 296 376 479 89 461 210 109 54 254 439
1 14 7
312 477 52 222 210 454 31
9 19 23
491 301 450 455 420 88 242 373 213 57 304 50 147 159 25 342 55 350 179 99 10 22 297
3 5 18
317 113 183 459 267 319 484 24 379 145 4 296 22 345 422 1 351 13
11 16 18
291 369 260 134 397 220 394 417 19 142 204 424 466 15 210 104 152 303
4 5 9
35 28 129 448 83 323 460 480 114
10 20 24
402 124 325 117 360 477 290 411 0 5 78 168 79 46 383 26 199 85 249 172 457 369 18 342
5 13 21
274 435 420 402 291 365 417 400 138 476 155 429 276 290 97 118 211 295 87 280 175
15 16 24
17 454 482 467 21 196 386 320 313 332 474 214 314 285 95 148 215 77 417 422 324 460 475 87
1 11 2
190 284
3 5 15
111 249 345 195 33 324 233 307 330 412 253 100 481 369 129
4 11 13
475 270 254 430 179 225 105 354 312 494 224 78 70
3 3 5
21 200 422 436 14
9 2 15
59 104 367 301 447 182 204 486 407 73 84 306 147 282 416
5 1 10
284 445 318 376 72 476 294 132 99 319
2 20 11
230 367 141 137 349 69 444 441 197 326 246
3 14 13
315 308 96 248 201 384 187 474 483 423 449 367 480
12 7 24
365 351 417 319 346 466 88 484 440 340 463 296 361 286 270 479 85 277 241 137 428 131 491 192
4 15 15
94 250 399 214 184 313 401 335 339 153 147 124 91 23 329
4 11 11
236 208 398 485 16 309 305 105 58 239 426
11 2 20
204 181 360 293 88 464 223 432 24 327 455 354 349 490 442 132 119 25 224 466
4 19 20
12 218 307 228 189 22 199 86 215 342 126 408 156 27 280 247 270 226 457 297
8 14 14
142 198 149 379 50 192 224 421 288 400 314 110 103 133
10 4 24
193 93 278 29 313 281 230 131 277 395 362 31 403 485 484 254 376 10 274 158 144 216 283 82
1 3 17
387 74 246 337 113 425 302 320 226 431 137 331 306 115 282 442 416
11 4 19
75 403 391 226 446 491 57 443 401 33 182 208 27 337 133 38 156 427 341
2 17 7
109 471 396 208 417 435 432
13 14 20
443 291 341 167 421 483 379 307 238 431 222 16 339 230 96 484 436 283 139 435
2 5 12
142 494 16 231 43 72 492 315 204 147 124 210
10 20 16
353 231 49 471 75 461 175 148 197 50 125 345 150 268 237 480
2 20 4
351 34 392 295
8 13 12
377 140 98 47 132 426 218 138 424 158 189 337
9 2 21
262 212 147 17 449 191 257 303 261 423 403 398 28 496 239 272 167 168 476 51 468
8 18 23
405 357 454 281 294 307 141 409 301 44 272 186 260 337 373 249 107 157 388 471 57 452 334
2 13 6
59 231 288 230 160 166
1 16 7
126 215 471 312 430 433 345
1 1 15
439 275 219 262 149 458 485 384 15 212 247 447 440 72 213
1 6 16
419 181 431 96 245 236 7 5 119 255 214 107 167 39 260 139
1 8 19
392 61 115 73 11 227 423 383 491 342 140 2 332 35 254 372 487 268 407
7 10 25
26 490 186 322 93 454 156 353 1 60 309 329 133 328 116 175 342 212 319 274 325 273 15 162 69
1 15 15
41 26 31 307 244 84 335 152 308 489 9 467 298 36 191
7 6 25
268 406 191 313 324 107 395 46 164 277 360 118 480 239 438 78 278 264 280 294 200 220 376 136 258
5 13 10
448 246 202 50 312 487 73 342 154 300
1 13 24
351 174 136 363 240 9 417 427 299 231 423 384 278 150 345 377 180 46 297 104 437 22 33 40
1 4 16
78 202 255 333 389 169 421 292 114 468 325 337 1 124 82 457
6 3 9
136 294 422 239 140 123 182 478 142
3 20 5
401 122 406 95 413
4 15 22
320 85 487 103 399 446 398 216 3 477 128 204 361 290 146 251 296 15 268 187 295 278
4 20 14
45 490 206 476 174 161 116 392 109 369 25 352 393 150
5 5 22
403 482 495 85 128 443 63 90 438 268 280 254 222 52 93 24 141 358 410 357 267 209
10 18 24
394 435 111 333 176 358 434 311 414 319 213 467 371 392 324 82 152 35 68 430 317 134 323 306
1 11 13
295 441 97 495 106 225 490 415 287 195 56 491 36
4 14 7
294 282 371 307 292 451 153
11 16 25
310 371 51 61 230 245 137 344 415 261 303 385 469 152 483 162 277 96 376 440 90 149 135 423 313
9 6 21
402 390 453 396 353 156 412 424 253 455 140 284 275 413 61 251 308 5 377 247 109
6 6 9
485 492 399 344 43 462 126 196 24
7 11 19
194 493 436 168 125 398 232 251 440 163 411 106 273 85 307 179 130 472 463
4 14 14
2 383 393 21 23 472 324 277 408 74 150 133 384 242
4 5 9
212 143 407 90 289 338 214 155 197
1 9 4
89 308 257 492
2 1 14
458 137 390 82 228 202 130 20 215 66 378 365 15 49
2 14 3
402 403 63
1 4 9
106 161 414 181 52 177 299 204 75
1 11 4
359 155 402 461
4 5 7
125 380 7 75 405 447 116
14 2 25
473 31 350 320 107 400 22 442 226 422 147 282 361 97 331 85 420 470 250 159 10 374 6 181 375
9 4 17
291 78 293 87 324 265 169 254 11 488 214 81 232 77 86 260 380
1 18 3
118 497 31
10 10 19
423 28 241 153 362 83 127 154 233 254 19 449 304 92 364 328 287 303 311
9 15 22
311 383 81 301 289 443 465 282 119 135 272 318 404 245 71 138 396 136 134 434 431 369
1 10 20
20 125 49 447 489 239 256 454 226 34 304 242 173 163 88 262 476 237 354 15
2 10 11
409 377 128 55 52 414 389 165 123 136 248
3 4 17
487 45 268 202 469 355 72 471 343 178 311 106 350 499 263 7 495
4 13 7
128 150 155 137 410 233 87
3 6 10
232 364 285 37 70 213 26 156 35 189
2 9 7
104 64 132 336 404 444 33
3 6 18
231 190 443 433 139 4 7 323 88 310 297 29 458 57 3 472 327 108
2 12 3
408 238 448
1 2 4
182 488 345 77
3 8 9
467 262 21 356 207 384 42 350 106
8 8 21
484 171 155 334 237 440 321 63 109 409 317 83 490 151 462 368 441 5 387 492 71
8 11 21
282 495 108 488 362 276 140 303 361 170 422 127 447 271 227 119 366 255 428 186 483
8 5 24
39 200 229 451 162 65 353 83 192 496 395 84 434 23 118 126 240 58 119 437 185 196 270 336
15 12 25
43 37 311 372 381 5 218 499 356 10 474 368 150 130 199 292 406 159 260 151 25 4 471 16 353
2 18 6
184 21 292 297 328 46
1 18 5
433 316 16 313 404
2 19 7
344 359 51 81 239 326 447
5 3 8
302 239 85 198 128 158 337 484
3 15 15
51 203 393 462 192 154 46 381 364 319 47 416 294 140 493
13 9 21
185 461 339 482 296 419 199 338 310 77 17 75 160 86 443 284 26 307 238 37 231
1 3 6
50 422 473 80 30 360
2 6 6
115 297 62 55 278 234
8 11 12
169 438 227 484 384 374 247 254 278 67 256 226
9 9 16
188 397 237 187 476 123 124 390 178 100 130 160 262 96 317 25
8 3 16
253 316 347 333 299 118 96 172 359 297 166 345 97 467 361 259
8 15 13
40 90 345 477 199 168 6 424 191 484 337 363 80
3 4 16
262 315 430 396 256 161 288 62 188 287 409 313 293 171 78 131
2 6 5
56 197 284 192 160
11 10 23
492 313 498 67 51 176 209 296 361 108 26 345 392 402 100 86 35 321 383 484 278 160 68
2 9 11
44 405 223 22 467 327 140 91 121 364 117
14 12 25
241 280 12 127 245 372 388 226 54 34 11 473 216 261 58 472 119 379 458 454 351 411 332 156 247
6 8 16
102 487 98 172 439 279 212 96 371 427 22 357 141 265 222 295
2 7 10
65 300 31 463 469 17 56 171 215 122
1 13 4
200 128 344 429
1 12 2
50 384
3 18 8
179 214 133 157 142 207 191 119
4 17 12
468 430 22 259 288 356 347 149 176 268 496 3
2 6 5
263 493 425 268 492
7 18 21
105 267 13 192 153 466 298 470 353 460 144 235 495 433 102 332 222 169 442 115 200
3 14 18
490 465 185 211 233 421 59 269 145 251 134 8 272 296 449 459 359 195
5 18 12
424 415 209 164 423 120 74 446 291 116 244 44
13 5 23
164 15 283 264 324 358 275 491 332 9 481 6 203 106 364 472 460 414 154 344 303 105 48
3 12 6
386 417 178 260 167 283
3 12 21
275 474 493 396 426 237 139 223 355 10 452 76 293 273 114 163 369 102 95 379 310
2 10 6
136 432 485 141 60 480
2 17 5
368 241 60 244 279
3 15 5
422 63 106 258 217
2 11 23
313 316 244 399 217 469 26 206 90 98 390 158 263 429 157 200 20 83 204 271 120 343 203
5 5 9
13 460 96 183 118 357 392 271 374
8 20 24
481 388 459 418 65 104 80 403 18 293 146 342 5 295 426 42 308 479 57 408 12 223 482 453
3 15 8
495 46 492 129 221 399 446 271
2 10 3
105 35 57
3 8 9
439 121 155 137 240 164 94 403 1
6 11 18
326 494 240 27 184 491 467 47 337 117 444 193 470 360 414 252 315 66
9 8 17
22 374 494 381 322 209 350 361 412 207 222 6 434 486 63 51 8
1 1 18
278 276 71 423 134 385 265 498 50 366 264 70 315 242 497 356 175 290
9 18 21
44 168 98 365 203 300 227 272 172 35 212 418 17 437 65 336 147 353 281 121 305
5 7 23
485 460 159 380 205 273 291 333 90 325 313 107 233 136 223 75 207 154 499 377 397 326 133
2 17 3
75 20 22
11 16 21
438 333 417 393 244 445 200 263 319 30 261 147 172 398 405 162 35 31 243 443 129
5 1 15
293 250 44 334 188 187 446 297 43 2 296 453 239 119 498
9 10 20
404 414 464 113 389 370 304 45 473 445 140 210 197 169 377 128 439 476 358 328
7 9 17
171 195 401 472 147 61 454 455 313 76 220 441 413 299 460 467 407
6 15 14
426 245 96 56 259 403 154 120 459 18 465 309 443 431
4 5 7
483 211 477 11 42 273 204
3 14 13
433 13 384 216 208 241 268 95 339 159 75 395 227
11 4 20
399 466 305 482 28 297 443 133 365 271 48 151 33 117 187 339 406 240 298 495
4 12 20
204 97 441 278 89 173 228 11 268 147 202 46 263 226 80 334 354 301 373 491
12 12 18
336 443 370 476 483 79 295 92 55 29 482 197 375 310 131 46 280 31
8 10 14
380 137 13 478 60 461 117 349 169 497 210 361 183 231
1 6 8
461 22 39 430 253 128 153 77
3 6 5
72 288 380 143 494
1 3 15
355 72 209 442 192 285 145 275 350 293 25 292 432 416 11
1 6 9
363 397 62 317 420 280 124 400 30
1 20 25
480 323 243 498 291 22 9 164 7 52 418 19 96 474 469 134 57 151 289 208 146 285 11 39 440
5 3 18
413 473 114 146 56 23 414 0 201 242 89 357 404 373 197 125 209 63
5 4 11
18 268 424 415 168 202 355 215 280 260 200
13 16 22
405 127 295 18 214 337 347 240 35 324 9 367 443 309 340 247 398 228 22 292 291 41
10 14 16
10 122 294 127 120 369 371 376 309 343 426 452 126 331 284 352
5 19 9
189 269 490 125 75 224 135 464 430
12 16 22
98 317 291 99 435 336 77 73 356 60 87 216 39 327 466 439 440 128 136 56 335 17
1 14 15
66 61 330 100 452 291 304 168 367 0 5 242 50 467 42
1 20 2
285 235
3 9 18
171 141 92 496 61 196 202 179 228 22 218 243 157 314 275 460 404 146
1 12 5
460 80 173 67 48
6 1 16
170 293 274 298 75 31 369 248 144 386 208 207 83 68 38 270
12 3 25
249 413 64 42 20 213 167 31 204 366 273 147 288 86 447 230 214 441 457 219 414 301 232 326 300
1 2 16
27 72 124 197 145 486 96 75 265 344 24 360 281 280 384 171
6 19 24
158 497 247 111 489 446 220 344 7 305 406 462 442 405 157 108 119 440 375 461 436 242 180 391
6 19 12
98 371 46 82 217 113 438 278 296 422 324 311
2 10 18
173 288 103 303 219 165 397 187 62 185 363 207 453 249 37 487 193 392
8 8 18
84 56 449 335 179 5 251 484 445 344 162 379 237 331 63 210 441 216
8 5 17
193 19 399 263 188 244 9 156 238 77 117 318 456 290 118 431 141
4 7 12
100 93 15 360 378 88 13 335 166 430 382 187
3 18 16
335 457 342 365 419 222 173 130 305 127 82 368 490 115 72 45
3 18 18
72 460 284 383 310 360 305 161 2 124 220 159 414 147 175 311 418 324
4 2 22
445 13 253 215 139 391 435 63 351 154 262 227 340 336 308 70 375 164 365 464 333 134
6 16 9
408 359 138 452 334 187 426 63 354
8 2 12
98 294 262 389 127 407 46 328 431 103 382 439
1 17 4
415 222 119 6
1 16 18
103 40 293 357 285 34 98 343 342 142 118 243 290 387 214 443 377 220
4 17 9
272 250 149 484 361 256 269 323 84
13 1 22
493 273 231 448 148 400 232 397 173 434 359 468 285 304 164 4 104 196 126 445 129 308
10 10 19
480 374 86 166 258 251 99 98 469 76 449 159 46 398 56 356 138 234 203
7 13 21
371 474 286 64 321 368 311 144 340 178 282 89 274 442 331 60 276 151 247 155 32
1 6 24
395 424 169 481 45 439 426 335 176 198 258 53 318 88 312 327 461 57 415 127 182 241 385 448
13 17 23
304 420 138 51 236 61 241 131 103 385 498 180 202 90 260 310 469 25 205 215 73 265 137
1 11 2
423 315
1 19 18
251 153 155 356 396 426 471 79 100 145 3 80 197 171 85 162 149 382
3 1 7
2 116 282 441 165 14 271
1 10 2
423 188
7 5 18
368 472 339 142 344 350 124 211 33 170 322 225 77 84 427 419 296 469
3 5 9
332 192 339 128 217 96 72 466 172
10 6 23
497 127 293 45 88 321 404 112 43 216 353 326 140 99 224 391 36 20 91 197 48 345 327
2 20 25
423 111 457 268 248 330 477 366 251 292 289 107 210 228 99 377 153 150 300 455 343 382 392 308 375
2 19 7
333 199 377 73 218 275 429
2 14 13
215 267 7 302 226 203 56 9 25 343 139 392 257
2 7 4
58 347 271 124
3 8 10
53 224 186 347 457 366 312 177 497 193
2 17 18
141 146 44 0 135 240 482 496 476 75 25 215 12 462 475 375 167 349
4 4 6
292 228 148 473 341 264
4 14 11
351 284 241 120 417 66 72 220 440 385 436
2 9 7
356 254 338 203 95 172 359
3 9 6
139 319 482 292 340 425
1 4 24
378 102 146 83 482 49 247 206 446 258 461 386 51 16 175 334 10 38 32 293 244 242 93 457
4 12 6
400 341 132 314 431 405
5 15 19
93 423 372 314 496 208 291 225 486 128 384 484 350 285 48 149 6 21 422
4 10 24
341 474 49 357 131 360 453 457 211 272 4 116 460 100 258 480 90 65 190 203 428 85 165 278
2 13 20
82 6 323 93 197 250 3 62 356 96 490 246 29 190 155 94 251 20 318 253
11 18 23
9 42 31 288 202 413 14 341 72 493 171 122 34 437 425 412 339 316 450 351 478 349 64
2 14 3
127 428 122
1 15 2
218 309
4 2 15
358 140 410 330 418 108 462 154 5 283 370 133 87 376 419
4 4 20
310 402 130 140 246 431 473 232 63 320 56 237 86 311 342 259 64 399 375 99
14 6 22
441 201 234 74 415 3 297 341 434 380 311 114 259 129 397 366 18 420 252 298 319 243
6 15 11
291 481 83 204 448 290 150 475 347 440 175
1 20 2
125 90
4 9 7
389 158 363 223 369 408 189
1 5 3
380 448 458
5 4 9
298 475 22 23 215 188 248 338 232
3 20 7
76 421 137 248 224 162 51
5 10 23
364 459 11 497 115 398 126 495 328 341 291 397 367 45 50 325 148 143 476 268 271 351 168
2 16 7
81 114 74 82 186 255 168
5 16 10
129 171 142 410 120 199 52 47 75 442
12 20 22
497 382 245 258 434 45 337 189 240 228 312 247 316 414 42 215 309 96 41 202 293 329
4 7 16
101 167 337 270 260 283 87 381 436 456 360 486 374 325 316 25
3 4 9
76 6 189 207 476 79 359 384 85
7 2 11
108 92 412 393 193 29 249 188 308 403 206
4 8 10
343 174 489 286 474 318 469 231 206 135
5 12 22
256 304 250 346 355 94 148 259 196 186 370 393 210 452 103 22 414 78 283 327 331 455
12 7 18
177 121 126 470 344 149 89 386 162 170 15 317 50 70 16 409 35 461
14 15 23
450 18 219 63 267 255 148 50 433 236 458 111 182 214 167 245 395 223 75 324 494 328 428
8 6 19
493 362 295 203 263 354 205 138 306 38 149 284 69 349 19 235 10 472 132
2 10 8
204 294 131 484 472 417 211 470
5 17 11
49 473 315 128 447 223 379 282 283 458 82
5 16 23
221 150 310 250 249 80 423 462 336 467 257 326 378 239 391 16 388 448 114 62 109 2 426
3 7 22
96 34 400 190 333 105 240 358 485 147 434 386 356 407 193 281 354 417 469 307 408 80
6 16 25
258 101 340 30 389 474 425 391 301 450 435 315 422 105 259 163 216 378 241 442 337 86 447 291 156
2 7 7
59 100 156 391 230 239 287
4 17 11
233 292 373 114 55 406 392 37 372 485 166
6 6 15
283 160 238 279 282 117 228 342 223 336 406 156 386 240 274
14 14 25
17 337 380 482 116 105 227 456 155 161 491 365 473 36 280 395 328 469 215 68 18 342 282 258 204
1 18 14
59 28 371 164 245 378 205 261 194 66 53 243 121 123
10 2 16
494 129 158 117 96 2 451 347 397 266 47 388 240 102 176 49
7 19 20
407 77 137 10 56 476 99 18 74 463 314 367 32 195 282 81 134 287 200 152
7 8 12
430 479 74 99 362 92 388 144 41 169 289 212
7 19 19
95 312 18 55 41 183 469 4 204 259 397 177 481 139 136 409 225 172 37
6 9 24
70 186 248 368 481 380 375 386 131 307 482 17 142 381 126 65 458 110 59 418 287 15 294 173
8 18 24
404 173 442 103 44 345 462 237 372 116 96 158 15 383 337 12 390 61 305 245 285 393 57 450
13 5 22
293 222 300 339 4 86 437 173 158 49 52 476 441 85 329 113 150 331 369 488 469 292
1 14 2
443 98
3 13 21
401 62 74 342 238 299 127 210 113 29 430 195 453 425 211 394 78 110 11 350 208
10 19 15
337 95 71 23 61 187 436 78 70 381 25 327 258 142 275
3 3 18
368 220 364 202 479 20 299 378 195 279 278 99 145 481 213 293 412 31
1 13 8
302 344 110 234 251 240 382 277
1 16 7
115 385 424 479 127 305 294
4 19 7
65 21 166 194 379 346 188
2 18 22
290 106 258 402 151 494 32 379 347 52 428 375 315 478 331 408 429 191 287 194 202 223
7 18 17
429 75 319 259 458 181 356 436 364 288 450 110 165 69 65 194 455
5 1 23
358 37 450 132 451 82 21 482 330 479 187 217 112 303 461 395 412 294 4 202 6 192 410
5 6 15
483 125 122 392 455 137 163 439 159 330 237 229 496 158 339
2 6 7
227 138 30 157 452 67 464
4 17 8
387 102 242 13 179 89 265 170
3 13 21
238 345 418 391 126 258 315 158 338 429 175 289 332 486 198 495 401 231 438 93 11
4 11 10
472 314 194 237 51 354 27 369 239 19
1 10 2
87 55
2 10 5
175 209 409 122 310
3 10 15
102 282 257 123 351 115 498 419 205 328 85 493 36 65 459
1 8 2
346 94
2 2 16
86 450 268 426 18 461 344 295 87 298 362 457 422 57 349 147
3 20 5
450 78 214 207 431
2 11 18
258 75 199 43 76 59 445 356 41 344 238 476 257 132 172 64 379 391
5 4 24
355 41 263 17 255 254 496 339 301 205 148 478 408 285 211 370 365 454 309 337 96 33 413 323
11 19 18
51 57 297 499 2 155 205 462 260 378 151 103 333 119 22 354 179 428
7 8 11
248 198 346 338 297 319 271 323 263 374 347
6 2 12
387 488 349 333 336 232 402 207 278 395 363 317
1 14 2
339 438
4 2 13
169 6 198 13 401 293 398 92 203 231 182 183 383
4 12 19
98 389 309 23 156 247 89 256 476 229 96 418 265 273 160 440 30 152 495
15 14 23
362 468 35 38 388 242 328 232 50 198 280 308 279 381 119 33 357 85 304 478 445 321 101
3 2 11
469 456 235 113 188 45 38 76 305 24 420
3 11 12
350 352 156 407 374 59 368 377 169 42 7 412
7 20 14
112 232 432 164 261 94 142 499 0 275 180 262 91 441
5 11 13
3 475 462 267 363 364 226 447 269 57 322 228 151
1 19 3
40 333 139
3 14 13
197 381 7 410 450 460 14 403 316 414 441 469 73
12 2 19
231 333 341 73 455 85 113 124 439 443 488 280 82 293 319 142 322 88 291
14 2 25
39 110 386 451 238 137 420 57 63 165 17 492 149 340 92 399 185 413 383 468 376 139 372 307 228
1 14 2
351 176
2 11 4
42 86 474 329
1 1 4
29 93 46 379
12 8 22
34 103 53 419 107 16 492 260 114 40 280 166 369 111 95 463 256 446 33 220 349 329
4 14 15
313 111 495 293 201 412 283 135 345 182 28 367 188 475 103
4 20 25
101 275 423 257 364 196 404 425 414 242 403 118 254 49 82 435 362 224 499 65 72 129 285 11 12
4 12 12
477 52 5 279 200 451 486 114 108 491 384 360
11 6 19
120 39 422 431 133 280 172 145 400 107 240 209 450 186 167 10 440 492 342
6 2 23
466 76 465 489 305 250 472 230 248 311 367 265 241 482 98 435 415 372 406 476 177 79 149
4 15 25
202 472 269 28 354 147 226 431 129 402 33 404 161 459 395 63 199 256 355 193 70 53 188 225 222
11 13 24
325 64 292 300 102 497 381 232 460 499 63 8 345 141 446 22 279 308 363 360 140 98 150 27
10 3 20
456 278 54 53 185 58 465 422 199 191 80 210 332 130 98 338 391 317 195 39
13 2 20
92 472 364 52 44 342 402 243 152 334 126 191 487 25 37 128 183 55 423 157
11 14 21
299 477 63 42 121 5 245 354 377 336 102 219 457 204 497 386 18 413 275 460 15
2 7 6
412 359 135 350 59 384
3 12 20
98 223 219 326 300 245 13 218 25 445 449 461 104 168 220 266 15 160 278 480
1 16 2
235 432
2 19 13
138 480 139 196 471 266 324 26 485 149 272 153 268
1 20 4
399 56 363 210
1 4 12
148 7 92 279 463 217 474 370 419 127 191 195
5 12 23
71 181 412 103 236 2 251 62 468 429 113 454 326 497 299 350 333 195 417 463 256 364 466
1 13 10
98 431 325 211 324 37 232 323 18 278
12 20 18
55 359 276 340 221 168 259 132 59 200 377 413 440 220 211 321 459 166
1 15 21
426 393 332 270 386 275 486 490 339 220 187 38 155 133 324 78 419 439 241 399 147
5 9 14
259 365 377 67 271 329 456 209 106 98 172 65 488 188
12 15 21
123 342 197 448 410 0 298 54 252 208 233 490 343 241 23 27 204 134 149 128 356
1 17 4
477 480 184 131
4 10 18
265 90 110 118 93 327 363 494 245 161 78 187 19 77 470 345 222 94
10 10 24
228 268 60 75 352 368 52 207 317 138 447 168 26 314 339 439 393 222 177 380 59 279 55 146
5 1 21
294 270 204 189 9 268 297 281 25 378 12 287 21 417 471 61 383 349 280 104 0
2 19 4
247 128 288 192
4 8 13
117 169 35 212 275 86 144 471 191 47 196 488 167
7 16 14
154 270 390 332 454 223 118 322 184 182 309 419 344 76
5 3 18
283 230 342 371 420 357 12 196 449 327 445 300 355 478 288 397 89 17
4 16 6
6 157 300 12 155 491
5 11 18
490 410 62 270 351 41 200 293 240 229 21 312 38 188 31 100 247 84
7 7 23
413 106 426 0 348 438 120 349 215 35 5 11 290 216 284 377 318 171 312 185 346 172 292
8 9 21
460 6 355 203 253 301 149 35 168 134 268 399 465 62 344 119 286 419 307 193 412
1 14 19
86 418 122 65 204 172 185 88 333 47 356 46 267 487 363 21 379 454 308
6 16 15
142 337 157 427 235 38 306 133 241 309 200 14 283 7 463
2 7 5
35 294 477 378 296
2 1 7
402 390 243 205 33 417 203
2 3 6
204 131 306 359 222 227
1 11 8
384 29 495 14 134 43 454 400
1 11 4
64 105 336 249
11 3 21
300 345 42 210 308 335 38 350 256 48 487 123 43 209 96 330 233 323 364 79 340
4 18 17
460 207 274 402 482 158 304 250 213 247 444 343 324 294 278 46 41
6 1 9
280 363 427 447 429 248 84 384 454
5 14 9
74 4 73 460 265 114 262 141 490
7 12 15
302 296 13 40 264 46 343 99 270 464 475 161 241 140 167
2 16 12
58 318 309 305 336 209 347 208 46 9 358 230
8 2 21
361 185 329 53 69 249 399 176 159 257 2 443 426 464 392 224 451 344 398 314 186
10 15 16
154 95 304 228 286 442 422 131 122 418 395 468 361 435 118 301
13 20 24
8 222 405 224 484 134 83 188 280 146 356 220 398 132 401 115 151 476 210 266 5 425 469 364
6 20 21
339 158 97 392 118 25 174 445 142 454 312 414 196 357 20 102 249 122 271 367 362
3 16 10
297 78 385 225 217 403 37 386 202 310
7 19 11
347 408 8 230 386 445 493 438 99 119 256
8 12 15
106 243 357 28 96 288 183 126 132 447 153 305 379 44 45
5 7 13
433 113 421 139 141 482 457 410 91 170 300 159 468
3 10 15
4 6 345 256 307 51 330 423 122 69 194 275 259 193 281
5 15 17
6 58 7 333 77 467 325 155 363 393 293 413 131 483 490 38 176
3 1 12
164 408 343 350 490 147 67 259 124 370 476 406
4 16 18
104 204 90 475 375 372 10 134 240 191 277 469 474 47 131 128 264 440
3 8 15
370 173 108 18 201 359 112 289 159 239 124 293 360 22 115
4 19 9
100 250 292 96 114 449 64 332 53
1 2 2
192 80
2 3 7
264 205 279 411 159 30 410
3 11 23
168 492 281 333 158 70 177 124 69 58 309 115 245 113 322 156 363 118 430 8 367 421 59
7 15 17
179 465 159 244 157 168 260 26 197 7 58 192 408 283 139 4 162
2 8 3
126 247 108
5 16 11
154 62 162 156 417 76 39 289 448 15 184
1 11 2
427 392
3 6 8
497 153 166 8 184 445 227 252
1 16 3
152 334 49
3 15 6
450 65 253 181 403 295
5 15 14
144 194 76 414 412 332 337 80 429 128 161 55 363 497
3 12 13
75 85 416 402 118 90 26 380 119 262 37 451 263
2 7 12
387 340 245 208 332 253 117 423 299 391 375 214
2 8 13
13 464 410 389 361 298 281 22 493 398 49 61 4
12 10 24
379 34 453 73 194 239 27 56 475 287 262 374 282 87 53 49 193 91 187 4 283 197 57 16
2 2 6
365 204 206 174 67 459
4 13 7
135 378 481 372 35 284 175
5 18 10
348 118 221 396 104 285 438 120 107 314
1 20 2
227 493
1 7 10
242 375 381 224 338 125 366 341 398 254
4 15 11
396 72 367 46 10 164 4 284 40 171 429
7 2 24
466 285 401 165 153 454 379 407 259 228 294 254 440 19 201 192 163 93 442 377 55 325 461 235
7 3 11
283 425 387 189 363 45 136 307 468 131 125
11 18 24
35 23 474 66 354 498 401 41 77 9 305 368 219 125 189 145 76 268 112 38 379 158 407 168
13 1 25
84 437 94 180 448 366 160 101 78 191 23 411 327 243 441 320 89 244 483 233 407 214 334 246 164
9 14 16
300 274 319 174 445 372 172 8 269 470 158 339 215 249 127 487
1 12 2
474 105
5 11 12
211 69 228 464 129 52 374 322 492 353 203 125
1 8 3
37 260 487
4 2 8
172 243 351 447 93 380 410 153
6 9 18
493 485 209 15 65 164 263 57 456 385 299 33 21 123 399 497 420 170
1 13 2
59 369
13 1 23
319 495 471 46 491 459 217 133 377 172 210 42 353 185 25 199 360 4 312 407 278 290 39
3 9 12
3 331 274 172 435 343 292 163 249 489 287 161
1 14 7
55 42 26 480 384 391 387
9 12 15
126 228 353 89 207 202 340 153 484 29 307 473 245 163 105
1 3 2
479 366
6 4 10
156 39 401 481 226 463 326 312 467 223
5 12 14
32 114 207 408 127 258 358 29 28 319 400 110 409 76
4 14 21
37 290 52 428 471 118 422 148 491 75 38 280 199 313 308 228 293 276 166 200 34
2 5 16
104 291 440 251 102 143 62 225 232 481 283 274 96 67 385 170
2 14 17
432 356 422 101 228 109 168 130 427 254 361 35 366 249 226 204 95
2 5 3
225 165 498
2 6 9
357 496 290 378 267 313 244 309 253
4 13 13
3 31 337 95 202 258 148 195 55 44 138 246 354
12 19 20
137 399 172 59 397 196 343 458 316 431 51 10 48 364 34 152 254 80 216 284
8 3 23
46 145 491 310 291 306 443 490 331 6 321 3 117 185 101 434 18 238 316 355 277 144 402
3 9 13
25 296 431 456 443 56 157 207 20 419 335 163 54
2 16 20
473 372 220 137 250 16 404 493 92 84 196 498 422 468 322 293 140 449 209 34
3 16 7
49 179 283 345 259 365 278
10 4 15
165 466 86 283 453 418 44 162 281 60 152 441 348 248 240
8 19 17
482 224 272 437 119 168 234 411 67 382 92 158 178 367 202 283 235
1 12 12
172 236 395 315 346 15 474 5 95 103 82 208
8 9 13
74 342 61 474 65 475 345 173 229 184 330 313 404
1 2 14
26 408 367 146 419 229 378 105 352 206 189 313 281 466
4 15 6
131 422 90 0 384 25
4 15 19
212 243 88 439 419 61 412 410 420 385 347 214 491 31 278 179 82 10 43
7 12 13
233 149 50 70 343 280 110 104 45 282 216 65 199
2 6 19
103 370 70 125 65 79 489 278 142 318 206 150 334 346 210 243 363 186 72
2 10 11
202 413 336 178 48 349 100 204 405 114 416
3 15 12
167 193 346 126 238 405 196 72 120 281 156 397
1 10 2
123 182
4 17 20
482 168 83 297 345 0 61 367 497 246 93 261 466 488 490 50 492 48 388 468
1 3 3
481 347 478
1 19 10
234 401 289 175 245 76 429 492 456 304
7 18 16
17 374 313 360 47 397 191 288 323 265 292 310 355 6 131 341
5 6 10
145 343 380 48 282 55 83 346 5 318
5 15 25
390 134 425 326 338 445 236 262 401 442 405 417 4 443 197 344 268 1 462 41 484 475 490 118 357
1 3 14
197 29 277 91 289 152 161 181 35 311 199 170 438 114
9 9 23
464 333 232 404 452 306 193 455 493 229 280 158 285 397 374 207 216 182 317 400 112 212 84
6 12 17
468 488 295 123 110 2 387 100 52 298 198 114 371 182 127 315 87
1 16 2
401 49
1 13 13
213 264 151 210 488 283 98 314 103 398 473 168 463
7 17 16
202 366 100 37 51 284 208 222 121 461 237 78 401 338 74 129
3 15 6
183 435 15 122 96 291
1 17 9
439 128 488 151 156 238 64 22 129
1 11 14
244 139 310 493 374 342 250 117 370 193 458 386 425 362
5 20 9
135 347 455 496 341 278 438 262 318
11 11 22
114 384 85 178 116 311 340 429 410 255 230 48 263 68 245 63 357 420 101 266 488 385
3 3 7
146 245 196 119 66 72 227
13 20 23
69 31 185 289 225 172 293 476 251 188 61 280 214 212 35 435 460 131 379 101 195 264 80
3 6 21
397 107 269 416 102 367 36 279 314 358 66 400 254 104 467 352 13 321 34 378 243
5 12 13
368 360 178 256 477 440 410 254 12 88 211 230 158
1 18 12
304 332 340 246 465 119 248 409 217 115 176 184
8 12 15
267 196 0 148 100 239 87 111 15 360 12 249 370 106 162
6 17 11
402 235 329 320 246 314 59 78 202 169 76
2 1 7
210 435 355 335 86 321 88
1 13 2
266 54
5 3 14
144 484 99 312 269 425 41 268 494 46 335 162 271 473
9 11 16
281 83 207 108 327 153 318 333 236 301 350 144 302 467 487 367
2 16 3
222 497 34
8 4 12
413 308 67 206 172 270 276 152 301 119 488 139
2 14 10
28 176 443 466 322 448 388 227 25 30
9 14 19
109 360 379 140 304 347 312 151 276 393 378 242 81 105 259 152 353 175 402
3 9 17
15 27 457 387 62 229 400 299 68 19 49 63 246 350 404 324 288
4 6 6
490 240 203 8 312 234
1 1 3
197 305 211
3 18 8
264 485 149 38 236 261 125 170
8 10 23
400 246 387 272 320 90 444 404 143 375 496 85 349 299 397 11 295 235 8 370 187 423 211
15 16 25
327 330 29 46 464 105 161 412 171 82 72 482 159 407 85 226 230 1 408 278 421 51 250 275 166
1 6 11
99 405 264 462 206 368 266 346 394 181 253
13 16 22
450 204 304 396 216 4 140 236 87 279 252 238 128 364 10 372 63 365 274 71 169 96
14 2 22
99 224 377 479 420 23 298 446 164 231 81 59 342 149 106 478 466 92 154 73 414 96
6 6 12
255 467 373 153 55 338 452 203 185 94 118 134
1 20 17
331 9 411 227 65 238 475 93 291 311 131 471 313 212 428 323 354
10 8 18
288 335 294 327 48 52 263 441 371 480 60 312 336 406 121 139 19 138
2 14 5
86 354 404 442 263
5 7 9
256 426 375 185 422 266 53 163 35
10 7 18
63 300 26 70 291 4 191 18 343 190 435 328 419 120 93 168 355 371
7 7 17
5 79 325 159 233 16 465 265 472 419 36 368 160 70 345 398 148
8 7 20
440 184 390 3 72 284 486 238 474 125 264 351 366 395 56 227 192 427 435 293
10 7 21
199 121 14 89 145 247 78 44 463 201 72 232 190 360 339 254 268 449 354 244 137
4 12 19
320 147 165 223 229 319 334 473 176 384 455 318 336 219 441 398 296 131 36
2 18 20
237 242 377 388 247 30 205 214 488 344 302 283 485 391 148 218 99 285 337 185
7 17 13
172 315 474 70 1 109 277 280 320 74 287 250 291
2 1 8
434 483 146 386 162 262 440 360
14 6 25
439 437 451 133 272 374 405 34 174 341 472 230 420 441 261 471 51 321 197 93 473 152 279 483 140
2 19 12
185 31 77 467 145 48 65 75 383 390 147 52
6 6 16
274 188 360 320 408 371 277 59 400 341 263 172 16 20 174 25
2 16 6
423 370 318 273 63 176
1 18 10
256 224 489 289 407 27 43 329 176 19
2 4 13
434 400 257 206 168 156 411 395 179 250 118 326 98
4 14 6
71 133 372 489 111 189
1 6 3
214 29 280
2 13 15
159 227 91 241 214 407 29 193 492 96 320 220 412 302 187
11 7 24
74 187 478 222 245 295 331 297 494 356 465 201 375 345 336 264 92 326 270 436 43 135 155 415
4 19 12
95 348 89 439 106 288 242 317 421 476 189 376
1 13 20
95 227 426 346 21 361 137 329 221 463 207 355 491 140 273 26 180 341 138 225
2 18 5
366 284 438 354 105
9 1 25
79 475 236 37 290 366 86 405 17 239 320 203 76 449 344 342 332 406 329 139 409 357 240 427 493
3 16 12
156 249 82 392 143 432 366 232 365 196 422 459
1 10 8
375 202 472 172 444 333 479 205
1 6 7
196 269 487 389 45 256 233
1 10 3
263 311 54
10 11 19
162 7 112 439 127 110 137 382 50 292 412 422 203 10 344 117 49 485 290
1 16 4
394 96 10 73
13 9 21
189 347 128 236 157 422 127 5 174 6 497 186 443 225 51 38 16 91 124 333 395
10 6 25
165 490 166 26 128 360 413 240 39 467 198 127 399 145 380 101 70 305 289 388 434 211 61 133 429
6 12 15
470 377 362 482 393 311 227 113 497 174 125 27 219 188 483
8 4 24
160 206 173 62 4 195 381 257 269 320 312 333 272 123 59 235 51 417 61 285 96 55 281 128
8 4 13
324 385 205 349 471 184 236 325 263 433 351 20 13
2 15 6
380 286 132 354 13 121
1 17 6
380 208 221 45 362 485
4 6 8
390 380 393 194 216 149 392 242
8 7 20
24 457 297 141 477 156 84 402 324 136 445 454 316 451 369 317 388 62 430 17
4 2 11
279 437 219 253 96 435 428 468 360 262 406
2 9 6
23 448 370 283 264 17
1 4 9
214 441 461 490 304 404 181 72 493
9 16 24
119 85 19 41 344 463 100 474 118 265 78 299 89 223 61 263 70 102 110 192 420 398 24 313
13 5 21
167 468 96 98 151 228 44 273 431 424 326 390 275 469 373 230 43 336 277 50 112
2 13 4
158 142 31 3
6 4 25
296 175 358 84 225 405 433 104 197 31 452 265 258 414 341 168 203 253 18 482 73 99 309 429 235
7 8 11
481 53 206 3 71 443 306 285 296 201 418
5 15 18
279 390 12 112 121 472 316 426 270 486 179 52 305 84 122 276 378 251
11 8 24
332 419 305 240 356 44 459 158 21 224 357 35 27 152 381 170 366 329 367 254 37 286 261 7
1 18 22
423 149 417 339 119 296 88 407 444 96 216 473 410 336 135 496 247 268 75 354 302 120
5 13 13
480 320 20 170 465 495 174 386 464 165 487 388 132
2 10 3
443 356 240
2 14 10
390 15 211 233 181 285 329 19 219 102
10 18 21
334 166 341 178 165 450 269 7 377 12 52 156 486 213 99 488 280 292 231 130 179
1 5 24
117 480 15 61 289 137 375 43 59 209 312 249 382 451 437 50 215 492 243 129 214 74 246 158
1 8 2
209 180
2 18 6
345 449 290 408 270 361
13 5 25
327 80 341 85 10 468 271 351 430 197 39 295 301 238 353 216 479 470 248 150 149 21 373 34 173
8 13 24
437 112 207 281 213 46 156 426 349 16 152 291 20 52 343 172 247 9 283 267 306 400 450 282
11 10 24
321 340 259 155 495 249 161 211 300 189 257 90 184 131 231 64 422 413 460 433 46 109 336 187
6 7 22
487 350 53 285 72 373 78 328 351 386 425 64 379 163 256 101 481 45 382 447 491 209
1 15 24
321 235 38 104 469 376 73 309 44 13 408 415 483 345 201 286 372 466 255 429 110 456 447 434
1 12 15
157 462 395 116 338 453 2 377 267 206 64 343 289 340 108
9 6 15
33 39 83 480 232 161 59 330 278 218 182 187 436 422 261
4 10 16
64 311 234 364 301 201 164 214 358 330 269 181 438 242 86 266
7 4 22
171 278 408 159 217 374 10 151 308 322 186 78 227 123 41 150 468 16 7 481 475 210
2 2 4
447 491 55 238
1 11 13
384 331 61 101 42 50 229 177 35 363 245 486 330
3 8 5
460 471 23 366 213
8 12 13
56 267 387 100 188 485 197 78 446 364 327 0 16
13 5 20
339 284 0 444 457 40 429 188 460 329 7 218 449 486 127 58 332 119 136 324
2 7 5
28 359 306 263 447
4 15 12
116 139 182 225 47 433 369 190 307 410 320 382
12 4 18
275 231 324 12 103 299 208 126 65 331 326 62 433 100 461 32 96 212
4 6 11
298 193 280 326 375 186 129 321 476 26 2
2 3 4
121 128 302 45
13 8 25
153 458 466 199 68 205 86 350 53 434 323 92 254 197 209 317 160 374 186 453 74 284 356 177 494
1 17 19
442 43 128 391 149 55 255 19 407 108 257 499 79 16 48 198 41 215 160
8 14 25
308 265 402 481 191 256 217 473 140 185 496 284 109 100 272 420 281 459 186 184 295 397 434 17 404
7 7 14
103 113 292 306 168 479 336 491 36 112 173 310 326 249
3 8 7
87 483 454 427 295 319 23
2 6 15
235 319 32 40 2 399 297 285 329 347 146 93 226 334 475
7 5 15
316 457 43 228 113 293 73 391 297 12 219 315 445 351 69
10 4 16
492 375 490 289 407 36 187 102 425 162 280 225 499 296 310 101
5 11 8
340 438 150 323 131 123 195 493
2 18 24
225 53 1 7 378 456 231 274 394 327 290 14 494 98 415 86 357 114 197 239 219 84 228 445
11 7 19
448 160 142 22 171 187 363 457 290 329 332 346 388 422 271 333 255 173 11
6 3 15
236 298 264 296 54 469 486 412 430 204 103 48 228 111 196
3 10 15
286 364 291 494 482 154 251 204 284 36 162 420 82 97 76
8 1 13
276 190 61 265 269 209 100 467 306 325 110 76 13
8 17 21
298 186 242 228 120 350 443 194 402 80 275 118 371 344 250 271 192 472 326 157 51
2 19 10
283 254 114 427 23 378 319 195 324 409
7 9 15
248 264 141 112 334 393 102 480 276 4 499 179 105 169 15
1 9 6
220 165 319 421 248 309
2 19 4
7 241 17 242
4 18 23
167 469 303 186 326 405 137 36 82 481 306 224 99 120 171 317 198 298 345 114 385 492 203
15 11 24
321 268 287 251 219 121 107 437 56 301 365 116 148 309 409 313 351 52 375 261 204 277 226 255
3 10 25
484 466 14 69 114 299 344 375 301 165 257 248 100 177 65 34 243 334 275 267 133 293 310 244 102
2 3 3
87 209 397
5 3 8
455 75 323 180 355 480 394 494
3 12 24
166 148 221 375 204 79 442 364 159 369 252 234 331 381 160 279 143 407 277 58 480 230 7 326
5 15 21
175 452 100 435 52 453 193 97 281 155 289 14 185 365 333 63 480 392 437 340 260
12 2 25
94 429 117 157 219 276 318 399 463 415 285 380 155 95 18 260 460 442 293 434 78 375 74 374 412
12 18 19
161 469 181 188 353 404 311 135 206 183 80 7 382 389 177 49 347 16 153
1 19 3
92 140 267
4 17 22
399 340 361 181 5 188 334 173 497 83 243 326 360 383 217 95 270 261 230 391 316 498
5 17 9
87 213 259 252 314 43 186 139 115
11 16 18
270 114 217 138 5 377 260 456 428 344 29 8 364 490 226 358 89 449
7 17 17
331 435 445 181 234 189 125 350 148 131 313 320 451 97 156 39 103
2 10 25
353 269 219 243 412 371 390 472 378 401 270 62 422 138 52 361 352 205 97 301 485 497 79 308 245
6 12 15
0 42 162 355 296 457 462 205 50 6 384 76 192 173 437
2 15 16
349 49 317 120 31 122 367 222 112 467 384 94 96 266 335 420
8 4 20
366 129 47 426 491 133 63 360 392 227 214 160 74 186 415 2 412 375 495 138
7 17 19
392 308 136 251 208 481 174 295 137 119 149 389 107 135 214 139 394 277 105
2 9 23
104 18 36 420 440 19 17 483 316 179 170 75 123 413 21 138 307 441 190 175 400 151 498
5 16 20
186 457 366 239 141 19 391 275 422 231 380 146 428 319 238 1 375 413 127 402
14 3 21
445 349 315 6 372 120 67 29 468 358 266 386 74 291 280 405 242 248 222 178 151
5 6 8
269 480 261 27 493 295 403 333
5 6 15
403 35 94 31 221 131 232 423 132 317 177 222 318 33 364
5 3 10
478 191 94 374 212 68 137 291 408 123
2 6 4
290 440 298 330
7 14 16
371 234 374 350 452 325 460 198 432 245 343 307 427 363 288 82
15 11 25
499 45 6 304 496 11 261 297 49 407 479 217 140 346 411 226 253 282 271 315 457 113 456 143 39
4 8 15
301 230 34 299 116 449 39 192 248 148 304 477 261 356 13
5 3 10
235 167 214 115 302 121 189 437 49 211
9 10 20
92 427 90 77 278 483 405 470 215 282 417 260 382 62 48 430 134 499 129 158
14 1 25
31 346 372 215 302 139 255 369 430 315 314 281 262 426 25 39 189 408 121 58 68 467 138 380 80
13 12 22
265 393 97 143 358 377 10 43 208 306 158 409 381 407 289 128 96 452 155 434 298 361
1 10 2
127 313
2 13 4
129 157 300 141
14 17 22
280 381 15 221 341 197 417 286 246 141 208 366 79 480 180 322 21 181 304 438 365 123
6 18 16
38 101 325 481 246 32 281 361 169 451 172 259 244 202 12 201
5 11 10
255 133 64 410 251 282 351 213 308 299
2 4 22
87 46 415 202 159 192 441 463 341 379 42 48 64 439 238 160 129 37 449 358 421 492
5 5 19
423 372 325 355 248 296 191 318 297 397 111 233 80 59 335 211 340 21 119
3 6 12
164 211 61 312 25 181 308 195 393 413 11 113
4 20 13
101 480 476 404 110 349 124 464 306 254 25 11 195
4 19 13
323 422 232 375 456 318 207 187 164 372 10 293 265
1 16 2
64 18
4 10 6
63 7 23 58 181 486
2 19 17
479 165 237 417 212 385 414 270 130 106 286 14 205 68 250 440 115
3 12 21
208 202 332 243 210 453 125 499 386 228 249 442 274 107 171 17 413 281 124 402 132
1 16 2
103 350
3 3 12
151 117 425 16 207 288 23 160 220 433 312 401
11 1 22
416 423 39 319 282 237 312 280 444 413 407 236 278 267 87 350 138 457 146 196 33 48
7 2 20
124 83 285 156 460 87 421 309 383 390 229 6 496 375 494 353 281 398 117 41
1 16 12
279 478 162 250 117 84 133 188 373 67 226 407
6 1 11
383 80 384 36 103 38 211 0 97 98 334
9 1 21
32 13 243 406 115 418 251 247 68 392 56 8 160 256 457 208 127 172 359 442 352
4 3 8
73 484 433 299 413 89 373 472
6 14 14
249 113 208 399 284 296 29 211 103 64 250 417 176 396
9 8 15
321 133 137 206 328 401 13 12 410 445 270 324 123 184 406
7 15 12
292 164 238 178 339 104 277 75 364 70 179 116
11 12 23
53 88 462 37 416 249 440 487 284 403 340 386 36 318 357 272 233 400 111 292 469 409 280
13 19 24
206 474 45 193 449 149 334 421 216 268 399 48 254 455 452 469 236 287 118 458 60 412 431 6
12 13 25
57 266 129 166 350 162 214 48 299 314 294 26 332 234 180 3 216 99 167 357 154 11 248 68 152
2 15 6
364 479 120 62 215 132
4 13 7
395 465 298 140 247 134 97
9 20 16
467 205 34 79 338 487 30 454 137 54 225 469 145 337 219 229
12 10 21
243 134 398 42 449 107 491 261 420 199 3 461 234 384 186 272 389 27 184 68 448
2 11 3
354 87 436
13 16 25
107 397 62 17 350 90 139 124 61 224 222 94 328 360 47 271 178 272 451 476 473 383 156 246 465
2 17 5
50 38 113 345 470
4 12 6
13 234 436 11 218 71
4 16 8
397 294 357 231 226 170 8 412
10 18 18
178 311 261 143 270 395 144 113 487 221 355 377 22 372 211 26 416 97
2 20 22
362 464 218 361 323 493 396 261 357 324 287 108 29 381 201 192 333 105 451 484 15 377
4 13 16
423 456 173 286 238 218 479 103 497 132 83 0 433 356 186 359
5 3 12
111 159 6 148 422 293 309 388 266 186 48 22
5 2 17
273 204 371 138 68 493 362 257 390 65 308 405 280 214 233 248 254
1 16 9
264 165 1 41 471 353 149 336 109
5 16 19
407 49 437 88 109 406 12 201 462 416 410 105 332 133 128 123 387 249 117
1 11 9
55 142 292 382 295 186 131 367 422
7 1 14
13 432 135 424 249 291 428 368 237 431 140 123 336 459
1 15 11
366 250 407 462 69 337 480 105 451 396 147
5 13 19
369 285 396 167 274 151 23 405 397 74 47 207 122 114 27 440 337 107 342
6 2 14
494 475 138 258 171 84 95 192 178 485 447 159 365 142
5 1 24
32 319 218 433 36 63 390 305 432 2 253 405 120 457 51 238 56 434 481 231 10 217 327 301
7 1 14
285 64 199 21 234 251 280 481 75 263 43 100 402 87
10 7 16
195 56 395 269 483 363 87 243 456 166 390 62 255 63 400 190
5 20 25
93 417 377 462 136 243 429 331 159 172 18 286 421 387 32 392 166 313 212 132 203 256 492 323 361
5 19 9
244 306 172 141 426 65 50 332 138
7 1 25
10 325 146 368 437 335 106 360 35 452 343 432 159 2 182 26 218 247 139 127 468 7 401 421 154
11 4 17
99 305 326 429 88 405 378 221 227 354 347 240 62 208 76 466 430
2 20 5
268 258 142 451 200
4 2 8
208 396 68 66 372 96 99 192
4 19 11
18 269 315 434 235 189 433 40 211 332 478
5 7 23
216 289 498 45 467 480 136 460 21 203 340 129 87 332 134 51 19 413 385 41 382 459 276
3 3 24
75 85 488 222 24 122 397 383 36 216 249 418 218 356 245 316 439 156 19 392 358 415 338 293
1 6 3
361 71 256
2 11 8
424 241 199 77 203 280 24 408
6 17 17
223 79 233 467 48 8 44 381 359 459 114 133 138 454 151 482 43
15 7 24
38 430 116 423 331 142 285 490 140 173 437 442 440 287 183 143 415 238 265 150 493 201 147 390
3 16 10
125 432 485 415 205 96 368 305 441 345
3 2 9
164 248 399 272 489 282 312 202 480
8 7 15
26 421 440 215 151 291 396 414 354 309 148 18 239 475 289
4 8 19
240 328 63 17 449 393 290 317 162 230 483 105 429 258 100 120 1 450 406
4 17 7
264 329 412 280 220 162 386
8 20 12
476 293 62 481 6 101 221 90 431 19 226 389
1 14 2
221 139
14 9 22
361 7 293 482 372 252 73 432 243 267 191 339 0 157 320 53 435 400 477 303 461 247
10 7 25
160 114 402 469 49 394 76 101 129 352 461 257 479 320 178 413 74 239 396 329 5 438 316 417 22
1 17 13
154 375 45 385 127 343 394 204 393 309 27 42 1
11 10 24
240 314 290 123 269 167 83 24 191 492 310 214 151 144 402 287 411 46 334 439 489 383 487 49
1 17 9
315 60 349 17 365 78 31 434 228
12 3 18
237 255 133 78 298 93 112 265 369 71 36 339 102 453 278 292 155 140
9 15 14
55 426 315 200 459 61 332 491 84 301 330 216 180 80
1 1 13
224 404 115 172 200 305 469 118 385 323 417 201 348
11 19 19
154 106 249 466 122 392 340 294 352 231 347 38 411 7 89 39 172 242 186
3 3 5
107 419 183 427 216
8 11 25
122 236 257 111 435 360 329 79 490 123 71 366 330 259 216 149 287 364 142 243 54 134 458 180 209
6 5 12
346 461 433 142 125 5 247 283 401 495 449 120
5 10 17
286 493 2 100 458 292 219 397 51 480 33 341 428 26 277 153 84
12 6 19
27 177 83 154 129 337 196 216 323 495 440 189 157 426 60 275 179 68 466
5 14 22
226 176 274 331 187 355 247 290 41 64 79 489 8 113 120 127 22 474 473 235 90 161
6 8 16
267 485 293 374 491 217 329 222 437 168 7 357 98 446 313 51
7 7 22
352 147 296 428 474 204 166 169 259 56 78 492 25 432 234 435 403 477 117 132 459 300
12 7 22
359 150 425 95 463 296 426 401 409 188 295 292 369 60 316 406 303 89 157 422 418 96
3 3 5
29 468 212 358 356
1 2 2
238 266
11 13 19
215 8 489 184 242 457 0 490 146 61 153 261 493 472 323 203 188 487 27
7 7 17
464 411 140 482 489 463 229 179 115 329 483 92 384 183 461 460 69
12 16 25
106 465 228 243 210 365 140 29 428 101 375 362 135 251 2 484 357 137 221 355 55 443 108 96 268
6 3 9
274 374 86 328 170 234 160 269 146
3 13 18
458 497 363 477 243 199 300 453 158 301 255 147 319 51 445 138 408 245
3 8 15
378 36 285 217 69 280 307 125 482 430 478 74 348 390 97
5 16 22
2 336 420 48 349 30 130 7 393 492 290 397 18 281 180 400 467 368 254 76 389 342
1 10 3
157 355 314
1 13 8
433 273 45 131 462 5 199 468
1 13 4
92 63 158 28
1 4 11
370 230 74 303 87 252 480 319 387 46 267
6 8 23
381 415 485 315 249 379 345 146 329 275 464 493 364 137 462 72 22 36 284 240 358 47 232
3 13 9
38 390 417 19 27 85 89 111 141
4 19 10
24 416 123 15 454 302 413 336 84 91
16 10 24
487 61 374 472 211 330 471 354 183 169 131 176 372 77 146 75 346 60 382 264 475 125 443 221
4 1 17
77 313 309 88 303 201 190 220 161 257 29 308 18 20 379 358 149
4 15 19
353 199 134 272 62 293 219 112 344 47 205 193 14 237 104 200 150 189 326
1 13 2
46 224
1 16 3
487 246 110
7 11 14
356 200 112 410 345 317 298 294 7 312 138 391 82 330
2 13 6
237 159 180 311 156 69
2 17 11
266 433 28 150 373 217 160 128 268 214 403
2 18 6
436 257 74 108 95 2
6 10 22
14 443 11 332 416 370 83 371 194 193 326 171 248 129 437 313 454 282 162 150 288 310
8 1 24
112 231 262 346 399 368 444 216 403 7 104 495 125 267 293 477 226 14 391 491 291 464 67 144
2 2 11
324 39 440 58 121 266 0 348 451 246 461
6 20 9
198 138 323 329 408 249 115 49 476
2 2 12
245 26 419 466 192 73 304 83 336 382 384 480
2 20 12
87 278 120 302 387 350 486 362 68 366 452 223
2 16 9
266 401 192 295 349 415 189 243 280
7 4 12
434 320 241 254 78 34 470 132 478 284 161 323
4 9 8
210 98 187 275 452 176 30 351
1 16 19
445 480 293 95 210 425 52 122 281 44 463 336 132 200 8 328 315 267 403
2 3 13
201 258 95 77 484 436 234 378 326 451 255 317 478
4 15 19
25 73 94 149 72 43 228 243 82 207 21 462 64 189 379 376 44 68 443
4 5 15
97 160 54 92 442 72 452 117 322 471 280 123 74 286 431
10 16 24
123 155 329 96 159 496 321 149 10 287 435 92 197 448 29 22 34 124 150 290 121 434 74 166
4 11 7
473 266 199 286 96 110 454
13 2 24
55 268 257 473 173 411 431 354 100 301 239 80 124 64 248 68 465 395 141 445 302 159 387 337
12 10 22
466 355 320 431 179 285 301 79 106 127 307 213 66 181 437 174 444 84 21 309 69 494
8 13 14
208 495 394 304 272 226 62 496 366 273 44 323 147 362
5 12 13
446 143 386 76 23 384 137 309 352 262 433 454 444
1 9 2
313 126
1 3 10
114 192 119 438 479 213 115 224 218 455
10 6 16
381 71 151 57 271 326 424 418 92 442 393 439 436 334 291 455
12 9 21
456 310 182 349 488 122 36 413 90 48 173 116 451 234 121 223 477 200 117 6 359
2 9 15
68 147 490 369 237 81 122 14 142 403 415 138 494 424 334
3 16 12
228 82 450 123 293 464 152 186 385 324 391 459
9 11 19
438 133 211 40 153 231 328 384 14 212 144 73 322 459 359 56 460 208 26
1 4 3
200 448 300
1 18 11
450 117 238 313 367 184 434 479 424 251 76
2 9 3
415 177 404
15 19 24
291 190 451 44 362 443 487 289 220 75 33 453 79 91 471 213 31 154 299 278 347 460 288 129
1 19 2
436 271
1 11 11
387 328 200 178 273 296 3 369 330 74 125
3 8 7
168 396 470 41 236 124 16
2 15 10
491 454 268 136 154 299 144 330 304 302
9 12 22
405 244 32 150 468 272 365 175 295 238 76 360 497 336 421 476 24 48 121 478 378 185
9 18 14
98 355 405 445 321 413 39 224 193 330 489 24 319 130
1 5 2
34 325
4 20 10
339 478 220 82 45 492 143 115 285 228
3 19 20
139 99 414 241 344 293 232 456 69 187 162 19 63 204 226 124 328 142 222 288
8 5 15
360 191 33 22 187 24 493 412 405 448 12 100 454 433 293
13 19 20
41 296 117 244 295 417 50 226 230 304 28 482 313 99 335 7 460 46 79 45
8 18 18
123 35 206 64 116 393 96 151 232 257 339 341 44 356 6 43 467 419
5 4 10
295 47 173 283 307 50 181 262 451 319
4 15 19
9 360 150 339 342 142 353 49 458 147 387 187 494 450 181 72 294 238 123
9 14 24
334 360 257 81 9 437 164 326 314 152 269 339 467 148 214 489 258 291 396 129 333 454 118 143
2 9 8
89 5 405 349 358 235 159 62
4 2 6
163 200 418 406 467 170
13 17 23
80 347 188 79 103 477 154 138 170 94 458 92 416 228 96 102 353 24 295 243 33 158 67
2 10 22
138 350 296 270 415 467 322 15 149 187 407 290 168 369 132 485 357 93 24 11 49 288
1 12 3
22 429 368
2 10 19
265 209 117 413 7 194 399 118 335 105 395 108 386 463 275 327 75 219 306
7 7 24
155 1 252 365 410 317 376 362 292 216 249 19 298 357 487 23 419 332 123 372 30 14 57 334
2 6 4
153 361 241 480
4 20 7
338 477 491 90 284 195 93
7 16 13
261 233 245 196 385 352 62 216 320 64 149 13 5
5 14 8
172 64 338 393 397 159 452 424
3 16 11
339 119 482 315 112 334 239 426 393 201 39
11 18 18
88 171 179 159 231 394 406 474 395 248 59 272 353 61 225 83 408 413
2 10 11
383 402 240 301 31 271 262 139 389 378 376
2 5 4
331 378 353 40
3 1 7
217 385 211 72 110 284 424
1 10 6
30 82 297 435 469 261
9 14 22
332 140 263 275 40 191 130 418 106 67 120 444 430 388 480 237 337 138 132 4 417 341
10 8 18
361 386 213 488 114 346 413 498 480 94 20 294 296 234 395 375 388 89
8 18 13
231 244 308 37 376 348 56 307 423 481 464 455 252
1 5 2
274 202
6 5 11
239 174 271 230 350 409 476 401 20 276 215
2 15 8
96 83 243 249 140 236 237 189
3 19 9
132 33 148 280 224 260 96 479 428
9 18 22
496 232 102 472 230 85 220 316 215 31 340 464 187 107 33 233 254 225 374 210 446 92
6 10 19
131 195 87 150 168 302 483 323 158 424 5 379 128 281 214 86 288 182 1
2 14 13
255 12 405 320 366 219 160 451 372 221 363 155 154
1 4 8
297 344 70 285 438 184 185 246
3 15 5
13 439 208 299 431
2 1 4
324 244 337 228
12 10 21
140 270 245 139 267 269 249 42 307 89 332 59 243 380 409 110 455 432 472 417 405
1 4 4
91 384 315 21
7 8 24
448 12 295 219 446 231 146 19 54 362 93 343 247 124 130 263 433 277 52 256 72 264 494 360
11 18 24
332 129 367 128 266 497 69 402 343 409 372 436 208 383 118 213 75 294 177 459 73 220 314 454
2 1 16
262 20 224 259 96 404 472 447 60 473 366 154 267 335 239 449
7 1 16
238 362 463 225 277 286 186 91 101 25 322 415 7 162 204 339
1 4 4
320 296 325 179
2 17 5
225 214 25 227 63
5 16 17
10 146 312 369 378 476 210 263 314 354 358 326 203 65 276 240 285
12 1 22
240 114 108 127 293 360 358 59 198 46 334 299 348 263 91 85 138 339 5 306 122 230
1 16 11
147 49 54 426 107 14 84 21 379 67 449
9 12 22
177 446 193 120 402 0 182 235 45 202 455 214 449 354 22 142 106 140 91 60 4 204
1 20 17
312 408 473 185 16 387 393 301 449 136 427 495 94 118 490 400 230
12 7 22
384 183 339 361 449 482 269 426 278 115 46 30 160 351 236 453 243 199 386 335 11 117
9 12 22
75 440 321 60 373 204 178 472 195 394 213 39 485 202 88 140 186 127 238 487 235 91
8 20 14
58 86 293 146 413 340 383 61 355 82 112 440 125 159
3 16 15
114 240 293 142 299 375 325 185 12 152 67 176 259 117 246
6 13 15
361 133 87 198 101 337 342 254 336 465 443 294 22 442 73
1 14 4
346 71 19 301
4 2 7
366 103 285 34 57 312 185
1 12 3
279 158 298
6 14 9
353 221 363 440 32 163 459 439 291
5 4 10
495 27 160 338 396 383 333 411 319 417
10 8 24
344 17 153 8 191 355 348 453 90 202 28 499 224 262 168 102 67 347 399 301 211 11 145 122
1 16 14
290 475 172 174 372 214 58 51 62 224 248 68 213 400
15 15 24
315 38 249 344 171 428 176 478 406 156 320 6 93 311 125 409 195 436 321 178 30 64 453 39
3 15 9
485 372 209 249 52 166 413 10 296
6 16 19
42 8 158 197 482 385 290 264 419 302 208 106 132 467 65 459 210 328 295
2 12 6
225 289 208 71 54 459
10 20 15
84 196 219 422 497 94 380 4 317 228 156 329 443 391 16
3 5 19
94 31 32 446 296 38 135 7 371 190 75 249 331 319 145 229 161 232 403
1 10 2
299 395
2 6 13
375 335 240 318 451 322 172 401 494 149 128 332 455
2 1 3
420 122 214
2 18 3
387 325 183
12 20 18
418 196 497 395 5 347 458 453 242 121 391 81 198 408 419 352 312 335
3 12 6
82 271 398 465 198 243
4 9 6
269 68 400 185 262 404
7 16 23
40 404 4 62 410 73 74 360 335 114 38 489 105 317 374 43 120 396 393 49 177 457 353
2 8 4
478 54 497 320
1 9 2
343 482
7 19 24
165 273 421 423 214 486 427 71 174 25 100 474 24 492 282 120 272 340 177 53 287 360 30 487
3 15 15
132 246 208 489 85 0 250 316 209 242 349 81 200 468 366
5 11 18
414 246 217 4 213 389 62 239 25 182 51 194 444 86 410 428 323 309
9 8 25
221 373 396 141 127 115 319 155 146 342 66 497 73 344 83 252 389 317 111 191 453 386 70 100 82
2 7 12
194 482 450 136 184 12 378 61 169 495 16 67
3 9 8
104 65 363 493 11 122 494 160
2 19 21
51 15 290 341 44 71 101 267 415 454 203 223 293 450 356 239 32 282 420 370 445
7 7 21
63 290 332 83 465 146 455 373 133 335 123 376 111 301 15 389 259 371 375 81 334
8 19 16
280 129 323 209 254 166 432 216 311 214 437 290 322 287 344 309
5 19 14
400 307 14 321 418 296 160 483 106 326 466 259 494 408
4 5 21
402 354 439 152 110 309 184 419 441 278 139 0 493 398 85 160 256 408 371 237 344
14 9 22
97 223 91 434 305 378 238 381 474 290 26 89 181 201 409 170 271 178 244 484 345 44
4 17 7
483 63 11 181 211 121 291
1 20 4
207 44 411 135
8 13 23
407 431 89 278 22 68 398 102 239 497 257 13 206 236 461 213 447 170 477 433 174 221 127
12 14 23
345 470 31 133 492 180 111 293 82 30 181 272 493 392 182 358 206 113 120 191 189 469 443
15 9 24
317 113 200 454 452 104 382 55 196 482 397 438 195 108 91 462 71 281 292 340 455 312 53 96
8 15 20
443 473 24 39 373 427 234 411 145 296 441 95 240 104 62 28 221 82 27 79
1 3 12
269 370 9 430 248 259 400 41 62 332 281 186
5 19 8
478 185 318 385 34 455 253 349
1 1 2
471 291
1 1 5
155 180 255 282 477
3 14 5
18 306 406 374 8
3 20 14
228 125 239 13 302 399 54 176 403 489 81 454 430 169
4 12 13
233 332 374 156 401 373 184 197 23 422 108 170 24
5 13 9
450 252 172 287 120 482 230 49 457
8 14 14
415 286 331 283 138 33 342 74 256 390 452 117 220 162
11 15 21
239 14 173 111 192 273 449 297 83 445 144 483 315 186 337 42 57 416 398 312 138
3 20 22
401 138 312 27 105 246 69 495 211 460 356 348 456 19 350 497 303 172 56 241 7 291
10 7 25
219 420 201 89 67 213 116 127 272 357 86 43 26 376 495 270 396 405 121 287 493 361 334 138 232
2 6 14
313 171 435 97 54 299 404 37 290 103 364 480 138 453
4 11 8
179 89 200 387 131 338 72 282
2 15 6
177 492 309 475 275 286
2 14 4
116 429 465 88
4 7 19
72 285 32 212 80 373 339 78 372 257 218 34 170 194 250 202 397 182 49
1 6 9
476 466 34 272 457 469 417 389 98
7 3 11
192 90 328 437 107 475 404 43 399 123 186
1 6 7
227 150 347 402 39 495 81
15 20 23
310 171 325 408 384 425 347 215 108 344 378 223 456 48 100 28 113 10 109 305 200 397 96
1 8 2
22 2
6 16 20
277 164 281 217 77 203 383 39 25 253 181 125 195 177 97 336 447 18 27 247
1 17 10
26 182 487 254 249 414 473 474 310 311
4 18 13
458 251 162 124 171 393 136 330 320 186 319 361 449
2 9 5
297 210 420 338 415
3 1 21
150 181 101 118 310 428 107 308 128 378 12 254 267 492 401 334 62 322 147 448 223
1 8 2
133 92
4 16 6
314 263 475 218 132 388
1 20 5
361 488 379 414 220
7 2 17
291 117 59 187 127 173 350 305 185 255 104 282 134 411 114 80 107
4 20 14
124 162 376 457 85 324 26 455 59 415 233 314 321 445
4 13 23
86 377 205 284 477 253 352 237 247 487 88 419 110 490 224 135 390 239 46 382 255 133 155
10 16 22
272 231 12 330 273 145 213 8 411 274 334 245 162 438 152 288 435 219 333 128 167 23
4 14 10
208 443 22 352 369 490 177 254 132 83
6 18 12
5 475 133 341 203 362 31 95 393 312 24 439
3 7 5
299 303 416 131 80
1 1 8
49 88 92 161 209 170 396 450
4 6 16
453 300 395 163 135 217 115 153 161 193 51 25 250 78 94 216
5 12 14
177 402 131 232 364 369 469 7 326 328 445 58 462 41
2 18 21
150 330 431 406 377 132 48 93 71 419 363 98 124 223 80 149 288 118 426 82 55
2 19 4
370 329 486 342
6 19 17
409 232 227 80 86 415 237 251 270 425 458 179 401 120 56 102 341
10 5 15
497 314 26 359 204 418 232 285 156 383 109 442 308 78 430
1 13 25
233 1 49 28 283 346 422 74 179 440 188 445 44 337 196 364 61 489 204 395 172 302 241 245 8
7 5 24
91 454 142 89 45 444 100 453 53 118 482 47 402 435 478 148 273 300 163 312 179 293 134 36
3 18 19
416 351 391 365 202 265 474 80 435 174 312 194 27 10 26 293 102 264 234
7 10 17
419 120 145 213 287 79 403 134 311 195 459 99 215 466 122 237 324
2 13 11
289 75 249 406 344 451 39 445 94 438 220
11 6 25
355 406 362 388 479 130 53 370 337 198 102 157 286 368 483 151 159 389 204 129 254 309 331 6 93
5 2 11
428 430 137 73 64 206 309 299 444 32 66
1 16 9
480 230 433 300 264 80 40 462 261
1 4 21
249 253 451 213 190 42 11 212 236 218 76 448 96 219 371 43 163 209 51 26 205
9 12 20
283 43 267 307 440 461 476 459 226 276 116 384 369 155 455 218 272 198 362 255
4 12 11
269 258 490 403 342 380 483 216 222 133 293
6 3 13
495 384 343 47 454 391 37 491 120 150 31 18 75
3 18 12
301 305 242 197 140 429 333 345 144 437 225 82
10 14 15
323 16 195 46 268 344 246 3 10 66 475 422 298 474 42
1 20 21
108 222 412 248 101 272 487 267 95 120 457 230 498 186 382 386 36 293 219 307 67
2 4 8
205 412 10 105 99 384 183 102
2 1 24
202 465 160 258 285 78 132 245 449 474 76 75 331 264 486 46 355 171 237 287 381 87 432 353
15 6 23
338 255 263 144 230 264 359 469 16 471 243 445 424 458 221 345 452 278 215 256 17 310 271
9 19 17
339 230 165 99 343 104 73 379 410 453 358 206 27 18 477 209 295
2 1 25
212 267 355 248 478 373 304 337 375 58 100 290 298 467 194 430 119 221 60 320 19 47 356 186 479
1 1 2
262 376
7 3 20
373 402 227 387 212 119 231 432 392 245 132 382 277 107 333 395 292 307 60 299
3 17 9
340 36 490 416 112 387 487 264 328
5 8 21
172 265 79 260 386 427 279 142 313 63 359 362 473 118 341 178 186 135 437 488 25
1 10 4
102 240 300 435
5 4 8
39 460 66 153 376 293 434 105
7 7 22
197 153 368 318 455 239 73 94 395 182 439 294 472 426 173 281 410 370 444 420 210 59
3 12 10
345 322 166 30 98 22 6 49 65 340
1 3 2
371 459
1 7 18
71 306 243 134 61 238 241 464 312 212 129 489 224 70 339 170 313 376
2 14 23
412 57 34 361 100 443 481 68 146 249 494 484 336 65 394 298 371 44 330 137 156 123 318
2 6 5
456 446 177 347 384
2 19 4
193 197 465 254
1 3 8
368 82 431 209 230 119 347 150
5 17 19
293 361 297 288 177 452 324 167 94 39 287 466 407 242 447 418 4 196 448
7 15 16
272 110 232 137 278 410 390 356 470 474 112 450 266 171 182 253
1 2 3
463 160 41
7 9 25
330 428 36 449 124 136 259 346 303 105 29 439 211 245 230 408 24 446 315 213 401 121 25 487 419
10 20 16
272 25 359 50 320 159 372 295 371 193 283 451 142 96 427 23
1 13 11
499 227 50 213 392 176 257 379 302 361 435
7 1 25
100 35 345 41 431 392 490 426 382 481 378 388 272 317 389 91 271 84 254 181 444 57 48 275 108
1 5 23
179 376 384 356 291 133 263 285 495 457 202 433 329 467 369 257 301 396 194 8 445 183 260
4 3 6
324 314 123 276 79 359
5 18 11
337 419 124 336 420 100 304 370 185 410 192
1 8 15
106 482 238 16 394 455 59 331 302 474 210 99 217 223 155
1 3 5
211 306 201 245 65
1 5 8
476 411 122 424 294 493 387 253
1 13 2
471 92
