500 2500 775
25 10 8 24 29 22 15 24 10 21 15 28 7 17 26 14 30 20 7 30 6 28 27 7 30 23 13 20 18 14 4 28 27 3 28 8 9 26 8 17 12 20 14 9 8 7 15 12 25 22 13 6 28 7 5 19 5 22 15 4 5 20 19 16 4 27 21 28 7 27 4 21 10 25 4 3 24 17 17 25 9 7 12 10 18 16 23 12 12 4 15 9 2 27 11 29 22 17 26 15 24 9 6 2 14 7 15 27 8 14 29 11 16 23 22 1 23 5 24 20 29 27 6 28 2 18 14 8 7 28 26 29 16 3 10 27 5 8 12 8 6 9 7 5 11 3 2 23 14 14 14 8 14 27 11 22 29 8 11 15 14 1 22 30 6 24 15 11 15 20 1 19 8 23 2 24 7 20 26 7 28 20 24 4 29 15 15 17 13 10 9 24 6 16 17 18 7 28 27 15 18 5 21 25 21 13 3 1 19 20 29 28 9 27 15 15 6 30 23 15 8 3 10 8 29 13 20 20 17 30 9 23 1 4 26 10 16 28 3 15 20 28 27 3 27 15 26 23 21 10 20 28 19 3 9 26 1 20 9 21 23 26 28 24 10 7 6 7 16 23 19 21 27 7 5 27 7 23 14 21 21 11 23 11 9 14 14 25 2 24 14 19 22 7 3 26 9 15 27 1 22 9 30 3 2 24 6 18 20 13 28 26 21 12 16 27 4 16 14 13 6 7 2 17 26 2 14 13 3 12 4 19 25 15 20 23 23 27 10 19 22 30 29 12 15 8 16 19 8 6 29 12 5 29 10 30 6 14 7 21 12 13 18 29 11 14 11 6 6 25 26 17 15 8 1 22 27 28 30 13 18 28 23 7 17 26 1 1 4 3 24 2 8 17 5 5 9 14 18 28 30 11 6 24 24 14 13 27 30 2 16 10 22 16 28 15 16 8 5 13 27 28 9 12 28 10 28 13 30 25 3 7 25 3 18 13 24 28 5 24 4 22 4 30 17 14 21 18 15 30 14 2 30 16 13 7 30 23 20 5 7 6 22 19 9 14 16 24 27 10 26 11 29 19 16 18 24 18 13 24 7 29 28 1 10 30 12 25 6 25 5 26 9 1 27 17 20 8 26 26
1 14 10 12 25 4 27 16 18 27 14 16 24 21 13 13 26 20 8 25 23 21 28 18 18 21 20 5 5 18 27 9 12 28 2 20 19 9 10 15 3 23 17 27 10 30 6 27 7 17 21 18 20 17 24 4 26 7 6 19 5 14 29 12 20 28 11 20 17 17 7 1 25 11 16 13 4 8 19 20 5 16 13 23 1 4 12 7 21 7 17 19 25 20 3 4 20 9 1 21 25 25 11 22 5 30 19 1 28 25 28 19 20 15 23 18 24 3 10 23 9 24 8 1 3 15 20 25 29 23 13 20 29 17 2 21 27 6 18 5 20 2 13 21 18 19 11 19 12 21 13 25 4 19 28 14 24 21 30 8 1 14 16 3 21 29 17 25 26 12 19 5 5 21 2 15 20 3 1 9 6 1 14 18 20 4 9 15 17 5 28 28 17 10 27 3 8 26 19 18 1 2 27 20 28 14 4 14 13 11 7 5 11 22 15 18 17 16 21 7 3 30 22 26 6 22 14 8 4 6 10 23 27 30 9 8 25 25 12 30 4 18 27 27 2 3 26 27 13 6 14 4 9 27 22 10 10 20 29 30 9 10 28 27 20 6 23 30 8 11 6 1 26 24 23 20 24 23 24 3 18 12 13 13 26 17 11 28 2 7 14 27 24 19 17 2 6 20 2 5 19 27 28 17 20 9 18 23 9 10 6 23 1 16 4 29 10 14 30 19 28 3 4 2 20 19 9 26 9 3 20 10 15 26 5 29 6 15 5 23 12 6 8 29 30 8 11 5 15 22 1 5 26 8 10 4 10 12 15 22 18 6 26 20 6 4 15 18 11 8 7 12 7 14 6 16 20 4 2 27 16 8 21 4 13 9 3 15 25 27 19 22 18 11 24 8 26 3 17 16 29 19 18 8 3 18 12 12 2 28 19 9 8 13 9 25 1 1 7 3 16 23 24 27 29 28 8 11 5 24 3 24 5 8 5 1 26 3 2 14 28 1 20 10 5 18 15 25 17 24 1 27 15 22 4 2 20 3 29 10 12 26 5 14 8 28 7 6 7 11 7 7 22 2 2 20 23 7 19 14 10 15 23 17 17 25 9 19 22 1 12 29 21 10 5 2 7 20 2 30
1 7 3
107 273 249
1 6 8
361 48 305 492 89 12 192 461
1 3 3
124 300 343
1 1 10
267 379 439 143 134 125 129 188 309 40
1 3 8
144 456 313 285 328 410 162 481
1 10 10
457 222 497 290 117 397 323 9 425 362
1 4 6
136 251 172 416 162 466
1 9 10
214 363 104 206 319 334 241 59 221 230
1 15 5
343 274 92 456 289
1 6 9
198 311 44 129 51 393 93 248 195
1 17 5
177 217 392 71 233
1 20 2
346 379
1 14 10
480 334 64 164 397 467 174 458 92 73
1 15 5
45 193 209 223 373
1 17 7
153 238 53 444 428 317 43
1 11 9
61 377 165 298 234 173 36 227 459
1 13 2
76 301
1 1 8
78 342 54 458 404 301 447 57
1 9 3
124 121 368
1 3 6
22 3 117 133 114 110
1 2 6
209 447 389 39 43 18
1 17 3
73 337 14
1 14 8
243 208 415 85 241 173 216 405
1 7 3
368 207 19
1 15 9
274 396 137 207 212 98 287 121 11
1 19 4
482 312 295 425
1 19 6
374 105 463 317 487 249
1 7 3
26 323 76
1 4 5
418 280 342 471 259
1 15 7
105 356 353 184 379 391 299
1 7 7
433 2 321 341 279 186 81
1 6 3
10 450 441
1 12 4
488 320 370 209
1 6 4
434 59 396 71
1 1 7
249 334 158 396 360 474 98
1 2 6
278 341 344 381 269 166
1 12 10
86 207 100 434 10 215 160 361 442 458
1 17 8
19 329 128 441 163 261 422 242
1 16 6
322 473 163 404 280 350
1 9 5
400 43 268 365 324
1 20 6
491 378 36 224 31 195
1 6 10
178 484 392 478 128 360 162 50 170 184
1 11 2
10 110
1 9 9
479 257 357 407 236 383 56 161 272
1 3 4
256 72 327 244
1 4 7
472 348 86 498 106 263 316
1 4 10
164 139 275 186 463 487 278 116 8 494
1 20 6
56 284 244 125 118 302
1 4 9
231 103 287 308 255 173 305 377 457
1 6 8
288 28 460 198 482 457 330 160
1 9 8
111 399 483 458 280 211 432 118
1 13 7
431 401 336 396 328 198 111
1 10 3
105 336 10
1 3 5
494 276 394 357 70
1 10 10
29 242 373 451 257 90 254 84 416 320
1 10 5
493 227 492 360 102
1 8 2
116 147
1 6 4
455 116 303 65
1 17 8
41 14 433 30 18 200 252 489
1 16 3
258 193 234
1 2 10
395 22 404 480 231 232 212 156 416 442
1 7 5
171 429 422 442 362
1 4 5
174 6 154 202 375
1 18 10
46 149 294 436 480 191 427 413 73 305
1 9 10
19 127 304 497 397 266 167 413 300 137
1 13 8
70 420 246 115 225 321 104 403
1 19 6
465 265 440 251 208 173
1 6 7
182 197 148 241 85 395 113
1 18 4
74 426 315 123
1 17 5
152 468 401 244 489
1 19 2
24 323
1 5 3
242 329 421
1 6 9
177 161 155 119 190 235 84 402 146
1 7 2
425 371
1 7 4
123 332 252 492
1 7 9
427 296 96 91 123 204 402 332 243
1 7 4
170 211 189 70
1 4 10
321 395 21 346 480 122 40 383 77 492
1 5 3
188 115 82
1 10 8
398 490 447 353 268 141 247 48
1 10 7
313 453 355 305 285 220 242
1 16 7
162 185 250 230 413 166 365
1 5 2
181 353
1 14 10
218 316 77 418 289 354 277 199 278 406
1 20 6
454 55 229 16 317 214
1 2 3
101 471 484
1 7 4
167 251 272 153
1 8 6
288 257 348 454 198 417
1 15 3
222 260 451
1 16 6
121 207 399 141 490 46
1 12 3
401 132 465
1 5 5
42 385 461 188 378
1 5 7
232 99 360 85 265 262 419
1 15 5
354 292 40 351 320
1 6 10
414 64 350 492 230 389 495 355 296 84
1 6 4
326 280 151 330
1 6 7
54 235 110 319 371 321 100
1 4 7
490 7 104 342 4 51 264
1 8 7
22 81 185 204 424 484 183
1 19 9
335 74 18 98 174 206 374 347 48
1 4 9
474 32 421 284 36 337 18 218 348
1 12 5
31 388 186 303 93
1 14 7
477 482 110 170 235 418 451
1 3 4
448 320 144 383
1 10 8
490 52 438 479 115 213 410 333
1 1 6
194 304 204 29 197 255
1 10 8
499 289 369 190 180 389 264 172
1 19 3
350 370 324
1 12 10
209 129 11 203 249 256 174 401 223 19
1 14 3
73 151 362
1 9 10
188 442 324 479 34 475 237 177 185 121
1 3 6
126 330 415 365 128 314
1 4 3
411 476 393
1 5 10
265 11 25 475 97 164 254 487 290 491
1 19 2
310 168
1 5 6
301 101 36 17 83 284
1 6 2
49 486
1 15 9
253 446 429 15 315 72 264 487 107
1 7 8
252 58 71 151 124 162 299 16
1 3 8
328 52 123 363 382 428 171 437
1 17 2
37 163
1 12 4
47 7 160 127
1 11 6
215 461 163 22 351 79
1 6 10
60 141 287 268 21 323 121 468 476 406
1 13 9
276 108 102 454 54 464 287 292 314
1 13 6
496 80 63 483 489 176
1 11 9
489 288 153 192 214 93 281 0 18
1 20 10
370 192 242 497 266 383 246 205 360 23
1 18 9
323 246 83 187 459 67 487 145 465
1 2 8
476 374 416 176 139 107 190 72
1 10 3
394 154 147
1 9 8
387 63 280 342 477 307 287 446
1 10 10
199 445 26 269 18 422 441 247 139 54
1 3 3
351 182 105
1 7 4
324 490 178 381
1 6 5
14 405 482 468 125
1 12 4
435 124 111 373
1 8 3
445 91 366
1 15 9
202 23 411 114 347 112 228 428 314
1 17 4
228 79 311 451
1 14 8
253 476 280 363 314 487 99 123
1 12 9
70 64 366 186 128 134 379 388 475
1 20 5
446 433 206 344 177
1 9 9
69 249 290 359 158 25 445 247 466
1 20 7
435 448 181 403 69 127 111
1 10 2
243 9
1 19 2
426 398
1 9 8
497 221 143 8 100 364 136 499
1 9 7
404 242 183 492 114 300 353
1 12 6
338 370 395 486 174 390
1 2 4
237 146 281 65
1 11 3
281 215 107
1 3 3
331 474 53
1 10 9
127 271 244 205 116 402 8 26 452
1 19 5
179 149 203 311 58
1 12 8
386 22 241 128 321 53 31 290
1 18 9
466 162 289 5 483 134 151 132 96
1 13 5
390 470 131 256 160
1 12 4
236 8 217 284
1 8 6
328 331 224 75 31 340
1 3 7
352 153 319 293 239 307 330
1 20 9
257 478 17 185 220 409 445 153 75
1 12 4
7 232 0 211
1 6 8
280 91 258 311 304 45 63 301
1 13 2
136 421
1 20 2
385 33
1 11 10
211 210 265 202 414 447 127 39 213 67
1 5 4
318 30 433 357
1 5 7
446 177 284 80 99 178 325
1 2 3
371 195 454
1 18 10
88 204 61 351 408 256 371 110 454 255
1 6 7
361 439 335 64 385 76 488
1 8 5
150 205 40 200 431
1 20 8
360 14 43 487 76 42 182 476
1 8 10
243 158 189 16 176 282 460 277 129 93
1 10 9
490 413 314 374 144 363 259 182 451
1 5 10
209 96 295 399 240 147 117 39 49 450
1 14 7
426 339 43 423 480 170 48
1 19 2
257 86
1 12 9
95 393 223 364 356 457 318 35 377
1 18 7
260 324 31 1 228 304 42
1 13 8
489 58 135 433 151 33 471 117
1 4 10
487 482 349 14 233 223 347 210 414 309
1 7 3
331 134 381
1 8 2
226 440
1 16 2
67 347
1 20 8
115 267 461 90 263 474 92 411
1 4 2
89 388
1 13 2
345 474
1 7 3
307 160 367
1 9 3
105 2 175
1 1 9
467 161 191 346 18 368 280 357 40
1 14 10
487 441 379 477 145 302 421 484 180 200
1 1 2
127 21
1 14 5
462 309 111 155 209
1 6 10
249 215 255 370 458 183 342 231 103 229
1 16 9
105 73 420 419 98 340 332 200 185
1 2 10
256 262 291 142 486 15 440 70 463 55
1 16 3
113 61 228
1 13 10
224 128 234 449 452 398 79 331 172 19
1 4 8
370 470 190 273 433 251 376 206
1 20 9
174 70 234 118 387 296 324 416 363
1 18 7
297 96 54 499 186 301 497
1 14 8
110 75 7 363 178 37 472 483
1 2 6
17 301 460 276 226 383
1 9 7
235 177 452 96 243 75 444
1 19 4
261 40 259 383
1 15 2
294 263
1 15 10
46 455 411 366 141 83 469 104 212 8
1 15 7
184 73 316 90 493 279 127
1 7 4
409 239 23 185
1 20 2
92 90
1 5 7
340 182 40 374 138 235 265
1 9 3
227 245 445
1 20 4
484 190 9 206
1 15 8
276 281 344 37 369 353 106 498
1 4 2
76 453
1 12 8
180 316 3 428 465 58 481 422
1 3 8
237 431 167 311 245 395 4 225
1 9 8
295 448 280 278 319 297 263 308
1 5 8
227 74 132 441 109 498 418 196
1 2 5
161 281 410 266 69
1 12 9
124 393 159 111 224 398 1 109 100
1 18 3
190 16 359
1 10 2
153 374
1 8 9
186 279 265 246 83 155 493 115 479
1 8 5
209 342 373 38 365
1 8 3
56 406 67
1 2 6
458 247 79 202 360 174
1 9 9
190 202 176 367 361 297 441 409 119
1 3 10
18 226 428 455 427 252 117 238 499 178
1 2 6
52 349 235 220 402 156
1 20 4
315 29 241 121
1 15 8
492 194 295 20 478 148 102 390
1 18 2
101 220
1 9 2
457 198
1 8 4
219 414 432 287
1 6 10
251 171 149 306 318 236 117 410 18 166
1 16 7
342 145 249 261 77 410 209
1 18 10
92 49 198 158 453 425 473 426 332 300
1 15 2
197 265
1 3 6
130 457 468 82 61 172
1 19 7
498 228 216 485 482 409 179
1 2 3
171 236 386
1 20 4
308 67 341 471
1 3 5
19 144 242 421 147
1 7 3
202 474 401
1 16 7
225 135 13 167 480 466 411
1 14 9
409 447 471 233 388 353 138 31 469
1 12 6
241 185 367 497 162 112
1 2 6
77 237 244 225 233 283
1 15 9
0 252 36 349 234 194 451 394 125
1 3 2
0 90
1 19 5
467 108 115 474 319
1 19 8
411 221 428 136 472 431 163 4
1 13 5
55 161 255 265 74
1 10 5
200 306 463 6 403
1 6 2
98 8
1 4 10
191 257 466 66 135 287 326 47 304 397
1 15 7
153 234 264 108 446 448 307
1 13 3
444 418 448
1 19 5
370 343 200 468 351
1 19 6
488 167 274 44 346 218
1 20 10
359 485 277 156 346 257 332 183 174 4
1 2 10
295 40 410 104 263 288 108 407 211 387
1 18 6
22 387 376 442 473 113
1 17 9
24 333 491 241 85 74 314 270 365
1 3 3
72 293 175
1 8 2
304 428
1 10 3
44 185 27
1 4 3
278 430 471
1 1 2
43 409
1 6 5
272 468 464 267 181
1 1 3
284 296 346
1 14 8
8 361 10 333 254 231 42 59
1 6 7
54 490 455 162 427 277 414
1 15 10
208 159 411 342 448 415 115 34 259 335
1 18 5
80 489 125 105 287
1 8 6
497 136 74 325 13 51
1 8 9
428 424 245 444 203 124 426 291 381
1 19 5
309 355 24 221 429
1 17 8
364 468 279 302 390 66 452 283
1 14 9
68 295 25 142 31 334 382 355 245
1 14 5
290 436 222 423 381
1 4 8
407 496 204 106 16 260 99 141
1 4 6
338 88 262 303 70 240
1 19 8
51 296 470 288 40 334 98 259
1 2 4
372 245 442 66
1 6 7
41 176 151 45 227 369 93
1 16 8
370 154 367 236 440 174 299 457
1 15 2
337 9
1 15 5
442 379 148 267 108
1 18 5
446 32 170 405 182
1 11 7
407 359 110 364 387 157 51
1 6 10
86 255 198 70 239 310 460 212 439 369
1 16 8
428 159 67 215 463 153 225 35
1 1 5
8 61 73 479 200
1 5 7
465 254 466 456 471 170 6
1 16 3
148 497 88
1 12 3
485 343 191
1 2 2
352 140
1 19 2
496 164
1 14 4
411 415 162 443
1 15 8
151 384 441 454 97 134 449 29
1 19 4
18 303 441 84
1 19 10
132 161 157 360 348 25 377 457 110 88
1 5 2
324 237
1 4 5
239 485 282 166 72
1 13 3
422 32 403
1 4 9
66 323 424 390 4 359 178 475 138
1 19 10
173 295 70 379 193 192 178 123 272 257
1 12 9
165 134 295 497 296 292 388 6 495
1 18 6
9 225 177 33 24 37
1 11 9
128 383 222 22 264 108 331 196 25
1 20 6
439 191 407 316 333 290
1 18 9
274 374 345 63 189 129 337 65 7
1 6 5
478 34 202 144 384
1 3 3
106 493 485
1 19 5
21 188 491 199 307
1 19 3
33 9 370
1 1 7
495 296 382 427 481 22 443
1 12 9
363 419 105 459 267 176 309 413 247
1 20 3
165 418 224
1 15 2
29 309
1 1 10
86 217 318 448 469 495 134 106 78 339
1 13 2
116 106
1 16 3
216 109 278
1 3 2
113 254
1 11 2
164 462
1 5 2
493 39
1 8 4
292 414 402 64
1 15 10
144 252 32 444 133 329 297 105 361 99
1 3 6
155 495 138 147 384 91
1 1 3
57 43 184
1 19 10
282 169 447 404 32 202 417 171 457 450
1 20 9
8 91 242 52 467 404 498 373 45
1 5 5
400 65 82 404 152
1 16 10
340 421 434 37 159 289 468 166 99 25
1 13 2
317 161
1 16 5
272 389 436 446 129
1 3 5
277 13 429 476 316
1 14 3
4 365 54
1 4 5
467 168 447 39 450
1 5 8
238 39 4 315 372 395 154 60
1 14 4
355 393 136 206
1 5 8
455 178 131 415 188 313 104 290
1 14 2
445 35
1 12 4
161 490 88 274
1 7 8
337 179 175 413 305 168 427 199
1 16 2
215 217
1 11 8
474 416 125 462 496 120 90 227
1 18 7
166 397 99 322 416 482 342
1 7 6
265 469 85 445 201 208
1 19 10
278 219 403 204 118 21 87 310 408 426
1 19 7
75 468 123 118 211 255 373
1 13 3
342 496 222
1 19 3
396 32 254
1 16 4
459 385 484 290
1 7 5
442 213 312 207 280
1 10 4
89 197 232 333
1 17 10
392 123 491 206 162 401 429 69 456 57
1 8 8
408 93 222 412 189 17 240 277
1 20 8
332 449 176 59 422 366 364 413
1 20 5
492 442 189 77 272
1 13 4
175 159 401 60
1 10 6
77 93 282 86 265 208
1 18 9
7 34 201 39 51 192 257 387 102
1 1 5
139 206 255 339 463
1 4 9
321 19 399 194 477 97 282 45 186
1 11 7
324 233 362 254 32 106 280
1 18 5
20 211 193 201 127
1 11 9
275 341 6 273 331 250 255 313 175
1 11 9
259 395 366 265 379 296 103 295 75
1 11 7
272 197 297 79 393 321 153
1 3 2
5 192
1 20 5
111 143 10 107 100
1 15 7
48 165 391 305 189 267 113
1 20 2
399 428
1 15 10
112 340 284 354 360 356 486 164 286 469
1 7 8
113 410 364 216 461 138 104 329
1 3 7
493 89 422 350 293 132 461
1 6 5
152 449 159 463 494
1 15 2
397 55
1 20 6
488 486 208 21 45 319
1 4 3
23 3 25
1 14 9
320 377 246 461 123 243 248 87 242
1 17 10
429 177 297 252 233 310 41 222 140 15
1 16 10
415 67 318 6 225 127 247 456 416 336
1 16 7
254 153 36 232 372 251 89
1 4 5
382 145 45 71 495
1 7 9
307 351 112 273 380 36 458 401 345
1 3 2
77 169
1 15 10
339 84 496 100 327 328 277 57 247 109
1 11 9
92 265 36 267 152 488 379 107 23
1 19 10
86 467 382 441 188 459 347 203 311 42
1 14 10
10 311 368 211 493 423 84 329 442 63
1 3 6
149 83 26 247 186 290
1 8 7
63 285 265 470 464 15 95
1 20 3
217 329 443
1 19 4
410 376 88 232
1 8 10
126 376 383 137 254 243 233 210 68 448
1 7 6
399 228 21 229 84 29
1 7 9
19 59 497 168 44 362 32 436 121
1 1 4
493 199 173 5
1 17 4
246 263 161 33
1 1 2
387 285
1 12 10
404 317 97 130 179 103 152 197 482 176
1 16 9
412 158 197 426 263 180 52 124 42
1 3 6
106 79 203 402 157 91
1 12 2
487 337
1 9 4
140 48 12 286
1 18 8
365 279 358 403 421 40 298 214
1 1 10
367 176 202 444 12 61 300 396 67 110
1 4 5
61 365 480 14 456
1 7 3
296 474 178
1 17 10
276 483 139 285 295 196 451 243 66 231
1 9 8
490 135 318 148 285 241 211 266
1 1 7
53 19 203 80 13 135 367
1 11 4
409 381 490 133
1 12 4
20 214 442 175
1 6 9
153 137 70 360 472 290 407 161 265
1 19 4
466 378 130 156
1 16 6
227 364 253 395 421 449
1 12 10
147 471 335 47 470 131 79 448 266 402
1 2 9
382 491 208 99 57 54 437 166 2
1 8 9
368 183 67 445 166 264 71 220 342
1 2 10
6 215 387 233 350 128 432 495 179 440
1 5 6
41 397 249 156 469 412
1 6 8
389 119 361 97 93 19 147 231
1 1 8
190 448 344 284 76 200 379 55
1 17 4
151 33 312 247
1 15 7
220 46 439 262 301 453 369
1 4 8
41 314 176 266 346 232 111 133
1 5 7
173 75 248 420 414 433 111
1 18 6
481 333 311 13 421 237
1 5 3
229 156 261
1 18 2
1 41
1 10 8
158 269 61 452 11 414 2 135
1 1 5
43 400 135 180 420
1 16 10
155 312 424 436 369 19 286 491 440 39
1 10 6
347 314 438 363 14 443
1 12 2
380 271
1 3 6
90 64 225 210 148 439
1 11 6
445 235 392 230 73 213
1 3 6
413 458 474 240 439 77
1 10 5
33 306 214 12 357
1 1 8
133 266 346 339 70 331 42 15
1 20 8
483 67 143 326 189 148 196 311
1 20 5
211 25 356 265 327
1 8 9
181 219 271 474 121 329 1 19 137
1 3 10
369 68 51 247 75 142 43 235 114 432
1 6 4
439 144 419 407
1 8 9
378 77 88 487 116 131 262 231 100
1 11 3
447 246 183
1 20 8
156 244 386 112 12 113 132 461
1 11 6
56 371 16 263 329 468
1 4 7
221 131 219 130 402 422 239
1 13 10
464 499 138 136 134 31 248 348 144 128
1 13 3
156 24 468
1 10 9
111 492 377 17 314 289 9 45 197
1 16 6
281 148 419 174 230 441
1 10 6
242 181 209 114 215 187
1 1 9
216 359 362 64 344 485 456 478 437
1 11 2
155 499
1 7 10
147 439 18 308 156 423 386 167 357 279
1 1 3
491 7 382
1 7 7
319 196 172 88 97 479 201
1 2 7
203 448 381 54 71 179 149
1 2 6
222 300 318 228 235 292
1 20 9
33 432 418 377 484 30 353 206 261
1 17 3
421 357 55
1 5 3
138 15 234
1 12 9
101 369 121 282 112 103 381 497 7
1 3 7
117 118 438 57 440 38 428
1 5 10
169 422 294 434 164 128 275 9 263 64
1 1 4
169 46 63 242
1 17 7
395 61 177 216 74 343 435
1 10 3
83 101 1
1 14 5
479 453 156 230 420
1 16 7
235 486 361 241 138 378 151
1 3 4
34 292 408 220
1 10 6
37 79 245 353 25 200
1 20 2
225 353
1 19 4
408 32 302 105
1 3 9
495 410 17 441 284 274 269 367 330
1 4 9
296 173 326 256 138 215 199 258 392
1 11 7
421 90 352 216 168 387 368
1 1 5
298 111 431 173 428
1 15 5
273 477 258 180 418
1 12 5
332 206 227 354 254
1 18 4
232 214 101 125
1 8 2
168 259
1 12 9
18 62 194 181 325 473 192 119 391
1 11 4
466 60 450 376
1 15 4
81 352 418 149
1 19 4
471 495 465 104
1 12 6
315 224 232 278 449 87
1 1 10
88 32 418 177 193 444 432 135 205 211
1 11 2
165 441
1 8 8
157 57 460 486 164 117 215 287
1 11 7
143 248 213 20 126 166 330
1 3 7
358 435 301 199 370 409 43
1 19 5
253 290 74 363 330
1 16 9
453 469 246 441 480 476 243 86 394
1 3 4
7 449 334 475
1 10 10
394 122 209 104 270 382 241 274 391 406
1 16 10
464 168 371 119 459 319 378 199 98 305
1 12 8
350 21 450 135 431 10 423 197
1 12 3
476 214 130
1 12 4
497 68 423 340
1 1 4
119 499 81 329
1 18 5
307 47 473 130 246
1 10 2
261 45
1 8 2
20 417
1 20 10
43 182 334 372 424 49 177 116 217 288
1 3 9
417 370 293 303 474 375 106 433 456
1 17 7
325 130 289 344 8 454 229
1 13 6
345 453 55 162 441 479
1 9 4
286 421 63 129
1 15 2
439 198
1 16 10
340 293 259 461 178 420 307 272 89 104
1 14 3
142 405 280
1 14 9
91 72 274 349 488 170 214 192 271
1 1 4
409 184 4 59
1 17 7
374 165 370 295 461 80 85
1 8 6
49 144 455 300 279 64
1 13 9
456 161 346 53 145 308 464 411 90
1 18 10
333 363 40 397 454 31 204 103 265 240
1 11 5
128 325 193 168 296
1 18 6
298 95 196 478 136 322
1 19 3
271 88 484
1 8 7
228 216 466 470 91 278 54
1 13 7
311 340 423 438 223 1 60
1 10 4
124 341 126 483
1 18 3
84 106 82
1 10 4
435 51 225 253
1 13 3
409 268 366
1 8 8
95 118 209 147 322 388 29 157
1 18 2
78 384
1 3 9
104 242 86 490 160 493 165 91 200
1 17 3
299 354 368
1 12 10
152 251 181 92 120 322 388 71 3 424
1 17 8
12 247 158 437 129 271 304 89
1 10 8
302 240 102 106 292 158 193 319
1 7 2
108 118
1 2 4
115 457 441 412
1 2 5
358 293 394 171 369
1 16 9
315 42 163 389 158 289 423 76 27
1 14 7
363 450 131 354 27 426 209
1 12 10
484 167 169 363 393 289 420 407 455 390
1 17 2
70 254
1 5 10
78 320 488 228 22 364 107 9 16 422
1 1 4
322 141 340 136
1 11 4
220 47 426 202
1 10 7
289 245 189 225 162 41 276
1 9 6
474 236 145 137 97 112
1 6 9
12 218 307 450 191 201 4 289 20
1 17 2
312 373
1 15 4
39 20 19 59
1 8 3
117 240 368
1 10 7
407 421 364 423 174 454 152
1 13 10
203 139 67 380 117 143 413 96 161 370
1 12 3
61 143 230
1 2 10
9 477 486 439 209 408 197 158 387 372
1 5 3
21 423 200
1 17 5
160 81 442 480 199
1 9 3
146 292 459
1 15 2
81 453
1 16 8
106 332 382 157 331 411 225 275
1 14 2
126 201
1 2 3
281 100 198
1 4 7
182 172 56 320 102 480 128
1 1 10
494 34 169 443 495 206 49 224 479 345
1 11 4
255 45 74 289
1 16 3
425 143 11
1 6 10
496 107 266 483 497 379 436 45 210 227
1 19 7
120 437 175 290 261 399 92
1 3 7
46 161 393 317 75 468 50
1 2 5
480 314 342 339 437
1 2 3
113 123 379
1 11 5
279 171 182 358 415
1 10 4
249 211 151 338
1 8 4
3 361 392 202
1 15 2
346 197
1 7 9
438 434 402 81 221 360 25 335 414
1 15 2
349 228
1 18 8
15 153 403 8 441 364 358 193
1 2 2
242 206
1 9 5
253 323 247 145 76
1 18 2
19 385
1 9 6
492 29 484 254 20 311
1 3 10
496 26 84 273 497 434 470 469 195 365
1 16 10
58 168 281 313 469 76 17 316 137 10
1 9 10
171 213 258 203 396 251 368 263 219 8
1 4 10
206 405 258 482 6 25 452 373 430 53
1 5 9
487 478 357 104 410 416 23 276 177
1 10 5
184 226 279 46 200
1 1 6
446 358 21 181 128 159
1 2 10
309 41 320 311 303 202 164 145 459 189
1 18 8
214 417 2 278 369 76 320 262
1 17 7
342 431 125 368 282 452 447
1 13 3
90 443 458
1 20 5
74 251 6 374 440
1 9 8
149 459 4 242 136 113 434 221
1 6 9
286 104 417 233 220 219 451 324 340
1 16 10
227 18 269 341 34 331 439 54 79 415
1 18 7
281 429 295 257 274 5 169
1 13 7
128 286 252 13 218 23 427
1 11 6
433 492 88 414 82 329
1 13 2
275 18
1 9 2
425 497
1 16 10
195 319 399 165 4 419 332 303 444 194
1 11 4
444 162 253 299
1 20 6
10 280 85 470 361 450
1 15 2
253 463
1 20 5
197 462 13 244 122
1 16 4
21 96 95 390
1 11 2
50 342
1 16 8
39 328 251 473 439 494 419 76
1 7 4
263 48 399 129
1 8 6
17 244 428 322 135 229
1 19 8
304 434 292 426 307 2 481 97
1 10 7
491 358 141 163 481 132 390
1 14 8
382 31 433 335 99 246 432 444
1 15 6
433 362 437 66 243 451
1 14 9
162 63 264 222 253 443 205 469 184
1 18 4
371 243 442 351
1 2 8
226 195 108 137 34 150 100 64
1 6 4
391 36 48 262
1 6 3
232 1 186
1 5 7
343 324 142 232 141 23 31
1 20 8
460 330 145 134 189 385 436 263
1 8 6
110 388 224 228 141 296
1 3 3
18 492 222
1 16 8
474 481 375 94 438 289 261 83
1 4 9
313 340 484 494 116 454 442 421 418
1 20 7
394 4 97 316 92 228 233
1 13 5
373 201 159 249 3
1 5 10
460 244 143 305 486 428 425 390 260 173
1 12 6
326 104 319 19 431 96
1 14 5
489 77 347 457 51
1 14 7
411 195 53 331 289 313 50
1 10 3
124 404 457
1 20 6
365 418 199 493 1 19
1 20 10
232 92 42 251 68 129 435 223 452 342
1 4 3
308 487 150
1 13 2
29 146
1 10 6
108 357 28 338 453 65
1 18 9
365 314 298 393 308 138 148 327 380
1 3 3
355 488 215
1 13 6
82 408 331 371 120 169
1 2 9
389 75 352 213 206 380 39 10 337
1 9 4
53 70 20 339
1 2 3
345 180 117
1 1 6
310 312 323 203 446 351
1 10 6
406 498 69 444 230 150
1 12 5
367 457 20 440 118
1 20 7
398 39 2 20 421 182 281
1 4 5
405 157 412 465 350
1 19 5
495 29 471 109 247
1 14 6
285 1 195 53 100 194
1 4 10
318 170 282 6 41 324 154 191 309 37
1 5 7
485 276 55 44 404 68 206
1 10 9
289 272 316 410 365 409 153 268 227
1 13 7
12 349 486 48 159 18 331
1 6 6
377 482 157 72 317 78
1 1 10
332 340 234 328 308 80 292 192 467 151
1 20 4
48 234 89 428
1 18 7
174 424 49 435 156 217 147
1 8 4
396 372 424 79
1 15 8
402 351 143 298 231 308 375 315
1 20 10
284 73 251 214 38 315 165 360 274 481
1 14 5
78 44 419 24 120
1 10 2
364 325
1 7 5
138 31 382 476 171
1 9 3
70 138 224
1 17 4
446 175 27 381
1 19 5
227 157 304 494 177
1 15 8
117 92 163 17 7 435 330 257
1 9 6
87 88 439 219 168 158
1 2 4
94 388 490 29
1 19 3
372 85 77
1 13 6
224 339 209 169 20 256
1 12 6
358 162 313 447 317 115
1 15 2
22 114
1 5 10
157 4 28 301 317 3 211 269 181 267
1 14 2
485 61
1 19 10
398 64 496 244 20 360 243 18 207 146
1 5 3
223 49 280
1 16 3
484 385 101
1 13 8
431 9 259 329 401 247 80 309
1 8 9
283 305 214 13 326 53 170 349 419
1 9 4
188 385 438 317
1 16 2
428 459
1 3 3
355 184 302
1 19 9
374 208 433 82 399 420 109 21 397
1 5 5
333 261 151 2 217
1 1 2
28 344
1 7 6
51 258 78 193 156 462
1 8 10
73 106 253 467 420 348 489 471 116 98
1 14 6
0 384 207 485 454 336
1 10 7
129 290 171 155 333 387 217
1 18 7
274 184 23 8 140 340 131
1 20 10
253 482 51 146 442 186 489 290 484 42
1 10 2
46 420
1 17 8
333 328 406 6 412 306 11 387
1 20 7
136 46 86 57 483 333 100
1 8 3
317 454 307
1 1 9
211 272 182 62 128 93 33 205 317
1 6 5
250 31 174 389 158
1 5 4
216 444 316 233
1 11 2
171 249
1 15 8
492 424 69 37 388 148 181 161
1 12 2
326 113
1 10 6
36 241 465 2 414 344
1 9 6
414 374 78 4 456 61
1 17 9
329 361 415 389 116 170 341 86 206
1 20 9
122 116 32 454 100 439 488 291 495
1 4 5
284 61 266 334 259
1 4 10
80 319 160 288 443 346 35 214 292 290
1 12 5
248 203 257 263 425
1 14 9
422 283 327 91 218 68 427 380 119
1 13 10
449 156 313 241 13 51 275 170 200 325
1 18 7
358 409 221 151 91 89 312
1 2 9
341 85 237 370 470 290 67 61 160
1 12 7
29 78 284 320 224 490 480
1 16 8
255 375 176 466 118 2 356 128
1 8 3
82 294 14
1 16 4
0 382 320 153
1 13 2
224 308
1 1 6
19 22 480 186 364 173
1 12 10
269 164 85 96 431 79 5 178 13 315
1 15 5
354 406 246 158 404
1 14 6
481 136 14 245 279 147
1 7 6
98 361 467 440 466 297
1 6 7
229 35 492 246 489 379 157
1 11 2
356 64
1 11 2
497 100
1 16 2
332 221
1 2 10
157 428 63 7 305 470 383 201 125 79
1 13 8
132 217 497 249 203 471 359 216
1 3 6
282 42 332 216 164 210
1 8 3
88 253 40
1 20 9
35 204 369 270 415 32 74 334 484
1 17 8
81 403 299 316 78 301 57 38
1 20 6
191 47 196 24 192 34
1 10 6
495 421 224 473 48 119
1 10 4
336 221 152 210
1 8 10
264 182 231 154 236 243 265 338 183 450
1 5 4
131 216 308 217
1 18 3
105 341 218
1 13 10
91 191 395 106 27 256 94 9 35 291
1 2 9
178 73 186 396 170 404 193 352 283
1 14 2
41 189
1 4 10
124 464 236 121 55 372 51 292 211 481
1 8 8
217 387 425 428 203 200 21 416
1 2 7
226 154 413 202 346 315 113
1 7 8
280 405 223 123 309 461 395 306
1 14 5
133 34 222 284 46
1 7 2
201 184
1 20 6
259 307 395 95 267 268
1 17 9
441 386 7 164 189 304 320 145 233
1 1 6
308 383 167 249 425 469
1 16 5
408 381 486 312 11
1 6 6
249 204 66 181 95 497
1 3 7
108 499 458 11 192 241 331
1 3 9
316 61 481 66 37 387 363 339 47
1 2 9
453 304 365 73 240 482 428 255 290
1 12 6
213 409 229 143 88 137
1 13 10
324 103 196 159 116 90 24 344 419 187
1 6 3
364 180 152
1 5 9
425 330 95 274 265 234 426 212 450
1 13 5
317 103 313 336 127
1 9 5
376 2 354 208 336
1 11 4
317 67 418 412
1 11 4
492 420 247 290
1 2 10
112 12 52 275 84 166 404 83 415 406
1 8 10
463 419 314 30 482 145 85 90 225 468
1 15 8
329 186 172 251 461 89 279 314
1 7 7
233 445 435 173 338 408 194
1 6 5
31 12 483 363 15
1 17 9
221 12 401 462 211 278 338 443 266
1 15 8
407 431 351 67 105 119 362 374
1 15 8
303 280 62 143 286 131 26 126
1 2 2
485 171
1 6 4
457 37 311 211
1 19 7
168 63 97 64 0 29 193
1 13 3
347 142 59
1 4 4
323 127 235 420
1 9 5
426 320 357 283 177
1 19 2
360 103
1 4 3
378 269 283
1 12 5
3 381 108 418 82
1 2 5
154 261 42 30 492
1 17 10
223 357 242 232 56 17 435 380 411 305
1 6 4
38 104 2 92
1 6 4
18 41 455 152
1 13 7
50 287 211 147 307 164 150
1 13 5
219 300 443 363 214
1 2 3
388 48 191
1 13 2
328 239
1 16 6
105 469 453 467 228 153
1 14 3
468 333 253
1 6 4
409 213 241 83
1 20 8
239 118 156 177 53 307 127 361
1 12 8
17 35 252 499 21 429 48 72
1 8 7
99 210 139 169 379 166 94
1 9 3
497 336 445
1 5 9
173 100 256 238 327 355 65 286 70
1 6 2
24 420
1 3 4
66 232 257 118
1 20 7
372 132 268 262 242 405 383
1 4 2
374 166
1 2 8
126 216 287 328 413 108 479 324
1 6 2
266 209
1 13 9
457 490 21 13 3 470 215 214 390
1 10 7
249 169 488 436 241 74 377
1 8 8
336 202 206 391 446 8 49 399
1 8 4
167 272 395 57
1 6 5
307 389 374 77 298
1 8 5
499 358 345 439 9
1 14 10
141 83 187 146 427 271 94 276 375 283
1 8 6
231 238 157 70 71 365
1 10 8
116 468 439 288 65 290 353 240
1 2 2
16 448
1 13 9
143 19 302 434 391 107 418 16 48
1 3 6
279 337 248 219 496 251
1 18 2
283 247
1 20 6
480 499 290 14 378 143
1 1 10
49 7 453 262 230 97 415 388 364 242
1 18 8
276 494 90 371 314 215 159 308
1 11 7
137 29 68 220 348 79 93
1 1 2
263 301
1 3 4
271 246 8 197
1 3 7
14 222 54 352 219 108 227
1 15 6
367 109 182 47 229 266
1 8 7
403 141 77 160 155 363 441
1 18 5
391 264 442 159 389
1 10 3
374 336 12
1 19 9
180 63 140 165 217 30 379 411 458
1 7 10
328 188 136 205 283 436 274 246 366 286
1 7 8
154 60 360 401 208 7 104 454
1 8 6
41 406 265 315 136 474
1 11 2
189 310
1 6 4
415 384 70 398
1 11 2
491 345
1 16 8
65 80 74 98 7 3 52 8
1 15 5
418 108 171 281 207
1 5 9
475 167 354 223 441 112 471 468 371
1 11 5
10 73 359 76 381
1 16 9
31 255 445 446 283 159 362 51 104
1 10 3
410 246 381
1 6 4
30 17 260 118
1 13 3
321 142 44
1 14 6
214 21 259 371 408 283
1 5 4
216 256 436 358
1 16 8
154 147 33 65 483 337 437 324
1 18 5
145 199 490 144 239
1 11 7
498 80 171 210 55 177 77
1 17 6
334 443 214 340 241 195
1 6 4
200 209 232 438
1 17 3
234 169 225
1 18 6
148 168 15 58 56 162
1 9 9
482 192 427 340 91 7 318 18 72
1 13 6
65 249 269 245 194 447
1 13 2
406 129
1 12 9
179 157 390 52 479 357 5 200 167
1 16 7
316 368 94 8 127 10 29
1 2 4
132 256 99 439
1 3 5
25 358 21 384 69
1 9 7
226 451 437 125 215 32 307
1 20 6
437 374 400 450 166 302
1 4 6
430 38 344 447 381 317
1 9 8
490 447 82 475 126 258 36 253
1 18 3
7 201 347
1 11 9
174 168 0 282 91 106 418 317 9
1 10 10
118 291 464 81 215 359 89 87 111 126
1 20 4
469 123 179 404
1 9 3
245 143 163
1 11 3
88 378 87
1 18 2
251 193
1 19 3
256 451 99
1 11 2
402 263
1 12 10
171 116 221 489 450 245 73 204 40 286
1 2 10
402 109 321 479 490 160 110 492 394 131
1 9 8
293 25 375 435 50 379 249 70
1 4 2
173 350
1 15 7
93 163 479 97 484 336 410
1 1 5
120 36 438 286 78
1 10 3
190 181 291
1 3 4
149 438 249 78
1 16 3
485 27 0
1 3 6
65 111 138 304 182 1
1 4 2
169 296
1 19 9
215 87 265 336 110 331 10 210 489
1 9 5
170 26 373 83 147
1 2 10
100 162 31 486 161 209 222 176 427 494
1 2 2
319 461
1 5 7
282 474 223 342 324 78 113
1 1 6
49 10 423 22 257 310
1 16 2
46 225
1 9 7
158 249 411 131 369 12 123
1 2 9
392 413 388 275 26 297 264 158 194
1 1 6
395 261 422 277 416 327
1 17 7
171 165 79 57 80 462 476
1 9 5
450 356 280 291 141
1 15 8
196 272 329 193 175 245 131 215
1 13 7
448 63 152 103 265 495 346
1 20 10
287 434 363 432 233 164 444 244 157 414
1 9 9
179 181 155 125 327 8 283 427 446
1 17 3
93 63 358
1 12 8
80 409 410 479 165 309 158 200
1 14 7
153 339 218 358 348 11 224
1 1 7
91 181 371 369 25 18 281
1 2 6
114 177 229 335 11 134
1 15 7
194 347 382 65 354 295 340
1 4 10
57 65 154 390 131 200 125 450 216 312
1 3 4
61 218 475 331
1 7 4
461 471 233 422
1 12 5
255 409 80 308 232
1 6 7
435 87 80 445 401 267 44
1 4 7
317 397 393 250 396 258 326
1 14 4
393 330 296 155
1 19 9
400 299 196 95 339 243 175 73 118
1 8 3
417 473 460
1 17 3
197 126 279
1 10 3
89 25 315
1 14 9
204 21 282 22 238 23 24 73 424
1 16 5
266 228 144 121 31
1 17 6
24 0 415 469 358 490
1 12 10
470 173 342 314 291 399 426 239 180 259
1 10 7
97 427 9 366 499 7 436
1 8 4
116 109 499 423
1 20 2
332 338
1 5 4
161 69 207 224
1 3 2
375 413
1 4 8
398 105 179 483 289 187 391 455
1 17 8
303 283 493 476 471 474 181 441
1 15 8
19 15 298 164 196 106 480 234
1 10 7
212 76 438 476 123 441 446
1 18 5
445 371 103 174 71
1 3 3
205 29 446
1 16 6
16 113 108 220 210 43
1 18 9
382 277 139 177 355 269 178 138 84
1 20 10
339 324 333 222 288 365 404 252 164 175
1 15 8
331 204 53 99 448 97 156 137
1 16 10
21 499 50 434 24 437 208 370 354 381
1 14 5
310 133 343 205 351
1 10 8
41 8 370 475 284 476 304 378
1 2 2
154 410
1 5 7
473 214 149 370 439 304 416
1 11 5
250 430 359 378 384
1 2 9
249 475 48 63 313 2 259 99 166
1 5 8
445 216 371 43 175 308 410 316
1 8 9
332 72 278 125 234 296 447 436 34
1 4 3
390 311 354
1 12 5
417 490 352 226 465
1 2 7
388 353 52 322 462 417 166
1 16 4
274 81 334 204
1 14 5
74 55 14 304 273
1 6 8
315 297 209 24 83 127 496 130
1 12 10
22 237 364 133 241 450 494 262 57 291
1 5 3
9 463 21
1 6 8
208 485 394 184 406 369 357 290
1 6 10
455 65 28 179 136 422 16 206 358 484
1 19 7
114 460 174 473 489 90 482
1 2 7
280 324 51 311 47 67 406
1 8 9
174 111 317 440 1 294 79 27 64
1 2 9
491 499 426 346 273 483 326 73 100
1 4 3
49 63 42
1 6 5
486 59 30 295 242
1 1 7
293 421 132 381 357 40 54
1 6 3
175 41 101
1 14 8
191 106 155 53 5 9 324 323
1 8 3
37 316 273
1 3 2
485 174
1 11 2
132 314
1 3 7
478 291 83 289 353 72 421
1 4 8
37 453 388 54 376 325 237 401
1 9 4
242 433 102 188
1 19 5
85 64 154 336 182
1 20 2
135 26
1 15 9
488 29 401 139 212 355 361 116 148
1 14 3
323 436 465
1 19 8
393 146 282 386 467 477 399 346
1 13 6
386 393 6 440 258 66
1 16 9
97 8 347 257 35 177 223 379 264
1 17 9
229 418 48 409 321 90 447 406 376
1 18 5
63 498 30 236 42
1 11 7
318 427 100 198 319 479 69
1 20 6
212 195 324 388 105 231
1 7 4
243 451 257 166
1 14 5
118 171 340 145 374
1 19 5
422 398 439 460 248
1 7 4
427 53 91 424
1 5 6
487 173 227 287 118 372
1 6 5
6 120 138 382 473
1 7 5
401 176 47 319 361
1 17 6
5 437 399 464 118 223
1 12 7
409 294 458 452 285 70 87
1 6 7
430 358 146 269 207 279 365
1 2 10
305 213 466 66 456 380 287 37 408 349
1 19 7
479 170 78 347 7 497 12
1 7 7
9 170 125 345 4 146 403
1 12 10
371 441 429 228 241 317 387 182 162 358
1 15 4
48 377 25 121
1 10 2
271 219
1 7 8
238 372 160 321 405 482 410 173
1 16 6
185 413 446 327 81 421
1 12 5
255 392 39 101 478
1 9 2
134 119
1 1 9
194 28 363 315 270 133 349 411 210
1 1 4
195 313 93 138
1 14 10
471 494 114 155 398 15 409 424 60 24
1 19 2
150 489
1 13 2
72 228
1 6 5
496 328 354 273 203
1 14 9
346 190 88 472 439 220 208 434 154
1 13 3
60 297 479
1 14 8
51 200 165 189 317 429 193 171
1 9 8
37 353 142 84 438 110 445 478
1 2 3
154 407 364
1 6 9
133 213 318 181 222 184 66 402 275
1 10 2
382 240
1 10 2
445 141
1 12 3
337 332 310
1 18 9
380 282 381 305 60 99 288 327 340
1 15 7
388 425 165 325 97 69 265
1 2 5
113 263 59 457 433
1 14 7
399 159 14 95 187 438 154
1 3 3
182 441 139
1 7 8
132 279 128 36 195 49 142 492
1 1 2
406 379
1 4 5
301 244 143 328 235
1 8 5
486 338 328 137 152
1 20 8
214 166 39 126 20 276 99 71
1 4 6
133 468 447 370 277 227
1 3 8
330 50 442 392 78 333 353 135
1 5 3
249 103 302
1 8 8
13 0 149 381 78 249 207 393
1 8 2
62 393
1 6 9
152 454 181 76 261 364 460 436 413
1 8 7
281 273 196 129 450 99 415
1 15 2
13 41
1 1 9
338 326 8 111 403 60 84 484 314
1 1 6
255 150 43 377 143 367
1 3 5
236 78 88 105 38
1 7 6
246 338 151 250 0 241
1 10 5
480 363 165 139 320
1 16 10
392 207 276 387 215 270 258 280 209 281
1 12 3
161 453 337
1 12 8
485 110 14 5 109 34 258 93
1 1 2
291 198
1 11 8
409 405 245 411 38 296 429 499
1 16 9
166 434 129 327 267 387 120 326 75
1 6 5
182 165 108 286 238
1 4 10
281 29 384 81 38 400 310 168 314 273
1 9 4
368 143 364 451
1 12 2
224 62
1 20 7
467 100 302 443 232 434 117
1 3 4
143 243 18 443
1 20 7
222 320 2 483 204 469 101
1 8 6
453 122 421 442 221 35
1 14 10
163 362 129 420 237 51 477 296 300 282
1 16 7
442 129 128 227 33 499 53
1 18 9
292 101 54 166 290 203 128 397 445
1 7 2
245 344
1 4 8
120 339 400 247 105 477 178 462
1 5 4
404 5 23 161
1 16 8
443 267 60 14 31 301 91 321
1 11 8
301 296 42 207 308 455 491 271
1 5 6
492 383 356 329 186 468
1 7 2
128 469
1 2 6
218 412 395 458 64 285
1 7 3
484 29 396
1 10 9
410 8 367 252 240 68 139 416 287
1 18 6
19 151 194 269 266 104
1 12 8
239 315 246 252 13 1 187 20
1 19 8
240 132 280 82 301 438 46 432
1 4 4
141 285 234 352
1 10 3
374 410 362
1 16 9
27 106 146 435 412 404 445 317 434
1 8 7
94 494 189 415 258 453 176
1 18 3
457 335 192
1 15 8
266 399 140 287 199 193 99 4
1 4 5
312 248 315 419 49
1 17 2
290 178
1 17 6
331 294 87 398 38 224
1 6 5
168 256 185 317 244
1 10 4
9 473 292 108
1 8 7
151 281 390 347 213 218 125
1 11 4
346 3 285 388
1 12 4
187 96 33 43
1 11 4
155 227 213 264
1 18 9
275 443 292 19 146 374 145 13 68
1 8 4
202 358 94 197
1 4 6
406 487 42 336 387 27
1 9 10
325 37 359 199 176 481 94 230 305 347
1 14 2
483 260
1 3 10
430 24 78 73 207 196 416 285 441 439
1 20 2
56 196
1 11 6
234 103 181 409 146 77
1 7 9
330 177 418 94 358 116 370 475 141
1 18 6
483 327 171 277 458 82
1 20 7
360 404 14 42 135 342 55
1 8 7
453 271 407 403 466 212 316
1 15 7
236 472 35 56 234 128 57
1 12 4
48 89 187 178
1 20 4
15 34 182 56
1 20 8
436 499 269 218 431 430 474 459
1 20 8
306 191 238 47 226 483 489 258
1 11 6
235 436 373 445 78 101
1 1 4
7 176 385 268
1 12 7
146 423 309 335 331 330 47
1 1 8
119 284 286 361 323 258 354 43
1 17 8
7 145 395 216 253 68 228 378
1 3 2
401 153
1 12 6
268 463 103 140 459 245
1 16 6
463 70 253 26 363 110
1 15 9
4 240 301 182 153 121 281 82 294
1 11 4
61 449 325 295
1 19 3
111 331 117
1 19 8
34 391 318 427 461 202 275 49
1 4 2
11 495
1 18 3
41 402 319
1 18 7
154 344 439 279 356 207 193
1 9 10
144 448 24 101 54 195 305 25 50 155
1 19 6
360 334 192 18 202 467
1 8 6
364 393 0 429 256 122
1 20 8
170 452 259 386 318 3 415 11
1 16 8
276 192 125 364 184 197 1 97
1 7 6
274 120 208 172 415 74
1 4 5
388 372 296 60 105
1 15 4
110 82 69 282
1 14 2
266 281
1 5 3
310 231 143
1 13 7
214 126 362 397 44 242 55
1 14 5
271 14 457 258 278
1 18 10
390 463 343 305 417 40 457 395 22 425
1 18 5
474 423 29 96 171
1 10 3
286 148 355
1 20 3
145 361 143
1 4 10
346 258 43 30 20 60 350 251 107 320
1 1 6
127 366 262 326 380 388
1 6 9
33 190 337 179 335 391 481 224 472
1 6 2
151 259
1 5 6
397 491 472 100 68 62
1 1 8
184 460 261 164 270 389 351 241
1 15 8
72 151 368 140 394 372 375 58
1 20 7
338 152 164 326 435 490 370
1 15 5
97 63 446 36 177
1 6 3
11 365 117
1 10 8
235 455 15 138 161 279 80 156
1 6 7
453 208 43 199 181 78 255
1 7 4
113 318 435 177
1 12 10
7 28 159 89 60 161 460 156 356 264
1 5 7
165 38 24 114 3 435 419
1 5 6
230 79 361 68 270 480
1 11 6
263 267 478 218 329 272
1 8 8
344 183 313 178 99 130 62 4
1 18 9
358 144 380 405 131 385 300 239 377
1 1 10
338 76 490 406 317 69 11 147 432 93
1 1 10
459 285 9 98 197 222 170 367 46 52
1 9 2
482 250
1 17 3
232 499 257
1 15 10
217 311 163 355 262 433 230 370 58 492
1 7 6
42 407 25 372 258 498
1 16 7
253 307 279 342 145 48 150
1 4 2
406 190
1 10 5
253 152 259 489 403
1 5 4
35 299 129 79
1 12 4
350 337 209 466
1 16 10
242 301 110 442 445 153 107 228 99 127
1 20 2
230 113
1 19 2
92 429
1 10 9
117 217 158 374 118 348 437 347 7
1 8 8
337 72 454 301 497 87 462 15
1 20 7
347 385 305 338 137 113 291
1 1 2
18 390
1 15 9
140 126 141 125 132 317 345 157 488
1 13 10
110 131 371 323 161 362 365 321 58 303
1 15 6
439 490 343 238 453 134
1 11 2
75 246
1 1 10
39 342 302 66 268 391 419 44 431 163
1 13 9
53 127 187 59 448 250 17 406 402
1 8 3
405 487 253
1 13 7
369 204 416 149 281 439 320
1 4 9
271 220 15 418 439 96 352 108 372
1 7 6
25 428 76 340 169 223
1 20 6
190 330 417 243 142 9
1 12 5
130 344 288 332 128
1 20 7
76 86 272 436 64 390 177
1 7 3
313 194 17
1 10 7
283 277 482 50 174 110 186
1 6 3
11 454 367
1 15 7
435 335 115 301 231 165 377
1 2 8
414 361 307 272 431 485 120 18
1 16 9
195 47 444 227 454 301 448 249 63
1 2 3
436 265 190
1 8 2
143 102
1 8 4
418 281 32 157
1 9 8
299 256 443 148 279 265 82 242
1 1 4
19 185 387 92
1 17 8
157 454 40 188 425 498 283 348
1 16 10
241 205 271 247 393 253 319 135 179 456
1 5 6
126 426 369 396 299 60
1 4 9
127 254 222 267 403 346 332 496 326
1 5 6
272 493 481 120 451 477
1 5 4
163 457 236 494
1 2 7
221 484 271 354 52 422 382
1 13 10
250 6 356 462 191 134 72 477 142 5
1 3 4
344 407 195 437
1 16 7
452 38 354 196 20 162 476
1 4 4
180 92 100 141
1 9 7
330 284 126 376 52 179 348
1 6 3
17 495 167
1 14 8
241 379 239 47 155 175 236 183
1 10 6
72 379 89 351 453 113
1 15 4
79 472 200 370
1 3 7
93 288 196 253 387 297 40
1 14 8
136 17 428 78 60 135 118 386
1 10 7
30 329 118 327 271 347 492
1 3 10
257 376 468 46 164 249 310 61 289 373
1 5 4
179 108 276 255
1 8 5
52 351 313 440 283
1 18 6
439 100 474 33 491 30
1 2 9
193 180 354 318 282 447 13 162 338
1 19 9
254 142 385 432 205 408 53 240 85
1 19 7
292 284 468 325 343 306 209
1 20 7
254 60 136 246 153 222 241
1 11 2
307 265
1 14 2
257 193
1 8 4
310 64 346 422
1 8 5
254 428 169 376 413
1 14 4
185 50 116 403
1 18 6
441 287 365 11 388 14
1 7 8
466 302 208 186 27 442 36 149
1 5 9
405 298 156 136 279 196 487 498 36
1 5 9
127 24 396 290 402 39 483 44 6
1 14 2
116 367
1 2 5
71 147 193 154 306
1 7 8
126 79 195 129 24 8 296 352
1 20 9
243 313 461 106 60 312 254 150 275
1 8 6
187 420 448 430 360 186
1 11 4
215 356 154 111
1 9 8
480 99 380 271 121 322 363 335
1 7 5
119 481 76 411 211
1 6 4
14 79 441 462
1 11 4
429 346 435 498
1 2 2
121 74
1 11 3
170 311 284
1 4 10
351 421 178 441 260 253 317 380 61 56
1 13 6
384 30 1 160 128 488
1 14 3
240 144 222
1 7 2
318 308
1 8 6
198 24 278 52 333 46
1 9 9
75 65 392 470 260 119 263 477 300
1 5 8
156 331 323 328 239 9 426 153
1 2 10
131 167 123 320 399 156 475 490 492 26
1 16 4
258 401 385 14
1 9 9
12 232 59 22 145 414 291 141 481
1 8 3
110 393 154
1 17 5
313 128 112 180 195
1 6 7
318 457 288 367 373 261 12
1 14 9
28 229 68 404 162 425 432 486 376
1 8 7
246 120 281 325 471 137 363
1 16 10
255 72 218 441 144 59 475 344 118 173
1 10 2
135 229
1 20 3
31 498 437
1 11 4
370 249 444 397
1 16 6
404 298 34 85 336 133
1 14 2
427 158
1 20 5
269 496 132 425 112
1 17 6
264 375 290 10 318 437
1 19 6
317 244 13 22 52 125
1 7 3
64 145 111
1 3 3
466 217 403
1 4 10
294 194 52 398 71 296 178 45 291 7
1 2 8
190 411 215 109 213 159 85 152
1 8 4
466 489 141 478
1 3 3
394 466 368
1 2 6
3 9 16 105 130 282
1 20 5
129 487 107 138 97
1 8 3
358 218 202
1 3 8
100 484 88 95 303 30 460 435
1 7 10
6 62 281 95 272 139 367 141 361 305
1 15 4
248 240 383 150
1 16 7
26 7 206 248 229 478 335
1 18 9
384 61 179 209 158 249 55 10 153
1 12 9
18 388 299 360 130 408 226 49 270
1 14 10
250 315 187 135 44 176 203 247 447 479
1 3 7
289 135 258 145 430 342 463
1 10 6
499 104 460 319 98 102
1 3 6
175 474 68 52 103 235
1 2 6
58 34 177 164 344 285
1 12 8
25 280 166 404 192 21 171 121
1 3 6
178 491 313 111 449 130
1 16 8
94 497 51 419 31 249 320 487
1 11 9
293 225 235 417 463 347 136 6 378
1 15 5
147 117 113 375 475
1 18 5
17 240 257 336 438
1 9 3
477 349 418
1 8 7
237 85 73 13 365 482 498
1 3 5
141 249 439 364 99
1 19 8
94 327 494 283 218 495 306 142
1 17 4
361 50 80 112
1 18 3
271 434 27
1 5 2
448 74
1 3 5
398 310 31 218 48
1 19 8
135 161 332 163 13 131 233 435
1 15 8
237 148 7 486 29 454 146 157
1 2 9
292 416 94 433 330 334 474 0 219
1 7 7
173 200 313 74 35 255 437
1 4 4
414 391 429 436
1 8 10
411 380 498 34 165 310 91 0 191 128
1 20 6
398 487 268 387 301 318
1 5 3
400 418 204
1 18 6
75 443 427 273 416 196
1 12 10
62 89 234 101 250 27 450 322 267 203
1 5 10
154 34 393 333 11 112 329 178 446 155
1 20 2
81 238
1 5 9
485 307 284 92 339 186 229 194 71
1 19 2
145 32
1 6 3
489 313 235
1 12 3
130 275 495
1 5 8
219 27 36 257 124 262 298 41
1 7 6
392 344 75 329 444 204
1 1 8
307 249 269 160 411 211 171 32
1 10 6
197 420 159 54 415 61
1 7 6
138 95 396 74 200 35
1 1 9
408 233 398 421 404 214 140 298 416
1 2 10
66 392 43 29 438 297 283 93 482 113
1 9 7
108 437 312 113 377 8 135
1 4 4
418 164 226 314
1 15 2
66 62
1 10 6
448 187 57 347 483 48
1 15 10
408 141 404 429 128 174 459 486 461 154
1 20 8
366 420 97 278 67 142 212 486
1 3 3
50 58 145
1 14 6
410 39 360 372 181 255
1 1 4
249 476 434 242
1 18 4
176 311 297 336
1 20 10
414 3 473 121 16 63 69 316 164 284
1 2 2
219 307
1 17 5
50 455 279 326 275
1 17 9
412 395 100 411 30 491 173 178 138
1 12 8
457 438 359 15 494 493 422 112
1 10 5
445 292 287 392 398
1 12 6
55 407 100 57 307 72
1 9 5
428 321 53 489 299
1 19 9
59 411 485 248 277 106 170 301 81
1 4 5
460 170 384 368 340
1 20 10
193 222 487 307 95 311 457 204 334 409
1 3 10
472 251 358 33 89 160 299 221 397 143
1 15 9
387 130 98 404 96 197 128 432 236
1 4 7
392 160 8 427 291 210 431
1 4 4
111 476 295 377
1 18 7
175 457 217 413 497 47 491
1 6 8
99 452 181 394 2 443 137 53
1 2 8
486 127 251 440 390 275 308 242
1 4 9
398 155 470 58 208 244 290 35 455
1 9 4
349 480 492 484
1 15 3
160 401 124
1 11 9
194 70 320 38 202 417 337 407 172
1 20 6
396 135 143 296 343 350
1 6 10
460 35 464 347 201 394 41 295 486 127
1 1 10
162 177 371 280 350 419 439 27 201 438
1 14 8
147 393 385 13 449 219 244 214
1 1 2
452 492
1 5 2
155 65
1 9 7
181 55 46 129 407 166 104
1 4 4
151 396 404 148
1 2 2
162 307
1 15 3
292 79 307
1 19 5
448 277 218 288 169
1 20 3
224 461 136
1 6 4
315 446 431 236
1 5 7
289 496 77 406 155 350 28
1 16 9
145 315 496 328 254 492 399 170 485
1 15 4
59 362 281 278
1 9 6
299 57 360 223 488 165
1 16 9
386 234 202 198 494 354 362 1 298
1 3 7
249 381 213 410 480 183 305
1 19 6
73 354 121 463 7 180
1 10 3
492 101 131
1 17 6
324 44 171 224 116 94
1 16 5
109 207 432 177 128
1 19 4
137 14 317 362
1 10 3
306 10 343
1 6 3
411 151 98
1 13 9
416 33 254 302 45 394 340 17 124
1 11 5
470 360 432 479 339
1 10 4
103 144 75 195
1 6 8
78 180 249 340 323 336 241 147
1 1 5
255 279 229 491 341
1 9 9
103 347 235 352 386 182 450 66 396
1 8 6
9 194 164 367 168 135
1 4 10
262 340 482 289 418 31 51 379 200 304
1 15 10
102 474 213 459 162 84 9 36 40 94
1 4 2
346 205
1 15 5
319 174 395 338 37
1 4 5
205 377 434 32 343
1 6 10
289 465 361 307 282 344 213 315 64 133
1 15 10
390 38 121 72 227 11 281 319 441 303
1 8 4
42 233 388 318
1 20 5
325 115 305 332 436
1 4 10
57 48 294 170 238 367 426 286 232 356
1 18 3
122 366 76
1 5 9
90 111 286 392 88 449 233 173 49
1 6 3
439 94 14
1 3 3
124 110 192
1 18 5
437 187 302 495 142
1 9 9
63 459 482 25 476 175 221 192 158
1 7 3
224 427 369
1 2 7
288 187 494 270 82 397 452
1 9 6
368 329 128 446 496 111
1 9 9
304 90 438 343 69 423 435 279 93
1 9 10
443 73 210 187 277 182 272 79 134 337
1 17 5
97 299 60 465 480
1 6 2
491 184
1 13 2
138 351
1 17 2
89 34
1 4 6
247 235 432 275 292 186
1 12 7
331 473 453 119 52 441 291
1 12 10
74 355 233 245 93 416 254 29 162 409
1 16 6
115 301 411 416 171 479
1 15 4
205 397 51 393
1 2 8
447 241 495 454 126 66 233 165
1 4 2
232 399
1 6 4
53 116 165 465
1 18 2
331 192
1 7 5
158 346 424 456 402
1 4 8
277 471 95 88 10 106 438 40
1 17 9
298 0 454 62 255 103 472 138 172
1 17 8
360 195 449 250 0 324 382 182
1 3 9
427 314 209 467 441 308 32 262 21
1 3 2
319 414
1 15 6
479 17 40 136 344 429
1 15 2
393 440
1 14 5
149 183 378 219 253
1 14 9
466 268 60 289 109 105 463 373 67
1 15 9
315 265 156 21 481 306 355 153 291
1 13 6
466 347 414 421 369 128
1 10 7
393 224 361 137 479 344 216
1 12 5
420 433 241 238 416
1 2 8
228 171 80 191 497 304 205 160
1 12 4
251 300 61 34
1 9 9
187 216 351 180 252 350 284 278 134
1 4 5
169 121 298 332 388
1 18 5
435 261 361 453 207
1 9 2
458 318
1 4 10
253 51 463 297 228 403 302 96 91 130
1 10 8
371 110 396 295 292 258 154 266
1 10 6
381 460 136 6 70 279
1 13 8
56 359 58 52 101 432 353 220
1 17 6
207 263 416 290 66 385
1 4 5
242 226 288 487 148
1 6 4
306 364 56 345
1 13 6
347 4 445 127 115 391
1 7 8
32 338 53 331 383 158 464 447
1 19 9
134 73 248 408 434 336 447 23 196
1 2 5
120 141 238 95 166
1 5 6
305 44 231 240 195 58
1 7 2
53 19
1 15 2
42 329
1 3 10
16 356 262 80 290 216 247 426 201 462
1 2 10
210 33 109 125 405 260 113 148 254 44
1 6 7
400 360 173 88 98 383 170
1 11 8
122 187 244 346 338 429 292 44
1 19 3
42 468 317
1 9 5
461 227 213 104 133
1 12 8
349 50 411 191 114 273 436 499
1 13 9
368 308 209 26 29 243 275 303 415
1 12 9
345 328 233 249 211 224 339 146 49
1 18 2
264 183
1 4 2
276 166
1 5 10
407 140 477 410 89 378 155 292 391 338
1 2 5
418 431 322 428 495
1 15 3
163 136 105
1 2 3
150 90 158
1 5 5
51 8 59 417 351
1 4 9
213 279 174 418 229 416 2 469 371
1 1 2
370 463
1 7 2
450 484
1 18 10
386 35 32 275 491 17 103 389 391 324
1 11 10
396 358 459 353 132 348 81 234 59 481
1 15 3
291 418 331
1 14 8
30 269 218 405 134 358 120 58
1 6 9
344 245 140 98 10 62 470 177 132
1 9 10
46 385 274 381 374 441 117 304 163 261
1 13 6
420 125 236 250 179 127
1 3 4
369 225 88 340
1 20 5
184 298 30 459 244
1 19 6
254 170 279 471 79 4
1 12 10
17 389 330 48 11 303 4 93 132 180
1 13 7
156 11 185 68 226 404 167
1 1 7
33 344 243 36 101 10 114
1 10 7
318 410 244 301 484 120 14
1 1 6
117 312 376 325 495 103
1 13 6
309 186 222 46 466 242
1 13 7
143 26 13 128 196 248 435
1 14 9
356 367 498 221 329 139 42 248 343
1 18 4
73 198 167 0
1 18 7
400 102 21 286 257 33 293
1 4 7
478 494 201 214 313 402 299
1 6 10
193 417 2 278 151 6 323 373 321 88
1 11 2
442 280
1 15 10
18 331 169 45 204 81 162 369 173 289
1 6 8
406 277 261 120 322 312 157 232
1 3 4
464 447 291 349
1 15 3
378 297 455
1 9 3
466 367 407
1 19 8
285 112 451 468 445 75 290 380
1 1 4
165 287 339 420
1 6 2
393 203
1 9 3
41 261 218
1 8 8
250 193 478 295 254 159 443 105
1 1 6
364 168 4 271 264 203
1 13 7
320 376 437 138 197 40 229
1 1 7
332 74 472 291 61 450 379
1 2 6
172 482 375 427 123 251
1 11 10
153 495 292 359 113 455 442 488 242 116
1 5 7
499 25 203 336 312 99 76
1 11 2
434 227
1 15 7
464 148 327 194 407 497 170
1 8 8
7 103 356 491 295 279 63 320
1 18 8
235 29 276 279 63 205 337 40
1 20 3
426 278 449
1 7 2
290 107
1 8 9
18 212 265 26 35 331 143 485 483
1 6 8
73 412 281 65 12 197 186 120
1 6 9
356 50 182 213 379 75 61 194 238
1 16 3
458 255 442
1 8 2
151 474
1 10 8
425 270 198 261 448 473 177 147
1 15 2
234 43
1 12 6
300 214 244 208 486 256
1 2 10
407 52 367 149 150 304 37 381 372 429
1 3 2
90 403
1 19 9
248 366 110 345 497 77 473 442 419
1 8 6
486 138 361 431 412 108
1 13 3
367 224 490
1 8 5
342 108 299 262 178
1 7 7
363 123 109 442 193 280 147
1 10 10
329 226 181 439 490 369 37 61 252 207
1 17 10
227 341 470 177 437 24 359 0 440 449
1 16 3
214 41 473
1 5 9
457 407 420 323 224 295 482 109 133
1 17 3
492 418 466
1 18 3
464 397 142
1 2 6
497 262 476 134 45 479
1 17 10
189 269 270 359 468 15 301 199 39 182
1 20 7
490 99 93 133 450 195 304
1 19 6
203 353 413 323 262 145
1 9 8
22 493 489 323 219 463 87 254
1 17 7
3 386 292 368 215 117 372
1 20 6
60 39 363 24 84 238
1 3 4
457 420 284 450
1 10 4
55 481 29 217
1 11 5
165 162 10 445 188
1 8 9
83 34 331 101 463 241 199 309 16
1 10 4
241 473 25 339
1 13 9
146 364 83 291 125 494 110 422 460
1 14 3
489 465 497
1 15 8
481 283 213 326 301 85 285 264
1 20 5
222 3 0 369 435
1 3 3
68 301 148
1 6 4
43 126 310 297
1 16 3
139 200 147
1 1 8
163 308 294 72 420 211 21 131
1 14 8
402 186 206 146 12 103 343 480
1 14 2
344 375
1 20 3
75 215 131
1 10 6
234 110 66 103 482 70
1 18 7
302 459 474 81 382 425 435
1 1 5
377 447 442 96 282
1 3 10
37 75 426 200 289 51 298 496 284 460
1 7 8
339 370 22 445 5 54 99 463
1 18 10
13 390 29 175 237 135 179 383 7 469
1 18 5
195 69 309 181 252
1 3 10
209 341 494 305 328 237 221 324 46 159
1 18 3
149 264 480
1 18 6
14 345 397 206 211 19
1 7 9
12 64 381 467 177 202 452 115 110
1 4 5
376 159 380 475 68
1 15 7
141 119 358 106 334 438 264
1 8 3
308 62 490
1 14 2
357 18
1 17 4
187 163 418 68
1 19 6
67 411 382 60 403 325
1 3 10
205 94 87 428 264 274 437 267 329 20
1 11 6
324 391 223 487 267 428
1 2 6
11 96 90 294 324 285
1 20 9
306 288 491 145 458 399 44 204 365
1 18 9
119 282 265 350 101 426 323 376 365
1 19 3
211 498 279
1 11 10
182 154 109 457 141 299 241 253 247 55
1 9 9
187 245 471 494 354 252 253 315 361
1 4 10
252 282 380 283 295 403 20 451 477 172
1 1 4
42 272 271 13
1 6 3
262 303 483
1 6 2
434 442
1 8 2
390 437
1 3 6
379 474 377 354 236 223
1 16 8
310 375 402 156 338 350 104 406
1 9 7
255 1 164 173 243 122 280
1 20 7
8 295 153 6 355 124 296
1 16 8
148 366 361 80 139 82 499 175
1 6 6
201 397 243 179 90 161
1 14 8
131 22 347 407 180 212 152 428
1 16 10
149 161 254 393 75 354 0 225 288 1
1 6 10
349 354 41 327 493 321 414 305 261 48
1 8 2
474 331
1 9 5
450 302 374 288 360
1 12 10
336 375 220 485 153 246 237 96 192 56
1 16 3
411 340 243
1 20 5
136 180 168 413 422
1 20 10
255 242 486 354 374 77 98 33 170 404
1 9 3
58 469 85
1 18 10
91 123 73 63 138 96 438 486 295 116
1 6 2
257 490
1 14 2
250 73
1 10 10
22 331 461 79 120 258 495 307 297 281
1 10 5
221 74 217 379 88
1 7 6
345 316 498 194 290 22
1 7 5
109 23 365 155 81
1 20 6
332 40 329 139 283 241
1 4 3
309 200 47
1 9 5
87 149 62 170 20
1 12 7
413 241 351 28 408 252 260
1 13 8
320 146 265 192 205 490 34 346
1 7 2
400 149
1 17 10
108 155 69 458 324 216 45 407 121 475
1 12 8
427 305 19 64 155 137 139 181
1 8 3
175 54 182
1 9 9
462 187 484 268 215 308 258 167 100
1 14 5
198 322 443 98 277
1 12 6
314 366 120 499 350 268
1 6 5
274 465 79 183 224
1 10 7
24 182 385 59 401 476 421
1 17 6
265 145 59 416 382 284
1 4 10
387 412 397 78 257 279 214 357 232 71
1 8 7
242 255 221 382 70 61 262
1 2 3
88 127 315
1 17 10
462 357 53 439 305 54 7 49 286 373
1 14 5
102 415 158 442 133
1 18 6
337 62 300 71 63 100
1 14 3
103 26 31
1 8 2
455 420
1 14 5
171 498 77 360 339
1 5 2
288 18
1 3 3
432 356 227
1 20 9
119 422 102 379 475 198 477 399 172
1 15 4
31 404 423 498
1 10 9
98 420 39 305 156 293 152 228 94
1 19 4
429 167 435 164
1 13 9
118 125 288 338 170 497 278 331 67
1 5 6
110 250 113 389 148 117
1 1 5
415 121 357 496 290
1 9 4
132 348 474 2
1 19 3
458 249 240
1 13 2
352 169
1 2 9
131 362 415 29 22 226 19 427 123
1 5 2
327 287
1 9 6
99 231 50 448 100 417
1 3 10
413 327 205 287 282 401 467 337 338 417
1 14 10
67 498 436 127 36 212 173 389 84 192
1 10 4
39 209 325 222
1 1 2
491 433
1 8 10
263 92 172 141 499 97 50 292 312 411
1 4 2
174 446
1 16 9
243 222 6 402 232 261 409 315 311
1 11 10
43 289 416 201 16 241 184 360 369 162
1 10 4
156 350 11 471
1 3 2
398 442
1 16 6
335 289 352 67 37 33
1 19 7
215 445 394 489 425 276 163
1 3 2
251 86
1 11 2
110 499
1 12 4
468 120 72 89
1 19 6
150 381 302 177 292 175
1 4 7
147 290 419 221 408 370 146
1 17 2
51 86
1 2 4
120 438 424 164
1 3 10
404 166 72 381 318 82 284 195 182 303
1 20 6
228 233 478 308 77 76
1 18 5
325 40 169 283 86
1 4 7
288 176 383 213 144 356 117
1 16 4
21 185 121 258
1 2 5
61 183 52 469 236
1 13 4
112 214 159 86
1 20 9
456 431 9 34 283 448 125 374 19
1 18 2
454 481
1 3 6
246 331 465 72 179 488
1 12 3
450 88 98
1 17 9
91 124 245 138 169 97 64 23 467
1 12 3
141 486 219
1 10 6
280 246 460 250 186 163
1 5 5
350 495 313 2 439
1 16 8
85 13 219 167 283 71 11 189
1 20 9
189 481 212 320 380 190 289 401 496
1 18 2
486 322
1 1 4
356 274 315 266
1 15 9
145 275 229 425 298 396 289 197 466
1 7 8
282 266 369 63 163 224 429 473
1 12 9
317 22 397 417 280 413 214 208 246
1 14 10
472 189 351 9 298 52 455 222 133 149
1 11 9
84 103 40 409 70 44 368 246 395
1 12 4
345 497 373 313
1 20 4
372 360 63 149
1 5 5
372 344 10 440 119
1 18 8
388 453 253 87 52 363 239 431
1 7 10
175 391 70 54 265 280 342 104 115 424
1 1 10
40 433 376 12 312 149 431 451 495 6
1 11 4
21 259 113 207
1 8 2
416 326
1 16 10
322 497 478 319 232 307 158 95 411 20
1 20 10
21 259 9 74 475 371 140 433 450 32
1 15 5
230 218 295 296 201
1 11 10
33 97 75 441 352 159 497 412 344 378
1 15 4
491 317 186 269
1 18 5
490 312 85 366 133
1 6 8
156 350 326 285 114 499 466 186
1 11 9
161 449 29 103 129 112 96 76 259
1 18 6
295 265 135 326 376 368
1 1 4
313 30 14 432
1 11 2
361 41
1 8 2
268 117
1 13 2
322 447
1 17 5
429 95 214 160 455
1 17 7
482 328 181 267 414 279 492
1 11 9
374 385 160 61 211 50 20 489 268
1 2 6
489 6 421 156 302 160
1 11 8
79 246 135 70 447 419 477 379
1 18 8
285 487 366 297 43 392 372 274
1 3 6
468 481 161 276 21 96
1 12 5
302 98 260 211 453
1 18 4
114 12 476 259
1 6 8
494 440 229 320 130 328 192 492
1 20 10
468 131 280 345 154 219 302 124 190 385
1 15 6
115 325 358 485 279 191
1 11 9
238 83 134 75 291 319 468 95 273
1 7 2
242 307
1 8 6
279 499 407 47 439 242
1 19 10
334 403 78 428 469 33 6 102 155 327
1 19 8
304 141 1 219 173 489 253 442
1 20 4
358 124 269 183
1 16 9
354 56 158 264 311 9 484 11 28
1 11 9
422 268 101 189 453 33 13 231 382
1 4 6
264 226 308 252 224 169
1 7 8
44 51 122 473 419 42 38 84
1 11 9
34 141 243 251 337 157 351 81 280
1 20 6
207 330 497 289 17 455
1 11 3
21 134 41
1 10 7
238 102 253 304 310 289 80
1 19 4
132 431 266 386
1 16 5
275 76 45 77 64
1 7 2
279 432
1 10 7
259 0 256 387 74 301 435
1 6 2
230 421
1 15 6
349 241 424 494 137 197
1 9 10
82 139 355 285 342 462 86 153 18 391
1 13 2
296 35
1 7 5
448 182 350 317 242
1 18 5
11 275 377 199 353
1 12 9
228 187 204 290 207 3 42 195 418
1 4 6
47 209 275 196 217 281
1 15 8
225 397 15 477 25 73 20 443
1 7 4
2 224 97 121
1 5 8
422 322 482 110 341 275 93 390
1 16 10
127 142 402 365 347 227 277 110 240 336
1 8 8
364 198 484 19 142 155 253 226
1 8 5
266 94 25 295 129
1 18 5
4 411 126 247 193
1 17 6
123 180 45 341 376 345
1 8 6
170 453 228 357 460 472
1 20 10
167 343 319 68 417 20 122 389 10 370
1 17 3
113 317 290
1 6 10
450 281 182 108 74 242 38 1 292 332
1 10 6
242 355 41 469 315 187
1 3 8
111 314 473 409 40 481 172 372
1 12 8
390 168 423 157 291 474 278 20
1 7 2
387 249
1 6 5
254 66 332 109 213
1 14 5
173 322 231 326 469
1 11 4
338 184 76 343
1 20 7
274 90 454 126 382 418 406
1 12 10
18 284 317 126 31 422 407 452 400 187
1 5 10
385 98 151 429 398 115 141 102 365 275
1 9 8
130 195 82 268 368 123 327 444
1 19 2
167 12
1 4 10
34 163 138 289 224 328 263 14 93 387
1 7 7
48 388 165 234 187 70 145
1 7 8
463 394 244 7 160 158 352 234
1 4 3
184 383 415
1 14 5
193 416 70 79 30
1 9 2
23 74
1 16 8
118 122 93 226 311 135 273 493
1 5 7
192 110 5 412 162 34 137
1 19 7
26 167 386 461 478 306 207
1 2 10
227 132 495 460 303 149 445 468 29 485
1 14 6
10 114 76 156 32 13
1 6 8
224 124 374 21 332 271 160 363
1 1 8
472 260 178 290 444 375 426 361
1 14 5
481 330 343 109 195
1 5 7
36 230 231 142 269 316 429
1 18 10
106 122 476 75 214 327 489 100 35 258
1 15 5
435 276 465 241 219
1 5 4
88 376 286 8
1 10 5
120 386 361 97 175
1 7 6
393 226 278 338 369 50
1 10 3
235 112 131
1 16 7
463 421 188 90 116 283 121
1 6 5
454 141 18 359 165
1 9 5
126 100 231 201 232
1 3 9
393 291 21 388 340 186 215 151 174
1 13 7
250 24 227 146 37 349 82
1 6 7
13 3 436 26 50 327 341
1 2 7
451 395 46 456 166 114 117
1 13 5
120 148 168 134 108
1 7 4
98 215 218 94
1 13 10
216 454 247 200 51 141 349 175 387 188
1 17 8
237 437 99 113 417 380 42 121
1 6 3
451 296 76
1 7 4
402 142 0 98
1 12 5
76 426 173 211 58
1 15 7
100 108 129 271 367 233 180
1 19 2
366 425
1 18 6
198 72 319 54 140 337
1 12 8
220 458 233 183 299 7 99 244
1 11 7
425 297 238 346 283 145 141
1 7 10
126 213 63 182 272 143 454 177 472 39
1 5 3
122 72 0
1 18 5
362 232 359 93 278
1 19 9
277 217 393 186 498 377 297 455 199
1 16 8
404 390 441 455 349 97 344 71
1 13 10
266 323 494 370 478 151 33 70 430 163
1 8 3
126 197 0
1 20 9
486 419 337 362 204 286 107 374 460
1 14 3
16 89 180
1 7 10
434 159 176 250 143 146 98 400 342 35
1 11 9
86 141 153 212 337 237 263 117 261
1 9 5
278 386 267 333 186
1 9 2
490 345
1 8 7
254 41 422 238 98 215 218
1 20 4
158 313 105 162
1 5 9
165 276 256 137 23 426 404 304 94
1 13 7
152 367 297 159 182 71 124
1 9 9
113 135 386 157 73 371 114 354 275
1 12 9
30 381 247 133 208 305 88 123 108
1 14 3
246 470 94
1 14 5
107 83 390 81 251
1 2 10
350 445 93 127 495 4 316 296 8 327
1 20 3
380 407 412
1 9 10
357 211 239 37 356 444 35 174 121 375
1 3 3
68 91 274
1 8 7
187 286 48 81 292 291 376
1 16 5
61 365 155 469 134
1 5 3
216 226 210
1 6 6
182 171 428 129 414 259
1 4 4
443 204 90 369
1 12 9
259 375 277 428 420 282 254 207 114
1 19 6
242 456 442 140 282 329
1 19 2
204 15
1 12 7
39 333 202 26 474 139 343
1 7 10
1 84 458 409 392 121 255 304 355 327
1 4 5
161 395 466 63 209
1 5 10
478 258 114 459 340 2 382 322 17 346
1 13 4
364 20 88 266
1 20 6
96 106 230 372 212 27
1 18 4
377 335 287 111
1 18 2
58 268
1 2 8
464 362 248 316 354 388 288 32
1 18 3
363 150 403
1 9 2
230 215
1 5 6
196 439 191 247 349 486
1 2 7
38 71 235 204 499 121 452
1 19 6
403 442 489 182 267 50
1 12 4
424 387 409 87
1 19 5
132 40 383 200 9
1 16 5
343 319 92 140 150
1 9 5
90 291 187 443 69
1 13 8
128 451 270 333 70 53 353 75
1 18 2
370 116
1 1 2
208 138
1 2 3
478 351 49
1 18 8
311 347 310 478 461 110 397 427
1 8 7
434 197 412 228 233 356 301
1 7 4
222 148 287 165
1 10 10
18 276 223 253 192 31 104 26 229 332
1 3 7
355 193 455 249 31 423 61
1 13 4
284 417 178 136
1 19 7
268 269 342 177 319 7 193
1 4 8
346 6 253 161 88 311 236 7
1 13 10
451 363 232 81 349 318 391 444 322 258
1 12 3
13 218 181
1 5 4
461 64 297 457
1 3 7
0 200 146 257 6 100 169
1 8 4
345 238 215 300
1 12 10
171 414 332 481 299 307 359 10 41 39
1 10 5
29 357 499 140 355
1 3 6
76 369 47 173 470 437
1 13 8
473 225 283 274 202 322 208 396
1 18 6
223 276 471 434 399 65
1 7 6
140 188 186 82 263 229
1 8 10
180 364 397 169 266 75 300 30 81 243
1 2 5
192 16 329 420 117
1 15 4
420 481 334 271
1 2 4
374 451 208 290
1 6 6
280 215 16 50 287 356
1 4 9
459 216 76 319 369 354 40 151 293
1 16 6
52 194 266 481 84 126
1 2 8
121 307 484 142 22 202 233 4
1 3 9
222 283 498 307 108 122 165 474 260
1 9 10
257 474 365 358 209 67 30 311 378 44
1 18 3
134 498 306
1 14 4
296 372 356 265
1 1 5
487 484 300 3 279
1 14 4
344 207 227 35
1 7 9
397 64 268 239 158 408 423 204 256
1 4 4
388 164 365 427
1 5 3
492 238 105
1 3 5
57 335 296 173 220
1 9 8
30 323 229 133 327 294 375 192
1 2 9
28 194 361 309 19 285 200 250 115
1 20 9
379 329 67 21 93 142 323 200 186
1 4 3
302 168 224
1 8 2
480 135
1 11 2
46 269
1 9 5
390 364 213 115 294
1 1 8
306 140 350 373 460 302 113 316
1 13 3
97 401 47
1 18 2
299 152
1 17 5
380 177 27 408 171
1 20 7
265 219 374 398 252 328 294
1 3 8
55 3 82 223 321 59 323 431
1 2 2
206 42
1 17 3
197 176 161
1 3 2
176 99
1 10 7
493 365 82 191 342 74 79
1 9 7
10 442 342 254 298 470 290
1 4 9
63 83 320 276 158 411 357 0 171
1 13 7
207 192 235 238 105 403 379
1 19 10
201 180 45 37 158 21 83 349 205 153
1 20 9
374 327 260 16 42 429 88 151 378
1 20 6
354 268 479 204 380 258
1 11 5
252 422 49 370 172
1 4 4
254 324 18 127
1 11 7
386 263 457 484 0 171 203
1 2 6
130 456 250 308 88 486
1 1 7
62 248 319 328 286 125 13
1 11 3
389 42 156
1 14 4
103 492 203 398
1 12 6
306 179 230 40 401 124
1 2 2
165 114
1 17 2
320 402
1 14 9
375 393 396 0 97 230 482 330 444
1 18 4
431 207 81 439
1 12 10
92 188 43 119 451 150 222 38 207 356
1 2 7
330 118 77 141 394 98 190
1 14 6
208 227 471 296 310 447
1 8 2
35 131
1 12 3
286 478 270
1 9 10
120 160 25 65 254 54 445 303 360 36
1 10 9
105 193 350 236 102 253 84 112 409
1 18 3
185 101 200
1 2 10
235 264 146 101 206 4 285 396 465 363
1 9 2
325 23
1 17 3
83 112 227
1 18 5
394 108 353 91 26
1 13 5
134 356 341 488 363
1 16 2
338 214
1 6 7
346 430 355 418 244 436 73
1 8 3
40 15 397
1 18 10
19 163 261 184 189 451 428 411 4 67
1 3 2
488 251
1 11 9
345 127 381 387 449 443 163 49 53
1 19 3
171 119 170
1 6 6
13 464 209 160 198 443
1 19 5
40 232 498 162 461
1 5 3
464 253 419
1 2 4
61 228 99 27
1 12 6
64 438 479 469 437 188
1 6 4
348 447 253 320
1 9 9
315 289 273 461 350 150 333 42 456
1 15 8
232 121 65 365 173 308 327 223
1 8 10
443 72 126 420 371 164 180 217 315 37
1 5 3
388 59 262
1 8 8
290 54 261 24 36 15 440 230
1 15 4
35 468 386 489
1 15 8
315 419 80 386 30 36 263 14
1 13 5
133 78 69 458 125
1 2 4
450 265 444 3
1 20 9
440 241 442 76 149 365 175 403 185
1 13 6
292 104 181 273 229 132
1 13 3
226 20 359
1 19 5
360 425 387 83 126
1 8 7
333 267 185 95 482 409 499
1 17 5
327 101 41 321 337
1 13 4
157 363 42 186
1 18 8
157 95 355 264 311 44 396 83
1 4 7
237 487 180 488 347 42 250
1 10 9
409 458 304 215 264 360 323 111 65
1 17 2
228 424
1 11 5
393 197 289 109 181
1 11 7
359 238 271 247 26 299 456
1 2 9
468 52 374 446 456 306 326 401 436
1 15 10
277 294 191 34 29 179 152 229 68 70
1 17 4
397 143 218 89
1 12 5
80 127 384 118 343
1 8 7
16 404 420 331 454 453 442
1 8 10
328 331 347 318 158 457 468 122 436 179
1 10 9
294 224 446 444 295 26 107 191 429
1 11 7
170 22 306 57 193 159 283
1 8 9
452 348 208 1 61 271 384 439 160
1 14 2
11 242
1 3 7
147 445 175 184 226 54 203
1 16 3
380 205 453
1 6 4
450 299 478 158
1 11 9
154 325 190 349 167 268 341 24 125
1 14 9
456 246 171 284 309 151 482 143 13
1 2 10
156 9 69 375 286 369 196 329 61 435
1 12 7
219 162 12 275 368 170 448
1 7 9
119 397 135 269 369 334 182 50 242
1 4 6
488 82 21 371 45 128
1 19 7
12 126 351 72 438 226 24
1 15 10
470 86 225 129 139 152 216 287 398 120
1 6 6
89 87 496 150 268 142
1 5 7
88 60 126 89 424 46 274
1 1 10
413 361 358 296 212 302 211 98 88 474
1 1 6
12 329 11 472 316 461
1 16 2
219 207
1 3 10
289 452 173 193 209 432 402 112 401 73
1 19 7
40 232 393 404 38 105 331
1 7 7
95 175 100 79 403 316 278
1 15 9
491 328 182 230 443 129 331 145 433
1 12 8
454 465 269 221 496 288 334 348
1 17 9
465 165 170 145 115 32 210 45 74
1 15 6
379 274 17 377 249 256
1 16 7
412 12 227 298 439 344 147
1 2 8
251 242 356 204 368 453 156 198
1 6 3
280 127 270
1 8 6
426 422 93 105 81 127
1 7 9
227 485 492 483 407 449 22 391 343
1 15 3
433 103 297
1 14 5
318 415 260 11 39
1 10 3
377 361 14
1 12 3
445 45 467
1 17 4
95 117 380 39
1 5 10
182 385 480 127 166 285 257 236 289 494
1 3 9
40 143 30 173 224 278 142 445 481
1 3 8
110 354 72 365 255 301 212 398
1 20 6
136 334 179 490 288 137
1 18 7
219 386 440 4 84 258 33
1 18 6
221 172 44 493 126 145
1 15 5
314 161 322 458 32
1 2 7
443 361 138 453 177 238 114
1 11 7
313 320 366 137 425 64 120
1 16 5
386 220 286 303 284
1 7 8
72 340 121 409 122 400 336 207
1 2 6
48 20 485 108 345 306
1 11 9
114 182 130 212 152 81 9 162 174
1 17 8
385 342 167 130 228 126 260 496
1 7 8
213 18 258 482 359 334 265 374
1 7 8
211 18 145 48 475 341 366 453
1 8 7
332 393 200 234 47 254 329
1 5 8
14 448 371 253 482 405 192 239
1 20 3
180 92 497
1 19 5
150 57 19 429 74
1 1 3
395 59 433
1 18 4
250 408 478 239
1 13 4
281 174 301 497
1 19 3
245 110 9
1 13 5
380 464 384 290 107
1 10 8
166 447 386 485 248 160 406 401
1 10 5
211 80 45 37 372
1 18 5
136 241 356 9 4
1 17 10
304 439 226 445 397 92 352 430 12 57
1 3 10
189 251 3 71 261 318 478 141 381 457
1 6 3
480 418 6
1 18 6
408 115 300 215 180 399
1 13 7
352 214 434 485 151 216 377
1 6 6
316 267 211 179 393 350
1 6 7
334 347 151 447 137 191 258
1 12 6
11 453 448 452 192 216
1 7 4
0 91 478 394
1 20 10
239 443 138 86 13 295 245 324 126 376
1 8 8
382 73 275 213 457 136 351 436
1 13 6
17 404 130 19 323 410
1 10 2
9 397
1 13 3
113 283 436
1 7 3
465 259 231
1 16 6
21 348 331 396 35 157
1 12 3
323 153 184
1 10 6
267 65 83 352 382 188
1 6 3
448 409 413
1 14 9
446 197 207 138 95 397 182 439 319
1 2 8
401 456 309 419 437 203 425 321
1 14 7
327 395 160 178 116 224 82
1 4 4
107 3 316 176
1 5 9
176 432 208 109 52 98 135 116 83
1 14 2
446 457
1 20 8
260 402 170 321 422 74 472 428
1 9 10
499 218 291 36 114 437 113 130 25 14
1 14 3
34 365 256
1 5 5
53 162 41 339 298
1 5 5
44 129 167 348 42
1 6 2
444 378
1 9 4
339 384 287 28
1 15 4
484 113 234 285
1 20 5
270 457 137 425 368
1 20 3
51 476 230
1 4 9
173 290 85 316 249 16 306 492 120
1 15 10
451 210 235 176 172 306 328 499 195 173
1 17 4
492 142 275 352
1 11 8
39 448 447 239 344 184 250 453
1 12 10
474 94 74 393 160 109 268 193 461 414
1 6 2
332 22
1 12 8
302 485 98 300 34 286 26 329
1 14 9
489 78 282 380 361 200 319 286 27
1 11 5
181 195 19 123 386
1 8 7
395 105 20 241 86 234 190
1 11 3
166 494 374
1 19 8
100 455 212 56 383 184 435 362
1 16 3
69 216 98
1 3 4
208 301 257 371
1 1 3
404 237 295
1 11 5
1 103 350 372 148
1 19 7
66 81 400 490 274 94 195
1 2 8
248 368 318 249 365 194 83 26
1 5 7
480 472 5 51 288 432 49
1 13 8
261 349 443 378 366 267 255 476
1 19 5
171 48 248 496 93
1 3 7
370 109 434 211 277 114 51
1 10 4
176 294 104 276
1 12 9
112 175 292 399 446 83 37 235 247
1 3 2
188 396
1 16 3
173 313 37
1 3 7
2 285 14 454 376 275 251
1 6 10
200 122 360 431 152 126 218 169 294 106
1 16 10
398 412 449 291 95 482 131 254 432 480
1 13 10
429 468 409 284 272 154 149 449 176 391
1 18 8
198 34 409 305 94 358 405 214
1 4 2
485 44
1 20 2
366 43
1 15 7
200 51 102 137 353 33 369
1 4 3
364 308 114
1 17 3
19 101 296
1 5 2
241 287
1 11 9
446 162 359 28 414 299 13 167 118
1 19 7
129 351 191 56 388 479 450
1 9 8
362 149 389 3 439 470 374 21
1 2 10
48 478 440 325 12 45 58 109 276 148
1 17 6
301 479 496 11 440 299
1 18 6
50 121 172 14 102 27
1 4 10
168 130 192 309 268 481 223 25 373 203
1 1 2
245 257
1 7 7
257 76 367 390 177 309 163
1 16 5
274 296 380 248 189
1 12 6
255 291 71 378 321 98
1 20 3
312 213 11
1 1 4
418 311 119 168
1 14 7
419 107 63 351 429 61 257
1 19 10
122 437 397 81 23 129 304 84 178 116
1 1 7
239 166 211 113 143 347 383
1 1 10
28 295 189 141 91 17 440 51 396 256
1 1 9
319 126 68 346 236 96 149 285 265
1 12 4
147 444 388 121
1 11 7
262 165 305 267 223 92 332
1 15 5
276 361 412 0 13
1 2 7
249 156 107 240 488 398 110
1 2 3
400 376 193
1 14 6
472 422 473 256 116 68
1 11 10
176 255 398 185 56 195 310 343 399 316
1 1 8
392 137 136 140 452 371 268 301
1 5 3
383 54 411
1 8 9
163 26 372 169 343 36 452 266 274
1 18 7
494 210 73 365 79 24 97
1 3 9
196 138 4 358 165 120 467 330 496
1 11 5
102 3 404 363 395
1 4 6
334 344 98 493 434 381
1 7 7
179 343 141 117 365 115 215
1 1 4
462 56 369 276
1 12 7
221 165 496 210 307 218 426
1 12 3
352 254 314
1 15 3
388 455 282
1 6 4
143 384 261 59
1 16 5
79 147 52 309 369
1 13 4
4 96 106 15
1 1 7
117 396 245 218 83 255 281
1 10 6
489 206 60 156 446 101
1 16 4
391 98 5 47
1 6 3
435 419 422
1 12 10
103 486 12 269 307 109 173 441 231 397
1 3 9
200 264 494 123 140 67 132 19 251
1 7 10
297 476 219 280 207 13 189 441 10 1
1 11 9
284 185 242 28 77 182 300 261 24
1 10 8
362 181 199 240 444 92 405 371
1 16 2
480 127
1 9 10
392 47 59 272 389 259 208 62 155 426
1 14 9
279 41 310 17 107 359 343 236 392
1 2 10
119 294 413 63 206 204 50 368 17 277
1 2 5
260 409 427 157 52
1 9 3
46 294 136
1 6 4
397 389 182 448
1 6 3
222 464 10
1 3 9
41 312 143 122 324 221 184 357 439
1 4 10
16 214 142 388 431 276 2 383 1 394
1 18 8
89 443 105 306 428 172 281 489
1 4 5
301 162 463 315 228
1 18 10
357 395 355 282 176 98 346 86 156 384
1 16 8
161 466 257 98 73 230 112 445
1 9 2
202 481
1 3 8
438 19 159 58 38 45 165 382
1 14 10
380 387 342 133 493 80 26 220 372 297
1 13 9
473 413 237 398 259 372 278 309 474
1 9 5
298 385 7 147 72
1 16 9
385 355 132 70 331 39 112 263 425
1 6 10
56 395 186 480 382 455 226 366 271 190
1 8 10
235 100 382 145 13 411 154 149 463 427
1 10 9
395 175 135 276 427 494 117 474 59
1 4 2
324 224
1 1 5
167 3 157 156 141
1 8 7
300 225 182 194 127 44 250
1 8 8
86 36 48 295 173 146 469 396
1 18 7
156 462 22 35 169 134 266
1 18 8
34 147 113 467 212 199 296 150
1 8 5
141 12 167 468 473
1 7 5
243 120 109 246 42
1 19 4
187 477 307 139
1 19 4
66 283 475 39
1 15 9
350 181 191 217 256 123 67 60 26
1 11 7
296 107 66 279 421 349 328
1 14 10
23 489 304 42 212 414 183 14 97 116
1 10 5
352 374 302 370 267
1 5 6
57 296 306 94 269 268
1 10 4
401 459 264 351
1 14 6
256 242 181 104 424 95
1 11 2
128 142
1 16 6
63 51 346 130 57 495
1 9 8
11 54 134 97 250 121 456 184
1 6 3
137 153 34
1 8 5
66 290 418 170 351
1 10 5
250 214 114 474 116
1 17 5
450 128 64 347 492
1 20 7
76 253 478 75 376 338 167
1 3 5
49 211 448 214 457
1 9 3
376 29 344
1 20 10
419 429 411 413 463 97 84 394 430 358
1 15 7
364 215 430 462 359 464 58
1 5 5
404 19 14 194 104
1 8 10
441 389 362 76 103 34 207 431 198 41
1 13 6
338 383 252 316 229 291
1 9 6
457 57 298 282 397 49
1 16 6
342 441 98 377 388 35
1 16 5
376 42 131 97 273
1 13 5
252 251 499 70 454
1 8 6
463 399 15 249 135 244
1 7 5
392 322 194 397 141
1 14 3
441 101 197
1 16 8
272 475 130 377 353 195 165 488
1 16 9
155 324 141 337 238 139 402 158 231
1 2 5
123 113 269 310 454
1 8 3
294 103 425
1 8 2
9 312
1 19 7
102 365 254 420 132 167 312
1 8 2
208 123
1 19 8
397 310 431 190 140 313 227 273
1 16 3
379 208 111
1 10 4
171 328 372 255
1 3 7
469 295 173 393 406 158 288
1 1 6
426 462 165 449 475 49
1 14 2
229 411
1 18 4
295 278 454 360
1 8 8
224 257 394 408 429 216 458 356
1 3 8
213 146 273 23 376 54 320 182
1 19 4
293 199 464 143
1 15 2
59 130
1 13 6
356 84 359 85 487 370
1 3 5
260 245 120 35 470
1 9 7
446 438 288 171 279 435 150
1 9 8
78 251 359 209 267 37 285 395
1 6 10
494 138 156 150 298 315 317 110 342 269
1 5 2
3 485
1 16 9
490 124 416 217 52 333 366 184 399
1 17 6
368 466 131 250 95 54
1 17 4
31 166 141 33
1 18 3
269 250 202
1 1 10
455 451 57 293 212 252 163 444 255 422
1 16 4
315 350 281 43
1 5 9
390 97 384 155 149 222 31 136 205
1 18 2
230 38
1 9 5
68 445 226 222 22
1 14 3
154 52 74
1 13 2
85 238
1 6 3
57 245 290
1 18 4
154 343 159 337
1 6 5
298 250 231 12 155
1 8 10
483 142 21 347 444 251 225 498 145 101
1 6 6
195 246 192 423 254 315
1 18 6
357 190 143 421 402 111
1 10 6
368 233 158 180 492 146
1 12 7
496 400 94 293 197 461 424
1 6 6
181 157 251 28 280 456
1 1 10
51 229 323 124 213 9 203 333 146 309
1 9 2
51 342
1 20 9
248 481 315 448 20 482 428 195 284
1 17 2
272 181
1 6 5
175 94 486 220 448
1 12 10
499 300 493 99 70 423 264 31 196 141
1 4 10
174 283 120 455 162 67 356 47 166 421
1 4 2
305 278
1 16 9
226 277 360 314 78 342 245 168 39
1 8 5
67 92 166 196 375
1 13 6
464 217 335 267 275 96
1 2 2
257 480
1 2 10
194 161 491 233 254 334 374 265 257 460
1 9 4
68 258 327 414
1 19 6
268 168 474 371 134 4
1 14 8
281 475 488 125 351 3 167 219
1 10 7
190 156 412 294 431 328 452
1 1 9
345 412 63 155 44 98 196 232 211
1 20 4
265 388 50 305
1 6 2
332 16
1 1 4
436 212 81 448
1 9 10
493 27 21 474 269 181 25 1 159 379
1 13 7
345 120 145 14 437 229 470
1 18 2
263 383
1 17 2
490 228
1 14 9
456 290 0 170 21 255 238 408 451
1 20 6
375 466 17 337 377 45
1 2 7
368 461 476 216 257 81 20
1 18 5
166 8 492 15 285
1 16 10
7 178 162 359 313 33 146 115 131 207
1 6 5
138 154 119 122 421
1 17 8
121 200 93 453 63 472 381 49
1 9 9
17 379 30 372 97 458 281 244 331
1 1 3
139 461 222
1 13 3
77 161 489
1 14 10
460 222 321 487 457 116 52 430 315 23
1 2 3
253 235 478
1 18 3
335 39 29
1 16 9
416 107 103 73 64 142 397 442 385
1 5 5
141 407 374 463 411
1 10 2
180 484
1 8 3
121 140 166
1 1 10
264 472 172 145 342 225 377 396 414 449
1 16 8
434 127 214 299 98 399 291 226
1 18 4
31 237 461 46
1 5 10
96 181 65 435 120 158 226 302 248 496
1 12 7
453 422 170 476 59 219 214
1 10 7
6 379 62 296 75 275 301
1 12 6
313 482 58 160 320 151
1 10 6
143 99 304 201 180 283
1 18 7
18 474 123 330 452 112 131
1 8 6
49 487 425 394 491 245
1 10 10
442 345 484 362 66 479 319 296 74 82
1 17 2
491 339
1 7 9
107 491 5 371 361 407 95 465 391
1 8 8
369 303 121 3 227 304 391 75
1 20 6
489 38 221 238 232 99
1 4 9
11 85 327 274 310 111 287 146 150
1 17 4
270 438 265 146
1 15 3
301 69 493
1 3 8
422 397 168 22 197 302 363 239
1 11 4
98 467 316 262
1 1 7
261 47 73 203 17 90 40
1 7 3
375 85 248
1 7 3
466 392 377
1 4 9
157 394 228 71 160 148 344 4 122
1 2 4
45 237 227 271
1 19 5
280 244 487 62 398
1 4 10
427 83 33 4 181 262 90 404 344 208
1 1 8
89 189 370 330 282 263 119 269
1 9 9
238 232 357 145 88 370 68 188 387
1 1 10
6 242 273 80 361 322 461 83 76 239
1 5 4
91 438 474 157
1 14 10
461 98 414 315 438 341 33 84 93 457
1 5 6
482 266 481 146 363 13
1 7 2
67 350
1 9 10
215 437 136 36 182 416 201 310 152 86
1 5 4
11 43 91 413
1 20 7
244 63 102 269 27 391 243
1 10 7
13 291 268 294 213 458 95
1 3 2
49 103
1 19 6
190 331 472 459 188 365
1 18 6
371 194 427 298 111 259
1 14 2
48 392
1 10 7
113 219 369 257 283 304 316
1 9 8
499 391 259 40 11 89 239 459
1 5 10
343 271 246 458 207 138 408 154 471 53
1 11 9
62 453 86 101 8 159 141 331 299
1 15 5
204 140 366 14 498
1 3 3
329 131 310
1 6 8
357 273 223 305 283 189 304 202
1 14 4
300 335 77 350
1 17 9
345 356 192 393 83 453 387 392 344
1 3 2
300 362
1 20 9
284 149 110 438 211 3 419 219 30
1 7 3
209 168 12
1 2 7
202 160 467 194 281 367 228
1 3 10
392 468 242 219 220 469 306 93 497 398
1 5 10
183 86 151 328 266 465 123 363 32 163
1 2 5
187 35 448 155 183
1 12 5
260 204 89 101 122
1 16 10
266 426 323 335 410 375 234 354 38 240
1 14 9
113 187 430 99 16 470 231 394 325
1 17 6
378 135 241 192 96 172
1 12 4
347 349 17 141
1 20 9
121 470 169 34 331 55 117 113 61
1 20 7
116 156 332 262 441 122 210
1 11 6
113 132 399 301 3 77
1 7 4
43 372 32 101
1 12 7
188 69 268 238 453 292 432
1 13 9
88 224 492 116 436 270 43 413 206
1 9 4
420 266 322 472
1 17 3
120 54 68
1 6 6
464 106 121 133 470 388
1 11 10
432 59 224 153 430 9 189 343 194 223
1 8 2
175 381
1 8 9
308 20 388 413 173 478 177 222 217
1 4 2
48 361
1 18 5
64 22 310 93 167
1 17 3
8 157 439
1 19 10
476 397 458 453 345 281 130 157 448 465
1 4 9
28 489 427 434 316 125 183 284 9
1 15 6
343 159 317 406 399 164
1 9 5
216 205 1 0 35
1 9 3
189 333 47
1 14 5
104 176 193 421 94
1 19 2
133 128
1 16 9
203 29 155 167 251 299 273 212 385
1 12 3
344 64 87
1 8 10
185 437 469 324 8 485 462 428 19 309
1 14 3
134 478 420
1 12 10
200 421 30 70 65 171 122 347 105 145
1 20 3
330 198 179
1 11 9
189 258 93 450 245 199 61 313 266
1 20 4
293 168 419 2
1 12 7
135 413 174 52 110 223 329
1 19 9
346 125 20 126 460 146 329 302 53
1 5 4
58 234 402 361
1 1 4
6 493 29 218
1 16 7
93 321 282 297 189 453 441
1 17 7
232 396 230 341 345 173 496
1 15 4
158 209 135 341
1 20 6
493 9 218 364 231 320
1 1 2
13 314
1 13 7
298 363 306 181 466 17 43
1 12 6
80 30 96 131 441 415
1 6 5
67 302 10 126 19
1 20 4
389 22 169 332
1 7 8
224 167 90 91 435 431 162 310
1 4 6
228 318 297 54 333 40
1 9 9
183 381 454 172 266 387 371 412 23
1 2 10
45 119 395 334 222 325 260 227 353 125
1 8 7
112 179 78 41 70 85 129
1 1 5
99 163 221 119 341
1 6 2
480 90
1 11 8
361 360 77 294 225 364 243 300
1 15 6
251 413 308 180 368 1
1 15 8
11 235 21 83 175 499 136 32
1 4 9
320 401 110 342 336 5 337 45 442
1 9 7
457 120 471 195 150 95 253
1 2 7
69 15 287 409 384 184 94
1 8 4
365 120 3 116
1 15 4
128 452 354 54
1 12 3
253 120 51
1 17 10
17 83 57 110 480 127 53 244 293 365
1 6 8
128 420 218 296 306 368 235 157
1 10 4
35 36 164 134
1 7 9
84 488 209 154 497 291 197 60 2
1 3 9
75 275 165 126 135 422 480 481 485
1 8 9
91 333 7 257 123 438 176 444 322
1 6 10
6 324 271 438 193 138 112 488 444 157
1 4 6
464 331 216 371 359 23
1 16 3
326 339 456
1 4 7
426 91 117 110 442 286 268
1 16 9
237 358 353 260 152 31 443 371 496
1 11 8
159 230 18 350 93 335 134 459
1 2 6
471 205 378 191 196 206
1 7 9
28 386 425 484 363 249 148 474 38
1 8 2
191 174
1 20 3
115 28 303
1 5 10
284 371 318 109 467 94 497 428 319 122
1 11 7
137 236 448 249 357 136 235
1 11 9
337 92 284 223 338 81 44 145 429
1 13 2
360 378
1 19 3
438 132 300
1 7 2
65 462
1 2 2
233 339
1 6 8
466 135 402 346 481 300 108 319
1 10 7
355 76 175 361 236 264 288
1 9 4
124 292 270 439
1 18 3
73 339 375
1 18 8
209 389 28 14 263 401 195 433
1 7 7
113 114 246 338 116 349 39
1 4 5
163 296 230 469 495
1 2 9
342 284 233 113 368 451 203 69 125
1 4 3
410 479 96
