500 2500 775
12 24 25 25 9 11 8 14 6 15 4 19 13 11 17 12 15 7 10 25 21 5 27 2 9 20 13 12 11 11 1 19 6 12 28 20 8 20 8 6 26 20 17 8 23 8 15 23 23 2 11 16 12 9 19 21 27 28 25 30 29 17 26 30 6 27 17 23 26 6 14 1 8 11 8 14 29 17 16 8 24 17 21 11 25 18 21 19 3 16 17 26 2 22 4 8 15 7 21 15 1 6 29 27 27 13 18 5 8 8 10 17 28 1 2 10 14 12 7 12 21 24 6 2 15 6 20 3 16 17 6 6 27 2 15 17 21 28 4 27 18 28 6 25 8 20 14 25 8 25 1 21 13 4 17 7 8 13 11 30 2 21 20 17 9 29 22 7 5 18 16 22 8 17 14 8 2 9 25 30 3 12 25 16 13 10 9 21 19 16 11 6 8 10 25 22 23 26 7 20 5 28 1 2 30 29 8 4 18 7 5 20 14 27 18 5 21 19 19 30 10 3 18 1 24 8 29 13 16 16 29 14 14 8 18 19 3 20 11 10 23 18 11 20 21 4 9 28 21 28 26 26 17 7 18 30 11 20 3 17 4 13 27 21 26 9 12 20 20 7 4 20 27 18 18 9 12 20 20 2 29 2 27 25 7 12 11 10 17 13 23 10 14 22 26 23 19 9 30 20 11 30 20 21 11 14 20 23 23 22 3 21 18 23 21 15 2 18 4 29 23 27 19 6 10 24 29 2 27 11 28 2 7 6 13 17 13 11 27 2 28 26 13 21 10 17 21 22 22 21 17 13 7 4 29 12 28 22 5 7 22 27 9 29 17 22 3 12 13 4 10 21 11 21 1 9 19 24 30 14 7 9 10 24 29 20 20 5 27 29 4 2 19 16 27 19 1 25 3 23 12 6 18 1 28 13 10 3 10 2 18 26 12 6 1 10 23 22 27 27 18 19 26 22 21 14 29 15 2 15 1 12 25 3 18 23 8 2 18 5 16 28 28 23 30 11 21 13 23 6 11 27 19 1 1 18 28 26 21 12 25 10 29 4 27 26 18 17 10 1 12 28 9 17 16 14 2 23 16 25 14 15 10 22 21 10 13 16 14 24 1 26 22 3 28 28 23 8 16 8
1 29 4 29 22 20 26 14 13 2 27 21 21 24 9 25 3 10 21 12 11 8 6 15 27 18 28 10 30 21 7 29 16 24 6 16 14 28 26 1 26 23 30 2 28 17 6 18 18 28 19 27 30 17 11 20 20 22 22 9 15 6 20 25 29 14 25 5 15 29 18 10 14 3 28 1 7 21 13 29 18 3 22 1 17 15 16 6 24 9 21 7 24 26 1 14 6 12 29 20 29 25 7 8 27 7 13 12 16 18 17 20 25 5 28 18 15 21 3 14 22 25 23 5 15 3 9 24 1 14 22 4 8 1 3 12 13 29 6 17 23 21 10 11 14 22 3 1 9 5 3 14 18 14 10 26 4 10 21 28 20 30 29 10 26 23 19 17 26 7 6 22 12 29 27 1 12 30 3 14 13 21 4 9 7 10 3 3 24 29 11 13 27 16 20 2 18 20 15 18 7 29 3 14 11 29 7 15 22 17 19 9 3 28 26 6 19 22 26 29 18 7 15 21 7 4 9 19 30 13 8 17 27 6 9 2 29 17 12 30 12 12 29 29 19 28 1 19 18 24 11 30 2 16 5 27 19 8 26 29 3 18 23 28 1 17 6 15 12 26 11 30 6 22 12 3 29 21 17 26 13 14 19 9 4 12 1 25 9 30 24 27 26 19 18 21 21 4 1 7 17 4 13 7 30 30 24 8 19 7 24 24 10 30 23 22 26 24 30 16 26 27 23 1 15 8 5 9 21 13 12 1 9 14 23 19 13 3 28 10 16 16 11 12 22 21 18 12 16 30 18 2 4 21 19 12 22 18 26 10 24 20 30 22 25 5 27 21 5 29 17 14 15 21 21 20 19 14 14 11 29 9 28 6 5 18 10 25 28 13 22 1 29 9 24 18 13 2 27 19 30 14 27 30 30 20 26 24 22 27 1 17 5 22 17 12 28 19 15 9 26 2 19 30 19 7 12 24 6 30 19 5 10 15 12 22 14 2 15 22 12 20 15 19 3 20 2 19 15 24 4 11 29 17 3 22 3 24 29 23 11 10 10 12 13 20 5 12 9 16 24 21 21 29 17 24 20 21 14 14 6 1 21 24 2 8 18 26 7 16 27 25 24 23 22 25 24 23 26 12
1 14 3
205 26 199
1 10 7
26 158 169 490 462 15 49
1 11 7
432 53 217 249 257 83 428
1 17 8
190 119 431 42 189 237 467 22
1 11 3
208 325 84
1 15 5
387 353 260 122 283
1 14 7
236 5 395 84 363 99 61
1 10 10
136 268 327 455 301 489 478 197 399 287
1 1 5
274 291 181 413 184
1 4 4
294 171 128 430
1 7 2
356 91
1 16 3
200 123 121
1 8 10
490 72 140 467 394 76 96 155 336 350
1 13 5
217 284 220 356 55
1 3 6
60 492 27 54 450 384
1 10 3
51 322 135
1 20 2
211 370
1 1 3
384 229 454
1 4 8
91 428 147 117 336 53 204 159
1 11 8
297 136 415 200 158 461 73 439
1 19 4
185 41 173 129
1 14 7
351 413 289 359 54 457 133
1 14 7
118 347 10 283 409 104 294
1 4 10
201 313 136 204 173 219 47 202 404 414
1 15 5
61 321 462 150 117
1 9 3
417 358 442
1 10 10
344 169 403 496 224 252 316 419 46 153
1 13 10
402 435 203 328 422 113 183 84 58 293
1 14 2
340 287
1 10 9
80 252 15 159 52 490 147 270 381
1 12 10
446 90 267 253 272 261 142 442 348 216
1 12 10
26 16 329 284 225 200 441 258 188 191
1 3 6
16 200 87 134 138 344
1 9 9
47 350 393 118 355 382 203 319 29
1 2 10
374 416 398 450 236 321 210 318 319 417
1 13 9
8 31 166 426 249 104 132 213 413
1 15 4
359 59 265 423
1 7 7
94 395 336 279 426 97 363
1 1 4
78 30 420 37
1 18 2
318 413
1 9 5
86 251 373 490 249
1 9 7
116 155 395 343 233 93 258
1 19 5
248 208 40 106 41
1 16 2
465 220
1 15 9
364 388 187 347 135 12 165 30 38
1 9 10
404 368 335 49 178 211 151 454 416 410
1 13 2
295 256
1 18 8
481 402 222 169 263 284 424 237
1 12 9
166 22 175 204 94 201 266 226 38
1 10 3
134 380 477
1 4 10
206 241 194 49 138 375 247 282 95 331
1 8 4
366 96 438 342
1 16 7
168 434 279 303 377 371 138
1 8 3
31 452 352
1 6 8
322 212 289 44 12 447 488 316
1 14 7
228 151 485 164 429 190 186
1 7 5
69 41 142 24 328
1 10 3
101 403 348
1 2 2
353 197
1 9 3
332 365 323
1 10 6
280 444 273 197 134 438
1 20 5
151 132 26 492 75
1 13 5
227 100 253 363 478
1 19 3
267 51 213
1 16 8
193 310 58 262 366 370 141 110
1 12 5
35 493 390 66 394
1 12 6
64 197 218 189 272 310
1 16 5
2 400 32 257 323
1 16 9
360 350 356 402 384 496 216 485 230
1 9 2
208 290
1 11 7
99 50 386 57 425 432 497
1 5 2
287 351
1 5 9
246 49 295 263 233 54 341 114 365
1 10 10
129 51 481 334 303 486 254 168 313 147
1 6 8
317 322 142 137 80 248 208 319
1 12 8
163 63 471 265 442 36 309 75
1 7 8
81 355 95 376 1 122 160 494
1 8 3
401 166 189
1 18 8
258 6 287 145 218 276 257 103
1 10 7
471 235 262 392 469 409 360
1 18 8
144 50 361 334 43 454 185 326
1 1 6
286 359 288 138 424 292
1 11 10
365 250 14 168 189 430 197 426 191 120
1 11 3
75 435 10
1 3 4
30 235 472 270
1 8 3
268 416 427
1 5 4
70 454 204 391
1 19 3
378 4 101
1 9 3
67 172 380
1 9 7
401 40 253 103 5 149 85
1 1 3
86 61 363
1 7 6
418 258 186 272 43 486
1 6 4
264 191 347 102
1 16 6
297 394 458 122 119 231
1 10 8
462 217 398 458 337 184 43 367
1 8 7
307 47 49 320 195 218 321
1 9 7
325 201 436 148 385 278 425
1 7 3
51 308 164
1 18 9
454 34 498 308 421 482 237 92 161
1 3 3
291 103 3
1 20 3
477 451 321
1 7 10
438 122 381 156 493 297 179 258 84 168
1 14 5
417 330 164 342 351
1 19 10
408 335 135 455 411 131 263 446 172 310
1 18 6
290 402 364 358 185 289
1 18 5
434 451 181 364 315
1 13 6
491 305 205 464 170 446
1 19 7
260 261 78 322 301 133 163
1 15 3
236 84 112
1 10 9
312 433 110 149 165 324 299 83 235
1 6 10
297 199 2 421 194 458 237 465 5 449
1 2 5
330 310 473 218 188
1 10 6
361 353 346 46 16 421
1 4 8
19 229 417 30 330 306 68 33
1 17 6
458 119 383 18 337 267
1 5 5
497 425 308 455 27
1 15 5
312 343 415 152 369
1 20 10
495 151 70 46 464 21 1 429 112 241
1 10 7
44 488 231 412 395 252 237
1 6 3
108 36 334
1 13 7
374 145 108 239 173 365 388
1 19 8
285 78 47 432 361 343 96 5
1 2 5
492 120 305 101 173
1 19 4
71 169 243 347
1 1 6
495 367 366 45 271 410
1 20 5
425 284 171 75 34
1 4 4
479 299 258 290
1 9 3
60 219 343
1 2 3
236 138 411
1 5 4
194 238 446 398
1 20 8
374 406 272 270 220 317 33 212
1 18 8
384 319 277 94 219 459 311 122
1 19 7
348 68 151 86 345 85 116
1 6 4
468 412 45 483
1 5 8
384 300 179 426 368 70 272 68
1 19 2
126 382
1 7 9
293 423 499 225 114 198 217 19 208
1 5 2
64 277
1 12 10
314 124 201 179 175 148 51 389 1 74
1 14 8
387 311 260 469 191 109 104 120
1 13 8
176 181 282 435 150 496 330 90
1 14 10
136 289 311 255 138 207 181 10 40 334
1 9 4
69 196 317 489
1 7 5
409 311 275 44 468
1 1 9
121 187 277 213 428 371 453 295 431
1 11 5
379 492 455 212 451
1 10 2
302 263
1 5 4
379 443 278 100
1 1 4
393 63 224 471
1 16 4
167 282 324 375
1 4 6
399 119 286 301 177 393
1 2 10
183 408 237 226 387 423 485 371 203 145
1 16 2
39 352
1 13 7
80 35 404 23 352 168 268
1 17 8
221 266 3 337 201 299 39 54
1 6 7
88 437 361 239 247 32 109
1 11 10
492 34 239 75 356 440 477 1 231 256
1 18 3
353 99 183
1 18 6
333 70 403 453 126 96
1 1 8
279 336 172 381 183 205 274 415
1 13 9
15 54 427 315 397 495 31 456 228
1 14 6
206 360 355 301 153 455
1 20 10
165 292 481 27 188 67 174 211 383 123
1 17 10
84 16 82 119 197 409 331 301 39 394
1 18 3
178 153 429
1 11 7
188 232 489 73 334 165 298
1 8 8
77 173 318 55 326 365 268 224
1 10 7
158 10 270 245 479 453 126
1 14 6
322 281 287 441 219 301
1 12 2
440 428
1 3 9
18 410 21 162 26 68 1 337 412
1 10 4
215 340 251 90
1 16 6
179 32 395 289 212 419
1 5 10
369 341 411 405 232 417 303 100 471 39
1 9 10
495 100 368 388 285 129 106 254 192 453
1 17 3
330 365 256
1 9 9
273 40 63 60 20 358 398 446 55
1 14 9
240 241 4 143 169 163 403 467 256
1 12 2
201 425
1 12 4
316 440 408 340
1 15 8
418 280 145 361 262 366 340 456
1 14 10
469 423 399 408 195 255 422 244 31 172
1 20 3
420 422 228
1 5 7
66 26 241 471 99 435 459
1 7 5
285 476 482 313 354
1 19 8
47 119 463 158 50 250 322 206
1 20 7
42 1 37 22 338 74 356
1 2 7
418 324 363 123 237 336 211
1 1 4
160 364 485 241
1 18 2
329 456
1 14 5
16 366 75 64 167
1 6 9
203 181 215 342 4 401 420 288 40
1 7 10
237 52 110 405 402 332 383 207 388 281
1 15 2
232 233
1 14 4
252 247 178 74
1 19 5
236 155 18 342 476
1 9 6
162 240 323 104 287 467
1 4 5
441 383 23 260 181
1 16 5
498 52 481 171 405
1 11 7
137 20 52 306 87 207 444
1 17 9
476 189 473 42 375 264 256 197 73
1 1 7
407 300 369 105 181 204 222
1 5 7
421 62 215 303 406 442 446
1 18 9
443 486 126 455 412 452 78 91 237
1 6 4
271 377 403 199
1 13 3
54 364 170
1 2 3
437 85 327
1 11 9
471 55 391 84 80 468 277 180 218
1 9 4
150 440 434 51
1 18 8
342 298 37 202 129 42 473 243
1 11 6
152 264 499 437 165 61
1 14 7
363 432 219 183 63 403 295
1 19 2
275 330
1 17 6
94 378 202 465 174 68
1 9 2
238 250
1 11 10
395 319 411 131 248 111 410 20 457 382
1 3 4
77 266 190 350
1 9 10
457 154 316 60 311 148 200 463 121 80
1 6 3
384 339 337
1 7 9
245 227 13 310 236 411 116 428 283
1 12 8
432 214 340 107 448 123 52 213
1 4 6
55 354 67 56 57 488
1 3 6
54 7 61 52 224 369
1 12 7
210 203 256 171 121 312 172
1 11 10
281 279 38 474 307 313 333 36 284 353
1 18 4
322 386 369 129
1 14 6
2 384 230 396 194 368
1 2 5
224 232 117 20 334
1 17 3
489 78 200
1 7 10
312 139 45 406 465 235 351 415 7 419
1 10 3
130 101 16
1 6 4
88 339 128 352
1 3 7
301 401 360 13 159 99 93
1 14 2
460 330
1 11 3
199 59 80
1 2 9
249 431 328 441 473 316 123 447 130
1 4 2
121 438
1 10 6
421 334 74 319 2 265
1 18 9
189 107 486 226 418 221 20 495 334
1 7 5
380 23 392 108 438
1 6 4
486 390 9 221
1 1 8
300 74 161 328 234 105 60 240
1 16 2
202 101
1 10 6
209 267 95 319 371 497
1 20 6
462 264 204 81 235 110
1 18 9
344 188 333 324 121 125 311 278 326
1 3 2
176 311
1 1 9
483 315 171 296 417 242 356 70 247
1 2 2
113 199
1 18 9
83 67 343 141 423 410 234 120 397
1 14 7
209 28 426 187 269 486 316
1 16 9
481 120 35 261 410 189 63 119 258
1 5 9
151 24 417 300 187 55 174 408 360
1 13 4
142 456 86 410
1 4 8
172 254 455 207 93 78 286 34
1 16 4
180 191 97 268
1 16 9
270 272 187 206 339 229 310 342 84
1 13 3
440 17 225
1 3 9
75 61 35 161 461 1 209 2 328
1 2 3
96 114 300
1 2 6
241 329 259 382 321 389
1 7 7
172 227 162 372 314 239 302
1 14 8
366 480 450 468 2 484 256 29
1 12 5
185 305 311 483 433
1 20 6
167 22 161 342 190 439
1 11 6
290 158 263 2 205 459
1 4 8
459 327 49 220 1 101 374 237
1 10 6
427 147 28 249 191 157
1 16 10
379 328 203 133 223 67 281 194 324 92
1 8 3
160 450 179
1 19 6
493 248 452 143 37 420
1 4 7
393 17 278 489 293 213 226
1 9 6
275 464 213 477 87 282
1 7 5
22 11 271 454 440
1 6 3
212 404 150
1 13 4
142 277 368 209
1 12 7
256 232 422 340 432 376 184
1 6 6
296 36 95 276 351 201
1 1 9
376 178 429 191 263 398 487 93 141
1 4 9
98 186 454 47 235 369 387 67 127
1 17 9
404 495 366 66 243 204 380 393 192
1 4 4
388 488 328 319
1 17 9
6 337 306 481 123 330 91 76 98
1 4 6
431 460 23 155 355 10
1 16 8
268 491 167 244 280 484 101 453
1 3 6
176 157 365 476 26 38
1 5 10
24 464 19 460 129 267 61 84 385 239
1 11 5
185 43 426 39 479
1 12 5
376 272 448 408 71
1 14 3
401 71 327
1 8 5
321 187 194 417 173
1 17 3
34 154 178
1 20 9
24 444 230 459 90 414 338 477 108
1 12 7
303 337 162 334 230 116 429
1 11 6
21 321 215 112 79 221
1 2 6
330 115 189 343 218 99
1 7 8
176 206 256 422 463 293 165 424
1 20 6
462 121 69 85 190 240
1 18 7
220 156 223 103 5 129 335
1 5 8
296 78 61 479 231 310 96 477
1 15 4
435 407 62 147
1 14 6
252 340 381 88 211 200
1 7 2
309 133
1 6 6
63 218 198 128 135 322
1 18 6
271 126 265 449 461 292
1 12 4
253 13 204 237
1 1 10
161 430 30 223 332 179 389 290 62 262
1 17 6
453 253 121 85 101 397
1 7 3
375 160 52
1 2 4
188 33 364 275
1 3 10
362 478 102 133 281 160 1 37 355 328
1 17 10
470 262 309 459 483 387 116 265 289 159
1 7 7
2 314 263 471 58 427 138
1 6 2
89 168
1 8 4
94 25 342 193
1 9 8
159 427 9 66 38 389 94 96
1 1 7
419 266 363 154 342 370 236
1 9 5
213 358 218 462 207
1 7 4
466 477 191 363
1 9 7
156 125 10 81 302 240 254
1 8 3
421 1 143
1 6 10
489 94 49 334 165 101 475 331 460 120
1 15 4
264 21 397 206
1 1 2
312 319
1 6 8
392 495 86 414 332 379 214 273
1 8 6
119 29 222 461 355 111
1 18 4
453 468 284 244
1 3 2
147 455
1 5 8
108 349 215 87 383 47 201 155
1 17 6
349 124 119 26 164 260
1 11 3
157 162 108
1 18 3
482 493 169
1 17 4
56 270 3 82
1 10 2
166 101
1 16 2
325 312
1 9 5
442 94 88 474 294
1 3 7
158 485 460 428 59 251 422
1 2 3
61 54 148
1 18 3
44 226 180
1 15 3
496 262 329
1 1 4
66 16 120 245
1 18 4
317 323 114 156
1 14 4
183 419 253 300
1 4 8
461 18 236 481 334 339 301 123
1 12 8
366 436 179 22 76 200 464 486
1 7 7
199 36 74 235 333 368 59
1 11 9
163 196 418 365 357 369 488 486 47
1 13 5
392 225 418 421 172
1 15 9
178 29 202 434 22 98 499 221 150
1 11 4
138 75 0 28
1 11 7
340 38 181 136 101 278 97
1 18 9
270 328 64 350 396 133 166 440 316
1 15 5
383 467 349 265 26
1 12 7
57 219 273 237 399 346 54
1 9 3
62 60 42
1 8 7
158 36 202 239 258 2 237
1 6 10
417 393 228 5 203 138 358 167 173 296
1 8 5
403 134 123 342 206
1 16 5
235 151 14 283 392
1 9 8
138 96 1 164 450 7 148 197
1 4 7
25 230 303 254 179 284 76
1 8 9
166 340 255 36 164 467 0 218 392
1 12 2
290 192
1 2 9
250 346 461 433 269 379 338 224 360
1 19 4
154 440 128 99
1 16 9
100 223 131 306 461 38 304 153 112
1 19 7
147 183 27 407 114 286 171
1 3 10
493 320 385 395 432 179 420 259 123 275
1 20 8
328 353 352 242 104 395 332 101
1 16 8
228 472 32 7 422 315 351 430
1 5 8
97 339 440 237 54 267 234 305
1 18 6
218 256 357 391 499 121
1 18 6
41 177 409 202 115 225
1 17 9
233 16 342 23 45 200 401 338 447
1 20 5
200 233 96 249 212
1 6 5
222 357 136 455 217
1 11 2
339 126
1 10 4
236 431 23 464
1 14 8
253 448 348 317 163 132 215 327
1 9 6
217 2 492 254 274 16
1 5 6
306 70 325 270 359 448
1 10 6
213 389 484 100 59 397
1 10 10
164 395 281 416 254 344 433 289 123 360
1 20 7
485 50 229 223 479 156 24
1 15 7
1 287 197 26 268 248 51
1 6 10
168 14 445 339 443 440 171 488 68 404
1 3 7
116 217 276 426 151 241 317
1 11 4
431 315 404 122
1 11 2
18 494
1 14 8
208 251 457 498 56 26 19 469
1 5 7
156 182 260 457 70 194 241
1 4 8
392 31 306 381 173 90 240 178
1 19 7
142 129 96 301 251 64 464
1 5 6
460 496 21 26 79 10
1 2 3
397 447 456
1 13 6
187 67 451 491 18 399
1 15 3
319 476 56
1 3 5
440 176 325 327 165
1 11 6
212 488 254 168 410 196
1 10 6
229 269 290 368 248 81
1 5 7
432 410 74 9 67 105 438
1 14 3
180 354 152
1 18 2
66 330
1 6 2
382 422
1 7 7
46 10 193 421 298 411 334
1 16 5
105 75 192 127 156
1 6 9
294 16 330 197 441 74 214 11 33
1 3 10
271 86 13 188 334 431 5 280 387 208
1 13 8
348 190 117 207 261 231 317 192
1 8 3
270 177 430
1 3 2
349 55
1 9 7
4 491 45 10 485 349 354
1 3 7
480 9 384 349 474 404 190
1 1 7
137 125 245 484 133 210 188
1 9 6
56 30 356 224 71 163
1 8 2
158 23
1 18 2
219 286
1 12 2
243 21
1 19 10
133 82 498 435 141 36 417 273 176 482
1 15 7
34 97 17 456 451 286 109
1 6 8
163 105 462 455 481 254 107 399
1 8 9
304 213 359 224 249 223 248 274 467
1 13 7
369 46 410 142 110 224 391
1 6 7
369 347 84 442 42 154 465
1 19 6
430 179 292 199 196 438
1 19 5
117 55 120 457 296
1 12 7
243 193 342 5 130 399 424
1 3 8
61 39 142 260 69 164 113 156
1 9 9
255 293 110 478 290 292 206 333 91
1 19 8
185 159 48 7 409 111 259 328
1 5 6
287 299 290 209 435 103
1 1 6
89 53 50 14 10 392
1 13 6
247 173 135 3 377 360
1 14 2
4 195
1 1 6
199 468 421 461 87 129
1 2 4
76 101 495 384
1 19 2
150 135
1 20 9
353 225 342 310 339 260 450 176 320
1 4 4
180 291 287 477
1 9 3
351 474 461
1 10 3
135 377 23
1 16 5
112 105 213 8 62
1 18 8
106 174 294 371 451 194 380 320
1 11 6
197 187 405 46 143 306
1 13 7
262 181 373 34 240 249 207
1 15 5
136 164 375 335 298
1 5 8
131 294 116 319 272 337 299 365
1 1 7
27 325 315 129 429 332 396
1 4 9
378 319 435 284 27 402 409 398 437
1 4 4
410 264 448 471
1 19 8
320 114 270 230 489 256 154 115
1 3 7
162 151 313 257 254 249 279
1 14 4
459 214 370 23
1 18 9
64 49 233 28 12 163 328 241 406
1 7 5
499 303 415 60 304
1 16 5
394 278 169 12 427
1 9 10
148 186 177 361 260 170 303 174 431 366
1 12 2
281 449
1 17 5
196 421 256 431 9
1 15 2
98 111
1 6 8
176 333 78 219 104 164 399 346
1 19 2
13 14
1 7 3
404 420 303
1 5 10
156 325 335 49 120 233 254 301 304 117
1 20 5
301 418 181 104 381
1 1 9
195 306 269 6 167 476 46 192 74
1 4 8
295 269 496 370 481 334 382 414
1 4 3
317 171 397
1 14 8
293 383 155 248 178 433 103 475
1 13 6
116 75 374 33 251 288
1 17 10
203 91 19 121 133 63 27 213 457 221
1 1 4
229 228 290 476
1 13 4
469 44 422 378
1 14 2
88 121
1 1 7
144 59 266 196 252 247 421
1 10 2
184 304
1 2 3
266 369 325
1 17 3
371 291 267
1 13 6
62 282 453 245 416 225
1 12 10
154 450 389 270 314 401 321 327 490 475
1 4 4
153 12 53 462
1 9 9
141 65 495 33 298 339 229 87 306
1 11 8
287 143 124 392 63 102 496 197
1 8 8
393 412 423 48 447 171 351 11
1 13 3
348 94 351
1 16 5
123 174 210 231 4
1 19 6
406 271 198 250 483 388
1 4 2
255 437
1 6 6
390 452 59 269 236 313
1 4 2
224 212
1 14 9
360 61 122 37 2 13 143 225 217
1 19 3
420 103 132
1 20 7
394 406 149 21 247 312 410
1 19 6
241 286 247 276 368 418
1 11 10
58 48 100 498 424 456 231 193 33 438
1 16 5
171 416 59 207 444
1 8 3
386 292 105
1 16 5
261 459 365 188 185
1 7 5
353 9 290 434 197
1 1 3
387 290 466
1 9 7
484 123 210 342 197 418 266
1 2 6
40 179 232 152 425 377
1 10 6
189 327 401 465 91 225
1 7 4
163 407 80 289
1 9 6
445 441 81 278 100 472
1 18 9
444 248 228 108 339 198 372 46 104
1 12 2
146 179
1 3 2
124 31
1 16 3
323 443 377
1 6 9
322 301 275 491 167 402 134 86 463
1 1 10
372 193 292 165 363 448 187 72 428 188
1 16 10
298 397 301 173 376 360 479 393 152 84
1 15 2
206 224
1 5 2
214 41
1 1 8
81 482 307 12 324 319 498 362
1 4 7
476 215 117 149 206 128 403
1 19 6
469 482 441 332 285 238
1 2 9
97 53 304 228 243 108 165 59 226
1 2 6
234 316 488 339 341 180
1 15 8
226 386 436 447 468 93 293 178
1 18 7
477 273 267 210 480 73 418
1 8 10
162 319 229 126 91 480 417 267 148 416
1 1 5
256 133 29 424 76
1 1 10
442 200 335 383 388 435 378 310 70 321
1 13 9
137 342 344 229 50 67 117 216 122
1 18 3
16 262 438
1 14 5
384 376 352 102 82
1 3 10
72 396 443 154 268 440 400 213 156 20
1 9 4
212 76 173 133
1 9 3
378 443 386
1 16 9
284 56 280 234 404 2 36 326 365
1 12 9
301 373 255 292 228 6 183 280 22
1 20 4
106 77 445 73
1 15 8
93 97 111 295 98 21 356 316
1 7 5
155 424 60 83 42
1 16 8
101 226 479 201 324 146 133 312
1 13 9
233 419 231 159 25 314 43 228 128
1 11 8
91 437 79 34 167 173 419 414
1 20 3
12 327 350
1 13 3
412 15 485
1 18 6
69 53 144 303 409 252
1 6 7
169 360 95 71 238 222 239
1 4 3
35 318 402
1 12 6
119 99 205 10 492 3
1 2 2
54 137
1 5 4
6 42 187 154
1 4 5
75 275 495 123 465
1 12 3
177 287 85
1 7 9
415 18 129 135 73 336 144 402 31
1 18 9
83 248 293 436 268 245 371 489 389
1 16 9
66 270 24 418 73 224 386 96 322
1 20 5
426 174 232 147 276
1 18 7
240 46 80 477 47 338 48
1 14 3
14 290 266
1 19 5
379 467 1 164 265
1 18 8
325 31 392 477 222 115 188 176
1 16 6
228 21 392 165 263 428
1 16 6
415 140 95 12 114 94
1 10 4
271 444 142 209
1 19 7
349 124 408 245 118 360 393
1 11 6
257 91 371 181 51 443
1 10 8
63 341 296 149 51 334 174 427
1 9 7
390 305 341 108 216 86 398
1 14 3
185 318 469
1 15 7
147 175 60 108 200 260 3
1 18 7
157 486 231 342 339 365 203
1 17 2
289 327
1 9 2
254 260
1 10 4
241 450 423 85
1 20 7
230 336 329 130 122 398 150
1 3 5
55 112 20 406 204
1 14 8
107 337 444 41 201 482 97 224
1 5 4
120 151 431 370
1 17 8
65 173 163 491 281 496 274 91
1 18 6
294 91 409 316 232 175
1 3 8
391 333 107 368 350 227 209 363
1 19 8
194 409 54 85 238 377 395 292
1 2 7
438 236 341 282 199 451 152
1 5 4
303 292 412 134
1 4 3
192 43 65
1 5 3
362 300 398
1 10 4
453 28 128 352
1 19 8
399 485 459 163 425 490 153 76
1 5 3
466 105 305
1 10 10
221 437 378 262 117 285 499 6 198 316
1 15 10
297 195 274 384 106 102 276 165 44 51
1 19 9
413 115 268 229 348 5 265 418 190
1 12 2
336 494
1 18 3
377 72 235
1 15 10
161 54 305 169 495 419 146 50 120 358
1 4 4
72 376 458 103
1 4 6
256 338 75 379 489 309
1 7 6
458 180 293 69 117 340
1 13 10
304 55 485 34 256 199 213 9 58 422
1 1 6
478 199 484 451 308 234
1 4 9
151 430 304 486 211 476 80 321 260
1 13 6
18 148 48 424 108 151
1 3 4
93 224 202 250
1 19 6
44 234 498 309 353 282
1 1 5
23 338 297 111 87
1 13 4
96 475 255 117
1 12 5
93 170 129 24 26
1 13 3
397 275 297
1 13 5
58 465 442 335 271
1 20 10
311 92 306 336 204 166 360 337 460 90
1 8 7
383 77 220 490 223 233 286
1 13 7
291 183 120 370 387 411 480
1 16 9
207 87 261 429 314 97 108 220 64
1 7 8
53 261 192 248 203 102 436 350
1 12 2
79 124
1 15 2
493 208
1 16 7
306 183 14 354 205 102 191
1 13 6
199 440 142 23 181 222
1 20 3
62 438 280
1 10 9
407 155 46 314 74 382 247 290 139
1 16 10
354 355 149 273 293 291 327 162 445 220
1 18 6
460 93 347 16 381 237
1 6 10
30 236 91 100 331 411 76 349 92 84
1 13 10
60 441 244 384 459 447 204 493 423 34
1 14 3
379 498 167
1 10 10
355 139 62 141 26 481 420 479 336 202
1 7 2
6 74
1 2 9
380 330 0 104 150 117 71 157 340
1 8 3
154 204 66
1 6 10
88 495 370 3 103 150 366 50 124 197
1 9 2
467 344
1 19 8
352 328 137 139 280 237 350 6
1 12 3
201 163 371
1 16 6
469 433 172 1 82 460
1 3 3
473 346 347
1 5 2
129 229
1 14 7
322 471 238 436 262 333 284
1 6 9
285 310 242 448 144 355 290 377 134
1 8 9
422 344 96 177 73 157 393 218 420
1 17 2
488 82
1 19 4
122 329 67 192
1 18 10
104 44 211 35 403 318 12 216 451 391
1 14 3
58 235 322
1 3 10
52 77 422 440 222 255 499 133 82 300
1 14 3
332 259 415
1 2 8
327 238 463 95 43 391 325 42
1 18 2
466 54
1 15 10
87 39 69 54 112 206 385 416 485 142
1 9 5
416 448 230 487 209
1 20 10
34 381 83 422 261 31 239 188 451 388
1 20 2
319 257
1 15 2
79 117
1 20 6
468 53 435 180 375 313
1 18 4
463 311 445 2
1 15 5
474 291 464 365 41
1 8 4
350 212 151 50
1 13 5
467 145 94 376 384
1 9 3
452 9 40
1 8 7
100 292 467 163 398 453 459
1 3 3
283 216 141
1 19 7
298 328 426 389 364 264 379
1 7 6
168 201 18 377 21 72
1 19 10
188 386 436 224 14 207 381 450 440 428
1 10 5
222 50 399 19 228
1 8 9
382 263 12 19 153 278 289 110 492
1 9 8
147 107 28 111 60 306 248 16
1 13 2
267 187
1 6 3
257 498 261
1 14 7
342 29 32 471 465 194 150
1 2 2
170 388
1 9 9
262 123 237 119 278 389 337 172 218
1 9 3
195 383 477
1 15 4
82 226 219 37
1 19 7
326 416 443 434 389 431 85
1 4 7
95 406 297 323 241 28 312
1 2 3
175 494 412
1 14 8
70 32 393 29 441 80 443 381
1 5 10
195 482 199 17 420 153 470 375 16 363
1 7 4
220 201 159 449
1 17 6
357 444 8 493 40 460
1 6 5
199 340 329 80 137
1 12 8
499 185 90 485 367 350 194 285
1 8 10
492 329 106 394 300 123 360 353 496 90
1 11 5
262 226 153 53 310
1 11 7
22 39 411 376 377 278 449
1 2 5
39 63 439 479 499
1 6 9
372 113 47 471 239 403 391 48 15
1 12 9
80 78 243 82 279 373 64 385 342
1 2 6
334 280 289 214 439 35
1 6 3
94 497 192
1 12 6
498 129 17 217 242 175
1 11 2
124 375
1 1 5
402 306 394 176 363
1 12 5
483 280 258 121 196
1 3 2
309 291
1 12 7
82 466 490 457 148 52 51
1 5 9
371 330 276 288 428 57 59 195 113
1 16 8
64 222 374 268 208 494 320 489
1 18 5
366 385 108 327 64
1 6 9
448 58 61 86 427 48 302 308 183
1 4 4
62 299 188 442
1 20 8
498 21 315 375 208 119 83 132
1 11 7
416 494 312 330 283 453 230
1 4 8
141 124 437 177 493 332 120 170
1 9 9
366 194 251 468 258 443 295 217 367
1 15 5
205 216 110 305 330
1 3 2
55 205
1 6 8
227 442 426 351 398 385 202 274
1 4 10
496 310 435 221 135 201 404 75 411 455
1 1 9
257 290 172 206 493 264 31 211 463
1 15 6
336 436 74 445 260 487
1 12 3
366 491 385
1 13 3
211 236 403
1 20 2
141 10
1 5 2
336 472
1 7 5
223 492 427 466 163
1 8 3
58 182 104
1 9 3
224 445 165
1 1 2
391 113
1 5 6
59 373 433 454 138 40
1 5 5
310 196 38 106 450
1 12 7
32 106 155 418 8 336 453
1 7 8
66 249 181 324 361 443 104 381
1 15 7
356 63 250 298 0 408 95
1 5 6
34 408 134 81 267 244
1 1 10
73 407 23 455 104 483 110 30 62 170
1 4 4
15 332 135 52
1 14 10
139 94 118 388 107 165 441 326 269 314
1 19 5
430 264 463 189 46
1 15 4
24 206 14 369
1 6 3
78 5 378
1 13 4
228 358 371 34
1 6 4
333 314 454 288
1 14 6
387 235 175 38 76 441
1 18 7
318 235 336 418 310 140 166
1 20 4
245 75 216 163
1 2 8
343 55 223 419 80 364 388 81
1 18 2
405 18
1 15 8
9 410 383 486 279 39 317 146
1 2 2
315 103
1 9 3
278 453 334
1 4 8
483 138 162 64 273 190 169 416
1 7 2
378 390
1 7 10
106 470 274 279 339 90 426 441 207 348
1 17 7
6 216 309 46 486 281 451
1 13 6
426 318 499 430 155 392
1 10 2
148 291
1 17 5
287 284 392 340 16
1 3 10
160 23 253 83 58 141 264 365 314 186
1 9 6
383 268 115 131 477 406
1 4 5
328 125 345 384 167
1 12 5
61 288 75 162 263
1 11 8
35 224 329 66 14 154 155 411
1 10 3
27 410 214
1 13 5
5 480 385 393 415
1 13 10
174 23 193 283 425 293 281 438 69 416
1 20 9
31 9 311 3 205 410 285 125 185
1 16 8
216 333 51 136 63 11 26 357
1 8 4
34 355 418 142
1 9 5
159 369 355 282 439
1 17 7
132 259 459 38 77 498 469
1 20 8
223 277 474 372 415 155 326 350
1 6 3
331 313 460
1 16 2
133 278
1 3 9
103 314 211 470 488 474 324 399 466
1 8 4
255 35 216 118
1 8 5
34 235 254 458 482
1 17 6
240 336 358 15 385 450
1 1 10
478 230 336 310 237 228 268 459 214 213
1 7 7
292 447 420 350 120 151 183
1 13 7
478 461 487 433 495 252 445
1 12 6
143 388 119 111 155 42
1 2 3
139 105 458
1 1 4
179 228 457 383
1 14 4
40 7 228 368
1 11 5
145 377 17 276 458
1 6 6
8 116 309 181 125 341
1 3 5
325 273 489 311 298
1 11 10
253 103 454 111 301 0 85 347 164 61
1 11 9
365 122 219 440 78 13 359 324 472
1 10 6
371 405 184 35 267 338
1 8 9
96 109 260 47 299 135 229 380 420
1 15 3
169 200 155
1 18 7
64 26 454 383 359 319 300
1 6 10
242 314 105 263 374 74 55 145 183 197
1 12 4
138 56 142 351
1 20 7
227 43 291 131 31 310 382
1 6 7
35 430 369 392 373 24 242
1 14 4
287 117 345 135
1 7 8
271 63 273 34 346 137 152 25
1 5 3
192 77 436
1 18 10
454 356 137 445 214 420 138 178 201 428
1 8 9
29 51 368 122 31 389 276 263 271
1 11 9
78 63 112 54 248 156 114 339 458
1 12 2
332 376
1 7 2
86 14
1 7 7
456 226 182 28 299 169 220
1 10 7
352 195 212 138 150 84 198
1 15 3
85 20 299
1 13 9
395 450 156 278 498 476 401 134 118
1 2 3
399 339 239
1 18 9
321 488 391 286 400 40 96 100 8
1 4 2
325 399
1 5 6
260 271 162 439 82 59
1 18 4
227 205 157 35
1 19 4
36 398 4 228
1 10 7
149 69 343 368 286 115 362
1 10 4
8 262 498 472
1 16 3
37 285 168
1 20 4
475 249 95 384
1 17 10
287 134 87 61 181 171 12 4 244 290
1 6 2
137 143
1 17 8
455 223 491 428 420 437 148 73
1 4 9
463 182 455 379 7 89 434 103 322
1 13 9
455 467 11 286 227 369 18 1 116
1 19 8
412 254 95 416 410 150 231 83
1 16 8
406 236 452 183 431 292 496 135
1 8 5
441 254 358 345 387
1 6 9
165 258 107 418 45 80 374 416 297
1 12 6
67 318 429 47 487 404
1 2 10
127 355 57 241 306 336 318 219 213 174
1 15 10
466 462 53 410 400 354 373 167 403 8
1 18 9
347 182 148 130 432 245 305 124 219
1 12 4
480 78 283 171
1 17 4
255 481 136 320
1 15 8
396 49 80 339 102 274 471 312
1 14 5
323 239 291 465 420
1 16 10
155 343 83 158 271 159 54 94 426 56
1 11 10
195 284 461 115 179 307 290 437 42 94
1 18 2
388 342
1 17 6
42 271 70 310 207 34
1 20 6
311 120 5 455 37 124
1 11 7
228 484 356 377 295 426 438
1 14 6
35 153 63 311 54 300
1 13 2
294 216
1 18 8
256 456 219 359 480 345 303 489
1 14 10
391 499 234 125 109 473 271 403 218 360
1 6 5
112 61 482 104 397
1 3 7
328 376 162 330 473 78 331
1 7 2
117 364
1 15 8
279 375 269 371 192 443 53 61
1 7 10
223 262 169 160 255 447 379 476 278 27
1 18 6
168 186 117 440 155 269
1 1 5
0 61 201 415 113
1 11 4
51 14 133 113
1 19 6
401 3 64 482 55 34
1 3 10
188 410 275 417 295 40 28 62 88 95
1 3 10
208 274 308 356 44 419 266 494 257 57
1 1 5
84 219 358 486 324
1 12 8
20 305 289 488 129 499 423 457
1 7 9
73 58 95 153 225 493 168 470 67
1 6 2
217 174
1 9 6
28 354 52 486 369 145
1 9 6
143 228 457 41 36 185
1 6 9
9 431 172 415 432 354 81 344 117
1 17 4
329 133 236 411
1 17 5
315 283 458 187 469
1 2 8
111 321 318 152 426 452 431 473
1 7 7
383 193 21 4 281 401 119
1 8 4
163 199 469 74
1 10 7
250 401 335 52 293 12 392
1 16 7
313 140 107 97 264 154 78
1 14 5
22 135 496 424 300
1 12 6
346 318 324 122 399 385
1 10 3
483 14 110
1 14 9
298 238 460 96 358 167 6 182 272
1 2 10
130 464 146 240 427 347 96 429 492 386
1 7 6
158 469 224 262 99 44
1 12 4
487 489 445 5
1 15 10
94 119 227 293 14 335 318 410 69 436
1 16 8
8 352 118 45 109 56 293 391
1 8 3
167 72 399
1 17 4
245 422 420 131
1 9 2
463 87
1 12 5
126 78 303 405 151
1 1 2
304 239
1 15 7
149 439 378 496 224 106 7
1 1 10
71 339 376 452 147 163 90 256 340 346
1 6 9
59 54 380 195 373 11 109 206 173
1 14 10
74 400 226 92 467 342 266 229 267 100
1 1 2
422 71
1 17 3
192 117 301
1 14 3
316 307 240
1 16 5
121 475 371 174 55
1 19 9
23 247 188 288 44 110 57 276 112
1 11 4
297 3 382 9
1 17 3
377 3 54
1 16 8
478 388 171 15 479 36 188 117
1 8 10
451 467 22 289 125 24 390 102 495 325
1 4 7
80 120 136 55 353 231 128
1 18 7
114 67 334 288 129 107 315
1 9 10
21 474 411 63 139 391 69 81 217 259
1 1 8
313 405 31 61 53 345 194 396
1 1 10
302 446 154 299 279 375 249 277 283 229
1 5 6
115 395 202 40 383 449
1 17 4
216 83 10 45
1 7 10
192 381 479 122 399 32 195 348 275 208
1 19 3
105 340 161
1 9 3
4 7 91
1 18 8
414 260 124 274 392 313 194 284
1 14 9
135 15 275 247 98 283 168 163 421
1 1 9
288 9 466 376 367 420 439 295 474
1 5 8
282 144 146 222 218 473 221 242
1 16 5
38 474 61 16 182
1 5 6
215 221 307 309 245 464
1 15 7
356 104 412 460 71 413 357
1 6 4
389 177 393 139
1 10 8
117 475 457 107 30 239 247 5
1 17 9
246 122 446 475 400 381 222 463 21
1 4 3
296 372 87
1 5 8
201 249 226 164 191 498 427 246
1 13 7
472 221 260 5 408 184 155
1 14 5
93 254 308 369 171
1 4 7
358 274 30 288 252 374 451
1 9 10
244 41 227 305 179 437 26 400 236 414
1 4 9
307 189 55 359 475 84 488 364 400
1 6 2
50 313
1 3 4
395 131 383 155
1 2 8
414 302 418 108 144 485 445 183
1 11 2
479 439
1 9 2
82 127
1 1 9
468 11 472 451 101 409 204 317 490
1 8 10
255 71 373 418 492 432 173 428 89 179
1 20 6
79 301 183 80 342 397
1 8 2
92 330
1 12 10
346 218 150 300 65 199 128 426 132 213
1 9 7
372 170 298 129 219 164 234
1 9 7
354 491 460 17 280 169 406
1 1 4
426 217 21 396
1 13 9
7 466 418 313 295 92 16 270 375
1 10 10
125 477 268 138 413 211 1 13 12 479
1 3 5
100 377 297 1 96
1 13 9
159 275 432 466 384 40 332 224 55
1 12 5
289 387 93 268 224
1 12 9
480 462 233 161 118 46 146 466 33
1 11 10
274 1 265 314 389 131 368 11 128 212
1 11 2
402 385
1 11 9
159 196 376 330 399 179 40 46 21
1 20 6
281 47 413 105 157 238
1 13 6
371 231 444 92 204 279
1 9 7
379 402 71 305 368 282 91
1 12 4
446 357 83 74
1 16 7
88 314 44 161 269 68 111
1 2 6
275 122 444 363 412 26
1 15 5
37 245 60 132 5
1 6 10
416 182 105 161 91 76 67 473 68 48
1 12 7
411 191 77 186 476 28 30
1 11 3
194 55 466
1 16 7
267 211 137 388 77 393 105
1 10 5
195 405 456 380 124
1 12 4
164 361 117 29
1 8 7
178 397 102 164 350 37 494
1 17 6
358 262 455 466 350 16
1 16 9
352 241 185 373 486 91 442 425 127
1 12 2
391 227
1 16 2
375 265
1 1 8
466 370 110 22 196 255 464 249
1 15 5
52 463 383 26 61
1 8 6
42 414 285 386 64 153
1 18 4
399 312 151 150
1 5 5
227 292 427 78 366
1 4 9
411 229 203 117 356 483 237 471 174
1 5 6
327 42 480 340 446 72
1 20 6
198 263 456 355 103 287
1 16 7
419 439 108 200 317 451 246
1 3 8
173 392 239 424 137 422 341 217
1 15 10
388 45 225 312 344 43 394 27 251 424
1 7 10
441 425 306 405 12 295 30 162 84 157
1 1 6
210 85 432 430 299 414
1 8 10
115 370 178 221 443 131 424 20 96 446
1 16 10
35 385 50 339 298 335 370 161 107 285
1 3 6
342 454 133 276 124 341
1 15 3
178 162 329
1 7 4
136 2 93 106
1 8 8
203 224 252 199 227 359 378 266
1 16 4
350 285 163 110
1 1 10
101 222 230 65 301 157 217 105 44 415
1 7 2
53 304
1 1 5
310 158 220 147 411
1 12 9
428 125 292 174 69 344 479 142 334
1 7 4
306 8 77 34
1 11 4
229 463 163 169
1 20 5
98 127 358 76 499
1 14 6
160 380 220 472 83 2
1 12 4
475 206 170 127
1 1 7
63 377 81 303 275 280 467
1 19 5
477 250 298 320 444
1 14 7
355 39 61 379 215 431 461
1 4 2
72 74
1 7 9
453 121 391 54 134 2 224 399 383
1 18 5
75 102 290 59 253
1 4 5
484 286 489 164 334
1 5 10
124 444 297 141 254 276 206 0 405 19
1 2 4
346 251 103 113
1 19 6
478 416 51 293 78 332
1 5 5
316 206 346 220 228
1 16 8
462 60 315 35 179 378 160 136
1 19 8
0 326 97 212 239 486 329 218
1 17 9
290 383 155 344 427 58 453 126 303
1 2 7
368 285 477 42 420 395 449
1 13 10
179 133 343 16 311 488 365 436 101 125
1 12 3
437 498 480
1 10 5
244 230 144 24 362
1 9 7
485 351 136 354 158 497 331
1 2 8
312 170 123 168 230 476 158 277
1 15 3
137 113 499
1 5 8
488 232 15 214 477 128 271 462
1 12 6
242 137 461 276 421 481
1 2 9
214 46 66 320 297 127 216 117 399
1 5 10
83 161 126 235 482 75 125 373 396 114
1 15 6
23 418 14 91 434 206
1 10 6
367 160 45 490 57 52
1 15 4
414 486 319 164
1 12 3
248 241 364
1 10 2
277 289
1 6 9
438 137 271 283 215 119 222 300 323
1 5 6
154 340 287 227 207 437
1 1 2
35 54
1 2 4
239 335 313 307
1 10 10
404 175 241 117 387 357 369 138 190 57
1 14 3
105 499 241
1 7 4
447 223 407 157
1 11 5
40 447 419 374 446
1 18 4
39 235 338 481
1 19 2
233 52
1 5 7
124 328 440 265 477 233 66
1 11 2
457 265
1 4 5
69 155 424 487 144
1 11 5
296 20 352 91 67
1 15 6
396 216 306 390 259 462
1 1 9
422 43 454 319 17 365 138 118 119
1 19 9
413 123 418 204 409 237 380 107 30
1 13 3
176 239 448
1 11 6
352 290 456 111 5 421
1 15 2
290 322
1 19 3
69 155 96
1 16 5
402 329 487 266 296
1 9 2
434 344
1 3 4
124 458 393 133
1 15 3
361 409 202
1 17 7
63 394 426 192 309 153 314
1 18 2
3 227
1 11 7
351 187 468 47 152 6 424
1 16 4
495 306 389 64
1 1 8
140 387 162 354 15 289 313 145
1 17 6
87 483 300 381 442 374
1 7 3
409 261 230
1 12 3
309 467 35
1 4 6
76 467 367 1 265 156
1 16 10
99 94 77 41 432 133 231 382 480 399
1 10 7
330 481 83 198 213 281 498
1 13 3
422 200 194
1 12 8
91 24 284 478 75 312 372 346
1 13 10
491 76 187 103 79 100 66 58 390 448
1 16 2
347 493
1 13 8
310 217 223 388 172 261 492 114
1 20 5
80 360 265 3 245
1 14 3
57 308 178
1 10 9
214 472 112 70 493 80 434 78 473
1 9 8
350 411 256 180 407 170 10 268
1 5 3
220 144 293
1 15 7
328 79 6 99 42 147 238
1 13 5
304 444 469 73 239
1 2 10
327 498 239 254 450 179 411 429 473 267
1 5 9
429 283 498 367 151 217 420 73 30
1 3 8
156 267 268 257 209 323 430 112
1 13 3
50 194 379
1 16 8
114 91 278 479 256 277 433 295
1 12 9
352 121 468 43 36 475 229 39 401
1 2 2
151 240
1 3 7
152 377 65 285 326 247 288
1 19 6
261 363 218 94 21 484
1 19 10
51 178 339 462 334 389 484 382 42 438
1 4 3
284 88 373
1 8 10
186 345 124 421 200 295 304 264 237 251
1 11 10
396 144 132 265 399 413 108 213 322 389
1 2 9
89 91 51 237 347 299 2 172 190
1 8 3
209 230 296
1 2 5
123 169 49 270 264
1 4 2
16 251
1 17 8
168 201 366 170 81 486 447 450
1 15 6
410 151 156 113 328 271
1 6 4
264 242 224 431
1 19 9
320 196 54 401 108 8 253 499 87
1 17 10
194 460 426 94 139 209 289 49 303 355
1 7 2
61 231
1 14 9
97 184 492 81 238 323 30 319 408
1 9 4
385 315 291 474
1 4 5
190 269 123 236 177
1 19 3
458 330 230
1 3 3
90 38 247
1 10 3
17 298 183
1 13 10
457 443 124 2 134 319 228 408 261 208
1 15 7
445 288 468 304 159 181 389
1 10 10
461 278 148 89 165 188 318 239 497 441
1 6 9
223 24 468 360 361 60 204 316 13
1 6 9
62 203 459 402 174 31 247 222 188
1 6 8
250 113 165 460 64 430 439 200
1 14 4
440 204 37 378
1 11 5
448 26 42 433 15
1 15 6
460 214 475 38 194 217
1 5 4
326 241 65 432
1 10 2
141 210
1 18 3
223 94 123
1 9 4
289 225 0 427
1 16 2
6 419
1 3 6
143 255 199 454 194 414
1 9 9
398 389 484 87 127 125 163 463 394
1 10 4
350 296 396 157
1 1 6
428 348 98 108 32 33
1 12 7
84 455 271 311 376 18 203
1 5 3
128 220 35
1 13 9
254 425 217 446 304 482 72 193 279
1 10 3
10 450 128
1 16 7
182 286 59 280 146 224 372
1 10 7
250 199 321 441 349 226 38
1 5 2
265 33
1 5 10
383 151 429 294 39 20 346 452 197 166
1 20 8
102 465 459 314 297 0 410 385
1 20 4
184 347 257 414
1 20 2
347 363
1 6 2
337 498
1 2 3
57 273 496
1 19 4
478 491 186 219
1 8 2
296 32
1 9 6
206 263 135 477 288 346
1 4 2
273 369
1 12 9
41 62 262 480 294 385 374 204 361
1 19 3
422 50 18
1 6 5
381 469 159 357 143
1 20 10
266 285 345 20 80 287 369 392 8 11
1 6 9
90 76 214 147 335 448 278 157 498
1 12 2
248 154
1 18 2
162 54
1 9 8
479 214 422 363 360 289 210 394
1 1 3
254 399 339
1 18 5
40 151 147 101 35
1 14 5
144 172 139 219 440
1 8 10
380 308 298 100 426 319 404 93 338 376
1 11 5
474 487 425 435 257
1 19 5
167 362 250 352 347
1 13 3
491 103 337
1 20 3
302 95 138
1 9 3
292 217 374
1 12 5
256 41 168 386 466
1 20 8
275 422 399 108 471 260 473 348
1 12 10
3 419 429 199 13 462 364 309 330 442
1 5 2
404 387
1 5 5
260 22 52 403 300
1 3 4
78 365 119 364
1 20 3
458 148 151
1 2 3
493 421 105
1 16 7
151 300 440 327 134 22 422
1 13 6
110 18 392 190 146 215
1 20 4
421 435 8 259
1 8 3
440 129 100
1 15 10
105 224 362 486 490 320 414 410 397 419
1 19 6
141 280 243 103 276 383
1 6 3
137 191 149
1 20 8
167 175 18 165 88 151 428 470
1 2 6
495 122 134 65 76 421
1 16 10
267 81 214 431 273 134 200 152 8 394
1 12 8
187 306 378 7 415 343 374 125
1 9 2
447 448
1 3 10
383 362 27 68 382 386 72 120 65 381
1 5 2
373 45
1 10 8
452 131 419 197 418 142 362 146
1 3 7
206 357 311 451 180 142 173
1 16 5
397 311 442 151 102
1 5 6
91 137 54 27 195 353
1 12 2
120 41
1 10 7
452 47 299 215 93 470 328
1 12 5
46 433 373 112 105
1 9 3
359 229 85
1 12 3
402 147 466
1 3 5
490 231 112 296 210
1 9 10
319 293 17 429 255 63 260 23 249 401
1 12 9
132 19 144 439 393 61 159 73 180
1 7 4
40 290 321 431
1 17 10
152 269 109 8 263 85 94 166 129 435
1 15 3
333 433 470
1 20 10
230 37 494 166 321 81 316 477 296 338
1 13 8
196 436 37 270 190 447 247 394
1 20 8
334 235 282 483 338 197 66 56
1 16 10
61 431 417 438 150 260 269 98 343 159
1 16 3
144 484 279
1 5 4
153 326 74 87
1 11 3
280 117 111
1 3 4
94 374 301 424
1 10 8
18 189 85 188 287 484 348 80
1 18 10
381 126 432 178 446 495 153 487 137 56
1 12 8
133 35 326 248 269 334 486 107
1 4 2
159 201
1 8 10
15 337 107 111 492 152 39 360 196 417
1 13 2
284 467
1 13 2
438 30
1 5 4
326 462 69 38
1 14 5
34 453 119 148 481
1 20 7
263 113 282 477 226 370 254
1 17 6
28 223 24 424 460 153
1 15 8
347 405 392 236 421 205 167 83
1 10 5
311 91 187 235 45
1 5 7
340 59 356 465 175 285 203
1 7 10
145 158 382 326 38 154 306 370 184 94
1 12 5
361 47 244 299 137
1 9 5
266 12 489 406 235
1 16 4
255 279 226 481
1 16 10
76 349 255 127 139 289 236 16 448 390
1 20 5
342 324 140 149 6
1 5 9
210 239 322 247 75 206 440 299 278
1 2 9
249 270 408 163 427 22 1 85 379
1 19 8
41 460 326 446 93 31 151 55
1 18 7
0 98 279 342 277 251 226
1 7 10
96 347 319 337 191 419 92 334 297 380
1 10 10
405 175 481 160 415 254 476 338 38 9
1 2 8
148 286 273 116 330 348 336 270
1 16 5
273 247 302 204 452
1 6 10
167 471 470 117 262 456 354 454 222 345
1 16 5
13 84 272 370 448
1 14 8
395 227 97 86 142 359 184 394
1 14 9
446 352 98 498 497 175 486 54 7
1 17 6
84 30 179 336 143 388
1 1 8
75 184 208 391 494 492 276 158
1 3 7
328 136 482 113 171 419 200
1 16 9
44 155 32 387 33 114 129 135 53
1 9 10
24 292 339 284 54 193 251 297 5 91
1 20 6
408 49 213 378 377 305
1 6 6
486 269 430 184 411 452
1 13 8
424 194 283 30 312 303 63 315
1 4 4
469 378 401 198
1 3 2
108 86
1 8 3
454 173 183
1 6 2
490 19
1 1 9
79 486 7 282 164 184 51 232 473
1 11 2
495 330
1 4 4
14 213 448 233
1 8 10
427 457 336 463 8 133 310 217 343 395
1 10 2
382 258
1 19 9
401 172 373 269 128 72 313 41 12
1 11 3
402 270 353
1 11 8
344 305 479 129 116 183 363 442
1 17 10
496 205 481 404 382 470 148 346 187 296
1 14 6
118 310 261 448 468 329
1 8 3
40 67 11
1 3 5
491 420 192 184 427
1 8 3
283 139 485
1 14 9
310 300 206 240 316 147 188 339 131
1 3 5
218 206 406 493 16
1 14 10
87 123 95 286 312 42 334 219 365 458
1 2 6
316 469 424 359 445 261
1 8 6
85 73 449 171 133 242
1 11 4
333 415 444 135
1 5 3
293 493 234
1 20 3
135 245 211
1 12 8
471 459 209 430 171 337 475 369
1 1 2
0 228
1 17 8
220 496 295 438 254 88 4 451
1 6 4
360 161 250 383
1 10 4
411 42 245 359
1 7 9
16 123 99 68 202 384 440 199 201
1 18 9
227 499 292 62 471 456 222 137 342
1 14 7
151 368 254 231 330 467 211
1 11 10
286 125 212 473 308 5 292 215 50 310
1 18 9
198 487 287 66 232 167 321 259 459
1 15 4
350 56 159 362
1 18 7
75 310 102 399 74 243 279
1 5 5
15 223 35 376 328
1 15 8
327 86 208 342 155 185 6 445
1 6 4
372 109 52 463
1 7 2
156 410
1 1 8
376 285 159 29 269 453 130 93
1 1 4
355 39 188 391
1 11 3
381 480 462
1 3 2
496 218
1 10 9
162 244 111 154 463 158 389 482 225
1 11 4
302 461 405 371
1 9 10
163 375 371 328 301 418 6 355 148 405
1 3 9
43 245 76 370 296 266 403 314 185
1 7 7
54 14 415 324 254 70 201
1 17 5
145 242 267 331 466
1 15 7
139 242 9 489 266 495 221
1 10 2
415 402
1 5 6
39 173 233 391 1 408
1 19 10
277 36 56 289 202 350 229 453 129 386
1 6 7
448 492 117 370 342 14 209
1 5 9
455 398 468 143 50 318 493 31 421
1 10 4
92 120 119 143
1 8 2
392 458
1 12 4
187 19 129 143
1 1 7
389 385 53 96 35 34 26
1 10 4
342 216 126 421
1 11 7
366 280 425 222 485 424 31
1 3 6
331 420 247 216 140 388
1 6 5
370 135 484 447 436
1 13 2
396 105
1 5 2
188 336
1 11 10
375 196 302 257 335 256 330 445 422 47
1 7 4
256 132 279 428
1 7 7
20 192 61 387 490 359 141
1 20 2
253 494
1 18 10
112 487 155 14 20 409 295 377 356 159
1 20 5
298 413 117 312 334
1 7 6
30 73 421 329 282 262
1 1 8
320 265 64 254 58 411 285 47
1 18 5
1 327 380 121 114
1 5 10
156 105 380 103 60 355 146 357 178 164
1 4 2
450 267
1 9 2
247 451
1 18 4
276 364 300 320
1 18 8
468 324 392 377 305 108 389 443
1 7 7
202 35 276 6 408 140 255
1 9 5
349 357 301 472 51
1 8 10
245 76 316 262 421 286 159 363 343 271
1 1 8
56 102 233 180 444 188 301 452
1 13 10
189 365 417 243 414 47 13 264 220 270
1 6 5
51 125 463 0 410
1 13 2
1 250
1 16 4
235 170 213 207
1 19 4
66 246 401 237
1 2 9
400 471 485 403 399 317 486 194 236
1 3 7
200 110 189 37 194 390 207
1 19 6
80 168 373 269 96 212
1 1 10
343 302 406 492 190 371 433 445 50 438
1 7 8
382 435 119 499 188 278 175 385
1 13 4
484 408 198 14
1 16 8
418 158 399 82 34 359 468 375
1 1 9
52 83 339 32 188 177 27 221 467
1 9 9
4 95 291 164 360 81 399 168 263
1 4 2
334 262
1 16 10
220 450 20 246 107 48 312 256 82 128
1 4 3
356 352 108
1 11 8
264 220 199 8 368 9 279 468
1 9 6
127 67 412 129 461 436
1 17 10
223 144 283 357 412 342 197 50 370 446
1 17 5
405 27 398 272 397
1 17 3
67 263 92
1 15 8
407 318 116 348 223 448 358 465
1 17 8
470 202 36 375 370 199 146 432
1 20 6
230 403 335 121 69 341
1 2 6
186 71 56 151 386 124
1 13 6
326 68 456 428 149 430
1 12 10
320 276 459 30 118 130 330 283 73 344
1 4 8
457 261 246 93 256 8 477 73
1 2 6
41 489 394 432 127 327
1 2 8
313 299 443 307 407 273 423 177
1 2 4
193 30 138 249
1 18 3
94 225 303
1 13 5
0 366 128 473 166
1 16 10
25 484 460 18 468 72 110 261 91 307
1 20 3
338 466 428
1 14 6
256 306 311 53 198 56
1 15 6
398 20 3 345 316 290
1 14 2
457 225
1 9 9
448 104 450 337 284 169 102 325 252
1 16 8
312 156 331 392 415 87 68 427
1 6 4
242 158 82 12
1 15 2
98 491
1 5 8
83 357 323 156 219 405 368 212
1 4 10
150 445 226 461 192 68 338 231 101 384
1 19 8
447 129 355 347 7 416 232 454
1 18 2
238 246
1 15 5
468 330 363 373 414
1 1 8
195 106 79 182 205 172 222 301
1 10 7
410 421 330 454 238 365 422
1 15 7
413 71 254 84 88 167 421
1 6 7
238 164 492 43 358 102 350
1 20 3
491 320 336
1 4 3
328 497 137
1 9 5
293 268 42 163 469
1 4 2
56 268
1 17 10
397 421 10 16 448 184 185 71 414 1
1 11 3
243 241 207
1 20 5
152 154 238 206 280
1 4 8
383 160 269 326 18 13 458 248
1 4 5
348 195 144 479 318
1 11 6
42 266 128 214 115 198
1 18 7
41 317 407 442 64 329 345
1 10 9
83 320 323 295 223 390 358 82 96
1 20 5
444 208 70 450 337
1 7 3
467 200 329
1 19 4
364 242 104 36
1 8 7
272 331 377 114 417 251 341
1 9 5
68 240 452 222 162
1 19 4
60 138 410 282
1 6 4
339 425 18 462
1 1 10
353 385 192 365 39 75 449 79 342 212
1 9 2
52 441
1 20 5
309 437 89 299 480
1 14 3
472 407 323
1 20 8
56 80 121 141 171 111 309 45
1 5 7
396 465 31 340 208 53 467
1 8 2
320 208
1 10 10
70 15 216 146 445 414 458 411 489 478
1 16 5
402 82 295 336 161
1 4 6
257 370 325 300 127 160
1 15 6
125 261 367 400 495 359
1 1 8
297 124 237 342 30 395 89 113
1 18 3
282 212 346
1 18 6
90 210 191 176 312 438
1 18 6
95 238 383 84 244 448
1 5 3
286 27 239
1 11 8
427 359 413 394 77 106 289 92
1 17 10
289 461 364 220 343 210 62 164 269 324
1 16 2
404 221
1 2 10
144 174 440 134 441 154 131 54 65 200
1 11 8
182 318 374 212 105 160 89 23
1 15 4
97 251 481 248
1 16 5
31 424 318 372 189
1 16 3
341 443 408
1 16 4
380 216 7 402
1 1 4
79 37 425 382
1 20 9
368 267 134 359 16 140 172 489 176
1 4 6
124 75 126 343 402 15
1 1 8
424 302 124 425 306 357 314 492
1 10 4
55 43 154 218
1 16 3
36 59 26
1 2 3
92 24 396
1 1 7
126 18 381 19 150 394 235
1 18 4
76 125 121 297
1 6 8
189 33 322 22 159 123 194 453
1 12 4
54 318 407 104
1 12 3
398 315 421
1 4 3
110 13 284
1 16 2
159 401
1 19 10
163 416 328 475 433 455 171 284 306 316
1 20 5
476 314 71 135 124
1 2 5
466 492 348 482 429
1 10 6
90 341 381 74 11 120
1 12 2
153 39
1 8 3
351 356 77
1 8 9
480 42 274 236 276 425 416 475 152
1 5 8
447 5 67 238 87 185 18 234
1 12 9
447 66 498 50 291 142 105 222 227
1 13 2
341 285
1 9 8
461 435 383 26 158 353 349 388
1 9 3
136 411 119
1 14 4
212 99 182 288
1 20 5
320 310 336 285 432
1 11 2
55 110
1 4 10
209 412 183 414 149 114 317 112 243 366
1 9 8
236 384 206 296 420 437 422 25
1 9 3
129 299 151
1 10 9
460 105 164 393 272 220 337 308 162
1 3 4
170 403 470 95
1 5 5
353 69 192 36 339
1 10 2
422 485
1 19 6
460 4 187 343 302 106
1 9 9
230 90 401 491 134 280 197 294 302
1 20 8
473 366 36 364 259 105 242 273
1 3 10
220 9 211 271 408 79 138 439 281 53
1 12 3
32 165 24
1 14 4
213 261 407 332
1 15 7
29 342 11 123 420 99 324
1 8 5
103 422 379 414 486
1 20 2
218 288
1 8 9
449 245 123 286 118 182 290 209 389
1 4 6
226 399 269 247 372 32
1 12 9
217 216 56 392 30 152 369 309 328
1 7 7
258 154 169 444 179 215 489
1 20 3
243 24 281
1 15 3
474 228 116
1 12 10
63 58 23 391 489 235 492 384 258 33
1 6 2
469 372
1 13 10
472 257 66 451 83 350 338 77 254 422
1 20 5
237 180 8 413 354
1 12 4
292 180 359 494
1 2 4
142 385 495 363
1 17 3
53 266 424
1 9 2
249 187
1 20 10
406 140 427 137 25 62 11 396 16 33
1 6 2
301 446
1 7 9
379 292 50 276 298 254 157 130 305
1 6 2
336 439
1 10 3
30 91 191
1 5 10
377 179 332 125 75 44 250 288 98 189
1 12 5
384 242 110 189 335
1 1 4
93 217 67 56
1 6 5
106 26 126 365 214
1 5 9
15 138 456 218 460 418 227 190 64
1 19 4
195 103 187 387
1 15 5
34 85 235 226 268
1 17 2
458 122
1 14 10
373 247 460 314 482 89 351 93 355 311
1 18 2
102 109
1 20 9
108 41 95 282 402 474 132 249 185
1 15 2
105 16
1 15 3
433 84 4
1 7 7
464 6 14 252 96 468 265
1 10 2
436 317
1 5 10
396 495 122 372 223 4 103 70 26 457
1 15 8
144 8 461 203 56 477 33 315
1 5 10
121 80 123 18 29 325 71 440 238 295
1 8 7
339 472 36 303 395 44 6
1 3 5
234 141 262 226 346
1 4 10
300 482 432 485 97 54 335 361 337 339
1 1 4
26 381 145 27
1 4 4
26 263 50 241
1 2 5
120 178 467 16 478
1 3 9
446 61 190 265 437 116 23 432 173
1 5 10
436 250 203 205 412 125 120 322 228 325
1 19 8
352 315 424 211 495 257 286 193
1 7 2
436 485
1 15 2
156 429
1 17 6
462 95 396 446 138 158
1 13 5
392 181 283 465 275
1 5 7
76 131 331 348 275 397 425
1 9 9
470 193 291 447 96 489 496 350 19
1 10 2
265 59
1 13 9
335 106 86 1 372 23 349 72 47
1 15 4
251 380 116 124
1 1 3
261 1 280
1 2 10
216 159 64 237 76 253 446 232 316 439
1 14 8
341 248 499 277 254 334 38 128
1 8 8
108 401 476 303 249 388 199 88
1 8 3
472 328 335
1 1 6
374 311 8 191 218 258
1 9 6
270 429 222 333 104 201
1 6 3
475 75 31
1 9 3
341 493 134
1 12 6
469 74 283 7 425 474
1 1 10
10 155 135 333 360 283 288 266 365 225
1 12 5
437 325 342 310 260
1 13 3
320 158 425
1 17 4
406 254 473 65
1 8 3
76 251 297
1 19 5
258 429 169 28 198
1 12 8
186 264 393 344 453 161 88 33
1 14 3
488 288 311
1 4 4
463 312 245 196
1 19 2
144 428
1 19 10
100 451 6 298 325 185 413 258 358 132
1 11 4
466 456 350 7
1 19 8
14 321 264 234 449 67 130 107
1 10 4
119 497 70 205
1 13 10
116 444 89 134 138 81 338 109 397 362
1 2 3
426 20 121
1 7 2
455 68
1 5 2
44 401
1 9 4
406 102 94 224
1 12 6
235 74 379 378 412 395
1 15 3
327 345 317
1 15 7
381 13 20 83 215 221 74
1 16 6
274 42 345 25 7 152
1 13 9
155 210 409 97 117 165 265 368 152
1 14 3
467 405 392
1 15 8
338 463 205 462 68 76 390 496
1 17 5
436 468 355 266 251
1 3 9
41 486 270 388 397 450 283 40 494
1 4 4
281 211 334 405
1 12 7
458 337 331 15 467 91 142
1 18 3
377 229 434
1 20 4
27 387 269 390
1 11 8
439 353 287 468 345 408 322 113
1 5 10
369 167 451 103 494 373 36 322 143 197
1 5 3
339 91 177
1 13 5
369 31 416 332 52
1 18 3
354 331 174
1 17 4
426 449 350 285
1 7 5
328 166 392 335 180
1 10 8
75 72 326 334 367 80 385 60
1 19 3
339 482 88
1 2 4
404 434 130 396
1 2 3
326 10 295
1 2 4
479 293 136 415
1 11 2
23 154
1 1 6
147 52 2 448 87 5
1 18 8
5 154 290 62 114 157 219 122
1 18 4
261 6 478 465
1 18 9
315 276 122 25 367 237 97 335 250
1 11 10
200 79 159 354 112 267 283 60 362 346
1 5 8
129 242 440 197 38 437 469 152
1 3 5
352 472 261 379 51
1 6 2
273 41
1 4 10
455 488 151 338 19 219 355 377 69 335
1 2 10
373 54 120 273 85 352 119 51 295 463
1 19 4
107 262 225 334
1 2 4
68 361 423 371
1 8 2
268 343
1 12 3
368 349 366
1 14 4
152 334 491 6
1 2 9
141 346 311 306 287 1 163 226 266
1 6 5
39 455 429 444 169
1 18 7
168 411 39 209 382 118 145
1 1 3
19 187 82
1 2 9
401 399 283 20 359 233 32 386 18
1 14 6
331 199 395 204 285 49
1 1 10
303 375 25 124 119 211 369 81 395 184
1 14 7
456 105 146 403 44 393 209
1 3 7
71 18 237 365 219 37 241
1 15 4
6 178 88 188
1 12 9
481 281 48 188 421 460 221 424 443
1 14 7
388 402 311 362 17 64 333
1 18 6
448 269 328 33 330 42
1 8 10
271 294 293 498 429 356 64 403 222 110
1 9 2
125 323
1 10 5
252 72 222 59 75
1 18 9
364 22 323 45 189 166 69 226 20
1 1 5
356 379 169 66 409
1 2 7
429 263 317 117 216 381 150
1 8 3
311 473 442
1 12 7
266 448 325 58 91 258 350
1 7 4
177 421 460 218
1 1 5
223 145 104 8 61
1 9 6
198 455 221 382 50 309
1 10 10
152 69 348 212 436 413 49 334 59 435
1 19 6
392 331 38 376 340 208
1 18 7
202 465 455 295 45 19 74
1 14 2
83 425
1 7 6
411 103 34 477 29 60
1 7 3
384 147 345
1 9 7
147 477 48 391 235 485 36
1 12 5
179 84 124 305 58
1 10 6
453 120 155 143 219 312
1 8 9
492 497 499 118 168 163 33 165 122
1 8 4
366 233 35 361
1 11 7
256 127 351 224 229 441 139
1 18 8
252 385 249 58 166 281 289 168
1 20 6
159 152 175 188 72 199
1 18 9
329 71 398 460 169 394 165 257 247
1 12 8
166 368 83 107 236 338 274 183
1 10 2
132 405
1 6 9
56 318 387 477 176 136 325 484 18
1 6 7
312 124 331 41 452 137 354
1 11 3
479 393 9
1 10 9
480 260 233 433 224 136 236 162 231
1 10 8
72 382 100 495 429 357 441 480
1 4 2
37 62
1 8 10
74 151 64 446 117 391 24 96 482 420
1 15 2
195 221
1 14 8
261 207 431 322 226 327 222 180
1 1 5
172 494 436 479 369
1 5 9
377 465 473 135 192 246 75 178 458
1 8 4
321 456 497 114
1 14 9
46 142 122 327 450 255 263 120 243
1 16 3
366 447 267
1 4 10
222 295 97 290 33 19 35 14 359 487
1 20 3
214 148 378
1 6 10
20 189 476 374 394 69 230 444 266 152
1 18 2
304 285
1 15 9
212 270 124 312 278 44 351 382 155
1 2 3
36 484 203
1 16 6
446 175 96 156 293 211
1 7 2
29 142
1 8 8
50 232 336 472 493 285 72 251
1 6 4
120 245 224 238
1 16 4
322 240 219 126
1 7 7
186 396 337 113 329 120 296
1 7 5
412 440 62 181 292
1 17 7
288 420 329 423 495 56 105
1 8 9
155 6 460 194 210 479 279 329 28
1 15 4
398 3 240 377
1 7 8
79 205 172 483 135 453 213 49
1 19 8
237 452 272 104 150 448 364 305
1 11 2
78 32
1 14 6
42 242 299 223 148 341
1 19 6
136 433 111 189 375 270
1 5 5
109 431 116 375 257
1 5 6
151 183 354 218 61 14
1 18 9
245 401 167 329 8 355 487 267 14
1 14 9
449 233 15 265 116 203 250 387 441
1 9 7
423 55 417 146 296 11 9
1 4 3
278 71 436
1 5 5
141 157 324 155 345
1 18 4
313 314 438 209
1 2 9
222 258 294 490 327 163 298 310 473
1 16 9
23 244 8 381 307 365 97 40 498
1 13 7
365 88 373 384 434 290 300
1 16 4
231 425 140 321
1 4 6
163 475 300 67 36 274
1 6 4
217 26 130 51
1 8 4
53 199 471 221
1 1 5
170 459 322 498 67
1 3 9
191 117 23 27 481 272 493 37 48
1 12 8
252 467 494 372 30 332 269 286
1 4 2
469 493
1 7 10
9 287 68 380 196 51 451 435 306 496
1 9 8
412 152 358 465 93 175 304 462
1 17 10
376 132 240 147 88 221 296 15 195 162
1 7 10
120 294 46 246 102 167 498 475 45 178
1 1 8
421 363 379 110 80 142 490 453
1 5 6
104 4 143 92 391 118
1 9 6
179 229 189 265 85 439
1 3 10
256 320 89 443 429 287 308 84 285 341
1 8 4
422 363 421 167
1 11 8
289 398 352 36 372 8 276 295
1 20 6
120 467 266 20 194 100
1 19 7
13 122 343 197 127 294 286
1 4 2
41 469
1 20 3
343 385 291
1 12 6
349 226 390 98 146 229
1 4 4
444 13 12 237
1 5 7
255 249 200 39 440 364 38
1 7 3
298 296 131
1 14 2
118 28
1 14 3
147 80 459
1 6 5
449 486 371 305 136
1 18 2
216 443
1 16 2
266 261
1 2 8
53 135 345 493 327 318 167 193
1 8 7
144 42 410 389 313 148 33
1 10 9
311 200 177 20 431 413 246 451 216
1 19 2
11 263
1 4 9
41 330 55 271 401 185 203 187 92
1 3 2
23 237
1 6 8
17 173 489 206 435 465 66 26
1 8 9
243 6 418 128 203 18 115 390 166
1 5 9
415 233 36 414 18 17 165 83 319
1 4 7
58 236 199 134 365 67 197
1 5 3
380 57 64
1 17 6
214 428 382 425 164 241
1 9 8
177 342 280 349 335 33 98 395
1 8 3
470 490 234
1 20 6
438 351 481 186 313 59
1 8 5
409 342 62 119 270
1 18 7
273 296 313 103 228 161 446
1 15 8
81 291 334 1 21 153 423 250
1 6 5
84 276 136 167 353
1 9 3
297 114 129
1 16 8
66 453 382 320 204 179 126 132
1 19 7
165 384 329 374 351 393 224
1 10 7
325 348 457 198 81 377 123
1 17 9
309 125 150 274 194 117 432 105 169
1 20 8
184 467 331 106 469 311 339 126
1 5 5
26 237 14 24 414
1 3 3
430 387 100
1 8 8
213 131 235 161 359 402 174 298
1 7 5
19 46 299 341 475
1 4 3
107 1 366
1 17 4
456 0 237 410
1 18 8
461 56 182 73 76 401 58 104
1 9 7
152 22 224 165 268 472 473
1 2 2
238 261
1 5 2
359 101
1 7 9
444 248 391 404 155 355 332 163 394
1 6 6
378 61 216 448 27 424
1 1 5
178 221 261 339 133
1 11 2
253 193
1 17 5
444 207 388 467 135
1 14 4
312 468 412 39
1 10 7
299 490 473 402 7 128 400
1 1 10
165 320 499 495 226 28 51 458 377 255
1 11 3
243 308 335
1 5 4
38 361 205 327
1 2 6
1 214 197 256 105 453
1 3 9
495 288 467 283 478 52 49 331 408
1 15 10
357 344 215 371 96 320 234 186 279 180
1 16 9
285 245 368 6 82 105 104 398 451
1 13 5
17 200 454 280 461
1 2 8
168 87 48 1 101 5 291 162
1 12 10
465 420 387 328 68 412 417 458 71 258
1 5 9
170 396 91 254 30 347 242 18 66
1 5 7
473 72 406 312 344 400 407
1 12 10
364 345 352 28 174 45 30 358 128 267
1 4 7
177 117 154 82 207 248 371
1 8 6
286 70 358 232 446 268
1 13 6
102 118 68 281 236 480
1 9 2
199 42
1 17 4
40 261 345 25
1 4 8
476 435 150 5 57 36 137 269
1 6 4
17 282 118 19
1 12 10
159 372 322 162 245 432 227 23 437 381
1 12 10
263 488 76 457 16 465 384 427 341 64
1 8 4
148 245 481 378
1 1 6
46 116 326 17 316 265
1 1 3
317 2 160
1 8 3
488 342 132
1 4 7
46 109 58 257 350 169 356
1 9 4
142 23 288 449
1 4 7
413 337 289 24 112 213 475
1 3 6
309 165 498 66 71 237
1 2 8
241 59 214 2 279 380 232 472
1 15 3
91 350 29
1 8 5
154 270 152 347 316
1 18 5
76 263 73 158 430
1 18 6
383 467 483 445 243 49
1 8 2
196 411
1 13 6
31 304 494 127 471 9
1 7 4
363 218 378 325
1 8 6
83 341 401 443 437 492
1 8 8
456 68 41 245 248 449 0 181
1 17 10
453 40 288 262 196 350 147 142 156 153
1 16 3
419 288 314
1 16 10
175 388 226 185 189 308 495 441 26 268
1 4 4
254 234 397 231
1 4 4
470 345 143 1
1 10 8
496 424 391 117 478 358 427 153
1 19 2
111 185
1 2 2
101 58
1 19 4
407 306 261 46
1 5 9
288 265 466 128 257 286 159 172 194
1 3 3
479 177 316
1 1 10
21 316 230 253 262 129 440 174 460 432
1 8 9
136 167 231 339 306 466 22 232 327
1 17 8
130 75 94 191 474 160 333 430
1 14 8
365 144 401 445 292 480 38 405
1 8 8
288 286 390 342 497 434 333 158
1 6 6
37 237 134 334 387 50
1 6 10
6 219 114 258 424 197 141 12 269 38
1 15 2
389 4
1 11 9
199 211 247 100 85 218 87 291 264
1 3 5
346 193 118 24 143
1 9 6
448 367 210 145 386 314
1 8 5
171 134 232 233 416
1 19 8
264 481 496 144 251 388 446 132
1 19 4
418 353 187 464
1 17 5
167 400 411 234 16
1 12 5
97 394 367 467 7
1 18 2
110 322
1 10 10
326 132 205 2 203 29 265 89 345 240
1 17 4
140 46 400 474
1 6 3
479 207 498
1 17 10
153 391 330 307 378 448 243 184 499 260
1 1 2
258 120
1 18 6
135 259 277 156 314 406
1 4 10
290 94 169 442 37 476 395 292 0 480
1 20 6
100 370 57 258 489 185
1 7 5
217 125 10 191 28
1 2 4
333 351 492 129
1 9 2
272 406
1 5 9
96 16 118 274 446 196 409 2 387
1 3 6
171 127 131 302 306 323
1 2 9
307 140 69 138 246 395 185 109 92
1 12 10
451 196 316 334 290 232 70 443 100 228
1 15 10
311 385 452 226 11 117 165 405 363 332
1 14 9
371 471 235 498 397 137 386 389 434
1 8 9
360 144 242 311 132 340 72 198 373
1 16 2
211 150
1 14 3
233 358 290
1 2 6
107 221 451 443 173 164
1 10 3
497 373 89
1 14 7
126 153 458 450 278 385 397
1 17 6
199 36 40 179 399 48
1 18 5
334 393 212 122 390
1 6 8
479 48 31 147 400 37 144 391
1 16 10
117 0 90 235 178 281 252 420 468 479
1 14 7
332 62 252 357 330 458 173
1 19 5
114 209 136 400 85
1 17 10
363 446 394 5 318 94 429 181 33 101
1 9 8
22 492 295 83 422 178 402 54
1 20 6
368 124 175 210 497 11
1 4 8
431 382 353 271 250 272 432 342
1 9 10
277 320 434 322 475 259 248 309 321 254
1 9 4
251 304 393 344
1 9 7
206 185 315 383 20 463 370
1 19 2
139 251
1 17 6
230 55 80 47 122 418
1 8 7
492 208 145 31 365 479 460
1 10 2
38 109
1 20 8
236 280 223 244 307 383 201 5
1 7 2
59 342
1 1 8
207 463 160 217 237 464 290 30
1 7 3
494 453 499
1 9 2
242 434
1 7 5
314 182 454 12 372
1 13 3
39 140 394
1 18 6
41 89 227 327 194 51
1 4 9
300 200 374 137 28 324 345 52 489
1 9 8
334 320 240 180 488 35 124 5
1 11 6
463 395 204 181 174 317
1 10 10
466 68 453 162 448 431 111 143 413 160
1 18 9
426 88 499 489 161 498 173 274 471
1 19 10
332 69 24 154 64 79 242 297 186 17
1 12 2
279 146
1 14 4
445 324 464 170
1 15 4
295 141 444 263
1 1 6
46 112 350 162 205 51
1 15 8
24 362 76 405 354 84 400 404
1 10 8
223 360 1 187 395 313 445 131
1 4 3
48 471 173
1 9 3
27 44 242
1 16 10
108 268 50 160 460 68 447 82 347 69
1 10 5
66 229 359 417 99
1 13 10
341 118 60 103 334 307 56 171 52 24
1 4 9
421 371 225 106 361 390 385 92 263
1 12 4
400 49 199 14
1 18 9
330 129 395 59 324 49 135 425 480
1 2 8
153 70 335 123 80 134 463 228
1 19 6
101 61 25 182 219 111
1 17 7
315 486 79 67 188 100 496
1 20 7
74 118 317 397 44 245 386
1 15 3
24 52 439
1 3 7
479 33 95 140 279 494 431
1 11 4
312 424 148 19
1 5 5
431 341 396 228 133
1 13 7
311 229 101 112 35 340 440
1 10 8
162 8 251 465 122 437 1 86
1 6 4
112 473 416 326
1 17 5
3 44 66 366 166
1 20 10
443 336 200 118 479 480 295 307 75 127
1 14 7
79 287 105 35 20 473 142
1 7 9
329 385 307 379 110 274 153 170 234
1 5 10
362 3 387 19 125 423 403 171 80 103
1 16 10
247 176 477 416 415 450 236 400 165 312
1 20 6
97 9 62 86 211 391
1 2 10
164 87 335 158 289 189 160 413 302 319
1 6 8
195 125 93 459 52 314 317 97
1 3 5
357 110 376 436 51
1 7 3
359 10 259
1 7 4
297 38 403 89
1 5 3
115 389 118
1 3 6
121 349 112 499 116 243
1 13 2
163 87
1 8 9
129 238 78 332 30 176 27 73 303
1 20 7
347 351 352 302 180 223 139
1 14 9
159 40 207 424 113 165 170 411 79
1 8 5
411 490 56 208 175
1 11 7
36 362 108 352 413 221 263
1 3 3
182 477 171
1 8 2
23 445
1 4 6
175 237 174 84 141 259
1 16 2
187 459
1 8 5
454 469 225 177 119
1 20 3
82 224 335
1 4 8
224 115 340 437 103 421 259 241
1 5 5
380 259 271 175 101
1 11 2
483 109
1 6 2
374 431
1 15 5
211 109 440 153 144
1 8 3
491 130 84
1 6 7
233 114 146 498 238 6 185
1 6 4
238 120 217 308
1 15 3
143 336 122
1 15 4
465 215 320 187
1 17 8
230 64 213 449 109 363 33 102
1 18 3
221 129 261
1 16 3
241 362 67
1 20 9
188 56 291 234 417 105 84 227 429
1 13 5
187 218 258 57 236
1 15 10
275 83 381 13 120 277 154 157 413 76
1 14 10
112 412 308 347 109 298 306 257 173 202
1 4 9
354 426 295 341 485 162 146 23 140
1 10 6
402 80 389 10 257 337
1 18 9
374 278 149 382 78 195 232 204 125
1 13 9
166 19 330 18 377 473 398 85 162
1 13 2
15 493
1 16 6
35 26 29 260 66 341
1 1 7
466 14 172 367 184 323 231
1 16 3
476 245 62
1 2 4
164 99 157 247
1 15 10
412 263 107 249 322 156 489 350 392 396
1 15 5
209 282 441 15 160
1 14 7
373 195 304 51 388 241 199
1 1 5
224 167 371 279 324
1 19 4
39 430 321 12
1 16 2
337 122
1 3 2
207 480
1 7 3
299 421 173
1 9 8
163 433 68 278 492 308 14 167
1 5 3
103 14 33
1 6 5
367 199 193 140 412
1 12 3
280 323 259
1 13 3
175 227 155
1 13 5
129 322 138 128 218
1 2 10
119 165 366 100 274 112 416 473 232 108
1 20 6
88 242 11 87 71 68
1 6 8
449 0 19 88 423 130 217 231
1 2 8
86 319 341 169 292 447 96 431
1 7 4
422 459 151 497
1 19 8
187 119 129 324 201 268 11 396
1 17 10
341 259 436 459 90 455 179 69 414 81
1 1 4
496 255 481 362
1 9 2
151 48
1 2 10
372 145 45 407 139 427 10 345 179 353
1 15 4
11 375 188 43
1 3 10
320 88 333 300 288 96 394 217 178 365
1 3 2
30 338
1 3 10
50 497 45 133 27 188 164 39 403 414
1 17 10
72 46 154 481 392 228 140 123 92 114
1 14 2
291 201
1 1 7
239 429 38 302 102 79 105
1 18 9
470 335 200 406 467 234 293 409 311
1 6 6
183 208 207 254 23 373
1 2 6
251 48 332 125 269 362
1 2 7
85 332 148 312 163 172 19
1 9 7
122 344 474 216 136 287 47
1 5 4
457 230 345 44
1 7 2
86 457
1 10 7
461 323 237 295 241 469 166
1 9 2
112 342
1 8 2
295 75
1 6 8
314 461 470 480 172 77 85 306
1 18 9
364 366 344 468 213 461 175 208 106
1 3 5
401 224 365 94 57
1 13 3
74 383 261
1 18 5
117 410 215 170 223
1 15 2
146 281
1 9 4
498 110 271 181
1 18 2
305 43
1 4 5
352 225 307 117 145
1 3 9
353 19 381 80 118 484 369 429 293
1 9 8
27 139 409 162 385 311 474 487
1 11 8
62 244 107 80 184 63 460 314
1 11 6
139 53 164 273 312 278
1 17 10
112 267 419 35 236 240 10 360 169 352
1 16 3
395 198 422
1 14 8
476 414 220 259 105 58 178 496
1 16 4
199 158 239 342
1 19 6
453 358 362 72 484 417
1 17 5
130 301 254 408 171
1 15 10
348 492 468 15 369 189 237 49 42 226
1 20 2
388 324
1 18 2
112 493
1 6 8
210 35 135 316 279 471 347 197
1 20 2
174 400
1 1 8
235 438 148 428 210 313 413 220
1 3 8
215 245 325 58 222 64 6 420
1 14 8
372 254 78 274 80 243 28 114
1 11 2
63 359
1 4 2
261 485
1 16 6
261 114 189 403 29 23
1 3 6
413 32 456 333 429 427
1 20 4
431 323 132 11
1 2 9
192 12 312 316 456 282 128 175 438
1 12 2
68 90
1 18 7
124 298 94 318 109 2 408
1 10 2
417 163
1 14 7
455 294 79 493 162 183 435
1 4 2
148 464
1 9 9
250 157 480 360 391 396 318 278 21
1 15 8
378 339 458 22 470 343 9 49
1 16 2
186 95
1 16 4
324 281 304 246
1 11 8
127 347 144 437 159 404 414 379
1 2 6
385 387 190 226 342 39
1 7 7
202 276 228 147 162 19 436
1 14 3
306 312 2
1 14 8
432 334 419 36 136 23 496 112
1 4 5
487 69 238 54 457
1 16 9
306 366 283 202 210 5 32 109 78
1 17 7
454 391 185 423 26 297 471
1 17 8
98 173 170 102 326 175 104 261
1 11 3
45 419 421
1 19 5
64 369 278 231 306
1 3 4
333 399 189 406
1 17 8
307 124 203 192 66 287 152 421
1 7 2
179 62
1 3 9
371 355 472 105 211 79 88 29 62
1 17 7
78 216 173 348 227 282 84
1 18 7
235 307 497 130 297 138 68
1 8 2
172 85
1 9 9
207 137 307 287 181 357 454 329 197
1 4 6
37 33 225 284 459 405
1 18 7
52 468 217 108 170 45 48
1 5 5
174 335 468 158 431
1 12 3
103 334 419
1 6 8
197 128 30 277 125 410 85 206
1 15 5
251 123 296 194 481
1 12 3
68 422 346
1 11 6
494 43 478 31 131 165
1 18 7
250 69 266 244 340 152 329
1 12 5
223 109 422 51 440
1 17 5
442 412 461 445 379
1 16 10
461 323 334 421 444 43 29 246 483 440
1 1 8
492 131 337 205 219 23 335 452
1 7 4
139 472 201 389
1 7 10
52 107 386 80 147 283 50 189 140 109
1 5 2
87 378
1 3 5
11 286 353 434 378
1 8 10
269 50 49 198 387 53 6 4 293 204
1 17 4
37 124 369 301
1 13 5
462 95 350 260 394
1 10 10
281 489 180 15 487 166 349 161 407 120
1 10 10
334 394 227 54 86 203 94 158 61 140
1 5 8
232 73 266 243 326 308 467 32
1 1 6
464 0 370 482 225 287
1 6 2
171 351
1 9 10
31 358 262 71 332 343 299 194 345 151
1 19 7
304 83 493 88 452 195 150
1 20 5
219 296 188 87 230
1 20 7
372 473 221 411 427 79 452
1 16 8
91 334 174 44 455 345 9 270
1 14 4
468 227 236 332
1 10 8
133 320 387 90 409 73 28 236
1 11 5
111 94 244 473 209
1 4 2
289 305
1 3 4
228 119 350 292
1 17 4
306 67 354 321
1 6 9
346 457 161 193 421 180 372 66 256
1 5 10
135 158 244 406 9 56 313 430 484 162
1 3 4
33 194 214 41
1 13 8
499 479 387 268 142 167 8 234
1 15 7
28 191 26 240 149 406 450
1 20 4
266 182 398 137
1 6 8
267 388 244 20 212 237 347 127
1 20 8
166 435 134 226 248 259 449 144
1 10 6
451 400 90 152 137 80
1 6 10
380 78 278 387 53 250 310 225 491 135
1 1 7
499 327 274 300 331 457 477
1 16 6
157 417 147 311 105 216
1 20 5
87 413 447 300 171
1 2 3
397 282 217
1 14 10
9 84 105 462 170 343 29 314 85 377
1 15 9
446 85 309 382 416 271 248 183 80
1 4 7
203 475 83 499 57 134 494
1 15 7
50 273 165 254 301 67 152
1 5 10
479 405 324 484 60 298 489 243 205 126
1 2 5
68 187 381 369 161
1 5 7
480 341 387 317 206 208 239
1 18 3
416 313 317
1 9 2
366 244
1 7 7
387 74 425 173 75 84 386
1 6 5
156 157 184 224 254
1 13 3
192 280 16
1 9 10
11 117 367 392 272 353 271 487 210 219
1 17 2
489 230
1 9 5
430 54 117 52 493
1 5 9
87 152 421 315 428 333 165 309 115
1 15 3
299 477 302
1 8 7
113 105 459 244 180 372 149
1 18 2
415 324
1 14 10
352 416 294 392 494 393 399 451 381 27
1 20 4
175 121 420 446
1 2 2
489 418
1 9 7
161 382 277 439 235 449 44
1 12 2
435 336
1 10 5
397 470 469 211 73
1 4 3
376 259 180
1 16 7
359 469 113 144 391 75 226
1 19 10
163 270 278 479 434 379 487 201 265 90
1 7 6
154 29 306 128 85 202
1 4 3
311 59 313
1 10 9
338 29 65 11 214 254 100 337 30
1 4 2
130 141
1 2 5
146 380 29 27 322
1 20 8
32 457 300 464 217 336 378 170
1 2 7
398 50 284 153 322 287 42
1 8 4
417 31 292 249
1 20 4
128 81 320 12
1 14 10
229 56 232 119 357 233 217 108 359 399
1 3 10
298 143 327 95 156 124 395 319 457 153
1 20 9
467 171 245 474 472 118 225 60 338
1 18 3
265 408 296
1 9 2
39 190
1 4 7
43 309 461 391 432 362 408
1 17 2
325 254
1 15 4
104 143 323 201
1 1 6
103 184 262 366 334 70
1 15 3
127 54 413
1 13 9
302 319 477 487 265 151 194 437 80
1 4 8
456 452 484 138 22 153 430 435
1 9 8
423 121 243 180 288 86 264 443
1 5 6
437 247 278 84 44 380
1 12 4
176 262 204 75
1 5 5
243 100 90 320 240
1 10 7
436 285 320 330 198 386 82
1 13 8
457 214 308 356 248 62 441 25
1 7 5
209 227 359 44 373
1 14 8
59 335 111 17 54 242 253 172
1 14 3
205 409 181
1 17 3
226 320 256
1 12 5
100 286 226 459 270
1 4 3
399 221 127
1 3 10
97 369 246 88 257 144 424 398 83 298
1 5 6
191 190 257 42 483 20
1 18 7
435 392 12 447 394 67 457
1 9 7
229 281 6 5 377 213 161
1 9 4
217 176 399 51
1 4 6
203 212 267 272 102 97
1 18 9
365 247 475 229 455 491 53 437 170
1 9 6
491 236 462 403 98 69
1 3 4
4 342 443 453
1 16 5
3 416 297 288 426
1 8 7
116 234 23 174 219 205 74
1 9 8
230 287 118 199 49 94 110 18
1 10 6
199 195 410 91 378 230
1 2 6
43 80 2 207 113 69
1 16 9
426 226 422 141 75 324 392 354 70
1 10 8
184 393 120 297 372 225 376 451
1 12 3
468 61 96
1 3 4
411 192 416 357
1 13 5
288 157 130 399 159
1 18 2
23 325
1 14 6
438 273 267 187 89 120
1 16 3
157 470 13
1 16 10
372 67 346 210 30 131 443 401 356 39
1 4 10
471 179 205 327 144 329 171 348 398 290
1 3 9
364 433 183 429 456 282 263 208 329
1 20 2
302 289
1 16 5
67 435 427 320 25
1 7 5
178 450 131 14 169
1 4 8
416 9 202 135 209 11 255 258
1 20 9
57 31 74 207 429 471 387 356 180
1 4 9
6 275 482 340 225 268 252 451 30
1 17 6
52 324 179 388 417 10
1 20 8
260 15 341 475 132 392 339 142
1 20 5
217 180 14 114 154
1 17 9
402 50 32 323 180 215 310 371 401
1 4 2
250 245
1 13 4
232 344 378 49
1 12 4
236 1 203 205
1 3 6
357 41 52 407 491 31
1 8 8
204 474 348 159 174 296 24 398
1 20 2
314 259
1 13 7
486 175 465 95 434 461 367
1 3 10
371 223 444 160 265 289 264 203 376 390
1 14 10
368 263 23 72 255 325 11 163 25 86
1 7 10
462 257 97 302 260 2 442 382 99 224
1 14 7
321 24 285 430 288 460 177
1 18 3
226 28 473
1 1 9
146 460 323 240 292 324 182 343 422
1 14 9
225 234 57 262 261 300 208 472 333
1 13 2
90 343
1 9 7
447 410 445 45 387 121 311
1 15 8
485 271 486 450 37 22 15 231
1 16 8
404 58 298 350 486 198 317 219
1 4 4
296 279 134 332
1 6 7
44 341 219 476 66 491 399
1 2 7
60 428 356 315 15 337 209
1 19 2
273 390
1 3 8
311 293 288 35 247 80 379 30
1 1 10
117 87 422 498 389 228 408 452 424 438
1 4 7
356 67 357 118 305 96 239
1 16 2
178 168
1 3 10
120 43 487 115 386 225 494 77 41 430
1 2 6
291 193 334 464 61 281
1 8 9
203 344 34 141 131 280 268 193 471
1 7 4
449 428 364 331
1 2 6
354 127 269 75 446 383
1 1 8
74 99 211 69 89 352 346 145
1 16 3
143 21 234
1 8 6
310 21 241 255 358 31
1 1 5
261 329 59 288 38
1 10 3
196 120 250
1 16 8
299 307 496 389 54 317 119 157
1 15 6
51 176 304 189 70 89
1 19 10
32 174 28 141 402 115 210 439 477 390
1 19 9
358 393 166 384 172 256 32 168 310
1 5 6
62 368 246 43 2 432
1 8 3
124 482 84
1 11 4
81 176 131 306
1 3 5
11 144 307 5 282
1 5 4
40 213 257 345
1 20 3
137 386 469
1 10 2
142 418
1 10 4
430 11 270 482
1 19 10
170 393 254 41 471 327 284 152 281 279
1 15 9
56 178 323 285 184 261 97 173 212
1 12 5
298 149 483 255 378
1 13 6
2 400 283 430 338 353
1 11 7
309 241 413 307 426 290 142
1 19 6
191 441 186 340 184 406
1 7 9
286 54 177 423 492 386 161 383 218
1 13 10
182 422 285 232 281 177 31 457 78 1
1 11 8
427 341 241 452 366 173 471 317
1 11 10
298 171 293 32 434 140 199 430 202 85
1 15 8
324 370 461 429 132 254 488 241
1 17 5
78 14 489 379 217
1 11 9
150 281 406 24 430 184 425 49 271
1 15 6
29 425 228 315 298 227
1 2 5
203 473 18 407 365
1 8 2
234 311
1 2 3
254 365 189
1 10 2
403 52
1 6 3
304 95 134
1 1 5
341 254 296 130 27
1 7 10
222 145 212 69 370 170 254 342 385 479
1 3 9
382 216 286 244 385 322 329 267 278
1 9 5
258 298 429 161 461
1 10 9
468 142 24 32 493 59 441 22 112
1 4 10
41 278 456 131 112 360 326 489 205 28
1 15 10
380 211 98 470 172 421 95 488 119 102
1 8 9
7 213 359 50 393 88 193 54 411
1 5 7
267 332 116 268 144 323 14
1 11 10
194 31 418 124 459 327 320 79 479 301
1 17 8
315 129 429 411 187 228 170 171
1 8 7
354 157 10 279 464 192 376
1 5 2
34 105
1 12 10
466 139 437 171 165 153 438 335 406 420
1 3 5
269 4 28 189 207
1 11 5
145 139 66 246 443
1 3 3
371 50 112
1 2 9
11 96 303 106 467 332 188 464 90
1 5 4
203 59 137 278
1 3 10
100 227 135 282 490 186 431 211 413 415
1 6 4
330 345 104 376
1 18 2
350 178
1 15 4
85 492 272 174
1 4 10
424 222 328 36 377 259 160 447 483 437
1 18 7
206 465 234 152 123 37 133
1 18 7
55 57 393 82 340 346 479
1 7 7
382 74 177 362 70 386 39
1 17 4
63 236 11 179
1 3 9
47 108 414 86 396 105 438 206 139
1 4 7
437 78 8 107 102 495 99
1 17 10
247 51 195 120 170 89 180 343 304 260
1 5 2
63 28
1 8 5
224 193 458 442 89
1 12 9
151 184 189 206 21 380 276 431 5
1 12 9
101 182 218 197 161 37 254 139 256
1 6 3
324 240 210
1 19 2
93 265
1 1 2
42 278
1 4 3
21 272 135
1 16 8
1 396 260 311 447 431 92 438
1 17 8
73 307 127 489 48 87 408 267
1 18 6
138 115 342 147 450 237
1 16 7
60 302 343 329 249 338 105
1 2 3
204 126 396
1 12 10
252 405 412 265 219 443 277 383 303 254
1 7 6
37 69 19 280 174 55
1 12 10
125 264 371 323 258 167 44 378 432 377
1 13 6
55 156 125 24 124 205
1 1 5
96 191 351 392 306
1 2 7
478 410 260 163 442 40 236
1 14 6
384 281 10 332 203 239
1 12 7
18 202 101 447 425 151 102
1 19 2
229 307
1 15 5
209 393 325 211 178
1 10 4
416 4 204 329
1 9 8
131 333 82 169 76 235 196 480
1 10 3
422 286 174
1 11 10
125 51 384 244 437 464 243 49 265 16
1 1 2
3 232
1 18 2
271 220
1 20 4
102 361 413 7
1 4 7
177 139 12 142 29 43 49
1 14 10
167 337 163 138 329 252 9 270 395 220
1 6 8
287 161 460 182 99 269 257 298
1 11 4
184 155 359 146
1 11 10
301 334 403 118 217 431 330 86 343 310
1 2 9
477 344 328 397 185 455 407 89 487
1 10 7
235 395 58 268 68 399 487
1 12 9
89 379 376 87 365 318 254 137 3
1 5 10
344 21 356 283 445 363 353 280 391 167
1 6 4
273 330 466 70
1 15 7
332 371 412 168 488 136 368
1 16 8
336 230 432 448 416 405 365 211
1 9 7
54 166 144 280 233 111 437
1 17 7
198 62 306 328 172 218 484
1 12 9
494 216 442 334 198 132 98 187 36
1 14 2
494 476
1 8 5
298 334 425 344 111
1 3 10
306 464 381 392 369 187 210 390 445 482
1 5 7
99 458 73 267 360 165 469
1 18 8
270 144 444 448 335 143 90 208
1 7 10
356 40 233 424 194 479 499 488 338 342
1 6 8
156 32 177 336 241 65 328 461
1 9 6
326 3 285 194 142 117
1 2 5
247 137 110 156 202
1 19 3
130 499 0
1 17 7
234 488 462 489 47 80 477
1 19 4
271 31 428 108
1 2 5
429 381 50 388 382
1 7 8
420 161 176 313 345 362 307 460
1 1 8
186 4 314 17 398 159 130 345
1 14 8
398 296 263 437 302 312 290 122
1 6 5
292 95 272 350 301
1 15 6
324 159 363 77 453 380
1 4 3
152 326 38
1 20 8
86 181 180 279 199 346 81 433
1 16 7
446 329 350 263 156 60 328
1 16 7
22 308 365 360 159 154 263
1 3 4
325 286 156 92
1 9 8
136 300 472 73 295 382 244 272
1 19 9
305 95 192 224 50 225 422 249 41
1 9 8
309 9 38 377 250 380 289 401
1 16 2
231 69
1 5 3
84 265 16
1 18 6
202 427 192 416 83 114
1 16 9
29 292 382 419 9 301 251 252 243
1 19 6
92 492 200 440 424 276
1 8 8
320 81 283 399 92 417 342 125
1 4 4
4 96 305 289
1 12 9
400 102 195 199 322 161 74 492 57
1 14 8
39 187 323 47 2 104 476 146
1 10 3
20 65 23
1 7 5
266 256 142 351 347
1 17 8
272 335 350 1 275 276 0 426
1 11 7
352 313 179 45 258 154 196
1 5 2
119 282
1 14 10
151 367 439 62 438 144 388 441 286 391
1 7 10
184 255 70 488 246 167 143 227 370 303
1 17 10
372 82 15 392 68 174 83 408 329 293
1 14 5
397 485 63 330 205
1 14 5
247 287 40 491 400
1 5 2
340 231
1 6 2
23 176
1 16 5
444 382 96 233 165
1 16 6
294 296 133 353 330 110
1 4 2
178 395
1 17 3
196 153 62
1 17 4
176 17 78 304
1 6 3
194 263 354
1 1 10
125 64 446 120 462 336 495 30 103 350
1 16 8
400 263 178 239 469 402 46 54
1 5 10
318 418 277 443 306 439 485 86 221 341
1 11 6
75 308 21 487 350 462
1 7 9
212 38 172 408 486 314 229 402 345
1 10 3
246 492 399
1 20 4
70 79 239 318
1 20 3
84 451 461
1 19 9
409 378 440 192 380 343 246 24 29
1 15 9
418 471 312 406 376 348 220 306 236
1 2 2
245 363
1 11 7
218 107 361 400 203 204 317
1 2 6
417 7 196 338 208 41
1 17 9
436 298 404 57 411 361 464 409 353
1 1 10
368 454 164 344 57 352 394 218 339 465
1 11 10
54 385 312 380 121 444 391 228 10 466
1 2 3
200 60 416
1 2 3
236 3 280
1 20 6
15 355 16 399 135 99
1 8 2
319 277
1 20 3
204 448 482
1 1 5
135 112 285 77 449
1 14 9
190 426 62 158 366 175 214 110 6
1 20 10
478 50 454 87 491 415 51 397 91 89
1 17 9
496 255 182 347 201 36 5 154 90
1 19 2
325 5
1 3 5
125 258 359 362 176
1 19 2
110 336
1 12 8
405 422 109 262 277 347 201 221
1 6 10
321 395 470 18 257 77 174 299 406 108
1 5 3
166 50 77
1 20 8
343 136 485 362 229 306 75 288
1 12 10
391 458 285 280 284 122 102 405 470 27
1 6 4
119 272 2 279
1 18 3
111 257 77
1 17 4
447 283 486 291
1 1 3
484 59 190
1 14 4
176 482 32 117
1 4 4
55 105 402 251
1 8 7
372 259 189 219 406 10 499
1 5 6
241 151 112 363 406 411
1 20 2
392 357
1 6 8
231 314 125 9 398 315 117 443
1 18 8
334 276 459 381 167 210 426 269
1 15 6
327 364 179 447 18 269
1 19 8
18 258 342 313 136 466 162 159
1 12 10
119 53 498 246 328 108 376 361 228 366
1 13 6
459 371 244 300 294 6
1 2 6
101 376 48 284 442 451
1 13 2
373 105
1 14 2
429 180
1 3 7
355 264 148 300 364 147 391
1 2 6
335 448 190 390 225 19
1 15 2
152 156
1 4 7
246 344 385 415 303 120 224
1 5 4
10 230 393 94
1 9 5
383 267 112 123 421
1 3 10
445 333 296 71 331 52 30 384 135 359
1 9 5
194 163 42 68 211
1 11 2
449 372
1 9 3
119 280 205
1 14 3
316 426 476
1 17 6
438 269 204 328 11 228
1 14 5
235 307 118 79 238
1 18 10
422 450 362 334 138 49 64 321 308 394
1 8 9
135 179 407 358 280 87 22 192 338
1 12 3
210 479 266
1 9 5
106 401 117 112 331
1 15 4
345 76 143 402
1 13 7
60 254 493 53 27 91 324
1 19 9
481 313 8 446 160 48 223 252 340
1 7 6
311 178 22 325 224 27
1 5 7
126 454 293 117 437 103 186
1 6 2
387 196
1 10 6
469 362 450 64 283 299
1 8 5
269 306 382 57 65
1 15 6
27 431 247 309 385 214
1 16 9
43 333 57 438 401 334 178 335 323
1 18 6
175 335 408 362 59 73
1 6 10
334 2 356 32 296 320 344 219 41 314
1 10 4
349 8 441 209
1 17 9
245 146 76 496 189 180 140 229 57
1 4 10
192 90 81 461 402 17 407 494 401 8
1 1 6
219 452 71 79 379 159
1 8 10
38 281 448 174 416 461 20 132 276 387
1 9 7
182 344 47 1 53 243 357
1 12 2
438 411
1 19 4
201 200 206 440
1 17 5
98 31 287 278 421
1 10 5
192 458 25 146 295
1 15 3
151 136 96
1 7 5
426 81 287 296 499
1 18 4
106 189 25 323
1 6 8
287 408 235 411 233 33 499 250
1 8 8
32 218 121 196 326 143 185 479
1 13 8
40 300 335 457 441 368 10 315
1 6 4
299 289 324 178
1 10 2
287 442
1 14 10
331 110 362 474 129 173 48 1 479 187
1 19 8
344 152 248 447 73 71 191 43
1 19 10
109 326 446 368 496 39 127 38 201 267
1 7 10
411 373 477 418 341 23 157 416 217 90
1 13 7
97 150 47 49 189 76 357
1 18 5
10 98 309 71 184
1 12 9
149 459 200 389 134 450 216 63 359
1 14 8
243 284 477 122 190 176 415 303
1 11 2
237 380
1 9 2
218 387
1 15 2
324 278
1 20 10
69 440 125 394 306 460 243 7 322 249
1 17 7
295 12 434 245 71 314 181
1 15 6
277 92 30 330 167 447
1 3 6
183 184 248 297 383 233
1 11 3
24 234 458
1 11 9
300 354 240 357 413 479 489 481 355
1 7 3
203 415 465
1 4 3
471 293 381
1 7 2
286 299
1 6 7
230 167 143 329 104 51 119
1 5 5
412 133 296 399 70
1 14 6
456 479 402 135 133 332
1 2 10
49 108 329 357 261 165 425 163 76 105
