500 2500 775
7 1 6 26 12 19 18 4 27 10 22 16 2 16 5 25 2 27 8 1 14 1 2 1 28 17 23 26 11 3 25 29 6 8 18 19 29 13 15 3 19 14 27 10 8 11 28 23 24 30 29 21 24 24 7 27 30 23 21 3 6 10 21 1 25 29 8 24 24 2 1 30 22 3 29 25 12 8 17 21 3 13 5 9 14 30 24 6 9 12 11 4 4 14 21 6 19 30 14 20 30 7 24 13 4 12 16 10 15 27 12 21 12 3 1 22 22 18 26 1 22 23 4 21 24 27 24 6 26 13 1 2 13 11 30 23 23 21 16 1 24 28 23 25 19 13 2 26 15 25 6 3 6 15 29 16 25 6 27 24 7 27 24 21 12 23 10 9 25 30 13 23 29 14 24 30 21 9 12 27 26 18 5 28 13 29 24 10 24 15 29 3 12 16 15 23 30 15 7 20 19 7 27 6 3 15 15 10 11 29 24 21 19 5 6 14 16 29 28 22 25 10 28 17 22 9 7 2 27 20 2 20 1 1 13 29 25 30 3 25 7 26 24 22 22 18 28 20 1 27 14 27 24 14 16 11 29 22 1 22 2 4 23 15 11 12 27 4 6 29 23 30 12 8 10 3 29 1 25 28 14 18 4 19 26 14 7 30 10 7 21 12 14 3 17 23 12 7 23 6 1 4 1 10 19 30 4 27 15 21 21 1 21 15 28 14 20 2 19 17 19 10 24 15 28 30 6 13 9 10 21 10 30 21 11 28 3 3 15 2 3 12 23 14 2 25 16 20 21 28 5 26 24 2 6 14 12 5 23 15 17 18 2 14 29 27 14 4 30 16 18 2 10 22 1 14 11 14 6 8 18 24 30 7 28 7 16 25 30 23 11 12 25 26 17 26 2 10 22 20 4 18 3 17 9 28 8 24 9 5 23 18 15 3 1 5 22 4 2 7 2 21 3 14 25 8 18 26 6 21 8 16 8 23 9 14 17 22 3 15 5 30 23 8 25 26 13 7 12 21 23 22 26 13 29 12 4 6 6 20 29 20 8 10 9 4 4 22 15 26 7 21 4 20 24 13 8 1 19 14 8 3 24 29 21 21 30 22 10 18 19 9 20 14 1 10 16 23 1 14
1 15 2 15 24 20 3 28 7 5 4 22 2 21 10 18 24 3 26 14 2 19 11 12 20 8 25 4 18 27 2 25 3 11 16 12 9 15 4 20 27 21 8 10 28 30 9 8 26 24 22 22 3 14 14 11 2 3 22 19 2 2 11 24 29 14 6 4 11 6 19 2 30 17 22 27 30 7 24 26 19 30 18 21 27 1 29 16 12 25 11 20 21 10 23 3 25 21 21 24 12 9 11 25 1 12 13 4 25 29 4 4 6 10 28 9 5 2 13 5 27 15 30 14 19 23 23 15 16 10 3 16 26 11 2 24 22 14 30 27 23 9 27 10 28 27 10 4 4 2 19 10 29 3 13 6 1 4 9 13 9 25 17 17 3 4 2 28 16 16 14 2 13 14 4 20 28 6 21 14 7 14 1 3 9 16 3 26 4 22 10 11 18 27 24 9 5 18 17 9 8 28 14 9 29 20 23 24 6 21 18 25 21 16 28 7 11 27 13 8 7 14 16 16 17 11 12 14 14 30 24 5 10 14 18 3 12 19 27 14 19 23 4 5 4 11 11 20 26 14 24 20 9 9 7 23 25 1 18 13 2 9 17 4 8 3 11 13 4 3 16 21 6 12 25 25 25 25 29 6 22 29 9 22 28 11 7 1 13 14 8 2 25 8 17 25 1 16 10 16 1 3 27 20 8 2 24 1 25 6 29 26 6 12 21 8 30 28 15 25 30 29 8 22 26 4 28 24 22 4 9 10 20 5 7 4 18 22 26 16 21 2 9 3 18 10 19 17 11 26 28 13 3 10 16 1 19 4 18 28 27 26 11 9 26 19 18 9 29 3 12 24 15 7 3 5 24 15 21 12 19 11 8 26 11 23 18 21 3 1 6 9 26 1 24 28 15 16 25 8 28 29 16 8 14 18 30 11 19 6 1 9 11 26 26 24 26 20 18 24 23 29 1 14 1 24 17 7 7 23 25 6 12 20 20 30 22 2 9 14 29 5 10 8 22 12 3 20 19 23 7 21 2 4 13 15 24 24 10 18 10 26 16 3 27 4 18 26 18 15 28 12 7 23 15 9 14 17 17 24 24 2 27 30 8 17 5 7 19 18 11 1 2 10 17 2 15 24 8 7
1 14 5
460 426 189 357 385
1 20 7
171 451 100 266 399 73 314
1 13 10
194 142 55 303 378 225 159 12 397 234
1 7 8
394 150 276 478 97 191 102 217
1 17 4
470 273 279 201
1 7 5
80 286 239 63 197
1 19 8
475 45 229 44 235 352 61 14
1 20 3
452 341 248
1 11 7
383 27 317 282 46 172 35
1 16 2
160 145
1 14 3
481 477 454
1 14 4
32 443 373 80
1 5 4
26 106 243 151
1 19 10
262 270 240 453 454 97 331 335 190 53
1 2 5
395 352 332 485 120
1 13 8
2 20 172 54 109 181 301 69
1 15 3
495 391 361
1 4 6
64 12 482 191 474 104
1 7 7
161 392 264 142 454 26 461
1 3 3
132 354 331
1 14 6
0 473 476 395 391 378
1 4 8
342 96 370 383 149 496 337 443
1 18 9
297 322 231 311 75 219 457 313 444
1 15 5
222 41 484 25 412
1 3 3
224 347 481
1 12 7
342 99 353 191 432 139 219
1 16 8
279 83 416 175 329 166 6 26
1 10 9
482 45 464 476 93 321 5 185 159
1 5 7
103 35 21 38 379 23 304
1 15 3
208 72 230
1 14 5
353 50 464 73 310
1 7 2
305 23
1 9 4
304 10 244 146
1 13 9
100 88 97 330 149 179 71 425 358
1 20 4
117 440 301 218
1 14 9
74 277 358 480 105 94 350 300 352
1 5 10
66 336 446 423 407 263 241 180 71 207
1 18 2
190 116
1 6 3
494 58 228
1 1 6
96 181 441 25 262 69
1 12 4
387 81 480 445
1 15 2
439 346
1 4 2
6 350
1 7 4
85 59 301 82
1 17 8
317 478 141 62 165 307 375 100
1 13 2
163 352
1 20 5
375 195 205 267 313
1 2 7
406 461 322 379 100 169 129
1 18 9
490 55 106 460 314 142 79 176 47
1 13 5
254 7 233 42 35
1 2 3
474 413 293
1 11 5
169 43 328 352 256
1 2 7
279 377 327 72 169 466 270
1 17 2
485 318
1 13 2
317 262
1 10 7
366 46 80 300 143 6 141
1 17 3
163 100 395
1 2 3
267 418 431
1 8 6
498 261 296 241 255 70
1 9 7
387 90 296 46 27 29 72
1 19 3
22 451 123
1 15 10
59 161 235 129 68 153 386 303 346 401
1 5 2
327 215
1 7 2
331 144
1 5 2
226 51
1 10 8
49 113 390 235 325 161 468 255
1 9 9
307 329 209 201 207 226 77 458 104
1 14 2
24 240
1 1 4
337 79 257 296
1 14 2
377 367
1 13 6
171 22 384 415 181 79
1 5 8
84 52 321 478 370 107 497 384
1 3 2
453 304
1 10 6
203 126 444 146 85 100
1 5 8
355 85 210 290 79 170 391 477
1 16 3
422 380 466
1 9 3
88 498 383
1 5 7
352 79 427 438 343 323 489
1 16 6
176 178 452 181 342 389
1 9 4
263 51 227 362
1 18 7
121 383 348 411 253 93 157
1 12 7
173 362 240 466 200 426 416
1 14 8
221 88 495 381 361 146 312 431
1 9 6
24 402 302 432 204 373
1 17 3
38 381 164
1 16 10
460 417 438 403 101 120 436 316 94 333
1 17 5
297 41 98 195 492
1 20 4
241 103 243 144
1 6 3
99 392 459
1 12 4
44 246 136 254
1 2 10
78 43 242 447 21 253 199 148 51 128
1 6 3
364 137 13
1 14 9
324 497 413 89 213 455 149 436 300
1 4 5
123 337 477 420 300
1 11 10
112 77 466 19 151 486 476 333 249 267
1 3 7
273 115 439 311 61 233 183
1 14 6
253 314 308 167 416 412
1 15 3
363 28 197
1 12 4
263 318 56 182
1 12 3
432 357 233
1 13 2
376 275
1 2 3
155 374 163
1 20 5
411 423 223 308 338
1 12 5
365 354 22 406 197
1 12 8
118 142 107 128 415 219 400 404
1 7 8
323 158 270 193 313 173 456 403
1 3 2
447 21
1 1 6
353 24 378 326 191 98
1 11 3
100 143 91
1 9 8
137 26 317 212 184 117 210 222
1 5 6
31 431 323 315 202 494
1 8 7
115 192 364 77 252 246 254
1 18 10
29 348 448 461 488 374 190 67 194 290
1 17 9
322 202 398 92 321 118 277 25 11
1 8 6
165 374 293 163 141 368
1 16 5
161 142 468 483 456
1 20 3
63 53 262
1 10 2
366 382
1 4 2
365 227
1 15 7
62 42 357 292 1 275 4
1 3 7
288 173 77 91 122 475 287
1 19 6
127 126 378 288 402 333
1 5 4
97 311 347 190
1 16 6
272 362 213 133 340 476
1 15 2
486 381
1 1 6
357 294 158 391 373 50
1 2 3
424 364 242
1 15 7
380 199 145 241 429 467 186
1 10 5
434 291 168 302 240
1 17 2
163 133
1 18 10
174 87 475 125 335 325 9 445 454 185
1 9 7
390 470 462 40 126 477 243
1 9 7
212 428 469 13 419 107 230
1 16 6
267 480 133 217 398 134
1 18 3
332 118 329
1 10 7
221 67 474 186 53 158 49
1 1 9
361 425 288 394 335 207 304 187 442
1 11 8
296 279 182 42 269 191 274 131
1 2 3
415 17 430
1 19 6
217 343 208 70 276 174
1 9 10
331 200 31 377 382 159 259 75 261 95
1 6 4
259 99 349 242
1 17 4
280 313 197 358
1 19 9
225 179 50 487 416 421 235 234 313
1 5 10
28 277 51 235 71 117 418 167 206 218
1 12 6
406 332 438 131 21 488
1 17 5
121 2 128 450 143
1 3 3
194 372 320
1 10 7
26 179 223 384 139 492 333
1 11 10
211 403 463 55 150 4 461 225 50 256
1 3 3
117 230 393
1 17 9
446 224 260 397 118 7 356 186 258
1 1 6
315 85 4 229 199 487
1 18 8
4 148 359 285 208 311 9 44
1 10 10
195 216 399 55 416 303 166 301 1 23
1 3 4
212 369 451 452
1 2 3
414 330 367
1 1 9
231 345 452 379 53 401 412 477 383
1 15 9
344 419 192 27 435 422 467 343 52
1 3 2
92 22
1 18 5
284 383 335 441 482
1 13 8
411 16 156 357 138 214 295 24
1 19 5
272 232 428 455 160
1 12 3
293 184 156
1 10 7
214 47 239 144 67 53 128
1 18 8
3 427 434 456 361 266 201 475
1 19 7
315 390 185 207 202 438 124
1 12 3
243 170 490
1 17 5
164 347 254 221 287
1 7 5
299 265 438 419 296
1 3 9
380 184 82 489 342 214 318 19 193
1 3 10
99 10 289 454 191 132 193 219 137 376
1 8 6
498 493 447 481 451 421
1 15 6
493 232 336 97 338 33
1 18 7
487 277 314 328 63 175 6
1 3 7
218 306 401 181 185 114 161
1 6 10
411 190 72 138 495 100 442 238 489 221
1 1 6
356 465 364 440 192 424
1 18 8
229 165 297 465 235 119 376 192
1 3 7
77 305 103 378 427 374 485
1 7 7
353 451 92 246 265 397 146
1 2 8
117 466 414 178 372 326 295 190
1 8 4
8 80 263 333
1 8 10
346 361 196 158 146 200 123 186 387 247
1 9 4
145 192 248 117
1 16 9
120 382 372 210 368 37 497 243 103
1 10 9
443 332 112 231 380 298 421 204 265
1 8 4
272 491 392 66
1 8 8
245 46 302 292 335 40 433 211
1 15 9
463 343 344 188 164 276 118 156 407
1 19 5
92 22 193 36 257
1 10 3
205 200 488
1 13 10
485 275 21 175 499 334 6 430 400 167
1 3 9
289 278 348 459 413 124 268 370 460
1 17 6
175 11 423 118 442 187
1 7 5
141 79 242 472 393
1 17 7
58 412 268 215 346 265 199
1 2 7
449 81 313 426 213 391 263
1 12 6
49 34 233 18 327 348
1 15 8
179 403 133 207 488 168 189 115
1 4 5
43 362 0 127 468
1 10 5
448 3 191 258 31
1 3 8
496 139 498 221 206 218 353 459
1 20 4
61 149 432 406
1 6 4
90 482 407 351
1 12 10
363 415 169 331 442 411 356 206 196 2
1 15 10
334 53 246 437 206 49 71 99 498 460
1 12 3
324 479 394
1 13 2
224 90
1 18 2
265 218
1 16 4
259 242 293 43
1 8 6
461 352 18 83 363 46
1 11 2
167 70
1 10 5
83 245 8 463 207
1 9 6
268 72 177 411 20 90
1 1 7
191 241 237 429 421 320 60
1 14 4
493 132 322 111
1 7 5
420 299 20 145 348
1 3 2
136 272
1 4 6
264 382 135 24 450 270
1 2 5
285 331 219 348 488
1 11 2
13 148
1 6 8
492 147 87 19 141 90 265 167
1 17 10
138 180 425 430 75 496 21 16 214 470
1 9 9
241 195 385 262 495 362 204 56 294
1 8 2
272 138
1 7 5
110 31 239 81 442
1 8 10
185 225 76 343 384 236 30 9 338 350
1 2 3
275 129 378
1 4 8
105 67 358 348 396 228 64 373
1 9 9
182 126 255 228 247 95 488 173 160
1 12 9
151 169 76 337 143 339 387 66 290
1 14 2
277 129
1 10 5
97 172 167 230 456
1 15 10
86 45 495 164 221 371 337 216 74 150
1 9 6
499 83 328 259 345 66
1 11 2
122 18
1 12 10
193 332 59 336 245 314 457 373 420 7
1 4 3
202 126 407
1 1 2
209 40
1 4 5
377 482 7 48 337
1 20 5
266 188 170 287 418
1 2 5
7 347 23 26 377
1 16 10
194 58 244 357 100 188 142 495 331 7
1 5 9
5 478 119 257 353 62 229 145 22
1 15 2
492 155
1 8 9
431 311 463 164 39 332 167 280 212
1 11 4
123 275 216 197
1 2 4
346 492 318 317
1 8 10
258 242 387 151 470 93 152 41 256 3
1 15 8
472 113 186 389 202 60 54 456
1 17 5
175 349 113 385 196
1 14 4
119 308 420 196
1 14 5
485 144 192 335 437
1 1 3
362 383 400
1 5 2
214 54
1 6 10
152 122 400 409 145 53 458 441 449 451
1 7 10
103 41 167 293 144 218 152 70 369 18
1 14 2
175 473
1 20 9
353 459 396 186 68 38 218 123 21
1 2 6
38 311 94 294 82 334
1 11 8
270 140 271 172 180 19 129 161
1 13 7
163 44 480 259 143 298 49
1 9 2
91 382
1 5 6
246 401 251 427 30 392
1 19 3
267 395 481
1 2 8
233 122 462 152 377 142 94 39
1 5 4
348 21 373 493
1 17 2
333 228
1 9 3
282 289 275
1 15 10
104 209 396 48 348 248 188 478 122 75
1 14 4
112 59 92 292
1 6 2
183 182
1 4 10
117 215 313 35 434 432 66 232 344 375
1 11 7
452 0 218 44 112 236 83
1 7 9
149 470 106 181 366 236 264 287 309
1 8 10
205 280 348 266 231 272 433 43 33 424
1 8 8
275 248 273 59 44 96 341 458
1 6 8
42 246 167 143 180 73 303 389
1 16 5
472 253 106 202 275
1 5 2
427 345
1 6 8
44 208 270 461 281 408 259 29
1 19 6
100 265 26 451 90 122
1 15 8
394 410 327 79 73 140 163 381
1 15 8
310 412 483 260 42 362 84 490
1 13 4
157 384 455 197
1 15 7
309 403 43 427 267 362 340
1 2 6
33 169 190 60 399 414
1 15 5
295 18 314 435 361
1 6 3
221 142 315
1 15 7
200 399 196 234 289 496 403
1 10 3
129 96 426
1 2 10
97 55 467 421 358 121 109 12 246 237
1 17 9
171 240 182 364 184 178 46 476 208
1 9 8
50 142 245 375 400 153 392 155
1 6 10
133 34 284 252 110 386 1 0 261 312
1 18 2
112 380
1 17 3
54 220 158
1 7 4
402 145 297 22
1 13 4
21 191 284 450
1 5 10
440 85 443 265 104 367 391 269 60 170
1 6 9
425 142 438 345 445 36 173 311 282
1 5 2
354 171
1 20 5
375 312 279 47 128
1 14 6
297 146 386 181 412 41
1 18 5
327 80 91 55 215
1 19 3
48 312 400
1 17 9
327 157 105 407 384 251 18 478 89
1 1 3
454 172 56
1 15 9
274 47 327 309 494 435 347 359 424
1 20 10
105 397 368 373 445 16 231 1 308 69
1 5 4
169 410 323 363
1 7 2
190 372
1 17 10
134 156 376 440 112 41 478 472 315 29
1 7 10
201 1 318 29 341 101 207 440 336 294
1 12 9
143 314 76 427 133 442 192 186 201
1 8 7
288 378 75 188 5 451 217
1 20 10
244 165 359 3 495 302 163 246 273 405
1 11 9
15 432 229 183 443 376 141 404 481
1 5 7
22 76 254 405 284 301 432
1 16 4
19 401 494 282
1 17 8
354 355 0 56 109 284 116 135
1 8 5
347 499 131 389 460
1 18 6
499 306 406 498 24 274
1 11 10
9 404 184 34 409 74 274 273 15 198
1 9 6
114 177 473 436 247 375
1 14 9
205 412 127 425 254 317 252 88 12
1 17 9
488 454 49 133 6 319 235 369 456
1 19 10
208 369 135 214 489 45 90 403 331 150
1 15 9
5 436 200 499 259 186 195 461 15
1 5 7
183 194 22 470 396 409 304
1 9 4
321 209 303 100
1 4 8
381 1 195 174 290 33 109 31
1 13 6
48 17 88 71 0 294
1 11 2
325 232
1 8 2
284 109
1 7 10
387 395 37 80 16 95 378 304 405 191
1 20 9
342 259 192 109 297 181 210 166 71
1 13 2
485 99
1 14 6
63 381 132 282 54 204
1 3 2
429 463
1 7 10
470 34 194 416 315 403 409 158 192 382
1 5 6
496 432 238 177 404 323
1 9 9
479 207 388 395 264 223 457 81 276
1 4 9
241 310 320 286 166 122 285 265 394
1 17 10
404 246 84 315 364 23 493 70 22 406
1 9 7
244 42 185 474 235 317 452
1 19 3
95 336 217
1 18 10
96 48 419 137 50 256 353 371 468 405
1 10 10
152 81 54 362 371 432 497 454 286 309
1 5 6
386 233 278 361 250 285
1 20 3
311 212 410
1 1 6
324 264 15 113 191 100
1 19 2
130 45
1 6 7
370 492 435 467 393 10 52
1 15 3
243 296 149
1 20 8
390 137 201 147 438 54 462 83
1 8 5
96 188 2 474 356
1 3 6
82 254 171 322 204 470
1 3 7
475 213 47 410 21 8 402
1 8 6
8 76 352 192 241 101
1 20 8
414 223 362 283 422 485 225 251
1 8 8
192 442 215 185 51 362 329 48
1 16 2
288 311
1 5 4
482 403 295 484
1 15 6
383 326 294 449 335 457
1 16 9
119 15 448 429 387 408 412 432 122
1 6 5
379 466 145 257 157
1 18 8
4 336 251 76 212 277 156 319
1 8 2
195 498
1 14 7
370 100 155 327 127 479 272
1 3 7
14 18 49 239 343 297 409
1 19 7
2 229 455 166 108 181 221
1 6 4
89 62 129 368
1 10 6
429 183 269 402 175 299
1 12 10
279 43 489 381 471 367 494 44 145 445
1 12 5
307 44 103 198 141
1 3 7
98 349 391 109 266 236 363
1 3 6
94 160 477 269 404 488
1 3 10
419 453 426 373 448 309 262 181 37 410
1 16 9
356 324 114 431 207 152 229 479 260
1 1 2
432 487
1 7 2
87 262
1 3 8
40 188 59 186 143 294 474 105
1 18 6
331 158 299 418 481 300
1 14 5
121 282 143 228 31
1 16 8
119 257 279 367 54 47 166 219
1 7 3
115 278 50
1 8 7
131 24 161 301 213 124 78
1 7 5
1 361 486 147 158
1 20 3
110 99 85
1 8 7
459 357 156 372 350 321 417
1 4 5
315 94 131 276 187
1 3 9
50 367 470 137 336 315 35 168 335
1 19 5
185 154 469 321 22
1 12 8
367 316 487 397 366 126 63 317
1 8 10
27 164 21 184 218 223 60 411 137 286
1 1 4
301 50 161 102
1 7 8
308 476 180 154 34 297 268 116
1 10 7
184 242 330 114 338 279 34
1 5 10
462 5 136 2 76 315 50 118 335 490
1 18 4
31 118 284 106
1 3 6
366 11 154 475 483 292
1 7 5
50 64 253 44 371
1 8 4
182 434 39 410
1 17 2
421 131
1 17 6
338 323 10 224 328 366
1 4 8
35 260 178 315 205 76 233 223
1 14 10
253 54 418 208 144 348 254 143 93 391
1 17 9
85 63 353 457 198 473 18 235 155
1 7 9
130 399 153 139 113 171 445 370 323
1 17 6
156 453 275 313 461 399
1 5 2
160 143
1 2 5
255 184 241 166 140
1 19 7
149 242 79 396 289 217 196
1 2 4
301 45 53 494
1 1 5
333 29 126 70 257
1 12 9
92 47 225 452 489 453 396 350 331
1 3 3
465 109 414
1 2 6
132 18 476 458 324 37
1 15 8
86 403 392 109 250 56 375 157
1 17 4
383 462 120 208
1 1 10
367 406 312 96 236 415 393 211 62 260
1 6 3
495 99 439
1 12 8
37 76 450 97 235 468 217 117
1 19 10
348 438 209 324 407 302 129 333 280 298
1 18 10
176 439 314 28 51 169 18 53 93 295
1 9 5
6 345 367 310 218
1 4 3
391 450 494
1 1 9
232 111 165 332 359 104 55 68 412
1 14 5
275 230 260 245 22
1 17 10
72 361 238 333 57 493 31 141 231 169
1 10 3
37 227 97
1 8 6
75 464 107 120 495 217
1 10 2
472 213
1 6 3
77 268 466
1 15 3
115 377 236
1 11 6
357 281 457 8 132 403
1 9 9
46 153 191 205 105 166 433 438 152
1 4 3
5 132 78
1 17 2
190 38
1 19 3
192 179 231
1 18 3
383 487 286
1 2 9
424 298 326 480 316 82 39 52 277
1 2 6
17 485 113 150 261 380
1 20 4
58 24 219 43
1 9 7
252 336 371 4 242 199 118
1 12 2
323 213
1 10 7
317 296 397 90 4 364 367
1 15 3
9 108 236
1 3 8
316 190 107 9 373 476 89 497
1 19 7
299 276 262 340 453 385 53
1 13 7
199 415 385 137 295 235 172
1 4 7
312 223 183 421 492 269 293
1 6 5
320 24 334 72 408
1 1 10
259 344 177 214 396 254 209 336 260 313
1 8 7
183 68 310 88 39 361 155
1 18 3
356 183 323
1 19 9
455 377 63 49 419 189 493 308 391
1 6 4
421 274 1 398
1 1 7
294 50 25 80 288 204 7
1 16 3
434 468 301
1 8 5
106 382 267 158 376
1 8 10
158 220 217 342 133 435 300 36 374 463
1 2 7
74 459 183 288 303 308 301
1 15 3
135 316 154
1 12 4
417 261 218 268
1 11 9
406 180 253 53 201 94 46 456 425
1 11 4
363 82 294 202
1 4 6
128 38 394 310 123 127
1 10 8
387 425 311 384 434 46 297 285
1 3 9
51 203 135 83 485 260 479 471 487
1 13 10
332 349 418 227 196 195 6 292 300 280
1 9 9
308 485 98 132 327 295 181 459 374
1 12 6
353 282 157 399 129 90
1 7 8
218 177 387 3 98 445 229 368
1 19 3
27 386 48
1 12 5
477 280 61 84 252
1 14 3
426 209 43
1 20 6
228 301 51 107 93 353
1 11 7
127 221 36 73 117 113 308
1 19 7
464 494 214 179 245 339 411
1 17 2
129 367
1 20 4
457 486 95 47
1 10 8
110 157 129 19 452 309 134 305
1 1 3
281 113 265
1 8 5
48 112 312 216 345
1 18 5
382 343 64 361 413
1 15 7
151 494 368 249 454 83 457
1 9 6
35 388 368 381 261 276
1 6 9
122 423 41 51 120 281 105 327 230
1 15 3
339 385 278
1 14 2
493 244
1 5 3
16 237 211
1 10 5
196 186 413 462 366
1 11 8
55 356 77 237 157 357 319 59
1 12 6
422 434 73 49 491 52
1 19 8
26 440 351 350 249 77 176 475
1 16 7
120 452 185 336 132 75 357
1 14 4
113 21 23 101
1 5 7
455 140 409 416 359 218 291
1 2 5
417 148 199 108 45
1 13 2
102 199
1 4 7
152 356 496 408 171 392 312
1 6 5
381 176 39 75 116
1 14 3
1 208 31
1 20 5
52 362 387 184 282
1 1 6
66 344 235 452 232 146
1 18 4
447 298 188 347
1 16 2
496 234
1 7 10
162 126 77 130 118 120 377 358 121 241
1 10 7
120 66 65 449 13 32 229
1 15 6
421 308 377 127 76 101
1 17 9
252 344 50 139 387 32 27 4 398
1 2 4
212 392 95 248
1 2 10
113 118 312 188 327 333 22 488 45 376
1 17 6
283 346 4 156 497 163
1 7 3
296 80 408
1 1 5
442 56 292 337 448
1 20 10
342 43 329 490 58 373 284 76 411 483
1 18 3
153 207 188
1 6 6
43 233 351 31 478 85
1 13 9
126 0 298 226 125 401 153 444 111
1 1 7
238 196 331 422 20 63 237
1 16 6
284 159 351 365 167 27
1 4 2
252 201
1 1 6
21 185 347 338 107 420
1 7 3
175 46 322
1 2 7
243 84 237 267 370 230 50
1 1 10
168 451 230 327 200 353 108 238 235 315
1 14 2
391 464
1 17 10
155 170 439 234 432 279 316 174 238 235
1 16 4
352 7 120 218
1 3 5
126 130 329 467 368
1 17 2
483 78
1 2 9
458 437 389 346 473 121 495 70 151
1 11 6
9 105 209 358 168 408
1 4 3
375 146 115
1 10 2
36 49
1 14 2
301 406
1 13 8
199 223 345 281 205 471 64 321
1 4 4
410 77 15 22
1 1 8
55 267 339 69 313 148 334 302
1 2 2
367 311
1 20 4
448 120 43 4
1 15 4
144 330 273 49
1 5 7
130 58 94 300 174 169 350
1 12 9
436 23 418 68 155 432 459 48 11
1 15 7
58 246 346 176 409 447 323
1 12 8
477 471 442 72 427 50 241 335
1 2 3
464 296 8
1 4 9
180 223 316 375 456 91 163 361 235
1 11 6
325 393 380 12 476 70
1 4 3
261 419 85
1 7 5
350 68 162 290 364
1 20 5
292 191 425 240 29
1 4 10
322 381 210 344 10 94 317 173 104 213
1 4 4
416 169 495 253
1 15 6
34 391 115 275 306 461
1 20 3
408 58 4
1 19 7
166 344 52 218 426 479 63
1 7 10
267 498 471 102 80 348 450 442 209 368
1 7 3
472 243 65
1 12 3
88 137 433
1 1 9
389 121 203 403 20 15 301 178 67
1 9 4
146 499 446 78
1 8 7
13 51 214 37 424 4 494
1 11 3
202 403 218
1 20 5
386 266 340 436 390
1 19 8
177 116 154 132 462 259 432 81
1 11 10
181 104 236 242 396 343 376 89 461 333
1 2 9
257 37 102 176 468 87 159 185 76
1 17 8
74 211 393 97 323 13 170 182
1 1 10
30 447 192 483 385 133 224 187 217 480
1 13 9
378 375 456 490 115 14 491 53 275
1 7 10
54 267 457 3 216 22 320 122 239 165
1 20 2
216 389
1 12 4
453 41 318 241
1 5 6
46 403 253 11 344 153
1 16 4
376 417 265 324
1 4 7
217 345 465 359 247 185 177
1 18 9
374 192 187 41 277 389 223 334 472
1 14 4
253 499 286 322
1 12 3
493 368 251
1 19 6
32 489 78 469 408 289
1 18 6
266 198 425 157 366 383
1 11 8
287 301 31 43 353 99 192 400
1 20 9
0 111 32 200 182 44 300 499 254
1 10 9
2 132 63 137 308 76 195 347 252
1 13 10
442 58 304 11 22 466 151 263 156 210
1 3 6
150 91 28 135 6 23
1 20 9
375 72 281 107 201 60 28 336 417
1 1 4
333 37 154 232
1 6 7
464 8 59 412 189 214 388
1 6 10
114 85 286 144 33 167 321 134 397 99
1 13 5
65 491 204 384 306
1 9 5
393 162 181 387 271
1 7 6
396 261 317 192 195 80
1 7 3
241 286 492
1 13 3
400 119 245
1 13 3
477 149 302
1 6 7
350 124 436 58 209 393 438
1 9 9
51 144 97 324 157 0 434 127 137
1 11 6
143 9 376 358 125 186
1 14 3
380 443 282
1 18 7
187 149 6 431 373 111 386
1 17 10
238 5 89 365 155 117 387 119 495 427
1 1 6
244 9 354 303 304 492
1 13 10
259 194 277 466 336 73 42 332 477 237
1 20 3
96 101 114
1 11 4
314 411 166 161
1 5 4
443 409 76 331
1 15 2
363 469
1 15 6
438 74 145 50 56 472
1 3 9
440 416 179 401 277 41 420 40 260
1 17 3
234 458 261
1 19 2
239 86
1 12 7
72 473 87 376 16 156 143
1 4 4
344 297 99 127
1 8 9
181 355 312 446 356 159 108 3 204
1 17 7
358 407 57 94 390 394 178
1 14 9
147 307 190 349 117 223 321 15 230
1 8 3
265 342 11
1 19 2
275 431
1 10 2
409 57
1 7 5
211 369 231 191 151
1 5 4
452 193 44 476
1 11 9
249 437 103 361 255 280 441 429 396
1 2 5
423 9 88 141 466
1 14 3
266 498 112
1 2 4
286 111 394 28
1 16 9
44 226 499 60 324 370 203 246 141
1 16 8
242 462 151 36 444 4 472 71
1 16 10
376 274 257 75 425 122 244 330 19 292
1 20 2
23 131
1 19 2
489 428
1 3 6
448 474 276 192 211 17
1 18 10
457 65 88 436 428 160 308 392 62 179
1 15 8
159 33 149 224 290 86 92 124
1 8 2
447 233
1 2 10
138 120 292 453 218 371 221 54 186 238
1 8 8
478 262 0 387 110 396 327 224
1 12 3
401 354 259
1 17 6
316 328 296 20 209 120
1 5 6
190 185 211 493 243 380
1 10 4
281 310 116 359
1 17 8
473 172 220 155 243 362 282 331
1 6 5
282 251 283 98 40
1 11 6
7 479 117 209 234 259
1 11 8
21 356 427 147 168 261 299 98
1 16 6
203 429 436 124 88 56
1 14 2
341 137
1 16 10
215 388 488 399 211 310 212 139 347 370
1 18 8
229 367 488 269 256 301 246 414
1 11 9
381 229 379 151 234 471 179 247 196
1 14 5
204 312 129 327 421
1 4 7
140 128 266 315 246 186 363
1 5 8
454 3 95 357 221 480 348 430
1 14 4
247 124 58 316
1 5 5
10 444 240 392 358
1 18 4
48 150 478 474
1 15 5
408 98 270 346 389
1 1 2
193 335
1 16 8
167 204 28 215 264 425 482 499
1 12 7
494 114 319 367 348 149 329
1 8 6
127 88 180 33 408 419
1 2 5
141 379 225 100 200
1 14 6
468 410 232 257 442 224
1 17 5
418 117 128 52 166
1 18 8
242 15 254 248 470 274 143 1
1 12 7
370 446 261 226 123 223 398
1 8 3
185 208 286
1 9 10
312 390 446 229 254 465 343 321 375 54
1 4 9
36 113 333 330 130 499 187 213 352
1 16 10
209 82 177 57 335 474 456 350 383 272
1 17 9
247 420 397 208 350 141 27 228 342
1 5 6
471 495 267 298 50 29
1 5 6
34 380 481 422 262 72
1 16 5
33 137 238 488 283
1 18 6
347 173 361 426 351 296
1 18 6
146 369 492 188 483 437
1 18 4
127 292 116 336
1 20 4
153 381 425 375
1 13 6
367 41 224 445 243 67
1 15 5
221 289 15 362 355
1 10 2
238 318
1 9 5
196 287 130 393 351
1 17 6
413 414 181 72 31 232
1 12 6
262 409 75 328 73 125
1 2 2
288 429
1 3 2
360 210
1 8 6
152 280 479 143 241 360
1 6 5
320 55 419 453 245
1 18 5
411 220 109 393 284
1 13 3
476 375 25
1 10 7
252 281 100 48 326 12 109
1 19 3
324 184 352
1 14 2
495 134
1 18 3
28 199 186
1 12 8
113 237 110 263 431 71 459 48
1 6 10
96 444 22 227 408 25 447 344 257 354
1 18 7
2 245 48 45 46 406 498
1 18 4
223 67 236 479
1 1 6
42 13 433 267 452 410
1 14 9
167 398 165 111 273 334 262 314 222
1 7 10
249 442 69 449 130 478 253 356 392 52
1 1 7
350 266 312 473 1 450 376
1 6 2
259 161
1 18 3
325 51 278
1 4 8
404 279 45 187 451 397 448 372
1 9 7
64 63 341 33 301 189 383
1 1 10
421 277 64 232 274 359 350 445 85 18
1 16 10
416 104 293 61 453 100 82 339 414 203
1 9 10
154 328 216 322 144 403 454 359 50 128
1 15 10
287 458 308 117 251 322 87 5 104 371
1 18 5
404 316 463 224 177
1 1 10
350 230 390 442 460 483 471 339 425 443
1 3 4
260 20 215 390
1 16 7
248 443 257 231 81 33 397
1 20 3
350 184 53
1 14 3
144 83 200
1 7 3
477 389 458
1 7 7
194 12 313 260 442 226 170
1 3 4
67 225 99 78
1 6 7
285 125 127 28 106 172 282
1 9 3
144 311 206
1 19 5
264 300 498 117 120
1 11 4
438 125 35 232
1 14 4
93 429 271 380
1 18 3
416 489 155
1 15 8
303 159 290 161 470 392 262 366
1 19 3
73 256 484
1 16 6
34 442 343 207 286 161
1 11 8
403 329 271 202 433 4 327 53
1 4 4
171 79 391 202
1 1 5
145 267 490 214 320
1 8 2
337 427
1 19 3
215 295 18
1 15 4
312 408 422 309
1 17 9
99 41 472 165 215 421 276 357 160
1 2 10
206 402 174 451 32 63 231 82 420 260
1 16 9
45 301 327 106 150 389 269 320 20
1 7 6
78 37 429 166 76 123
1 17 4
415 350 273 330
1 20 3
106 259 110
1 6 2
23 248
1 9 5
344 166 201 78 70
1 4 4
286 378 443 297
1 7 8
479 388 194 320 212 372 374 352
1 15 4
68 391 111 101
1 14 2
372 391
1 14 7
1 136 181 318 72 114 409
1 10 2
489 42
1 14 3
290 280 73
1 11 5
141 144 348 241 89
1 15 7
84 337 212 380 223 497 351
1 2 9
64 108 357 389 432 232 255 104 247
1 4 3
414 153 48
1 9 9
482 414 404 115 127 197 486 302 298
1 14 9
476 280 460 23 367 131 28 434 336
1 1 7
258 118 96 416 453 239 131
1 3 8
40 347 164 246 91 300 293 457
1 14 10
449 339 295 41 20 417 454 154 116 90
1 7 2
228 55
1 9 8
463 492 272 70 456 162 298 197
1 20 6
366 354 214 61 337 380
1 10 9
469 410 239 7 296 23 45 113 201
1 13 3
453 425 383
1 19 2
219 383
1 2 7
211 450 69 294 337 246 202
1 3 5
154 23 211 237 285
1 8 7
494 433 470 300 245 362 158
1 3 2
35 482
1 10 5
252 449 419 102 260
1 15 5
173 40 486 252 131
1 13 7
249 495 241 248 90 117 315
1 17 3
43 328 49
1 9 8
78 464 449 8 328 64 294 34
1 10 10
476 289 484 169 189 251 344 61 20 159
1 20 9
209 328 376 224 406 140 341 478 335
1 2 7
423 482 167 421 322 236 53
1 4 2
35 318
1 7 3
394 332 289
1 18 2
119 393
1 12 5
294 243 151 295 116
1 5 6
52 393 276 158 185 479
1 6 2
334 195
1 19 4
210 11 190 357
1 9 6
409 102 469 497 61 122
1 9 7
83 146 202 8 393 105 242
1 14 3
70 407 58
1 7 6
86 477 57 283 24 392
1 10 5
199 386 165 423 389
1 3 5
64 287 383 412 9
1 11 6
21 454 476 95 318 103
1 10 3
195 142 429
1 14 2
54 429
1 15 8
450 294 301 461 479 482 13 229
1 5 10
113 476 148 235 206 11 152 57 496 350
1 2 9
374 329 220 315 154 436 98 74 464
1 2 6
99 295 401 50 309 314
1 17 6
497 100 101 29 251 385
1 10 5
80 94 396 417 256
1 2 6
421 254 478 406 213 228
1 19 5
101 27 348 48 487
1 19 8
78 447 206 211 117 95 413 498
1 13 4
121 59 351 234
1 13 8
108 236 224 103 203 469 337 485
1 7 6
339 128 478 498 326 448
1 16 8
193 343 182 275 105 412 111 168
1 7 4
259 68 394 15
1 1 2
324 317
1 19 2
468 312
1 13 4
356 102 455 112
1 14 6
228 277 115 263 372 304
1 4 8
257 292 165 69 345 244 384 289
1 16 6
265 456 325 411 495 184
1 14 2
442 329
1 17 9
135 57 68 71 237 371 369 70 134
1 8 4
455 453 149 400
1 1 2
304 6
1 2 7
410 348 66 13 252 133 313
1 2 5
10 341 317 470 278
1 10 5
224 482 247 350 29
1 18 3
482 193 205
1 11 4
244 97 491 123
1 1 5
382 445 353 114 160
1 14 10
431 369 420 76 168 272 315 447 390 343
1 2 5
81 333 63 494 407
1 7 2
428 334
1 4 7
35 382 221 390 425 232 179
1 12 2
270 320
1 13 5
160 94 439 436 314
1 1 10
216 189 218 493 424 93 351 196 330 65
1 10 7
99 346 118 34 199 307 410
1 16 4
449 187 173 241
1 20 7
2 397 137 241 168 203 138
1 2 4
18 261 435 439
1 9 7
231 491 286 123 15 111 358
1 12 3
228 498 409
1 2 9
161 415 50 63 65 165 316 468 47
1 16 2
280 204
1 8 9
227 433 37 377 78 449 490 390 315
1 15 5
303 141 460 435 140
1 17 7
437 404 495 375 81 261 296
1 3 8
118 359 328 181 337 424 462 146
1 15 5
234 322 129 102 228
1 10 6
302 353 38 300 166 131
1 9 10
276 178 302 442 258 341 309 168 79 448
1 12 6
235 111 144 146 99 344
1 17 7
121 263 358 157 74 476 295
1 12 10
183 0 399 111 249 340 210 482 256 310
1 1 9
464 412 378 228 42 337 314 176 118
1 7 3
90 89 406
1 13 3
81 461 227
1 1 4
264 168 107 136
1 1 8
498 247 246 16 336 256 129 124
1 11 7
124 39 311 406 76 440 436
1 14 10
448 64 2 171 103 458 345 373 137 33
1 3 5
79 488 272 469 122
1 12 5
310 79 281 212 15
1 7 10
269 185 33 257 37 489 7 444 282 177
1 5 9
57 370 80 430 422 24 382 115 347
1 17 3
418 459 155
1 2 5
474 205 177 132 185
1 9 7
141 28 383 271 60 37 220
1 10 10
416 487 187 120 5 428 148 158 54 125
1 17 10
489 265 78 200 79 317 142 160 11 348
1 15 7
43 25 224 361 177 226 149
1 18 8
232 438 125 434 395 181 371 50
1 7 7
246 162 124 433 212 9 220
1 19 9
27 198 144 205 72 375 168 454 97
1 2 6
75 76 363 442 489 348
1 4 7
469 88 314 15 399 36 192
1 8 9
175 118 429 164 296 237 238 312 286
1 5 10
68 210 99 41 199 98 116 255 202 240
1 4 8
387 335 238 40 240 298 55 179
1 17 6
177 323 68 465 46 189
1 17 5
25 207 280 21 123
1 4 2
464 51
1 5 6
387 267 3 32 170 52
1 12 3
322 81 171
1 18 3
481 167 469
1 10 9
497 61 79 148 276 202 136 281 431
1 15 6
75 333 293 410 440 160
1 11 6
29 387 25 351 88 129
1 18 9
132 22 447 360 74 59 478 430 312
1 19 4
327 378 134 457
1 3 6
253 199 482 325 412 241
1 20 7
101 494 133 166 60 196 48
1 8 8
342 432 210 45 443 490 80 232
1 11 5
327 283 275 448 8
1 11 5
451 150 359 352 22
1 11 9
255 215 195 494 229 384 202 111 301
1 4 7
467 393 105 19 58 205 50
1 8 4
127 73 0 229
1 13 10
304 30 477 110 167 224 406 360 141 95
1 17 6
108 241 16 381 144 494
1 17 4
233 353 170 125
1 20 9
192 110 196 332 403 100 221 53 438
1 19 9
444 221 420 299 15 253 249 383 52
1 1 8
214 67 162 497 59 406 36 205
1 5 3
9 192 164
1 11 2
116 342
1 5 2
337 126
1 3 8
412 241 374 342 489 128 97 406
1 14 2
352 242
1 12 2
229 251
1 18 2
389 475
1 6 8
242 460 478 108 301 302 425 215
1 10 7
64 35 270 406 392 330 488
1 16 8
149 208 476 468 108 362 389 201
1 8 6
43 144 160 79 44 373
1 2 3
435 60 81
1 4 5
189 167 360 315 335
1 10 7
139 330 444 158 36 370 260
1 16 8
114 80 327 52 58 486 388 255
1 1 7
203 492 431 286 489 57 329
1 1 3
239 420 333
1 9 9
347 175 391 114 141 255 277 251 47
1 8 9
476 406 303 435 106 87 216 153 462
1 14 8
360 470 188 297 429 159 191 445
1 3 5
483 221 88 259 448
1 2 9
52 289 48 483 474 207 128 171 258
1 12 5
105 442 386 425 302
1 13 8
162 20 194 449 418 80 270 470
1 8 6
65 356 221 316 37 21
1 12 10
470 211 375 160 19 60 342 451 33 100
1 4 6
119 428 391 10 337 65
1 10 2
499 229
1 2 10
330 269 377 444 100 185 250 408 264 10
1 20 8
40 237 386 415 141 219 8 310
1 9 5
60 207 337 219 480
1 10 9
26 269 142 386 183 179 467 177 229
1 10 5
309 313 461 391 190
1 16 3
167 4 215
1 12 5
33 104 193 135 392
1 4 10
480 228 74 244 76 28 364 454 30 349
1 16 10
147 375 164 371 311 283 308 162 131 379
1 19 5
409 51 384 55 405
1 5 9
5 491 20 150 103 258 484 157 395
1 5 8
459 213 456 133 238 409 359 114
1 16 5
392 164 211 71 278
1 3 8
116 251 281 200 330 176 357 349
1 9 7
62 120 304 347 145 360 440
1 7 6
282 89 325 123 450 229
1 3 7
322 138 76 327 34 441 90
1 8 2
130 84
1 9 8
90 437 359 233 139 177 30 25
1 14 6
6 86 301 346 202 113
1 1 5
268 47 54 125 294
1 5 5
64 273 358 445 139
1 9 2
133 5
1 1 4
66 197 216 34
1 19 9
408 266 94 230 175 18 469 44 366
1 15 4
457 465 252 236
1 16 2
394 268
1 5 8
211 127 169 314 161 319 419 243
1 9 8
151 100 168 347 140 155 106 464
1 10 4
128 231 77 137
1 15 6
210 219 188 454 298 8
1 18 3
75 162 248
1 3 10
112 294 199 9 449 443 324 167 456 60
1 19 8
253 124 345 301 140 418 245 3
1 15 5
93 418 123 269 112
1 7 2
311 369
1 13 9
100 224 242 17 220 132 90 23 383
1 10 2
386 381
1 16 7
201 112 225 395 182 28 232
1 18 9
459 141 380 335 316 320 408 39 158
1 9 6
437 449 47 201 374 190
1 15 10
354 170 201 446 86 474 169 407 163 282
1 20 7
119 443 76 170 92 400 448
1 10 7
6 26 472 499 9 187 257
1 4 9
445 95 292 149 402 359 288 397 167
1 15 5
411 154 357 66 0
1 8 10
249 394 387 489 99 132 134 474 139 364
1 1 10
317 23 438 294 280 230 59 485 98 348
1 4 8
222 476 259 59 93 429 440 118
1 7 8
30 242 406 319 5 42 352 446
1 17 2
238 326
1 13 10
496 173 394 115 262 192 314 348 100 199
1 1 4
244 398 339 384
1 15 3
413 252 86
1 13 6
86 124 446 461 201 442
1 19 6
282 31 45 447 384 298
1 11 9
450 490 109 1 71 99 413 289 14
1 2 3
430 324 405
1 3 8
116 220 293 365 150 344 350 337
1 15 9
215 453 388 477 21 192 49 300 355
1 14 2
260 336
1 10 8
328 282 470 371 57 46 172 71
1 1 4
188 147 301 104
1 14 2
13 413
1 10 8
171 143 410 61 457 95 41 281
1 18 4
233 329 103 399
1 3 5
200 197 330 282 430
1 9 6
72 91 15 481 386 49
1 17 10
302 168 389 79 395 117 134 288 295 6
1 15 9
418 217 252 108 498 89 99 340 451
1 7 2
40 375
1 8 7
119 497 239 193 108 369 127
1 11 8
158 423 336 224 474 437 438 401
1 17 2
230 264
1 18 4
3 437 425 204
1 3 4
315 454 452 360
1 11 10
313 258 285 324 241 181 488 229 279 286
1 2 9
470 397 106 175 252 459 391 430 143
1 18 4
17 381 41 411
1 10 8
466 374 129 499 255 365 174 104
1 8 5
46 294 269 483 11
1 18 3
411 403 214
1 15 6
273 170 468 452 336 337
1 19 9
234 434 246 128 204 33 133 290 214
1 10 7
265 279 175 150 71 499 344
1 19 4
477 224 198 492
1 18 3
91 273 419
1 7 2
499 207
1 4 7
428 353 440 54 443 252 79
1 8 4
36 64 186 226
1 9 3
444 395 440
1 3 5
430 412 204 266 380
1 13 6
367 282 112 369 334 467
1 15 8
329 293 166 248 366 158 198 116
1 13 5
313 76 425 474 422
1 2 10
127 146 51 464 251 388 242 493 197 482
1 16 7
128 261 45 457 160 224 195
1 10 5
177 284 352 42 254
1 10 5
297 58 465 278 0
1 13 7
179 283 413 161 348 343 414
1 9 5
360 313 486 231 272
1 3 10
255 415 346 437 196 316 114 225 101 227
1 18 2
345 357
1 7 9
54 278 477 174 324 29 281 130 184
1 5 5
462 61 346 185 336
1 7 10
332 376 176 40 494 31 95 407 50 16
1 12 4
90 455 48 173
1 11 3
326 185 495
1 3 9
265 238 324 101 150 494 206 43 470
1 7 3
378 49 150
1 2 9
153 289 94 182 57 323 370 22 132
1 7 9
174 12 100 349 201 282 267 213 294
1 19 10
209 81 434 269 183 106 420 96 285 352
1 3 10
10 318 313 101 365 50 381 12 457 93
1 4 5
431 140 385 65 265
1 9 2
48 250
1 6 3
436 498 347
1 18 5
153 468 31 386 22
1 6 3
446 358 196
1 7 10
83 2 128 319 375 449 120 129 307 362
1 9 7
385 289 61 337 410 474 487
1 10 2
422 496
1 20 10
340 46 277 19 369 441 404 55 407 437
1 16 3
270 382 11
1 5 6
466 70 314 415 269 378
1 6 6
307 312 461 253 368 242
1 16 9
27 374 88 234 193 177 238 199 182
1 9 7
345 9 26 115 227 278 473
1 15 10
316 130 288 149 1 365 271 38 240 255
1 7 4
469 276 384 93
1 11 6
206 274 402 186 202 118
1 12 8
418 97 310 59 366 429 73 407
1 2 9
235 460 6 102 317 494 360 315 289
1 10 2
260 144
1 17 2
290 193
1 15 3
414 348 294
1 20 6
82 279 85 115 411 435
1 13 6
35 4 467 190 249 395
1 3 8
74 147 185 301 494 358 364 142
1 14 9
204 372 141 482 466 437 27 38 174
1 8 6
231 428 54 218 8 391
1 20 8
429 428 451 27 303 480 146 471
1 10 5
460 178 234 75 72
1 9 2
7 380
1 15 5
345 423 267 130 76
1 2 10
268 110 111 456 390 258 230 395 14 311
1 4 5
453 79 479 70 122
1 19 3
427 370 184
1 17 8
434 53 104 470 463 210 34 310
1 16 10
428 6 216 201 65 32 8 393 461 244
1 9 6
355 425 278 476 250 269
1 15 6
127 354 406 287 408 380
1 5 9
311 292 492 357 197 378 392 332 157
1 19 8
96 24 465 239 346 258 339 271
1 2 8
437 156 16 491 476 280 193 42
1 8 3
34 304 120
1 7 10
138 380 27 373 272 72 189 241 193 44
1 15 3
392 381 84
1 1 6
337 23 154 287 141 493
1 7 3
184 317 40
1 14 9
172 67 190 93 293 101 429 424 90
1 5 9
183 58 302 107 138 12 218 11 244
1 6 8
47 30 92 319 446 2 347 197
1 14 3
493 234 24
1 7 9
14 462 373 494 454 103 477 409 489
1 5 2
92 178
1 14 6
342 263 148 38 150 30
1 16 4
310 59 151 187
1 15 8
282 414 153 477 354 71 125 487
1 14 6
372 222 291 248 209 90
1 12 2
239 433
1 8 9
216 435 101 210 273 96 365 24 404
1 7 5
432 125 47 339 241
1 11 6
440 171 132 477 463 43
1 17 6
162 429 81 418 231 170
1 7 6
497 139 322 466 28 410
1 13 8
485 334 133 129 128 39 248 205
1 7 3
398 318 35
1 10 8
299 414 491 413 352 443 338 145
1 15 7
87 148 463 404 217 97 181
1 6 3
204 148 125
1 6 10
120 347 115 444 279 342 242 196 267 20
1 4 9
290 276 137 101 37 343 178 333 169
1 11 7
367 8 394 337 62 431 83
1 9 3
162 442 226
1 19 10
422 492 327 380 108 1 220 493 169 484
1 19 2
30 334
1 7 4
137 57 21 23
1 12 7
474 15 368 366 241 224 96
1 12 8
62 194 328 366 499 244 391 49
1 3 8
222 489 42 367 169 271 26 247
1 6 6
92 387 300 270 389 214
1 12 3
95 181 492
1 10 5
470 274 73 66 193
1 12 4
285 320 492 331
1 8 8
447 103 163 248 356 250 149 324
1 10 2
373 262
1 16 5
277 235 232 204 381
1 20 5
54 477 458 33 489
1 6 7
90 137 333 73 395 336 378
1 20 2
305 428
1 12 9
246 403 213 151 372 83 11 140 249
1 1 3
310 491 455
1 10 7
258 37 233 394 442 428 402
1 4 6
122 151 279 125 19 361
1 7 6
279 384 324 490 211 357
1 8 3
59 398 221
1 10 2
245 32
1 17 3
236 482 360
1 13 5
474 210 251 45 331
1 6 2
290 468
1 17 3
204 69 410
1 11 10
312 493 128 479 380 103 74 287 389 47
1 17 3
56 308 465
1 10 7
168 236 341 392 226 263 302
1 9 3
248 150 92
1 1 7
127 36 94 497 261 4 18
1 13 6
195 98 198 372 87 190
1 15 3
359 178 244
1 15 8
499 413 28 163 232 427 431 192
1 7 7
248 237 56 491 467 475 389
1 8 8
178 470 307 492 401 2 423 215
1 6 10
200 469 313 366 430 74 443 197 1 359
1 4 6
278 440 156 54 7 403
1 10 5
19 346 444 133 115
1 15 7
263 205 70 204 107 129 465
1 10 9
259 156 370 144 280 496 53 80 142
1 11 10
324 311 385 394 87 82 95 99 317 138
1 3 8
140 104 138 368 63 122 24 109
1 5 3
254 495 409
1 13 9
388 66 98 211 128 344 185 230 1
1 19 2
144 363
1 14 9
422 307 157 199 287 368 395 392 490
1 9 6
70 463 225 323 481 15
1 3 5
406 384 366 486 461
1 7 9
343 75 433 388 112 407 416 355 197
1 9 8
325 274 308 397 470 46 181 307
1 4 5
35 99 378 390 220
1 17 5
480 120 365 29 466
1 5 7
277 416 483 248 52 23 296
1 3 3
172 431 461
1 8 9
357 261 339 50 445 197 409 248 326
1 8 8
397 351 169 166 255 325 146 201
1 2 6
366 6 320 239 54 452
1 18 9
154 191 243 126 453 410 65 150 94
1 17 5
59 168 171 303 432
1 20 4
277 76 196 457
1 6 2
100 457
1 7 7
238 475 83 323 277 487 144
1 16 9
478 489 240 172 42 23 16 426 138
1 4 10
339 394 227 215 120 52 236 469 413 280
1 10 8
67 127 360 452 69 50 124 201
1 3 3
125 312 63
1 6 5
141 6 436 1 124
1 14 9
269 481 395 247 175 114 437 162 174
1 20 9
188 211 103 499 459 160 262 41 493
1 14 5
82 164 198 241 211
1 14 9
160 159 235 293 48 53 288 416 476
1 14 3
231 1 230
1 2 10
310 181 495 278 498 426 77 54 407 230
1 19 3
31 206 341
1 18 2
212 475
1 11 6
27 343 335 438 365 244
1 9 4
342 109 166 254
1 1 4
189 260 82 427
1 4 4
162 313 8 244
1 10 2
141 5
1 9 9
64 115 289 292 226 180 38 143 168
1 4 4
342 148 142 67
1 20 8
300 9 19 242 31 492 402 129
1 11 7
209 237 284 485 127 417 361
1 14 2
258 381
1 17 7
171 344 35 403 300 374 57
1 2 7
315 476 251 486 471 180 230
1 13 8
432 3 133 430 416 258 85 420
1 13 10
386 238 6 10 209 491 442 258 220 82
1 12 7
184 117 254 476 364 485 223
1 2 5
350 212 370 8 390
1 5 7
359 230 192 464 132 145 374
1 4 2
283 196
1 10 8
237 91 355 21 493 171 325 210
1 11 2
55 230
1 3 2
256 67
1 9 7
296 203 483 481 300 322 97
1 8 6
483 258 114 360 471 437
1 15 10
240 174 330 166 275 156 185 198 461 440
1 14 5
44 200 209 450 434
1 18 2
106 464
1 11 4
304 495 105 432
1 3 3
494 234 375
1 5 2
302 225
1 15 10
99 265 323 55 264 63 196 83 236 28
1 5 3
302 330 4
1 16 10
170 295 114 477 479 38 427 166 123 375
1 16 10
241 336 175 397 25 462 153 340 236 72
1 6 5
24 46 427 311 314
1 11 3
445 460 297
1 9 9
356 91 337 21 99 172 332 331 407
1 15 3
251 245 154
1 11 6
107 232 331 193 375 351
1 19 2
419 157
1 12 10
454 113 29 160 320 42 487 133 455 233
1 12 3
483 270 124
1 4 6
280 49 493 113 233 13
1 20 4
154 104 495 433
1 13 10
147 206 424 446 213 174 308 406 142 49
1 3 7
271 345 475 229 493 93 447
1 13 8
381 351 14 153 361 328 47 248
1 10 8
62 158 149 123 189 411 429 44
1 8 9
170 126 321 86 115 212 393 121 452
1 16 8
320 113 121 261 425 318 343 39
1 6 4
264 169 232 133
1 15 6
50 45 481 3 197 347
1 13 4
357 42 310 216
1 18 5
136 49 345 401 86
1 19 5
369 69 310 90 275
1 14 4
283 1 60 138
1 10 6
421 240 405 267 419 261
1 13 4
267 128 346 307
1 4 9
385 137 200 347 419 49 228 162 242
1 7 7
472 105 20 489 17 330 283
1 4 3
25 49 269
1 1 3
282 201 371
1 19 3
362 482 127
1 12 8
451 365 67 63 0 284 265 360
1 8 6
388 285 84 444 253 349
1 7 9
240 499 95 44 110 215 22 411 258
1 12 9
370 21 54 161 474 383 238 457 180
1 4 6
377 33 211 333 334 236
1 4 2
10 19
1 2 6
82 167 44 9 193 401
1 12 8
344 237 93 159 236 98 493 258
1 20 4
170 483 476 436
1 2 9
21 361 344 476 185 421 220 278 50
1 17 4
71 221 66 393
1 5 5
177 442 384 448 126
1 3 4
1 182 488 352
1 16 8
477 327 462 464 318 224 250 245
1 5 6
442 495 48 341 266 286
1 12 6
275 475 381 467 391 101
1 5 6
310 453 237 272 19 293
1 18 3
138 118 414
1 3 6
109 481 294 204 160 306
1 9 10
89 366 461 183 192 467 359 445 169 270
1 8 3
96 199 260
1 1 3
9 361 473
1 14 9
483 473 47 434 361 149 136 0 231
1 6 7
12 318 246 221 276 427 74
1 6 5
265 494 70 212 376
1 10 4
292 64 225 403
1 7 5
164 451 337 56 1
1 13 7
479 68 409 134 437 195 397
1 4 6
35 424 249 244 138 391
1 19 5
306 169 477 127 270
1 6 10
258 385 173 201 483 349 32 70 284 214
1 4 10
282 73 406 301 140 111 243 194 119 200
1 5 7
431 295 202 84 259 149 292
1 20 3
339 7 2
1 19 8
367 476 473 81 452 471 64 58
1 12 8
144 498 494 461 5 338 320 459
1 14 4
176 201 183 474
1 19 5
385 293 339 362 439
1 2 3
26 447 480
1 1 9
410 250 194 382 63 376 41 68 338
1 17 4
201 381 257 301
1 4 5
6 426 116 311 156
1 10 5
99 45 6 150 306
1 14 9
240 279 275 194 181 444 35 386 286
1 14 9
39 27 41 406 248 360 258 31 490
1 12 4
379 92 445 438
1 6 9
239 16 487 361 190 108 495 322 263
1 16 8
225 33 388 83 20 305 176 408
1 15 5
50 353 447 56 485
1 13 4
40 250 245 180
1 2 7
208 183 223 81 486 141 219
1 14 9
482 210 433 338 174 184 113 82 61
1 1 5
39 11 485 433 286
1 1 6
301 221 199 492 405 425
1 12 3
96 448 107
1 11 3
190 119 318
1 6 8
25 298 473 453 318 188 496 214
1 13 10
154 485 454 153 325 226 374 51 469 61
1 17 7
277 172 419 25 21 187 491
1 2 10
358 432 184 270 407 368 163 4 279 183
1 8 9
97 364 384 235 12 174 58 147 340
1 14 5
88 130 376 308 435
1 13 9
78 73 393 430 252 110 354 439 259
1 6 6
137 295 399 328 459 110
1 20 2
143 349
1 6 10
163 82 206 301 300 458 260 208 423 96
1 1 9
376 407 75 35 214 184 95 444 38
1 19 3
33 459 64
1 3 4
422 60 146 290
1 7 3
376 277 33
1 12 4
239 417 420 74
1 11 5
90 221 162 205 175
1 2 4
252 362 399 96
1 17 2
244 274
1 9 8
135 473 484 374 114 250 282 137
1 2 9
289 258 45 427 380 421 105 48 136
1 7 4
391 441 430 163
1 17 4
483 489 284 217
1 8 2
245 258
1 1 3
396 17 351
1 6 6
299 192 109 399 182 436
1 4 7
232 456 250 383 448 229 8
1 14 8
128 169 55 345 129 92 474 489
1 6 3
113 137 398
1 19 10
471 158 209 283 226 7 361 43 236 252
1 10 5
381 196 448 485 43
1 11 9
205 236 319 465 184 268 261 389 307
1 10 4
137 262 204 164
1 17 4
193 441 440 222
1 18 10
42 499 419 322 127 378 220 280 472 308
1 15 10
262 475 69 267 387 159 287 356 376 282
1 15 3
497 213 131
1 6 6
430 39 91 181 364 348
1 7 7
445 175 280 171 81 51 384
1 20 10
370 466 280 130 17 135 170 95 401 320
1 14 9
290 187 148 454 159 126 221 33 359
1 7 8
174 228 57 231 291 253 2 153
1 8 10
474 337 340 444 427 483 424 95 450 35
1 12 5
56 271 110 254 210
1 3 2
324 168
1 8 6
221 45 119 454 410 206
1 13 4
309 119 463 86
1 15 6
336 269 407 468 403 327
1 17 3
101 36 108
1 12 9
199 290 112 63 76 488 294 222 168
1 12 5
53 192 213 130 199
1 11 3
90 428 388
1 4 4
173 259 229 2
1 16 8
298 94 481 35 200 495 361 368
1 13 3
210 156 228
1 15 7
272 114 484 449 382 102 26
1 9 2
438 251
1 2 7
70 48 16 235 206 407 34
1 19 10
173 228 30 348 294 69 299 67 273 383
1 16 4
27 498 240 107
1 19 4
401 39 443 332
1 19 4
475 397 148 452
1 14 5
378 26 168 257 240
1 14 2
409 476
1 17 6
31 335 56 428 268 427
1 12 3
442 475 441
1 5 3
264 413 183
1 1 2
147 463
1 16 10
135 389 3 75 69 495 172 459 486 141
1 7 6
66 367 472 188 308 226
1 16 3
455 20 199
1 1 9
440 176 126 290 188 399 49 378 218
1 13 4
93 100 408 390
1 16 8
27 238 373 63 357 187 229 404
1 12 8
138 64 211 232 125 347 190 255
1 17 8
301 251 63 136 124 497 52 338
1 6 8
98 58 140 10 486 385 457 447
1 18 8
289 330 276 497 492 456 91 387
1 9 9
213 27 218 110 310 5 241 197 259
1 2 10
153 382 333 275 46 459 231 451 165 387
1 12 10
462 304 172 136 10 322 138 247 369 107
1 15 6
122 342 52 167 269 336
1 20 10
301 62 195 137 27 177 370 358 87 154
1 19 6
138 174 79 8 248 452
1 14 3
92 222 58
1 10 3
102 437 114
1 17 4
36 371 39 219
1 19 5
229 452 139 177 145
1 3 7
364 133 268 95 245 492 477
1 18 2
262 254
1 5 8
331 474 452 70 380 167 472 120
1 6 6
245 99 497 27 389 316
1 13 4
386 69 466 363
1 11 6
288 441 311 50 189 380
1 8 6
104 475 97 367 25 294
1 15 6
390 499 217 448 215 144
1 3 8
219 218 102 255 337 493 156 400
1 7 4
414 74 330 273
1 12 3
347 413 392
1 15 7
402 497 398 26 358 314 168
1 11 2
298 370
1 3 8
301 258 26 48 49 243 491 286
1 5 5
46 201 354 313 254
1 4 10
424 389 291 246 194 240 293 447 334 2
1 2 10
205 16 496 81 51 217 366 14 119 441
1 9 4
197 456 395 53
1 15 5
263 215 322 221 268
1 5 4
124 6 114 419
1 5 8
130 112 77 115 248 46 306 388
1 10 7
426 327 357 366 42 432 393
1 7 9
113 84 478 27 270 407 484 465 43
1 4 6
474 245 20 109 189 163
1 2 5
265 104 45 355 204
1 4 5
282 19 4 33 78
1 2 2
443 336
1 20 4
385 267 26 256
1 1 3
177 190 333
1 6 4
494 207 29 28
1 9 10
63 296 351 282 330 409 232 486 139 268
1 13 10
291 480 339 92 482 118 484 405 109 298
1 13 4
249 68 178 386
1 10 2
285 245
1 3 10
192 94 477 223 478 364 188 459 269 164
1 6 5
59 351 365 296 53
1 8 5
363 274 296 388 80
1 15 3
465 337 202
1 13 3
242 339 295
1 13 8
144 326 220 13 381 179 238 145
1 19 4
252 400 361 287
1 13 2
461 372
1 2 6
373 119 378 240 288 347
1 11 7
479 191 304 171 441 216 19
1 16 2
225 181
1 3 2
63 382
1 19 4
446 6 61 17
1 19 7
141 405 60 329 28 440 146
1 13 2
39 65
1 15 9
449 25 485 211 383 58 369 475 335
1 19 5
271 420 469 372 278
1 10 8
159 427 227 214 191 404 3 30
1 2 7
401 468 273 448 283 271 81
1 11 2
140 291
1 15 6
416 496 438 228 393 442
1 12 3
471 409 293
1 7 3
162 187 99
1 7 7
443 295 456 86 291 312 105
1 13 9
345 425 393 61 160 328 208 315 241
1 13 10
420 311 109 258 208 438 444 47 452 131
1 7 9
163 217 253 498 69 245 336 337 135
1 6 10
385 263 370 87 38 124 405 289 428 53
1 20 7
263 275 345 118 148 420 62
1 20 8
319 107 446 163 196 69 266 354
1 12 5
308 295 198 126 310
1 13 8
13 108 21 104 167 159 109 487
1 16 7
31 48 87 32 435 356 104
1 11 10
380 98 414 381 177 285 369 277 23 68
1 15 10
465 244 495 66 190 376 344 187 293 323
1 9 2
81 425
1 2 5
82 480 139 290 442
1 8 9
111 98 87 265 349 166 70 243 4
1 1 5
207 160 239 107 405
1 16 3
33 130 344
1 4 3
491 46 441
1 15 9
58 86 110 351 259 439 312 444 79
1 4 5
275 285 148 433 230
1 19 7
105 404 117 409 299 482 424
1 17 2
61 398
1 1 10
119 113 221 52 5 205 243 292 401 323
1 11 5
110 133 187 49 50
1 4 9
124 185 49 399 209 65 58 345 229
1 10 3
152 459 307
1 9 5
326 129 455 48 11
1 6 7
198 84 215 393 490 217 109
1 1 6
413 289 37 497 313 110
1 13 4
307 168 327 421
1 12 8
295 53 54 250 188 377 3 293
1 13 9
180 160 32 258 46 114 457 212 477
1 7 10
223 215 492 111 228 273 412 314 423 12
1 20 4
144 179 87 293
1 19 2
345 308
1 12 10
168 427 94 267 472 9 196 460 469 242
1 1 8
10 212 253 220 354 152 245 239
1 7 2
212 408
1 15 5
423 51 236 482 164
1 17 3
394 148 499
1 5 9
15 309 221 475 244 354 400 121 472
1 7 2
298 195
1 13 5
29 56 302 311 75
1 6 7
279 8 357 185 28 348 373
1 13 4
345 280 118 223
1 5 10
79 69 148 340 25 17 177 131 400 244
1 2 2
463 388
1 15 8
351 230 127 128 284 194 363 360
1 13 2
229 4
1 14 9
455 52 37 108 66 288 254 23 489
1 4 9
343 285 21 408 126 70 85 385 69
1 10 10
150 185 50 412 9 491 70 124 273 254
1 11 6
495 474 374 19 238 456
1 13 8
294 191 73 280 56 378 495 157
1 2 6
314 421 333 181 380 63
1 16 3
409 236 387
1 14 8
43 351 488 397 167 336 94 1
1 6 10
110 277 55 155 479 374 472 120 328 70
1 10 10
444 3 153 414 353 1 346 135 168 348
1 2 6
491 424 240 381 157 159
1 15 5
176 194 224 256 117
1 8 7
6 398 13 461 330 176 414
1 11 10
54 309 206 99 183 10 66 447 260 329
1 5 3
301 262 160
1 16 4
168 91 395 38
1 19 10
313 441 486 16 473 483 324 492 0 88
1 1 2
211 150
1 17 4
102 381 453 77
1 18 10
190 7 116 90 437 9 220 423 365 281
1 13 7
315 326 411 22 318 80 39
1 5 6
27 219 47 195 346 44
1 5 3
205 82 87
1 18 3
249 132 57
1 17 5
277 78 216 340 297
1 5 2
258 471
1 19 6
332 427 178 273 205 73
1 20 2
16 254
1 13 10
434 174 486 159 360 464 425 327 37 443
1 20 3
437 127 468
1 20 7
215 155 48 456 256 389 333
1 2 8
188 231 455 129 358 393 73 259
1 11 2
403 146
1 18 5
8 171 227 463 51
1 2 10
252 487 79 136 299 1 247 272 492 83
1 3 10
97 47 431 386 300 356 285 131 400 84
1 3 3
202 271 123
1 6 2
237 245
1 14 7
3 120 29 384 151 402 318
1 14 8
351 214 419 397 31 162 270 147
1 8 9
365 139 436 59 459 305 355 170 334
1 8 7
247 322 135 111 445 167 333
1 1 2
307 37
1 6 2
416 46
1 11 5
498 42 114 484 319
1 19 10
417 39 162 455 314 142 498 259 193 172
1 6 2
82 118
1 6 5
345 263 350 173 294
1 11 4
176 437 24 320
1 12 2
252 283
1 3 9
181 109 432 364 111 147 444 39 0
1 16 7
239 333 400 315 27 433 217
1 19 10
487 347 124 29 478 297 105 298 126 314
1 11 10
354 123 483 324 388 335 125 48 333 297
1 10 6
348 131 443 23 396 339
1 20 2
15 395
1 18 9
402 403 172 474 480 210 204 413 384
1 1 3
344 71 432
1 9 6
481 34 7 387 315 30
1 4 8
105 34 286 178 357 157 373 263
1 9 3
361 240 49
1 18 4
45 321 339 177
1 11 3
47 447 63
1 15 3
98 132 311
1 6 5
349 109 354 333 358
1 13 6
46 60 148 48 47 473
1 12 9
39 361 73 77 236 493 234 448 149
1 18 10
60 325 372 363 457 114 260 388 333 134
1 10 6
98 9 237 177 288 415
1 13 5
385 152 373 410 319
1 17 5
329 463 467 174 51
1 18 3
373 84 90
1 14 5
397 324 254 20 52
1 10 6
242 174 163 228 496 63
1 6 10
26 196 85 434 87 268 215 453 23 469
1 20 6
116 251 230 491 163 481
1 19 2
3 433
1 9 6
371 481 355 265 107 234
1 12 3
10 72 432
1 20 9
205 357 81 131 297 29 419 405 344
1 15 4
455 358 142 386
1 2 4
482 481 272 332
1 1 6
287 60 304 177 316 58
1 8 10
480 415 135 232 40 261 335 345 304 389
1 16 9
466 144 438 261 96 89 436 391 37
1 4 4
453 36 339 238
1 13 2
305 195
1 8 7
22 85 368 326 126 190 410
1 13 7
404 308 64 8 49 131 461
1 2 9
129 150 29 468 461 323 362 218 188
1 7 8
151 419 362 75 116 153 272 247
1 11 4
462 89 352 377
1 20 5
88 198 69 213 224
1 19 7
246 292 475 112 256 172 298
1 20 5
464 483 218 406 31
1 11 5
363 270 44 493 28
1 17 7
119 28 333 178 225 394 217
1 18 9
329 234 363 312 451 381 265 427 257
1 8 5
120 362 229 317 123
1 9 9
328 340 193 282 341 244 65 253 370
1 10 4
313 9 386 136
1 1 3
214 34 305
1 19 4
158 228 403 307
1 19 2
104 309
1 1 8
226 3 454 251 363 365 91 146
1 19 10
133 243 16 422 326 460 309 333 424 271
1 8 8
437 44 365 60 108 321 102 83
1 19 9
90 374 218 191 339 304 385 237 398
1 18 8
183 115 449 489 277 134 394 228
1 15 4
268 21 331 88
1 15 8
284 71 262 76 339 85 90 191
1 10 3
326 315 263
1 14 4
64 256 340 374
1 9 7
358 157 194 446 463 16 404
1 2 2
15 119
1 12 8
467 72 337 287 455 32 307 80
1 1 8
275 18 375 331 498 175 480 285
1 4 3
159 107 212
1 11 2
121 137
1 16 9
211 305 353 213 142 401 387 428 30
1 11 6
80 278 422 346 364 447
1 16 3
39 165 222
1 10 10
459 229 281 94 111 152 243 220 64 150
1 19 10
47 279 409 167 125 444 314 162 193 73
1 13 3
15 343 58
1 12 2
145 390
1 19 2
487 161
1 20 8
232 21 110 251 73 170 387 464
1 17 7
196 493 373 222 18 130 498
1 13 6
58 242 1 438 296 158
1 3 9
160 172 498 193 146 153 168 196 32
1 15 7
53 289 25 128 89 483 41
1 19 8
372 249 88 71 473 44 87 494
1 2 10
172 295 470 265 487 410 16 276 14 114
1 13 8
212 205 96 405 68 381 384 46
1 3 5
42 359 397 471 55
1 9 9
76 108 468 166 207 420 190 266 294
1 9 8
22 81 154 56 241 162 159 165
1 6 2
33 126
1 17 3
199 29 363
1 4 7
425 135 464 354 9 196 207
1 4 9
12 447 404 374 443 412 385 35 167
1 9 6
118 121 452 279 313 145
1 6 2
420 120
1 13 6
32 305 485 353 223 228
1 10 4
31 470 244 401
1 16 6
442 256 62 353 53 347
1 11 5
155 120 326 4 108
1 16 8
272 171 302 113 202 19 212 219
1 16 2
148 336
1 11 4
73 142 300 75
1 4 9
335 200 341 342 266 147 14 269 453
1 2 9
164 65 155 335 114 352 430 257 39
1 15 9
382 134 199 52 140 118 128 280 33
1 6 6
260 375 219 33 347 319
1 12 10
385 151 230 226 107 320 47 185 254 347
1 20 4
10 307 354 397
1 14 9
77 396 328 71 34 301 491 208 4
1 11 6
446 439 332 94 304 366
1 10 7
298 352 395 427 289 327 424
1 16 8
74 163 275 184 30 135 434 439
1 4 10
209 100 315 205 179 269 83 264 499 82
1 9 3
334 30 434
1 16 10
297 127 33 405 402 260 2 160 122 158
1 9 7
164 200 429 112 76 25 371
1 14 2
178 471
1 1 8
37 488 108 353 434 48 272 478
1 14 5
202 397 234 46 258
1 9 4
313 210 379 194
1 4 4
270 17 38 139
1 9 6
339 449 346 139 180 307
1 18 9
65 104 282 232 287 53 2 393 284
1 9 3
3 359 363
1 7 5
482 401 198 397 491
1 14 3
269 67 30
1 11 3
348 122 384
1 13 3
0 163 86
1 2 5
1 202 265 185 173
1 19 9
177 430 272 402 460 185 42 290 334
1 9 2
447 196
1 3 5
365 302 119 211 392
1 13 8
218 359 389 383 490 115 443 466
1 13 9
205 24 198 69 293 450 460 230 459
1 1 6
24 318 250 23 327 141
1 12 9
278 466 247 253 249 397 263 331 369
1 18 4
259 247 480 179
1 3 7
118 303 440 143 85 396 108
1 19 3
269 201 114
1 4 4
351 29 34 307
1 11 6
234 151 457 258 346 275
1 10 3
63 448 367
1 10 8
155 406 311 275 201 43 98 288
1 17 3
487 304 177
1 6 6
58 103 363 375 90 285
1 11 6
215 170 113 311 193 151
1 14 10
136 120 121 288 11 256 322 398 237 465
1 10 4
52 189 498 109
1 14 9
96 253 345 141 259 168 85 156 139
1 19 4
422 89 454 236
1 20 8
213 144 116 74 424 328 310 84
1 14 7
307 389 34 193 454 367 457
1 7 9
357 494 159 325 377 457 214 486 229
1 18 8
473 162 291 349 408 75 218 360
1 6 2
208 122
1 17 7
474 398 359 148 495 75 187
1 7 7
164 138 156 385 186 494 131
1 10 5
273 336 288 124 298
1 4 10
25 357 454 3 292 231 493 406 237 227
1 12 6
190 349 20 89 320 376
1 14 10
395 218 240 175 145 292 192 66 85 303
1 9 9
251 204 493 102 181 194 384 324 312
1 16 4
9 293 402 120
1 16 3
445 79 246
1 1 2
213 418
1 5 2
239 19
1 15 7
250 462 44 32 33 199 16
1 8 3
287 46 79
1 6 8
102 331 201 100 329 185 134 363
1 6 4
426 237 291 468
1 6 10
343 366 42 246 48 400 293 331 420 475
1 6 2
384 68
1 6 4
2 418 407 402
1 15 3
291 230 78
1 5 7
167 160 455 83 498 243 338
1 5 3
92 411 81
1 10 3
320 380 190
1 7 3
173 486 153
1 17 7
400 465 126 204 247 24 127
1 20 10
150 62 479 498 116 99 264 397 95 307
1 9 9
146 97 271 45 463 41 38 253 44
1 1 8
479 150 338 444 177 102 54 421
1 12 4
136 476 90 494
1 3 9
269 218 251 23 164 34 487 0 422
1 19 3
405 283 196
1 1 7
322 346 118 4 195 319 164
1 15 6
365 135 312 368 305 69
1 10 5
109 10 24 457 300
1 3 9
420 468 1 72 343 161 285 13 225
1 2 8
37 410 68 447 474 50 312 57
1 15 6
298 429 347 392 188 246
1 5 6
13 228 134 288 291 463
1 18 6
161 211 292 6 52 476
1 13 8
262 456 247 258 461 457 368 216
1 16 6
166 288 50 30 234 82
1 2 10
347 28 373 330 179 25 328 183 348 346
1 17 9
339 271 20 401 486 458 349 101 438
1 10 3
258 451 424
1 12 10
465 221 5 160 278 104 408 110 401 410
1 19 3
81 300 499
1 5 8
390 380 481 100 103 179 373 389
1 13 10
83 295 280 32 227 288 332 356 285 8
1 1 8
467 77 382 75 211 378 472 39
1 5 8
379 254 497 261 253 440 450 316
1 12 5
136 488 457 144 271
1 10 3
419 90 356
1 20 6
264 18 465 102 279 269
1 16 2
413 229
1 19 5
327 213 277 151 44
1 12 3
302 69 39
1 4 9
322 40 379 265 181 162 22 177 55
1 7 6
329 119 448 133 380 137
1 18 9
280 248 356 352 161 465 143 350 363
1 5 8
281 55 83 155 156 142 254 253
1 16 9
262 73 277 147 412 125 393 180 36
1 9 6
471 440 4 226 255 307
1 13 3
122 71 325
1 15 7
257 238 104 159 114 235 183
1 9 3
429 419 295
1 18 9
481 85 223 315 498 62 435 230 329
1 8 5
193 143 251 430 417
1 3 3
370 495 63
1 17 8
198 73 374 45 365 319 256 152
1 3 8
483 50 475 112 419 237 73 334
1 20 2
308 486
1 15 9
214 297 74 405 391 19 379 237 469
1 5 5
436 313 444 16 368
1 12 8
217 78 402 255 91 79 301 386
1 9 7
329 23 194 453 492 156 364
1 11 6
255 432 74 355 360 151
1 8 3
324 346 447
1 20 3
318 436 182
1 13 9
176 373 357 386 358 335 466 21 48
1 5 7
155 359 456 364 280 325 229
1 8 6
188 248 207 135 257 424
1 1 9
208 429 470 382 65 198 42 330 37
1 12 7
10 253 233 39 55 215 318
1 12 10
165 472 378 134 113 76 277 292 260 175
1 13 10
81 375 139 354 185 245 403 149 256 30
1 3 6
130 267 116 411 236 495
1 2 5
483 78 280 229 33
1 15 3
307 130 467
1 12 9
400 40 257 273 233 103 483 31 242
1 11 7
2 105 394 162 6 306 376
1 13 8
469 344 247 36 488 343 492 459
1 6 10
154 273 99 416 403 246 194 361 26 151
1 11 6
473 113 465 84 117 344
1 4 10
32 125 113 371 36 237 367 59 472 195
1 14 2
39 431
1 16 9
95 76 316 227 428 43 305 421 212
1 10 6
246 252 291 108 461 57
1 7 2
196 79
1 5 10
223 67 189 458 86 94 373 132 219 494
1 15 7
292 139 51 358 87 3 80
1 6 5
181 123 212 191 122
1 2 5
33 192 170 234 457
1 4 2
229 114
1 20 3
103 346 454
1 13 4
165 468 258 339
1 12 3
407 293 395
1 4 5
210 106 270 37 206
1 12 7
491 1 485 10 198 126 431
1 16 6
300 94 75 230 197 443
1 5 9
2 377 40 142 396 338 408 108 182
1 3 2
63 477
1 9 5
383 447 21 88 460
1 10 7
193 334 270 302 113 289 319
1 3 8
354 423 384 289 48 260 173 433
1 12 8
109 166 444 94 56 178 315 14
1 11 10
290 144 217 345 393 205 389 130 453 78
1 9 7
322 265 98 286 454 451 155
1 15 2
303 13
1 14 6
201 250 55 156 82 169
1 15 3
355 96 118
1 2 4
445 61 411 455
1 1 6
281 251 252 63 441 481
1 14 8
335 188 184 498 431 338 494 8
1 10 5
202 417 269 66 233
1 5 10
195 229 247 134 62 242 142 181 332 105
1 2 7
217 107 420 303 343 446 192
1 10 2
311 8
1 3 9
481 320 363 88 234 393 273 340 286
1 13 5
239 416 271 251 3
1 18 9
248 233 37 232 385 230 28 224 148
1 6 8
163 149 52 57 72 188 83 180
1 1 2
407 4
1 16 7
54 68 35 232 216 419 252
1 8 9
496 498 375 56 140 18 346 362 73
1 3 9
410 371 61 270 484 369 324 436 463
1 7 4
189 209 179 44
1 8 8
351 98 73 133 186 256 294 192
1 17 5
379 208 137 187 87
1 7 7
240 348 301 266 462 459 375
1 11 2
428 495
1 10 5
463 498 267 287 289
1 5 4
124 151 391 307
1 1 3
83 371 460
1 2 3
497 402 90
1 10 9
336 230 456 208 113 64 95 251 269
1 14 9
441 390 202 179 25 237 109 476 34
1 10 4
23 460 452 165
1 17 10
317 296 253 54 473 213 136 409 308 323
1 5 9
78 157 223 50 259 306 446 70 104
1 11 8
439 201 81 336 306 116 465 206
1 13 5
357 142 369 465 187
1 16 6
318 26 341 471 477 359
1 9 9
87 104 113 222 92 343 493 407 135
1 8 10
163 133 444 35 200 148 264 466 144 217
1 7 6
291 98 459 102 314 411
1 18 8
398 69 256 362 298 192 359 487
1 2 8
60 498 162 317 296 279 120 200
1 14 7
477 124 457 63 6 406 465
1 5 9
203 254 446 6 235 302 14 216 9
1 17 7
250 479 317 13 340 263 229
1 15 2
454 46
1 10 2
419 478
1 9 10
24 396 301 305 123 447 182 249 88 44
1 1 8
214 47 249 58 294 425 483 208
1 1 7
288 273 62 483 102 144 43
1 12 10
469 442 100 373 415 271 169 21 27 482
1 13 8
487 499 379 225 474 212 179 92
1 6 7
56 7 106 179 12 42 453
1 18 10
87 258 165 307 401 114 187 356 111 12
1 4 9
192 199 235 180 77 297 402 214 127
1 5 2
457 25
1 12 2
260 24
1 13 6
80 155 462 82 426 292
1 2 6
223 25 386 336 121 451
1 9 7
486 9 297 410 408 449 463
1 7 9
67 345 40 239 364 391 492 329 25
1 3 10
212 92 159 85 87 69 6 64 457 224
1 3 6
32 127 418 419 308 354
1 11 9
196 131 8 432 172 420 415 60 306
1 9 10
154 389 268 150 77 427 152 458 193 437
1 9 6
309 443 80 441 101 24
1 11 5
434 346 4 94 193
1 9 2
240 449
1 9 8
181 113 329 69 495 362 383 64
1 13 6
183 198 62 415 342 300
1 19 6
55 453 465 398 81 69
1 17 4
98 417 475 229
1 17 9
48 442 137 297 50 338 490 492 178
1 15 8
254 344 478 44 160 340 436 314
1 4 3
154 329 316
1 15 6
140 264 447 167 14 128
1 18 5
332 463 116 387 276
1 17 10
37 426 293 363 124 265 440 336 70 498
1 6 9
58 203 496 91 373 330 343 92 471
1 6 4
414 110 474 158
1 16 2
31 58
1 15 10
35 34 172 455 417 488 33 311 70 403
1 7 3
80 200 464
1 11 6
266 430 315 212 203 8
1 6 4
150 455 229 224
1 9 9
60 457 332 19 170 230 115 286 409
1 9 8
116 286 340 280 99 401 164 269
1 6 9
170 309 260 59 6 153 268 148 395
1 11 2
328 358
1 3 9
454 170 99 13 78 60 299 439 214
1 13 7
89 498 418 214 78 403 265
1 15 9
309 372 221 314 328 181 418 113 344
1 19 9
487 415 475 447 126 44 286 73 26
1 10 3
10 307 185
1 16 9
376 351 204 89 201 489 165 143 45
1 9 10
34 154 461 283 395 88 460 2 431 265
1 4 2
138 225
1 7 6
61 295 133 294 339 384
1 7 9
293 22 424 162 98 74 448 411 381
1 7 5
164 33 105 180 32
1 7 5
64 136 433 286 128
1 10 3
394 109 115
1 16 2
379 419
1 16 3
96 351 300
1 10 2
7 77
1 5 3
439 291 4
1 5 7
21 196 301 141 205 230 131
1 11 2
423 107
1 19 10
336 277 186 78 1 134 20 316 414 39
1 12 8
43 290 179 244 191 146 65 34
1 5 10
468 432 351 341 171 379 231 306 490 227
1 5 8
27 489 415 400 460 102 453 363
1 9 10
179 105 53 382 276 307 132 158 56 224
1 14 8
254 75 197 328 133 498 336 200
1 8 6
436 125 274 63 131 412
1 11 8
61 227 96 191 36 248 54 94
1 8 3
455 299 420
1 9 4
171 140 199 100
1 20 8
145 340 54 84 376 81 236 493
1 20 3
419 56 441
1 18 8
237 98 444 383 20 209 1 124
1 13 10
20 361 294 70 54 302 234 404 174 409
1 13 2
277 456
1 9 3
264 166 197
1 6 2
63 258
1 19 9
339 201 158 341 232 496 239 224 443
1 15 5
163 222 382 51 414
1 10 4
220 422 498 395
1 18 10
299 56 109 357 108 352 116 346 296 337
1 19 10
466 460 477 193 475 10 326 245 235 478
1 4 3
87 72 354
1 7 6
388 200 450 12 399 197
1 12 6
390 139 193 418 106 183
1 18 3
457 78 104
1 6 5
390 79 461 205 280
1 3 2
2 414
1 1 10
54 159 69 249 364 63 401 232 372 67
1 1 7
295 334 453 405 322 495 239
1 3 2
214 277
1 6 3
417 403 71
1 9 9
285 459 143 121 243 128 339 156 52
1 16 2
252 363
1 16 7
372 341 215 47 224 382 186
1 1 10
288 305 473 123 326 189 39 131 117 21
1 15 4
138 210 145 300
1 10 8
417 348 106 359 335 239 284 213
1 2 5
402 495 262 10 54
1 6 2
400 328
1 19 10
234 434 46 264 174 43 438 379 191 61
1 12 9
467 455 42 341 108 203 487 367 132
1 20 2
411 175
1 4 6
122 108 26 209 103 383
1 19 6
220 374 210 132 236 107
1 7 7
438 378 169 25 112 12 84
1 17 2
284 288
1 9 6
412 459 485 160 239 292
1 6 9
468 184 65 194 58 67 432 237 96
1 18 5
453 314 41 297 300
1 12 9
363 312 63 410 145 380 151 254 140
1 3 9
189 141 63 422 460 208 288 470 254
1 8 9
249 54 464 335 205 411 177 486 165
1 10 10
286 284 188 76 307 468 16 290 244 398
1 1 5
367 429 193 187 166
1 15 8
13 437 372 87 183 127 499 181
1 11 8
214 23 76 386 354 225 229 118
1 4 6
325 35 43 248 6 386
1 19 3
496 182 322
1 19 10
118 439 456 463 470 278 300 286 297 277
1 14 5
279 84 129 232 296
1 4 7
140 168 416 276 494 125 477
1 17 3
441 199 435
1 5 7
407 361 266 404 321 91 386
1 16 10
182 495 205 14 320 308 125 307 378 431
1 20 7
68 470 382 163 16 6 221
1 5 7
78 290 313 319 65 227 371
1 9 2
463 106
1 15 10
323 493 455 216 333 265 80 280 91 276
1 19 7
229 296 461 379 449 210 392
1 4 6
285 222 45 460 388 22
1 15 7
328 460 266 243 422 346 43
1 19 2
158 165
1 12 5
403 318 144 153 250
1 18 10
239 8 476 156 203 281 460 286 180 404
1 6 10
202 273 301 133 153 281 412 175 314 63
1 12 5
164 380 87 64 274
1 11 7
307 113 306 272 303 325 226
1 7 3
469 215 116
1 17 5
136 224 489 84 372
1 14 5
301 325 89 14 110
1 12 7
14 436 296 232 445 315 83
1 6 5
281 329 291 286 36
1 15 5
101 310 86 107 447
1 7 6
366 473 226 474 294 1
1 11 3
164 22 304
1 2 2
284 270
1 8 9
410 80 437 155 491 84 215 408 140
1 15 4
239 389 207 295
1 1 9
339 250 154 451 149 75 269 2 377
1 13 6
309 128 83 333 66 433
1 10 5
88 9 296 245 68
1 4 6
55 469 426 21 323 437
1 20 7
442 12 301 279 118 499 334
1 11 8
39 69 6 15 166 338 485 398
1 13 7
382 16 404 210 422 446 397
1 17 10
457 219 81 377 325 149 428 257 182 44
1 8 8
160 474 169 430 43 215 358 244
1 19 8
146 381 49 222 285 352 329 235
1 11 6
50 165 97 48 396 488
1 11 9
417 207 383 297 470 375 12 480 286
1 15 7
208 227 266 323 218 15 418
1 5 2
283 317
1 5 10
286 434 448 144 2 406 27 203 23 71
1 6 2
48 284
1 7 2
152 339
1 5 9
227 489 416 176 447 406 106 380 202
1 7 6
393 160 478 20 94 294
1 15 5
447 239 0 331 262
1 16 2
246 203
1 6 10
29 268 68 102 390 58 461 183 73 92
1 18 4
395 437 2 236
1 9 9
28 251 302 289 108 288 396 159 110
1 2 7
206 256 121 52 169 102 194
1 15 5
206 442 242 379 83
1 8 9
156 167 421 423 159 320 301 418 42
1 10 4
8 176 402 243
1 4 4
299 143 302 207
1 13 5
2 13 348 388 133
1 3 7
386 341 467 473 250 232 177
1 3 5
306 97 60 307 14
1 15 2
361 25
1 11 9
299 324 128 483 338 473 90 75 343
1 8 5
290 151 334 295 436
1 9 4
420 279 278 445
1 16 5
201 66 10 129 96
1 13 10
125 433 159 231 115 174 147 104 411 134
1 9 3
307 478 55
1 14 4
374 491 315 58
1 20 8
473 267 278 174 249 159 51 373
1 12 2
208 171
1 8 5
493 390 499 217 117
1 15 3
365 105 158
1 12 3
495 93 219
1 18 6
341 145 102 393 77 453
1 2 2
348 313
1 6 10
198 353 486 470 99 287 349 192 155 439
1 7 6
495 229 299 41 4 13
1 18 9
225 166 314 305 114 397 82 230 386
1 16 2
273 153
1 20 10
227 443 95 50 133 67 407 357 384 261
1 7 8
372 492 315 483 283 298 348 32
1 9 4
14 413 389 465
1 8 8
247 467 460 177 106 48 325 489
1 7 5
275 319 170 206 255
1 3 7
383 51 142 228 173 138 353
1 9 10
182 155 111 318 41 497 18 95 444 386
1 2 8
203 434 266 38 107 353 443 238
1 13 6
280 51 139 204 330 478
1 20 8
307 30 66 149 403 460 396 486
1 5 7
183 459 324 63 24 284 175
1 19 6
417 338 235 127 202 217
1 1 8
355 259 166 8 206 225 495 453
1 14 8
185 223 285 213 242 326 202 469
1 17 7
336 498 366 38 353 268 11
1 7 5
424 211 330 333 143
1 15 2
231 337
1 6 10
108 404 422 349 462 86 225 292 370 438
1 3 5
75 351 15 284 172
1 17 9
56 95 222 0 474 34 241 232 63
1 5 6
383 358 41 371 135 91
1 5 5
308 80 366 77 140
1 12 4
287 345 425 33
1 4 9
250 355 320 215 271 485 282 444 440
1 12 3
484 184 330
1 7 3
16 360 131
1 15 10
67 101 385 260 113 92 343 202 259 268
1 18 7
346 325 255 1 269 149 98
1 15 9
336 190 339 163 225 379 29 304 213
1 5 9
224 194 137 6 289 459 243 60 123
1 17 4
256 466 452 127
1 10 5
309 219 130 356 411
1 3 5
428 14 3 318 43
1 4 9
171 231 75 468 431 329 473 227 170
1 6 3
80 247 357
1 17 8
428 488 22 229 437 352 240 306
1 20 10
391 396 141 454 410 147 197 252 374 106
1 6 6
423 132 45 452 273 134
1 14 7
389 352 437 185 217 92 285
1 11 9
485 56 3 424 55 302 478 234 275
1 18 10
479 416 105 168 325 404 344 324 153 353
1 19 7
437 307 420 378 286 212 421
1 7 2
425 117
1 17 5
261 120 444 477 458
1 20 4
257 497 111 472
1 1 4
9 130 218 348
1 7 8
493 368 363 351 212 418 271 60
1 17 5
32 63 415 172 311
1 2 8
11 451 176 282 246 160 364 486
1 16 4
488 386 147 278
1 17 6
354 402 379 448 132 473
1 8 2
165 166
1 3 10
63 142 82 437 158 138 76 215 404 65
1 9 7
25 183 208 406 319 356 350
1 20 9
195 177 27 444 87 305 120 406 374
1 6 8
165 61 116 248 388 153 284 265
1 13 9
129 310 37 236 308 177 34 384 481
1 9 4
334 217 470 368
1 17 2
125 490
1 19 9
485 377 329 14 331 461 426 308 452
1 3 2
29 309
1 13 2
152 452
1 16 4
153 352 284 476
1 20 10
478 287 456 41 236 443 45 264 455 58
1 4 9
111 420 316 1 432 123 252 383 50
1 1 9
473 203 443 170 191 229 268 40 406
1 12 6
43 368 413 447 252 373
1 14 6
29 255 422 186 8 115
1 2 10
270 121 346 65 228 310 195 370 431 348
1 6 5
75 392 369 464 95
1 10 8
309 138 290 49 189 257 128 340
1 15 3
410 346 5
1 8 8
452 151 353 253 31 442 472 365
1 15 5
497 108 21 348 445
1 10 10
248 56 445 444 240 121 180 2 254 172
1 16 4
361 486 285 173
1 5 5
151 103 307 396 187
1 18 2
251 342
1 8 7
212 381 67 162 329 69 238
1 17 5
365 281 282 3 95
1 14 2
329 38
1 4 5
6 443 372 482 281
1 9 6
6 160 150 316 282 175
1 4 9
465 276 334 415 463 385 14 292 84
1 7 2
444 452
1 9 4
454 225 115 463
1 11 3
185 238 59
1 16 3
463 2 461
1 11 8
366 70 141 81 418 299 98 242
1 19 4
131 101 92 354
1 10 9
475 495 155 382 45 89 161 340 416
1 19 6
220 490 202 268 345 72
1 11 2
409 148
1 16 7
489 376 194 285 208 75 446
1 16 3
408 197 241
1 20 6
453 333 383 267 384 430
1 17 2
218 163
1 12 9
175 318 285 335 293 338 370 224 148
1 5 9
296 66 168 215 236 351 4 185 21
1 13 5
84 376 143 355 42
1 17 9
145 233 422 161 271 467 219 359 485
1 18 6
390 73 193 237 331 361
1 4 3
405 301 443
1 20 2
179 473
1 10 9
341 34 130 444 432 402 8 401 206
1 5 2
417 115
1 13 5
492 350 447 67 314
1 20 9
5 291 96 200 204 363 370 468 260
1 7 7
486 46 75 48 125 308 233
1 13 3
403 140 28
1 9 9
452 275 30 124 217 287 57 35 441
1 9 8
190 82 328 307 322 148 180 123
1 9 9
441 5 219 217 89 170 461 158 418
1 4 2
55 255
1 4 3
380 289 424
1 4 5
306 151 363 223 375
1 9 6
56 467 68 369 119 367
1 16 10
389 484 128 418 474 150 201 187 465 25
1 5 5
308 474 404 43 444
1 4 9
284 228 397 188 342 487 80 55 167
1 7 2
320 496
1 3 4
204 43 396 240
1 4 6
439 262 194 347 451 87
1 15 9
10 174 191 29 236 362 474 84 449
1 19 9
128 40 102 435 217 378 413 292 34
1 12 3
113 380 79
1 10 3
497 445 36
1 5 9
246 263 481 167 388 447 479 139 136
1 3 10
431 308 255 58 90 444 282 452 131 348
1 6 9
46 456 421 313 19 353 455 246 78
1 11 10
411 104 298 418 244 6 377 309 268 157
1 15 3
215 450 40
1 13 10
310 171 108 43 22 119 467 28 315 476
1 5 4
376 16 440 396
1 16 8
392 107 52 61 464 38 86 146
1 9 10
212 147 369 61 119 300 82 45 380 233
1 2 5
163 188 76 148 449
1 18 7
176 38 251 422 274 480 311
1 12 5
300 366 213 297 55
1 13 3
51 331 144
1 4 5
496 437 54 327 168
1 3 5
237 112 181 316 91
1 18 2
262 499
1 18 3
394 61 175
1 6 9
3 494 4 233 206 169 432 190 292
1 20 8
457 421 209 10 33 331 348 418
1 20 5
93 313 89 218 37
1 19 2
68 119
1 15 10
71 476 119 131 371 32 417 341 218 240
1 19 7
479 160 153 9 256 87 175
1 10 6
436 58 140 420 314 455
1 18 5
16 178 318 86 185
1 10 9
207 130 474 477 373 91 349 43 176
1 8 10
396 155 72 123 305 228 225 398 324 303
1 9 10
38 366 196 241 476 239 156 198 166 111
1 8 5
212 147 430 46 493
1 4 10
481 154 187 224 394 234 241 397 483 480
1 14 8
407 283 298 199 370 50 366 412
1 18 6
58 431 105 370 455 213
1 10 2
241 319
1 2 9
293 77 429 353 167 180 304 20 174
1 3 5
272 445 391 259 423
1 18 5
252 303 30 429 51
1 14 9
204 392 313 270 181 309 386 47 91
1 19 7
372 416 485 119 52 482 180
1 4 10
322 56 148 149 296 398 329 213 95 273
1 6 8
446 492 407 118 394 378 465 260
1 6 3
418 38 150
1 15 4
324 219 152 365
1 5 6
308 184 347 365 69 415
1 14 2
58 135
1 16 9
199 169 346 18 230 272 213 424 150
1 2 7
316 387 247 403 452 53 1
1 9 4
111 483 51 278
1 3 10
259 221 30 465 310 351 10 100 113 184
1 14 8
163 15 120 24 244 320 477 119
1 6 7
374 416 216 17 126 19 355
1 4 8
271 293 313 37 319 35 61 204
1 3 2
241 476
1 17 3
322 411 14
1 16 2
365 221
1 2 5
450 102 125 470 197
1 17 2
369 239
1 2 7
153 264 127 349 299 412 162
1 15 7
176 365 226 75 24 63 59
1 10 6
111 168 73 75 462 313
1 7 8
468 125 326 483 289 237 265 86
1 3 8
127 466 296 194 417 60 11 459
1 20 3
19 342 157
1 1 9
360 210 102 285 223 167 346 214 389
1 8 2
15 246
1 13 4
170 125 70 138
1 14 4
389 178 163 243
1 6 4
268 17 314 174
1 10 2
299 269
1 18 3
408 172 54
1 6 8
259 60 65 44 312 268 393 375
1 5 2
154 297
1 11 4
118 431 482 404
1 10 8
439 4 224 176 205 218 109 292
1 13 10
92 438 179 236 417 275 173 155 243 380
1 5 8
454 173 215 319 51 382 460 118
1 20 8
286 400 279 496 383 86 69 135
1 7 8
14 278 25 391 452 148 112 402
1 16 4
123 435 278 440
1 4 6
330 495 357 255 295 354
1 17 3
218 39 496
1 19 9
325 443 371 405 423 248 98 45 136
1 3 2
456 294
1 14 9
375 287 267 71 430 494 25 42 162
1 19 3
167 1 417
1 9 6
111 388 114 65 21 187
1 9 10
12 143 120 324 444 386 103 112 409 221
1 15 9
241 43 298 338 129 374 232 110 267
1 6 10
270 236 299 150 13 383 200 327 313 381
1 19 8
87 160 226 477 391 49 20 205
1 7 3
165 337 197
1 7 4
269 93 310 132
1 4 10
4 348 497 191 224 352 494 268 306 105
1 8 3
146 314 334
1 19 4
10 412 121 39
1 14 10
446 235 174 153 104 74 144 405 481 188
1 19 6
120 73 12 418 264 330
1 2 4
320 237 231 349
1 19 5
269 70 87 240 222
1 18 3
68 152 354
1 2 9
450 403 70 183 296 344 458 28 408
1 3 2
440 372
1 4 2
386 125
1 7 10
208 95 447 304 147 275 52 10 65 296
1 9 10
174 324 4 353 217 250 108 234 484 350
1 11 5
369 318 132 271 402
1 20 7
363 447 277 148 206 108 424
1 10 9
137 200 474 416 13 394 325 147 73
1 19 5
499 236 375 99 329
1 4 7
303 161 484 328 288 474 11
1 1 3
345 27 207
1 7 10
288 405 473 8 116 87 228 150 28 291
1 10 10
443 90 204 40 160 331 271 209 152 421
1 3 9
99 185 50 263 376 30 196 89 439
1 1 7
164 105 365 283 252 197 71
1 6 3
267 48 351
1 5 2
107 1
1 3 6
351 245 394 132 152 262
1 2 10
485 333 371 180 396 466 328 122 424 107
1 8 7
352 308 46 137 108 394 361
1 5 4
179 16 0 485
1 8 10
198 187 160 33 19 401 234 398 48 433
1 19 3
97 476 480
1 19 3
314 483 399
1 8 10
448 124 0 476 69 247 444 114 481 268
1 9 9
206 339 374 303 25 75 440 472 260
1 16 6
330 427 211 187 139 11
1 5 2
242 409
1 9 8
52 418 56 475 284 127 438 356
1 10 4
262 150 370 443
1 3 6
88 149 57 130 186 73
1 2 5
462 269 157 52 472
1 6 7
102 155 246 353 424 77 305
1 12 7
376 224 286 458 475 114 411
1 20 7
24 299 348 329 58 492 55
1 20 4
449 58 128 274
1 6 7
101 129 253 441 435 390 266
1 8 9
235 172 221 13 389 278 246 194 116
1 16 2
129 150
1 8 7
124 151 447 0 112 198 332
1 20 5
415 264 450 351 333
1 19 2
345 267
1 8 10
351 408 235 99 365 465 318 44 241 148
1 6 9
122 184 71 269 151 212 321 282 474
1 3 9
152 247 164 390 489 303 21 162 252
1 10 9
150 338 470 315 494 322 480 11 234
1 11 3
73 411 362
1 4 10
21 87 268 270 172 236 246 3 303 419
1 1 6
478 289 160 461 101 214
1 7 5
300 85 82 413 377
1 12 10
146 360 316 54 334 101 47 478 96 415
1 14 7
380 313 329 447 176 92 162
1 3 7
162 163 400 296 114 487 105
1 8 9
446 476 189 6 7 262 158 469 349
1 8 3
459 10 413
1 1 5
267 192 155 121 289
1 10 4
76 157 320 477
1 4 8
439 76 364 323 251 397 11 143
1 9 3
27 120 59
1 13 10
238 106 279 49 137 413 221 19 82 20
1 10 4
189 26 221 480
1 8 8
223 466 77 310 417 127 194 314
1 14 9
85 388 9 228 467 176 40 441 96
1 8 5
489 179 43 224 168
1 13 5
324 104 232 429 294
1 20 10
79 245 314 255 288 98 206 311 19 214
1 19 9
120 275 191 247 415 444 343 212 372
1 17 3
360 99 203
1 14 6
302 208 342 123 453 361
1 9 3
351 24 452
1 11 8
59 331 433 361 283 323 7 439
1 17 2
310 32
1 10 8
444 44 19 272 36 50 488 403
1 5 5
159 303 137 418 223
1 12 6
77 213 210 59 286 256
1 3 9
196 222 140 20 84 51 276 30 73
1 13 2
236 395
1 8 8
469 378 339 184 452 326 311 368
1 7 2
476 318
1 12 10
150 438 367 454 429 398 70 60 77 157
1 3 5
434 263 404 482 79
1 2 3
441 171 390
1 16 4
286 148 427 252
1 11 2
255 17
1 1 3
409 328 369
1 11 9
174 75 49 342 363 430 90 36 195
1 14 4
124 404 473 121
1 3 8
284 137 377 232 160 410 494 33
1 20 6
91 143 365 110 63 220
1 14 8
160 2 153 395 386 75 194 66
1 10 2
78 16
1 15 9
7 274 222 385 2 471 223 29 97
1 14 3
343 176 218
1 18 5
206 150 374 421 200
1 19 7
115 268 245 180 298 464 354
1 1 5
267 370 431 211 59
1 5 5
67 402 341 7 102
1 3 4
30 427 460 245
1 2 4
314 417 458 59
1 10 9
171 270 490 117 412 444 475 395 135
1 14 7
380 216 364 155 494 165 374
1 18 8
43 87 419 305 121 185 443 479
1 14 10
141 204 115 306 226 91 275 165 348 123
1 8 2
396 235
1 13 10
128 401 470 26 202 70 185 460 312 425
1 10 9
487 398 463 253 67 323 482 322 226
1 1 7
498 133 161 479 472 443 274
1 6 3
451 351 36
1 4 3
334 87 229
1 5 5
221 402 351 144 0
1 4 8
159 157 8 15 257 396 334 405
1 13 6
329 238 289 45 317 71
1 12 5
411 488 443 55 381
1 20 5
169 391 472 57 208
1 14 3
96 283 111
1 19 2
126 379
1 2 7
436 156 201 92 467 454 118
1 20 4
76 71 228 311
1 11 8
7 20 150 281 145 376 201 122
1 3 5
353 106 337 244 405
1 19 9
161 118 120 136 82 463 378 74 411
1 19 5
25 379 159 190 129
1 11 4
122 39 54 35
1 12 7
180 65 150 365 175 34 247
1 12 6
310 469 144 126 195 359
1 16 9
394 445 27 130 277 470 68 35 143
1 17 2
394 197
1 5 6
199 377 489 321 197 491
1 7 2
403 397
1 2 10
268 388 350 470 439 113 275 245 451 62
1 19 5
374 89 288 284 64
1 16 8
158 445 213 405 268 114 103 224
1 5 4
391 205 473 233
1 4 2
426 258
1 8 9
177 103 262 488 234 420 294 347 440
1 11 3
175 221 378
1 5 3
61 421 153
1 14 9
406 489 300 364 212 29 4 323 230
1 6 2
6 158
1 5 8
91 288 317 442 67 163 261 76
1 2 2
187 183
1 20 10
410 80 484 472 440 81 53 379 394 162
1 12 9
401 281 47 372 101 186 239 382 143
1 2 5
419 477 162 33 422
1 5 6
30 174 438 410 341 167
1 2 8
453 108 375 168 468 266 290 426
1 4 4
229 224 84 270
1 7 10
140 256 164 310 88 448 119 95 49 230
1 18 6
464 443 110 401 178 287
1 8 6
86 286 250 436 429 347
1 8 9
273 492 468 286 237 136 83 108 17
1 14 7
119 416 450 75 96 59 38
1 9 2
63 273
1 7 4
162 60 33 173
1 12 2
252 112
1 4 4
274 293 290 287
1 15 5
251 95 88 265 259
1 2 2
76 398
1 1 2
428 405
1 3 8
21 91 78 154 121 334 389 235
1 10 3
346 105 479
1 16 2
156 31
1 13 4
54 478 433 189
1 19 4
90 234 7 50
1 16 5
452 236 1 224 302
1 8 5
52 208 291 448 268
1 13 7
251 402 35 192 222 215 322
1 3 6
182 409 62 309 289 215
1 4 2
199 56
1 16 2
428 488
1 9 9
454 433 139 458 110 310 288 57 376
1 4 5
179 140 96 46 253
1 1 8
466 341 481 96 200 162 461 99
1 11 5
359 296 9 198 413
1 13 2
366 3
1 4 8
355 311 210 37 134 92 196 158
1 10 2
21 122
1 7 7
185 231 396 348 487 470 87
1 2 6
22 279 322 79 141 190
1 1 3
217 189 194
1 2 10
306 363 47 245 411 0 131 249 269 81
1 12 5
109 126 336 13 402
1 19 2
369 92
1 4 10
157 320 47 160 18 83 451 308 22 20
1 15 7
373 313 256 124 233 486 492
1 5 2
431 198
1 6 8
313 299 259 83 478 66 193 214
1 5 9
358 8 373 224 325 125 460 459 434
1 9 7
429 190 11 143 48 323 406
1 5 4
12 110 333 43
1 9 3
91 255 28
1 9 10
475 470 216 421 227 61 37 20 495 116
1 19 3
227 288 390
1 15 4
238 247 117 353
1 19 9
288 76 31 122 295 423 58 395 238
1 1 10
298 112 242 12 50 2 264 207 26 487
1 15 7
195 141 238 135 127 360 406
1 14 6
234 28 40 318 32 1
1 19 6
8 413 396 428 375 230
1 11 7
202 469 404 115 324 215 52
1 1 3
210 357 255
1 15 10
295 126 309 153 47 266 97 408 431 196
1 3 6
302 140 79 322 497 321
1 6 8
489 98 416 167 247 229 380 134
1 15 3
217 175 19
