500 2500 775
20 15 6 7 15 8 6 13 12 22 20 15 20 5 3 13 13 17 14 30 2 24 18 11 9 7 4 4 9 18 26 22 15 12 18 1 28 17 16 2 29 23 5 28 1 19 18 8 9 10 18 6 7 24 17 15 24 25 14 5 11 18 1 24 10 1 9 19 24 15 16 24 22 8 12 25 20 15 12 6 13 27 16 10 29 3 14 16 9 10 12 15 29 16 29 8 10 26 12 22 29 14 2 7 13 1 4 29 11 21 1 30 22 3 24 22 26 5 13 15 23 11 18 21 18 21 18 20 10 4 4 2 28 3 21 16 10 27 20 19 12 19 24 13 28 29 20 20 12 30 10 3 24 2 1 5 1 30 28 15 13 23 28 20 22 7 29 12 5 27 22 5 2 30 28 16 18 6 27 10 8 4 5 18 14 11 3 29 10 3 12 19 6 19 3 9 26 13 27 15 12 5 20 9 15 14 2 11 23 22 1 10 30 8 6 18 17 13 12 4 25 23 7 14 29 26 20 24 7 20 18 19 13 8 2 15 18 16 3 29 24 2 3 1 18 20 18 9 7 19 8 4 4 4 30 23 3 25 24 11 6 20 16 17 11 27 24 4 8 12 20 11 24 11 17 24 10 11 20 25 4 3 22 8 25 1 29 15 21 6 12 11 2 22 18 17 29 18 29 7 21 19 18 20 21 19 13 7 8 21 19 6 26 11 14 17 10 27 7 23 30 2 9 11 26 13 29 2 3 13 12 19 10 16 24 2 27 1 26 24 15 11 26 4 3 16 27 23 30 17 27 3 30 13 18 30 12 3 16 11 24 6 20 13 1 2 7 27 9 11 19 28 11 16 13 5 14 10 8 7 9 2 22 12 14 6 27 14 28 26 22 25 13 7 22 30 28 17 24 1 2 7 10 28 5 1 21 18 14 4 22 5 18 22 20 19 5 29 18 7 13 16 23 29 22 11 4 18 26 20 2 28 30 11 2 24 27 4 30 20 9 29 26 14 8 2 17 23 19 16 25 5 6 14 9 25 7 30 8 15 10 18 2 13 28 6 17 9 12 12 3 8 22 17 15 16 29 20 30 10 12 27 26 11 4 14 20 20 14 26 28 6 5 17 7 29 4 16 13 16
1 9 8 21 26 29 7 2 27 23 17 8 24 10 17 29 8 23 12 7 23 7 20 18 29 20 12 7 27 27 30 27 12 2 25 17 13 24 25 22 25 16 2 29 19 13 15 27 2 2 5 9 2 9 3 11 5 22 26 5 4 21 8 28 12 14 14 1 25 14 11 24 14 22 2 25 24 2 18 8 23 14 14 14 9 14 3 11 29 9 9 16 8 14 23 18 12 1 17 22 17 14 27 1 26 14 1 12 3 3 12 7 21 14 14 1 14 2 25 5 16 20 23 19 17 14 27 5 29 2 8 20 11 25 30 20 16 30 7 25 25 15 21 5 30 1 1 15 18 30 1 12 22 5 10 29 2 4 9 9 11 24 22 26 13 13 1 12 9 30 19 21 24 3 9 22 11 5 3 9 12 16 17 29 26 26 14 10 23 4 27 13 17 3 22 18 22 18 20 24 14 25 11 18 23 28 24 21 12 4 5 8 30 20 8 19 24 5 19 19 13 28 20 2 11 24 19 6 23 4 23 2 9 30 23 18 12 15 18 4 22 12 22 5 12 21 10 19 9 5 5 21 9 1 6 6 1 10 21 8 22 14 11 24 11 16 6 18 15 23 8 12 23 11 18 24 1 14 9 6 1 22 28 26 3 8 22 20 23 8 24 16 26 8 2 29 25 12 29 12 12 5 5 28 8 12 13 13 9 8 19 4 13 23 10 11 11 4 26 28 26 1 12 4 18 23 30 1 21 11 14 3 25 3 24 26 21 4 5 1 15 1 22 15 13 2 19 7 23 4 27 15 22 19 4 14 8 14 1 23 15 21 29 8 15 13 11 19 8 23 5 4 7 11 10 28 19 15 3 24 23 10 4 28 10 5 23 9 24 16 24 4 2 5 19 14 7 14 16 29 28 10 2 15 5 18 29 10 29 28 28 3 7 5 9 1 15 13 6 21 2 13 26 11 12 9 14 1 7 6 15 6 8 26 10 6 6 10 5 5 3 10 29 17 8 30 27 4 25 27 12 17 12 25 18 15 19 24 13 27 13 6 4 26 23 20 19 14 18 29 1 3 20 16 18 13 8 14 26 26 5 27 26 4 29 24 15 24 25 5 28 2 22 14 15 23 8 5 3 22
1 14 7
3 483 153 237 405 340 10
1 9 6
196 173 382 47 244 79
1 14 8
331 378 459 185 355 34 83 141
1 2 8
425 198 346 274 181 191 236 250
1 10 8
334 164 0 120 25 250 428 115
1 13 4
17 281 404 69
1 9 6
497 68 101 338 318 351
1 4 5
475 35 348 3 368
1 15 5
384 224 196 285 399
1 1 5
292 25 475 136 64
1 11 7
106 459 11 189 423 291 396
1 10 3
482 252 421
1 13 2
400 411
1 11 3
296 315 456
1 6 10
21 449 448 452 171 45 409 478 148 310
1 9 8
80 342 378 250 111 397 272 279
1 8 2
380 241
1 2 8
360 234 195 237 441 214 402 456
1 14 10
217 457 92 402 425 441 412 280 49 224
1 13 9
183 9 205 325 291 378 311 367 41
1 13 7
195 9 479 307 166 8 173
1 10 10
456 457 11 229 400 317 298 53 439 499
1 2 10
277 445 307 391 223 476 173 442 467 93
1 10 2
269 431
1 2 4
136 324 142 117
1 20 7
254 285 277 423 150 473 23
1 2 7
174 254 298 18 167 27 4
1 8 2
343 270
1 16 10
143 151 193 147 60 170 394 176 189 427
1 10 2
456 441
1 14 10
27 230 211 205 170 410 38 74 466 240
1 10 5
381 292 395 112 386
1 10 2
60 138
1 18 10
364 162 243 172 238 284 24 421 390 328
1 7 6
306 491 270 314 331 66
1 18 7
341 156 89 69 2 305 435
1 19 4
384 415 348 239
1 8 3
392 406 47
1 19 6
383 305 463 448 300 86
1 15 10
94 305 481 188 357 193 19 271 487 450
1 14 10
471 207 118 129 391 22 234 126 112 490
1 6 5
2 479 437 241 355
1 6 8
192 222 57 321 78 33 427 173
1 17 7
366 9 460 26 452 261 475
1 11 10
373 389 368 332 102 190 219 51 20 59
1 11 6
141 319 18 348 462 89
1 12 7
175 337 431 430 425 302 283
1 16 7
196 465 287 227 63 481 302
1 18 5
472 253 373 312 372
1 4 9
157 24 353 400 29 354 423 383 314
1 4 8
307 66 403 58 28 304 111 330
1 1 2
351 274
1 5 2
344 311
1 15 10
471 420 161 116 435 235 9 162 25 277
1 7 5
388 332 60 92 83
1 11 9
300 27 311 264 340 75 445 293 186
1 9 7
266 296 170 17 333 209 439
1 8 5
450 327 416 220 186
1 1 3
288 302 334
1 13 9
463 489 400 158 39 320 90 19 231
1 19 10
422 70 90 92 267 419 156 132 363 104
1 10 6
398 399 151 295 424 9
1 18 7
305 244 134 46 398 333 425
1 20 6
339 301 404 351 8 291
1 9 10
237 423 141 266 200 108 333 454 110 103
1 10 8
98 317 5 65 93 331 220 61
1 12 8
109 446 362 271 404 235 278 355
1 16 2
240 310
1 17 2
492 441
1 15 10
155 77 246 312 228 360 226 123 499 470
1 10 5
91 97 22 394 5
1 11 8
438 469 143 267 276 447 230 44
1 4 9
454 317 443 479 264 441 132 33 2
1 12 2
145 131
1 20 2
347 225
1 13 8
155 63 341 330 31 15 318 224
1 1 10
17 431 130 279 360 303 134 298 477 381
1 7 2
95 191
1 19 10
337 98 391 440 112 455 202 382 464 185
1 1 9
85 369 81 155 433 223 82 406 244
1 16 4
73 128 7 238
1 14 6
245 160 179 393 282 333
1 11 6
27 349 35 215 312 299
1 5 5
331 319 441 24 180
1 8 5
434 62 32 5 498
1 7 5
17 431 93 205 279
1 9 2
149 215
1 3 4
103 206 5 53
1 2 6
394 344 484 422 301 414
1 11 5
96 390 333 398 445
1 14 4
61 287 153 313
1 19 5
134 200 172 38 388
1 3 2
249 55
1 13 7
44 389 403 236 394 421 95
1 18 5
55 415 213 356 498
1 14 4
474 11 280 365
1 13 3
483 20 23
1 13 7
68 187 333 30 359 109 179
1 17 7
268 202 160 233 358 389 475
1 3 10
105 103 214 309 71 494 486 342 204 187
1 3 3
493 185 155
1 15 2
109 414
1 18 6
176 168 122 29 307 379
1 3 4
314 185 452 76
1 2 7
493 357 74 346 309 245 223
1 12 10
390 406 423 124 482 459 411 213 370 246
1 4 4
376 282 290 451
1 19 5
496 462 92 268 276
1 1 7
161 101 112 235 238 387 194
1 15 9
69 25 276 395 235 459 256 278 260
1 3 5
327 267 139 266 400
1 16 8
496 396 444 69 270 416 406 437
1 11 5
70 61 234 481 229
1 9 2
214 280
1 1 7
268 14 178 385 446 208 221
1 10 4
312 492 232 316
1 5 5
345 381 270 332 11
1 6 5
219 327 240 194 28
1 19 5
188 88 13 296 332
1 19 8
171 278 18 339 382 80 254 251
1 14 7
346 90 210 498 129 258 331
1 2 6
480 80 281 256 208 345
1 5 10
255 121 180 188 214 398 28 266 131 10
1 12 4
22 395 273 341
1 9 8
498 49 107 492 262 124 442 184
1 14 2
286 264
1 14 3
314 118 267
1 8 10
264 356 267 433 473 13 423 73 162 363
1 14 6
176 204 381 49 162 160
1 11 7
41 285 0 5 75 342 157
1 3 6
332 429 458 302 211 192
1 15 6
191 9 282 243 416 384
1 14 4
430 30 135 117
1 12 7
133 197 468 332 68 134 74
1 5 9
374 244 342 465 219 413 401 234 87
1 2 5
212 255 42 308 37
1 11 2
485 397
1 17 2
480 190
1 4 7
249 270 410 495 70 69 135
1 5 8
109 359 137 132 349 472 161 324
1 13 6
399 258 37 408 51 318
1 16 7
109 338 295 243 171 317 417
1 7 5
463 357 221 400 326
1 10 6
54 443 78 233 387 146
1 19 6
256 105 214 176 188 156
1 18 5
352 434 345 181 260
1 5 3
230 262 493
1 19 8
379 81 70 85 147 222 377 49
1 10 6
266 77 57 364 463 153
1 11 7
161 272 188 21 206 43 248
1 5 2
167 394
1 18 10
362 375 340 258 391 428 132 343 309 186
1 9 7
439 144 267 475 135 299 95
1 15 7
171 238 243 40 479 399 108
1 6 8
437 398 223 279 439 4 44 436
1 6 10
78 322 160 390 207 132 125 333 366 413
1 5 8
5 190 297 496 477 337 433 235
1 18 4
205 352 311 343
1 6 8
37 183 177 66 374 365 90 246
1 10 9
424 113 50 222 138 378 383 176 56
1 6 3
37 357 402
1 13 3
178 49 485
1 14 3
58 289 150
1 15 7
359 130 468 242 272 129 387
1 10 8
492 372 221 31 267 336 462 136
1 10 2
225 364
1 14 8
453 151 386 476 278 296 285 150
1 12 8
65 110 3 159 481 9 362 225
1 16 2
200 411
1 15 9
157 486 441 113 295 286 96 92 274
1 4 10
455 167 118 345 450 197 273 161 49 207
1 8 2
356 290
1 14 3
217 89 356
1 17 3
62 385 367
1 14 4
359 37 12 351
1 7 10
220 314 45 206 372 308 324 309 1 224
1 9 3
420 156 475
1 3 5
257 12 340 446 170
1 8 10
234 332 232 271 197 136 277 144 328 276
1 10 6
342 56 102 106 68 398
1 19 8
298 367 330 58 314 250 94 204
1 17 7
343 45 388 266 71 476 182
1 17 4
318 4 207 279
1 4 8
234 106 285 407 38 366 243 95
1 3 2
338 400
1 14 6
233 377 59 5 196 170
1 9 2
291 288
1 12 3
137 346 100
1 15 6
303 108 162 248 252 469
1 7 2
239 394
1 17 9
358 238 298 322 26 207 423 10 420
1 19 9
483 427 295 330 108 225 303 345 424
1 12 10
31 478 488 61 429 499 132 81 400 318
1 2 5
140 84 337 311 215
1 4 7
221 232 156 245 213 312 341
1 9 6
430 155 100 20 216 210
1 18 10
496 472 220 65 277 362 415 409 430 261
1 7 10
485 176 343 266 390 387 75 257 445 193
1 2 4
70 394 324 278
1 16 7
27 391 457 44 280 270 442
1 9 5
318 229 320 377 480
1 2 9
475 311 389 445 159 366 86 270 340
1 15 7
19 99 490 25 178 247 333
1 2 4
351 20 69 263
1 4 8
494 31 156 499 309 135 349 273
1 20 4
445 286 324 11
1 2 8
239 96 430 325 143 293 226 349
1 6 2
235 261
1 7 9
100 340 147 457 443 258 344 253 116
1 12 2
321 64
1 20 4
317 121 315 452
1 8 2
82 30
1 8 4
84 303 186 487
1 9 2
255 315
1 19 3
88 471 493
1 2 3
171 440 253
1 18 4
336 142 464 41
1 18 10
457 344 418 415 242 150 343 76 59 211
1 14 2
129 120
1 9 2
177 174
1 2 9
13 73 111 32 447 402 474 206 446
1 3 9
221 55 172 376 338 314 328 495 466
1 11 2
237 94
1 1 10
180 382 369 405 38 495 173 4 240 199
1 7 10
204 105 213 230 314 361 72 484 84 179
1 13 6
198 183 46 19 245 343
1 9 2
323 99
1 20 10
340 388 33 496 133 310 61 43 134 337
1 2 3
142 179 280
1 3 6
300 81 279 47 486 145
1 8 7
179 410 130 67 95 227 468
1 7 10
436 444 351 205 226 375 398 220 19 318
1 4 5
9 19 474 223 489
1 8 9
471 289 355 428 16 307 47 168 60
1 14 3
295 216 14
1 7 10
226 89 403 321 121 160 291 45 498 56
1 1 10
328 371 346 181 497 124 158 184 344 41
1 2 9
129 199 498 210 415 209 307 79 290
1 19 3
22 455 323
1 20 6
380 234 118 133 354 287
1 3 10
407 6 447 89 476 326 217 443 428 433
1 10 8
188 141 258 362 464 223 185 255
1 19 10
371 100 150 36 160 290 271 489 273 83
1 1 6
6 291 375 17 174 128
1 7 5
77 40 366 380 234
1 7 3
323 406 465
1 9 7
98 0 48 250 403 254 368
1 12 8
40 497 166 271 361 202 7 53
1 2 6
220 240 373 163 350 235
1 14 6
136 403 398 144 6 147
1 13 6
76 69 232 72 19 469
1 19 6
1 435 11 151 160 115
1 9 5
413 386 429 91 229
1 16 9
388 92 428 127 181 208 203 435 159
1 5 4
152 71 273 398
1 19 3
188 202 235
1 7 10
157 429 393 325 80 326 123 426 274 242
1 10 2
128 215
1 11 9
220 494 30 140 453 252 117 426 193
1 15 4
302 351 144 236
1 8 8
325 119 52 344 474 268 109 104
1 1 7
309 243 313 388 281 76 398
1 11 6
195 214 396 352 263 386
1 4 10
280 63 116 434 332 297 371 43 372 319
1 3 7
440 249 221 36 201 287 351
1 3 2
416 14
1 1 5
393 314 250 485 145
1 20 3
97 367 422
1 6 10
4 201 353 168 61 410 465 488 268 96
1 6 2
429 332
1 3 9
364 152 133 75 363 188 30 459 424
1 6 8
384 354 367 225 233 466 79 363
1 10 9
149 208 427 199 117 211 207 284 370
1 1 9
135 399 488 149 270 247 157 280 180
1 19 9
432 474 148 169 457 240 481 43 358
1 20 8
458 129 464 332 169 395 379 79
1 5 5
88 170 144 3 179
1 18 8
130 61 365 296 80 368 266 183
1 2 3
163 399 98
1 3 10
427 478 188 268 464 240 321 153 106 12
1 1 3
159 238 153
1 11 10
420 413 356 388 292 221 433 312 197 229
1 6 10
88 288 433 221 120 109 267 436 389 121
1 18 6
348 222 379 66 356 10
1 2 8
203 286 267 240 410 449 359 225
1 10 3
385 437 331
1 14 7
381 361 261 404 369 28 96
1 7 8
134 204 407 288 385 265 197 53
1 20 8
257 193 403 92 174 10 198 380
1 2 5
175 192 491 221 476
1 10 9
147 138 83 482 50 23 28 123 183
1 7 10
422 214 351 264 484 323 67 229 298 69
1 19 8
104 325 414 281 497 29 116 442
1 2 6
453 300 207 91 364 460
1 3 2
498 114
1 13 6
228 296 183 310 81 350
1 3 2
478 409
1 11 2
21 290
1 20 9
278 3 1 237 90 82 21 412 117
1 19 10
446 41 374 91 66 340 287 77 405 467
1 13 6
453 443 168 490 114 400
1 11 8
278 258 475 23 149 275 419 302
1 3 6
456 208 310 445 343 214
1 4 2
49 459
1 18 6
276 192 291 70 136 408
1 2 7
279 309 240 266 87 369 425
1 15 4
209 468 119 110
1 8 4
406 94 7 222
1 8 2
79 190
1 8 10
227 361 115 468 89 93 355 145 421 24
1 13 10
244 157 253 75 233 191 398 342 57 283
1 11 4
361 125 61 110
1 4 5
4 15 234 429 115
1 7 9
424 328 129 300 234 395 141 162 42
1 18 9
481 295 33 304 343 207 28 405 109
1 13 8
137 164 490 321 56 264 385 396
1 17 3
51 184 115
1 8 3
217 430 395
1 12 8
213 107 225 128 9 157 393 203
1 2 8
229 469 22 319 11 5 475 259
1 15 2
301 363
1 8 5
271 180 339 454 315
1 2 2
65 346
1 8 3
72 39 369
1 6 3
280 439 380
1 2 5
303 183 315 260 447
1 14 2
234 256
1 4 4
244 92 163 132
1 7 4
13 145 432 388
1 10 7
351 432 373 421 371 202 184
1 19 5
182 34 232 207 140
1 13 5
145 293 55 334 4
1 19 4
132 310 193 381
1 17 8
496 221 326 334 155 17 148 249
1 12 2
231 159
1 17 2
384 320
1 2 8
424 16 147 340 49 270 467 409
1 6 10
242 157 117 110 219 493 305 149 447 154
1 6 9
17 63 221 471 127 493 320 478 190
1 15 3
471 263 410
1 11 6
368 354 116 390 451 179
1 8 6
279 300 268 193 334 85
1 4 2
42 299
1 14 5
151 184 419 232 368
1 2 8
232 193 456 39 403 128 184 370
1 7 7
391 374 34 106 82 36 480
1 10 9
70 203 182 338 386 222 241 460 399
1 20 6
190 196 43 269 177 321
1 9 8
117 342 417 317 250 38 146 424
1 3 2
226 465
1 4 6
466 183 1 365 443 276
1 18 9
252 2 55 50 480 92 236 213 255
1 10 5
58 278 402 263 46
1 16 8
390 405 67 71 343 277 338 287
1 18 5
479 197 397 233 181
1 8 10
281 362 91 310 260 395 370 311 118 194
1 12 4
465 331 135 389
1 16 9
382 24 21 83 52 56 202 291 245
1 2 4
132 230 278 106
1 15 4
255 490 406 84
1 11 8
94 403 324 69 3 63 87 29
1 11 2
130 344
1 6 5
121 26 17 18 414
1 19 2
439 196
1 4 6
371 46 81 486 69 365
1 20 9
311 332 241 323 233 473 423 397 214
1 11 3
251 161 3
1 18 8
218 120 175 351 81 344 427 336
1 18 4
473 131 144 43
1 13 2
268 387
1 17 3
261 75 170
1 7 6
12 65 251 6 64 391
1 6 8
201 154 381 336 78 465 136 83
1 2 4
87 58 192 478
1 8 10
60 9 260 457 50 200 321 183 460 203
1 9 10
77 92 113 299 196 82 136 482 2 429
1 16 3
469 434 46
1 12 2
497 60
1 17 2
189 336
1 10 9
39 304 452 295 46 116 245 283 467
1 13 8
431 95 325 394 317 310 233 480
1 11 8
430 209 229 278 317 440 412 498
1 11 10
382 318 65 38 394 85 143 139 420 390
1 4 7
122 118 427 489 200 305 404
1 1 7
75 134 271 390 322 36 50
1 2 7
395 28 180 379 101 171 463
1 7 5
365 182 470 468 463
1 12 4
304 396 237 363
1 19 10
5 280 0 166 4 392 360 114 76 221
1 12 3
74 198 204
1 16 8
159 248 118 247 157 495 179 492
1 8 7
17 113 102 86 402 144 487
1 2 8
13 397 229 261 404 3 51 370
1 12 7
45 42 51 179 248 132 283
1 10 10
166 497 132 466 341 416 259 307 201 217
1 20 5
24 289 62 74 178
1 18 3
175 397 220
1 20 9
345 63 402 184 388 265 370 8 170
1 12 6
168 394 79 287 321 468
1 8 7
473 396 43 386 146 376 343
1 18 5
241 128 159 6 218
1 15 10
215 55 4 111 474 47 470 257 143 22
1 16 2
8 9
1 7 4
138 352 167 7
1 12 8
381 113 207 26 398 213 408 463
1 6 4
140 378 334 216
1 16 4
254 89 368 326
1 11 10
79 99 470 388 108 283 143 229 66 206
1 14 10
21 32 6 67 272 473 117 247 168 354
1 11 3
465 305 462
1 16 8
348 112 153 114 328 12 332 433
1 17 4
434 226 462 309
1 17 2
30 6
1 9 8
0 442 497 471 264 275 60 345
1 18 4
434 453 9 493
1 11 3
135 137 303
1 18 7
122 479 280 227 189 32 472
1 13 5
364 360 105 185 90
1 14 10
262 360 228 381 440 205 461 325 209 176
1 15 4
331 338 346 412
1 5 3
242 277 81
1 9 8
173 43 428 472 275 114 164 281
1 8 9
97 121 460 69 10 333 440 51 368
1 2 8
251 180 465 175 37 133 230 457
1 13 7
130 83 498 2 267 293 419
1 19 6
289 486 50 170 72 283
1 10 4
365 489 39 358
1 12 7
300 110 432 269 468 407 268
1 14 5
230 396 330 313 304
1 18 7
69 394 13 117 371 266 499
1 10 6
472 485 89 40 260 431
1 15 8
314 18 61 415 198 261 50 143
1 3 5
307 443 33 188 187
1 2 7
89 284 104 2 282 103 498
1 1 8
260 82 211 221 320 381 264 415
1 19 5
116 302 111 449 150
1 3 7
368 75 326 117 486 472 39
1 3 2
443 350
1 2 8
397 143 85 455 486 244 408 209
1 8 9
167 58 314 40 462 289 43 67 271
1 6 4
142 361 480 54
1 5 3
368 337 145
1 14 8
294 276 234 255 260 397 352 469
1 3 4
45 204 346 476
1 11 7
105 348 261 280 73 134 332
1 1 9
25 268 348 73 370 479 253 174 335
1 16 8
421 464 292 373 386 231 98 11
1 15 7
300 22 435 314 401 86 141
1 3 8
91 463 147 42 123 350 476 271
1 20 2
438 5
1 13 7
120 34 180 226 78 102 100
1 10 10
157 375 296 406 0 368 34 254 276 23
1 4 2
407 335
1 20 3
473 156 492
1 12 2
208 122
1 19 5
164 380 397 324 296
1 6 4
487 462 464 218
1 13 9
104 380 341 81 39 349 96 69 361
1 19 9
292 194 124 460 381 254 479 196 201
1 5 10
162 74 221 473 256 202 463 265 111 244
1 14 5
285 165 470 7 180
1 14 8
286 383 145 469 248 226 480 57
1 3 9
174 234 380 59 364 319 31 487 103
1 2 7
422 442 113 64 243 71 445
1 3 5
405 109 286 373 447
1 9 9
410 373 353 188 58 144 45 460 275
1 7 3
64 107 156
1 10 2
382 102
1 2 9
189 36 300 461 334 366 138 499 56
1 1 9
480 175 192 471 115 461 179 204 357
1 8 10
207 49 136 5 73 133 447 67 84 172
1 19 3
65 138 324
1 10 7
314 349 285 206 159 330 67
1 5 4
279 484 432 8
1 7 4
66 130 9 103
1 16 9
189 437 232 149 36 452 449 373 406
1 9 6
144 496 250 124 111 438
1 7 5
98 219 32 260 109
1 10 2
153 144
1 10 7
274 446 299 355 335 220 36
1 12 4
498 69 394 92
1 16 3
43 137 256
1 2 9
348 320 476 220 402 247 327 117 97
1 14 6
406 137 414 431 329 239
1 15 8
209 496 226 342 204 422 451 469
1 19 3
459 282 145
1 11 6
207 442 220 461 325 8
1 8 8
226 42 431 310 14 336 88 368
1 19 9
85 190 499 50 453 457 312 438 418
1 1 9
425 168 243 15 329 394 358 351 270
1 17 7
69 383 344 110 382 80 74
1 14 2
446 254
1 17 7
209 57 203 38 323 0 240
1 5 6
486 182 147 314 212 442
1 5 7
416 95 291 357 191 211 370
1 17 7
109 387 121 458 264 136 106
1 4 9
73 43 231 72 469 260 63 185 127
1 10 9
232 163 300 250 57 485 375 357 135
1 2 9
140 316 232 300 217 472 136 445 229
1 5 2
14 192
1 20 2
142 253
1 10 9
407 42 201 477 110 336 430 368 253
1 12 10
151 23 46 304 196 497 348 387 494 273
1 8 7
247 244 233 42 122 143 94
1 6 5
297 61 180 217 197
1 19 9
441 492 41 254 162 278 366 323 380
1 8 2
323 343
1 17 3
92 66 19
1 7 4
219 269 159 227
1 8 4
180 481 118 119
1 7 8
305 207 397 438 296 273 167 333
1 13 2
261 227
1 19 6
15 39 35 451 339 238
1 1 10
239 490 174 343 151 274 379 148 50 431
1 13 3
284 13 53
1 8 8
174 37 439 156 96 140 333 366
1 1 7
184 97 481 289 362 59 4
1 16 3
62 375 212
1 1 6
260 129 13 284 97 448
1 1 3
35 136 38
1 6 7
18 55 403 407 30 314 420
1 5 6
319 99 398 460 43 320
1 8 7
350 485 452 322 270 420 148
1 1 8
121 237 32 400 105 243 369 493
1 17 10
205 122 237 208 457 480 330 22 164 298
1 14 4
318 258 479 468
1 4 3
37 45 369
1 6 5
319 478 81 399 497
1 3 5
469 45 405 141 168
1 18 3
463 5 172
1 6 3
377 116 201
1 4 8
192 149 162 41 182 94 404 9
1 3 7
157 183 384 399 25 462 291
1 12 4
372 360 27 17
1 5 3
155 171 365
1 20 2
136 241
1 9 2
441 275
1 19 5
38 470 193 34 299
1 19 4
52 148 314 419
1 8 6
215 102 161 434 371 138
1 10 10
147 259 260 355 156 302 229 109 207 406
1 1 6
171 175 46 15 311 167
1 12 6
333 326 393 43 381 4
1 4 2
230 264
1 10 9
285 117 168 71 19 35 6 299 385
1 13 2
488 51
1 7 8
443 204 209 391 155 7 403 366
1 13 8
482 412 271 376 478 279 434 112
1 18 3
300 437 368
1 18 4
20 65 484 213
1 3 6
422 59 205 446 259 18
1 11 10
340 188 223 170 163 43 82 294 313 198
1 16 5
478 382 400 336 410
1 18 9
192 379 436 361 73 164 242 246 3
1 1 2
274 287
1 17 8
449 356 220 369 475 432 364 161
1 3 7
203 247 359 173 175 79 129
1 13 6
472 95 33 87 271 255
1 16 9
310 369 38 81 228 108 436 89 251
1 18 10
83 239 251 206 302 0 329 309 305 310
1 14 5
25 386 119 277 19
1 3 7
23 207 121 48 366 206 321
1 16 5
314 0 479 260 455
1 4 6
293 181 74 192 168 228
1 19 8
69 133 407 355 474 58 357 302
1 3 9
80 205 241 30 138 135 226 316 254
1 4 6
413 429 202 161 24 356
1 13 4
285 79 210 174
1 13 3
269 389 325
1 17 8
351 300 368 441 432 144 485 297
1 4 7
232 104 40 12 185 362 481
1 15 8
484 352 424 41 141 183 309 340
1 17 5
234 91 246 284 301
1 17 2
136 142
1 7 5
209 125 4 120 326
1 2 2
346 133
1 12 9
224 90 126 270 137 279 361 13 324
1 10 6
474 301 204 339 491 384
1 15 5
109 328 124 101 218
1 14 10
95 221 361 22 353 51 238 199 217 98
1 10 6
450 300 405 285 180 171
1 20 10
388 10 166 81 251 319 17 464 106 339
1 19 7
97 473 112 394 311 338 389
1 5 4
454 410 470 244
1 16 10
226 304 380 41 410 140 109 470 152 266
1 16 8
193 139 188 471 367 386 218 491
1 18 7
326 387 153 121 67 442 82
1 3 8
371 365 317 428 451 217 184 403
1 19 5
362 278 49 224 71
1 12 8
77 42 376 0 107 438 377 364
1 10 8
196 154 89 249 47 265 447 14
1 8 7
420 353 405 144 224 7 488
1 12 4
316 238 141 455
1 9 6
133 199 189 476 335 489
1 2 9
446 68 336 414 346 410 304 211 421
1 13 9
289 257 368 66 455 349 375 241 351
1 16 9
377 394 368 145 354 375 405 438 161
1 13 5
459 414 105 283 437
1 6 9
417 110 104 180 422 102 341 43 328
1 18 6
429 193 9 115 133 99
1 13 4
11 5 17 172
1 1 2
290 439
1 13 8
459 4 26 344 499 474 198 182
1 5 9
493 103 310 430 209 280 104 226 473
1 6 2
473 136
1 20 10
103 292 268 456 219 320 145 109 276 149
1 7 10
278 472 94 110 244 253 456 213 6 355
1 6 8
384 131 368 166 201 74 176 109
1 3 10
377 349 334 232 31 162 310 139 91 465
1 1 8
67 45 333 285 373 449 405 276
1 2 4
300 148 37 197
1 1 4
130 466 438 477
1 10 9
299 284 347 260 124 58 187 238 263
1 18 8
479 475 167 3 342 462 68 239
1 16 6
4 452 164 298 376 293
1 8 7
15 473 190 173 336 123 479
1 14 10
103 35 22 453 180 105 131 459 397 153
1 10 6
120 449 50 201 123 294
1 7 8
202 491 483 364 1 64 217 179
1 1 4
303 412 84 334
1 9 8
310 493 418 299 192 311 375 173
1 19 3
8 161 372
1 2 9
24 214 338 269 69 223 139 362 73
1 8 5
25 470 443 374 300
1 10 6
247 476 268 448 63 274
1 8 3
391 248 16
1 3 4
363 178 300 93
1 16 3
425 76 39
1 3 5
401 123 141 227 293
1 13 10
357 241 353 455 343 181 386 20 474 381
1 19 2
103 141
1 18 3
456 414 229
1 1 8
45 389 224 16 73 338 234 350
1 10 3
253 473 12
1 16 3
146 419 450
1 15 3
331 177 394
1 11 5
151 164 445 189 218
1 7 4
286 69 344 152
1 2 6
491 90 261 454 88 68
1 2 7
98 146 45 428 172 374 391
1 3 6
318 437 295 317 448 130
1 5 7
342 29 292 155 138 238 254
1 8 2
335 278
1 20 4
396 269 173 492
1 14 8
393 367 467 188 347 405 432 497
1 7 9
47 243 374 285 191 291 151 400 372
1 8 3
207 245 92
1 4 7
69 470 423 289 87 200 469
1 20 5
66 264 320 390 152
1 1 9
13 412 383 220 356 186 93 31 467
1 18 5
142 127 94 380 482
1 9 2
402 483
1 18 5
360 161 174 455 319
1 6 4
26 477 18 328
1 15 5
172 218 91 175 368
1 18 9
309 471 268 78 368 271 266 364 239
1 8 9
402 437 247 118 38 485 366 294 393
1 3 5
359 21 336 368 240
1 20 10
122 120 8 427 130 162 453 328 234 347
1 6 8
203 404 169 359 68 273 163 53
1 4 10
236 462 80 428 210 76 154 57 4 440
1 6 5
54 35 186 306 385
1 7 5
92 342 301 289 96
1 15 2
448 495
1 16 5
281 21 197 32 124
1 13 10
205 307 440 444 377 481 15 328 93 451
1 20 3
395 21 22
1 17 3
218 272 437
1 9 8
118 443 104 115 292 69 144 146
1 15 10
254 455 145 12 402 462 271 72 46 376
1 11 7
135 198 250 276 436 122 36
1 11 5
388 414 27 77 53
1 3 8
82 208 240 187 273 334 288 428
1 3 7
278 342 369 446 226 301 33
1 10 10
188 243 225 298 375 160 292 344 268 261
1 12 3
206 310 495
1 4 10
423 255 337 223 291 408 13 34 51 343
1 19 8
275 142 350 374 369 467 440 287
1 18 5
400 425 436 241 411
1 6 9
69 169 490 313 52 495 255 297 254
1 8 7
311 330 145 318 375 396 202
1 11 2
335 324
1 3 8
310 473 474 75 296 45 293 481
1 14 8
424 477 285 356 381 323 281 40
1 1 7
71 200 361 210 311 461 267
1 11 4
382 163 179 250
1 10 3
211 40 226
1 13 3
301 369 152
1 1 3
163 334 357
1 3 4
418 175 97 324
1 15 6
276 315 135 106 414 255
1 11 9
261 135 384 81 400 30 116 496 372
1 6 8
198 316 332 55 478 394 475 393
1 15 10
429 494 187 195 447 127 157 143 417 126
1 3 7
160 95 144 138 482 86 229
1 12 8
106 385 282 38 291 331 360 293
1 8 6
189 398 278 162 167 67
1 14 8
158 461 16 26 97 243 47 317
1 5 6
116 295 91 211 64 226
1 19 5
478 422 281 267 350
1 13 4
337 270 289 228
1 14 8
216 367 328 439 412 447 142 229
1 17 9
83 32 100 202 208 318 121 320 361
1 20 6
305 371 36 307 390 412
1 17 2
421 116
1 16 9
305 213 371 138 422 72 471 184 323
1 12 8
313 294 116 55 277 355 346 373
1 9 8
219 373 287 16 39 317 144 456
1 8 6
322 263 360 147 66 274
1 8 5
473 461 176 212 287
1 16 4
161 152 225 62
1 20 10
410 87 448 154 89 206 142 204 438 211
1 18 9
122 110 94 283 151 36 464 201 259
1 16 6
254 71 226 423 486 447
1 13 9
219 117 382 496 438 451 19 121 75
1 2 4
452 265 306 329
1 4 2
371 79
1 4 9
52 160 152 102 427 204 268 471 146
1 6 7
160 310 460 108 366 393 224
1 8 7
374 399 495 201 220 267 240
1 20 3
72 23 313
1 14 4
159 122 281 133
1 18 5
231 249 284 422 108
1 10 7
155 69 48 60 196 258 150
1 8 10
104 499 437 376 100 167 215 148 446 280
1 13 3
213 141 408
1 15 3
437 104 101
1 15 7
457 123 31 359 23 82 188
1 8 10
23 9 121 179 156 464 400 54 13 474
1 16 4
263 427 206 312
1 7 3
190 443 203
1 3 6
136 210 347 123 59 9
1 3 4
224 340 259 94
1 18 10
494 306 97 179 313 104 335 99 385 32
1 15 9
78 456 412 397 334 228 398 402 201
1 7 5
151 249 203 369 127
1 19 6
116 318 375 483 65 57
1 14 4
468 441 207 22
1 15 8
214 373 497 471 485 333 385 259
1 11 2
54 280
1 1 8
491 282 104 85 421 226 66 254
1 1 2
273 448
1 16 6
38 23 286 403 196 411
1 1 5
463 79 430 281 155
1 13 5
157 211 47 484 348
1 7 2
442 469
1 3 4
475 373 196 414
1 17 5
162 405 434 221 252
1 17 8
228 104 66 39 138 92 462 239
1 11 7
13 451 223 79 492 438 404
1 13 5
465 269 240 327 458
1 18 5
83 336 421 240 444
1 16 6
179 140 163 304 323 287
1 6 8
19 454 352 210 457 261 483 248
1 18 2
80 260
1 1 3
274 356 186
1 20 8
129 471 248 148 291 365 347 177
1 18 2
411 382
1 12 10
109 307 54 350 32 221 340 68 382 492
1 20 9
461 198 377 427 149 251 165 419 432
1 5 5
60 465 54 302 271
1 12 8
371 246 309 288 185 280 281 128
1 6 6
292 359 45 416 50 495
1 10 9
61 459 191 376 451 332 174 408 486
1 17 2
331 181
1 16 6
13 144 485 442 357 164
1 14 5
416 447 382 440 303
1 11 6
335 321 53 423 284 228
1 4 6
40 230 451 418 368 168
1 9 3
368 395 272
1 1 5
484 319 495 188 312
1 2 7
418 404 464 85 216 76 220
1 19 9
197 301 4 5 479 471 363 375 217
1 6 6
380 406 450 373 84 341
1 9 9
135 132 444 308 14 233 24 470 425
1 2 9
276 74 341 324 114 421 423 105 65
1 2 6
321 389 179 37 135 84
1 1 7
31 16 188 254 418 27 133
1 18 6
393 289 114 136 19 6
1 1 5
248 447 249 218 95
1 14 10
221 59 126 382 387 131 167 373 28 242
1 17 6
476 170 495 488 453 469
1 9 7
101 294 379 498 106 119 66
1 14 5
324 422 79 186 106
1 14 9
29 62 347 388 185 479 17 414 70
1 15 8
203 170 275 383 201 220 152 138
1 17 7
418 147 124 117 293 308 78
1 17 4
365 359 442 418
1 18 6
232 111 238 13 399 332
1 19 2
272 310
1 7 2
75 464
1 6 3
131 361 269
1 14 3
486 483 123
1 20 6
382 74 397 196 182 430
1 15 5
155 252 201 58 360
1 7 6
464 42 289 95 228 246
1 11 5
313 437 180 399 173
1 11 5
420 122 410 282 418
1 20 6
411 19 419 332 33 179
1 1 6
227 8 425 176 365 233
1 3 5
358 125 132 299 76
1 7 10
315 483 61 112 412 320 488 411 313 374
1 18 6
184 477 434 416 108 424
1 19 6
268 290 448 170 155 31
1 5 6
200 368 479 454 163 499
1 1 8
171 12 442 390 362 394 476 17
1 13 7
261 115 235 213 167 339 60
1 4 6
321 173 63 452 27 319
1 3 8
323 336 369 182 199 466 292 348
1 2 9
110 281 237 202 145 316 494 15 101
1 11 6
408 376 197 191 215 131
1 16 7
59 49 207 376 447 79 168
1 11 4
190 307 329 47
1 13 5
140 81 61 475 463
1 4 6
189 304 191 330 72 295
1 12 8
306 209 457 49 57 97 339 170
1 19 3
51 60 99
1 9 8
17 183 127 204 75 490 426 417
1 12 9
180 315 5 381 436 183 313 251 371
1 3 10
129 154 242 1 411 485 472 16 384 222
1 14 5
289 14 175 252 149
1 1 4
195 215 189 239
1 18 10
190 211 432 340 238 2 163 288 154 221
1 3 7
62 238 348 78 277 85 210
1 10 9
102 299 19 373 353 157 477 105 255
1 5 5
493 447 248 99 40
1 12 7
356 239 47 153 367 35 441
1 6 3
331 269 14
1 10 4
207 57 107 426
1 9 6
82 114 79 157 365 40
1 20 7
324 331 375 223 165 201 90
1 3 2
356 472
1 17 9
13 246 102 239 166 185 237 476 346
1 17 8
412 367 469 38 480 281 235 245
1 1 2
124 61
1 12 6
276 163 93 180 367 320
1 13 3
190 182 266
1 1 3
335 1 386
1 1 10
120 399 387 438 167 315 497 186 334 308
1 7 10
366 243 328 23 461 240 116 118 2 34
1 14 6
228 332 236 30 216 223
1 1 2
64 12
1 10 3
60 295 348
1 15 9
444 230 27 366 136 300 288 302 352
1 5 5
249 196 7 455 340
1 10 3
40 268 410
1 9 2
305 368
1 14 4
156 288 20 231
1 16 3
363 144 463
1 1 3
341 354 410
1 2 5
396 56 91 447 117
1 12 5
412 283 174 368 14
1 14 7
283 63 54 157 434 160 432
1 15 5
489 189 108 12 375
1 13 5
64 202 219 223 83
1 20 6
189 257 481 488 138 111
1 10 9
27 8 354 47 243 63 57 477 30
1 2 6
480 133 107 495 367 210
1 4 4
238 409 241 276
1 15 3
409 180 104
1 11 5
468 291 171 248 477
1 8 2
415 44
1 13 9
114 330 372 181 296 471 369 225 18
1 6 8
277 32 43 40 212 490 420 349
1 13 10
447 404 53 247 204 381 340 432 210 100
1 19 8
51 498 405 478 137 31 309 30
1 6 8
411 169 416 109 160 29 383 384
1 2 8
458 341 477 212 193 86 312 177
1 3 9
362 400 475 472 232 455 459 343 199
1 2 4
414 138 476 238
1 10 9
419 400 341 417 327 333 295 227 39
1 3 5
8 450 213 314 482
1 3 9
349 237 356 167 361 340 336 493 40
1 3 3
150 1 476
1 13 5
341 427 192 463 48
1 11 7
65 68 78 132 28 399 467
1 3 8
166 320 86 138 175 154 439 56
1 19 6
47 347 65 151 38 295
1 19 3
185 205 227
1 6 6
167 196 292 379 378 462
1 3 9
449 355 149 45 166 220 3 140 377
1 19 6
11 173 17 411 428 48
1 18 6
128 80 422 269 344 194
1 20 3
41 160 12
1 11 9
133 88 170 22 256 34 463 107 437
1 3 4
499 8 93 262
1 20 4
104 427 412 19
1 10 10
292 72 151 364 261 325 176 116 2 310
1 14 7
6 100 281 382 182 237 361
1 17 2
397 258
1 7 7
442 149 85 324 414 155 398
1 16 8
70 58 21 195 120 162 296 182
1 2 8
235 168 83 229 468 266 377 494
1 7 2
211 163
1 15 8
321 397 496 166 229 263 319 398
1 19 4
273 307 152 64
1 12 10
206 200 305 189 1 279 385 439 447 362
1 17 7
107 325 72 497 129 384 301
1 10 5
477 323 76 265 217
1 5 2
181 53
1 15 10
136 493 56 99 59 291 78 384 223 213
1 8 6
196 430 278 89 342 368
1 14 4
151 234 266 307
1 8 5
385 67 266 275 10
1 2 3
494 427 296
1 13 4
478 15 258 180
1 17 8
417 138 256 81 452 130 279 376
1 1 3
444 384 425
1 10 9
277 322 26 486 271 479 186 298 490
1 3 9
51 455 304 369 129 148 420 355 216
1 12 4
260 237 182 152
1 3 4
451 338 251 156
1 2 6
236 140 283 10 198 151
1 20 4
369 231 77 40
1 13 4
390 22 400 82
1 18 6
10 422 259 241 474 188
1 6 4
162 27 4 456
1 10 4
85 5 16 314
1 20 10
30 219 58 85 10 294 202 29 370 301
1 2 3
236 2 196
1 6 3
499 304 75
1 7 3
245 101 135
1 3 9
292 34 302 265 39 207 66 64 355
1 18 7
449 424 226 97 446 419 334
1 2 5
36 245 469 25 106
1 10 10
208 4 458 92 52 234 349 26 378 356
1 19 2
108 301
1 17 10
391 28 31 409 131 438 45 342 480 235
1 4 7
93 482 277 402 233 407 398
1 16 9
410 293 51 168 7 97 6 286 487
1 1 3
112 17 370
1 18 3
318 150 412
1 13 3
371 490 68
1 9 9
356 52 469 88 176 90 84 459 113
1 1 4
232 452 326 444
1 8 2
245 290
1 9 8
361 93 404 13 323 443 15 91
1 16 9
206 391 299 242 415 21 492 426 342
1 18 8
480 208 252 139 127 215 408 201
1 5 7
206 194 117 174 480 4 489
1 9 7
68 482 409 161 359 86 117
1 6 5
432 146 364 490 213
1 4 10
453 176 349 217 33 282 56 329 348 309
1 19 7
79 241 171 350 212 229 266
1 12 2
76 17
1 13 2
249 254
1 11 3
204 127 348
1 16 3
377 140 64
1 13 6
239 265 130 175 233 146
1 3 7
413 15 259 59 193 414 477
1 11 10
487 470 348 227 250 114 392 35 231 256
1 12 4
429 80 270 344
1 7 8
162 129 174 352 422 253 354 472
1 14 10
423 293 434 249 283 415 322 78 451 397
1 18 3
322 109 499
1 14 5
217 135 205 199 52
1 12 9
239 481 491 19 319 418 106 124 282
1 19 2
78 166
1 5 5
399 322 487 470 382
1 19 4
128 54 282 79
1 11 3
444 278 452
1 17 2
296 212
1 14 4
93 100 436 358
1 19 5
104 188 181 131 160
1 3 3
417 88 440
1 8 10
165 81 203 65 42 117 401 327 258 146
1 13 5
464 394 213 332 4
1 14 3
445 55 435
1 5 3
159 364 273
1 12 7
343 110 405 396 287 408 367
1 4 5
11 387 385 113 28
1 2 3
235 382 102
1 9 5
101 279 49 449 248
1 18 5
487 416 317 431 253
1 2 10
98 27 357 144 410 199 169 370 99 45
1 13 5
205 317 347 50 5
1 19 10
104 492 200 206 176 398 227 460 250 27
1 17 6
174 410 82 322 114 363
1 17 8
162 332 146 263 378 201 97 157
1 20 3
110 44 38
1 16 7
306 58 125 277 495 316 117
1 1 5
263 32 12 21 180
1 3 2
170 430
1 6 2
25 44
1 18 6
256 57 483 170 228 436
1 10 10
20 345 6 229 11 283 317 0 46 241
1 11 8
308 265 245 480 215 68 98 214
1 14 7
303 299 96 323 275 312 384
1 6 7
210 362 353 135 264 499 217
1 10 5
128 371 143 262 120
1 19 4
441 40 214 317
1 18 6
308 103 427 130 39 67
1 11 8
415 360 297 258 26 42 136 363
1 5 5
269 168 441 374 400
1 19 10
377 444 118 124 271 364 320 8 439 349
1 7 9
369 296 131 446 465 384 287 253 445
1 15 6
45 493 221 22 400 136
1 14 10
85 86 481 295 498 450 265 337 8 22
1 20 9
424 389 288 478 166 66 309 476 162
1 19 2
402 49
1 4 9
209 277 185 180 474 72 166 475 352
1 10 2
60 176
1 3 3
89 86 67
1 16 10
251 161 197 438 396 104 257 264 163 456
1 3 8
211 310 47 81 216 350 270 194
1 9 10
427 160 121 358 31 24 373 161 499 419
1 17 9
0 286 457 294 445 395 48 459 446
1 12 3
277 307 429
1 14 6
416 41 389 15 375 97
1 5 5
497 474 242 418 81
1 16 8
445 325 254 190 368 135 47 34
1 2 3
116 374 313
1 4 8
471 466 334 457 140 2 110 434
1 14 6
254 252 215 266 391 390
1 16 8
120 181 328 379 228 439 141 22
1 11 6
191 302 84 387 378 320
1 3 2
115 248
1 7 2
92 97
1 9 10
291 186 247 429 245 288 478 123 84 16
1 4 4
368 28 134 365
1 15 9
226 273 499 88 416 29 60 126 199
1 16 10
209 9 159 409 94 253 102 498 99 268
1 19 3
190 403 419
1 18 10
401 156 405 402 127 315 123 321 116 79
1 15 8
75 303 241 274 411 480 243 212
1 19 8
463 389 52 22 433 212 5 402
1 4 7
420 169 390 222 108 274 280
1 15 2
442 107
1 8 7
16 200 195 391 72 181 165
1 10 3
64 328 210
1 16 4
21 327 72 285
1 4 8
22 408 487 8 142 108 357 458
1 15 6
158 164 350 60 183 173
1 18 7
262 217 55 32 420 263 226
1 11 4
326 287 492 174
1 9 5
298 283 247 498 330
1 2 9
80 142 254 84 67 290 27 180 341
1 14 8
270 391 191 29 460 48 469 472
1 14 9
412 106 445 191 484 247 350 35 313
1 13 2
257 456
1 14 5
480 245 444 132 442
1 20 3
260 320 119
1 8 5
452 185 401 449 230
1 7 2
176 118
1 7 4
55 148 353 312
1 18 8
278 133 12 293 188 39 435 495
1 13 5
263 223 366 463 464
1 18 8
498 305 80 332 130 315 145 451
1 1 8
377 345 109 144 8 129 495 218
1 17 6
393 97 429 360 159 135
1 9 8
205 213 482 314 97 318 180 99
1 10 5
244 439 396 70 224
1 6 10
88 1 259 156 322 27 147 210 267 48
1 3 5
174 253 490 251 46
1 11 10
210 86 179 377 489 290 74 96 87 474
1 16 10
481 201 194 325 54 453 476 15 221 51
1 2 8
498 120 229 341 278 153 413 366
1 5 2
451 218
1 11 5
433 10 118 180 277
1 16 7
131 119 308 15 211 222 130
1 6 9
446 291 474 194 465 343 460 165 279
1 3 7
339 206 468 473 217 428 45
1 9 6
494 370 329 1 459 76
1 4 4
39 436 340 282
1 3 9
410 218 98 51 31 215 32 457 17
1 7 8
166 8 414 76 9 440 44 56
1 11 6
203 214 44 82 46 357
1 1 7
181 399 260 477 14 2 83
1 18 3
326 286 156
1 1 3
91 117 354
1 4 6
43 331 149 447 47 238
1 18 10
306 14 305 69 312 456 128 147 216 333
1 11 5
85 286 113 250 401
1 17 4
306 365 38 72
1 19 2
172 184
1 1 9
21 443 373 129 36 296 145 33 106
1 9 9
83 398 238 472 411 39 115 170 288
1 1 9
272 153 397 498 201 345 333 379 77
1 12 5
54 317 207 53 177
1 13 8
149 264 329 450 397 457 176 458
1 13 4
266 378 152 158
1 5 4
21 490 310 390
1 9 8
404 433 348 377 332 244 14 24
1 17 8
217 445 233 25 182 126 316 437
1 9 3
116 386 268
1 20 9
249 188 319 289 469 418 48 488 441
1 8 4
85 359 425 275
1 7 8
53 422 220 429 41 207 131 368
1 5 5
257 226 340 141 244
1 1 2
211 2
1 5 7
59 124 466 227 111 318 67
1 1 7
222 294 343 209 79 436 381
1 18 5
291 55 494 240 292
1 4 5
423 222 91 457 492
1 8 5
169 385 308 92 366
1 18 2
194 365
1 4 3
349 237 376
1 11 4
488 212 224 376
1 18 5
22 144 391 293 329
1 19 9
426 19 390 442 95 86 184 84 302
1 13 8
111 135 326 477 216 242 270 498
1 15 9
170 19 331 173 339 463 83 281 455
1 20 2
201 53
1 6 2
304 160
1 18 3
57 394 287
1 18 2
223 206
1 2 9
85 355 261 342 359 456 422 99 68
1 5 10
310 132 106 98 72 94 342 359 24 314
1 13 9
195 20 295 439 476 450 104 43 287
1 19 6
114 319 485 476 179 86
1 1 2
113 369
1 13 6
353 171 128 189 205 234
1 11 6
17 422 98 160 71 270
1 17 6
165 211 63 460 376 482
1 11 8
164 162 480 62 402 244 213 160
1 10 2
19 137
1 5 4
429 77 58 239
1 15 10
67 272 207 392 457 169 225 496 430 185
1 2 2
291 440
1 7 8
302 219 315 211 58 449 262 429
1 19 9
30 76 59 333 180 220 486 422 110
1 4 7
175 375 434 12 124 174 412
1 15 6
195 47 456 331 474 408
1 4 3
338 29 483
1 20 2
330 206
1 9 3
265 315 480
1 9 8
414 128 498 62 332 16 340 22
1 20 5
368 95 135 201 64
1 16 2
4 127
1 12 2
417 166
1 5 6
490 3 303 393 13 96
1 15 4
51 144 465 471
1 3 8
86 17 298 180 309 300 31 157
1 19 5
45 160 384 353 72
1 7 8
446 174 391 461 267 87 427 199
1 1 10
355 359 480 370 427 156 132 415 257 363
1 14 9
397 489 329 230 208 58 66 319 83
1 11 9
157 426 267 133 10 377 59 429 115
1 12 10
372 307 371 454 345 458 257 389 83 199
1 9 8
383 103 144 176 432 7 357 133
1 19 9
172 28 430 88 170 383 408 246 359
1 7 9
249 224 429 422 315 7 87 108 198
1 8 7
98 428 339 327 211 391 61
1 14 5
99 71 26 407 436
1 3 3
344 371 382
1 6 7
282 117 159 431 355 94 259
1 16 2
14 357
1 18 3
147 50 452
1 4 3
380 170 125
1 6 8
403 407 0 267 390 22 2 160
1 6 3
389 229 56
1 10 5
380 138 219 458 491
1 17 2
199 403
1 18 2
343 313
1 10 7
328 387 394 262 84 437 142
1 5 8
47 194 456 94 464 405 114 278
1 11 6
59 161 240 4 160 429
1 9 7
263 463 16 326 119 390 338
1 13 4
204 364 106 461
1 15 10
476 116 365 15 408 300 94 482 427 12
1 19 5
403 340 355 345 435
1 1 4
449 184 183 442
1 7 4
322 461 271 348
1 3 5
300 331 257 172 201
1 15 8
296 214 179 153 396 39 211 74
1 10 9
212 487 388 374 43 192 8 220 224
1 10 8
311 59 479 484 289 168 360 434
1 10 8
366 267 82 358 55 118 175 232
1 10 2
335 347
1 8 10
35 345 397 440 269 3 272 319 281 236
1 15 4
190 302 178 117
1 11 2
406 227
1 6 6
276 307 91 153 50 24
1 8 6
145 204 190 178 119 442
1 1 4
295 495 313 339
1 14 3
118 280 110
1 11 4
37 197 108 182
1 20 8
257 450 227 446 408 7 184 434
1 15 5
312 354 261 247 324
1 15 6
101 372 63 190 352 219
1 17 5
446 51 354 186 25
1 11 2
171 428
1 16 7
334 423 235 337 430 436 160
1 5 10
66 95 219 298 164 244 17 127 275 344
1 12 10
196 375 469 246 286 467 250 64 492 172
1 7 2
155 140
1 17 4
337 214 343 271
1 3 7
442 446 132 270 314 483 43
1 14 5
31 41 397 294 345
1 18 2
228 101
1 20 4
72 285 431 359
1 5 2
337 470
1 10 8
285 30 256 176 52 181 65 302
1 16 6
276 179 313 333 15 53
1 3 7
146 105 483 273 301 379 126
1 5 4
426 345 248 392
1 6 4
345 84 114 15
1 18 7
399 193 455 84 331 235 39
1 14 3
86 418 463
1 3 9
5 321 66 339 50 34 131 429 282
1 14 2
17 273
1 17 10
34 360 209 256 158 379 84 286 452 470
1 8 2
436 155
1 7 5
204 234 147 51 62
1 17 2
427 405
1 15 4
305 440 380 0
1 1 7
74 305 281 430 21 397 403
1 11 10
440 118 143 81 376 64 403 11 45 21
1 20 5
288 369 353 141 219
1 8 2
215 304
1 11 4
204 412 348 11
1 8 9
82 197 269 253 354 50 133 484 66
1 11 8
433 85 135 300 360 422 185 260
1 18 9
267 100 438 129 114 347 466 430 76
1 8 2
448 94
1 5 2
478 462
1 19 6
2 0 89 203 176 452
1 16 2
13 2
1 14 4
371 48 261 427
1 15 2
75 256
1 2 8
373 358 361 450 186 351 189 195
1 15 8
454 188 109 132 63 365 481 447
1 6 6
123 56 332 489 407 331
1 19 7
300 78 174 345 401 407 36
1 20 10
36 333 399 470 131 288 230 281 206 117
1 2 8
441 330 244 164 435 306 141 351
1 7 6
214 428 46 350 171 420
1 14 2
235 435
1 15 4
174 77 233 366
1 1 7
497 474 436 236 291 114 381
1 20 9
25 245 300 372 354 301 485 369 155
1 9 5
271 268 376 181 323
1 18 4
202 270 383 286
1 16 9
322 86 248 282 442 79 61 252 209
1 3 3
380 58 387
1 10 3
287 56 111
1 6 10
244 289 305 320 80 233 411 197 113 209
1 12 7
31 114 411 414 379 338 27
1 1 7
0 368 102 398 183 217 23
1 1 4
466 491 170 146
1 6 9
367 250 332 145 454 445 357 304 26
1 7 9
66 123 114 193 41 255 457 169 458
1 20 9
245 477 342 171 99 151 299 378 216
1 13 9
177 95 446 53 262 378 151 105 203
1 5 7
350 344 399 425 474 312 0
1 14 5
478 254 263 106 33
1 5 2
208 341
1 14 6
121 107 446 410 350 37
1 1 2
259 36
1 14 2
171 290
1 19 3
31 94 217
1 14 6
285 7 130 387 297 196
1 15 3
113 443 134
1 3 10
83 34 300 383 376 65 103 498 174 6
1 3 3
36 358 4
1 5 6
257 437 195 459 343 95
1 10 5
20 391 230 280 202
1 3 3
371 58 31
1 20 9
184 369 352 451 348 300 293 382 275
1 10 8
499 453 272 406 467 398 60 42
1 11 4
163 102 434 466
1 15 10
146 453 123 168 489 410 14 65 200 360
1 17 10
262 236 308 128 267 191 286 439 470 313
1 15 4
251 96 113 441
1 14 8
158 95 28 271 497 58 455 35
1 3 5
91 95 454 23 63
1 20 5
67 115 2 246 271
1 19 3
127 59 462
1 10 5
12 463 42 456 315
1 17 8
158 62 179 165 293 315 264 20
1 3 3
202 54 367
1 17 10
375 77 361 291 285 390 341 186 461 437
1 3 5
146 498 256 443 48
1 15 10
106 490 95 166 29 483 333 135 236 51
1 5 5
160 145 143 347 383
1 20 2
371 487
1 19 9
226 411 2 430 79 499 121 415 74
1 14 7
488 288 432 85 247 18 203
1 4 5
171 129 88 318 240
1 9 5
223 358 131 254 271
1 6 4
145 88 472 334
1 3 3
271 38 29
1 6 7
419 110 325 292 413 365 453
1 3 4
178 217 399 428
1 19 4
436 327 180 29
1 12 2
310 244
1 11 4
204 403 239 407
1 12 3
129 312 291
1 7 10
85 364 253 283 459 373 194 87 472 317
1 10 2
156 132
1 6 4
56 401 461 95
1 15 10
196 226 306 331 489 163 447 309 35 125
1 7 6
119 28 349 476 85 317
1 5 3
107 198 485
1 7 10
276 264 69 474 426 344 101 149 52 303
1 9 2
347 153
1 5 10
423 336 450 293 246 235 60 92 186 350
1 8 4
362 398 214 438
1 8 9
366 338 420 206 439 112 254 41 101
1 16 4
21 10 369 189
1 2 10
249 120 339 404 489 320 246 260 461 352
1 13 5
153 134 386 156 484
1 7 6
332 42 345 175 433 219
1 5 5
433 275 459 81 100
1 7 6
69 264 293 73 306 363
1 17 9
48 495 303 201 238 33 365 163 301
1 11 3
1 371 227
1 10 10
189 347 179 318 137 249 490 89 152 252
1 15 7
259 345 248 268 411 368 19
1 7 4
179 111 456 166
1 8 7
208 249 279 42 338 237 322
1 17 5
136 71 21 380 42
1 9 4
185 36 441 195
1 9 2
145 149
1 11 4
265 377 61 390
1 6 3
379 250 193
1 17 8
39 379 71 382 277 160 381 207
1 17 9
83 28 12 144 4 334 21 90 264
1 16 8
325 413 129 339 420 213 478 481
1 10 2
253 265
1 7 10
263 59 282 17 72 437 346 167 162 354
1 9 2
445 438
1 6 4
104 257 310 183
1 12 7
250 109 136 478 153 341 423
1 3 9
332 432 170 63 223 5 207 403 258
1 7 2
143 89
1 15 10
288 7 43 290 362 206 59 365 479 149
1 14 2
423 456
1 4 7
105 226 381 9 42 473 121
1 8 10
78 22 21 49 186 264 85 27 228 62
1 16 8
407 200 315 199 416 127 366 94
1 5 10
276 192 31 143 349 262 71 120 351 415
1 11 6
462 393 287 420 340 313
1 1 5
258 168 485 489 206
1 13 5
475 470 53 36 450
1 17 3
90 302 64
1 1 9
249 20 404 111 331 447 265 257 170
1 14 4
149 99 498 234
1 13 7
126 276 188 209 214 123 453
1 16 8
294 360 113 19 475 422 122 107
1 10 3
224 39 51
1 19 6
44 158 243 225 278 321
1 3 7
199 496 300 337 399 254 398
1 18 5
304 394 357 313 254
1 2 9
139 453 18 16 342 123 385 261 41
1 18 7
377 319 426 216 307 496 184
1 15 8
473 341 179 73 143 166 17 279
1 10 2
122 191
1 5 2
271 413
1 10 3
381 419 323
1 12 8
140 422 138 475 491 334 410 54
1 6 3
493 245 295
1 8 5
475 356 158 292 1
1 20 2
0 277
1 4 8
193 13 417 42 261 354 400 23
1 14 2
150 395
1 3 8
79 265 118 316 260 123 255 245
1 20 3
303 343 317
1 5 3
129 278 143
1 18 7
59 184 389 412 54 75 191
1 4 10
472 377 358 158 328 455 344 80 186 130
1 13 6
357 410 263 52 45 327
1 4 10
346 207 168 316 13 153 39 450 205 23
1 18 3
391 337 484
1 20 10
42 486 256 180 165 64 196 159 268 417
1 18 9
323 47 265 48 220 210 23 104 202
1 12 9
476 252 262 239 169 309 462 157 288
1 4 2
159 268
1 6 4
20 17 442 232
1 6 10
325 482 28 70 182 301 479 318 86 403
1 10 5
43 221 452 345 423
1 7 5
455 496 26 355 223
1 16 6
34 219 84 330 197 151
1 8 5
137 114 25 135 111
1 15 7
151 58 373 450 422 69 195
1 16 9
442 484 101 311 386 115 13 215 421
1 7 5
283 15 79 130 67
1 2 4
102 161 172 277
1 13 2
466 110
1 17 9
469 413 490 480 104 424 396 498 365
1 8 9
5 162 71 312 464 170 63 112 221
1 18 6
446 246 445 47 69 77
1 15 4
166 304 108 209
1 8 5
484 470 245 438 310
1 15 10
91 398 292 26 206 393 143 23 377 178
1 7 3
144 336 174
1 15 3
350 162 407
1 5 6
472 167 30 214 129 415
1 5 2
246 229
1 9 8
207 195 53 365 103 90 20 487
1 13 6
209 46 33 402 224 12
1 11 6
402 334 438 52 427 170
1 13 7
385 4 405 200 40 378 177
1 17 10
101 76 240 56 259 451 4 262 332 469
1 12 2
472 354
1 18 5
205 53 84 284 447
1 4 8
427 331 197 132 105 334 335 452
1 13 10
378 479 193 430 119 38 476 72 202 343
1 6 4
172 269 436 80
1 2 4
308 336 373 362
1 16 2
9 131
1 20 4
489 263 301 408
1 17 3
434 110 194
1 6 3
473 485 326
1 5 5
129 206 271 421 355
1 5 7
101 499 51 44 319 254 134
1 5 2
494 260
1 11 9
107 325 234 189 358 33 447 432 478
1 3 10
126 204 158 176 114 271 171 42 28 288
1 6 4
146 31 328 51
1 20 8
349 58 471 414 322 236 499 282
1 3 2
114 495
1 4 5
355 227 498 465 11
1 18 7
58 31 417 74 67 25 296
1 19 6
474 369 495 454 314 265
1 3 10
197 427 471 298 231 357 409 283 60 351
1 7 8
73 392 415 83 49 229 197 193
1 9 6
356 16 381 75 64 264
1 18 6
100 207 193 410 234 105
1 19 4
32 321 363 17
1 11 10
31 82 114 99 277 224 363 280 467 413
1 13 5
228 484 20 214 80
1 9 7
222 430 106 119 494 329 433
1 5 9
397 138 110 372 9 93 75 181 227
1 17 8
7 101 422 238 401 157 138 290
1 11 8
269 129 282 100 221 301 343 137
1 15 3
499 103 190
1 7 8
203 364 224 171 352 183 261 76
1 1 3
352 83 266
1 5 8
155 219 361 59 420 196 222 440
1 1 5
305 83 79 164 474
1 12 10
146 453 393 170 392 345 412 480 119 493
1 1 10
375 341 444 62 151 135 249 374 328 396
1 11 10
270 122 290 126 241 207 467 124 352 265
1 8 4
477 36 124 306
1 4 2
56 123
1 6 10
201 168 44 165 174 349 476 216 185 495
1 17 2
164 241
1 14 8
492 259 2 41 252 456 405 235
1 13 2
137 387
1 13 3
156 125 438
1 2 8
4 133 330 455 178 381 57 377
1 14 10
422 485 268 59 367 438 220 436 154 253
1 2 8
83 231 483 101 239 248 243 465
1 11 6
441 406 361 79 376 497
1 10 7
247 13 98 68 393 175 306
1 9 8
300 12 19 104 297 88 308 310
1 2 3
230 357 363
1 4 4
427 262 187 265
1 14 9
265 228 61 465 90 270 133 190 281
1 19 7
217 486 21 171 452 368 345
1 1 4
138 411 407 272
1 5 10
416 230 261 53 455 441 435 427 131 365
1 19 6
103 363 284 376 342 5
1 2 8
330 249 160 392 386 420 426 260
1 8 3
188 176 417
1 10 7
437 35 382 390 243 443 186
1 2 2
194 298
1 2 2
153 91
1 1 5
206 50 191 63 422
1 9 9
15 18 379 9 403 30 55 133 418
1 18 6
244 147 190 203 425 323
1 4 9
199 113 257 192 156 219 129 89 50
1 9 8
359 496 293 297 176 393 490 384
1 18 6
158 357 202 364 95 58
1 14 2
498 83
1 11 9
154 32 63 416 231 480 41 19 100
1 16 8
121 141 260 94 215 85 204 140
1 17 8
153 167 146 245 4 268 332 196
1 12 3
348 50 322
1 9 2
194 126
1 6 9
412 146 17 402 403 44 306 438 496
1 20 4
268 446 481 431
1 11 8
30 479 263 400 24 304 247 162
1 16 9
394 466 44 177 193 41 13 298 92
1 2 4
292 56 245 110
1 2 4
111 323 291 80
1 5 4
64 172 165 101
1 7 8
287 463 187 361 80 452 273 400
1 15 8
454 197 18 230 489 287 446 176
1 9 3
324 62 39
1 8 7
230 410 41 118 291 468 307
1 18 9
258 242 407 441 343 429 418 339 323
1 6 3
63 152 465
1 12 5
463 27 361 325 403
1 2 10
218 417 410 236 465 230 418 58 49 51
1 20 6
217 461 295 419 167 200
1 18 2
325 308
1 1 7
396 467 314 364 328 259 159
1 11 5
241 384 39 217 177
1 13 9
191 438 371 403 452 338 0 476 457
1 19 8
90 249 220 110 340 152 394 263
1 7 9
361 365 369 166 270 32 422 345 368
1 10 8
151 411 130 140 394 298 162 24
1 15 7
163 415 325 35 431 497 125
1 14 7
360 101 152 486 372 402 454
1 7 4
441 389 489 200
1 13 6
84 189 110 99 445 216
1 11 3
6 241 123
1 5 9
0 10 79 475 310 282 232 454 105
1 12 5
337 346 456 186 421
1 8 7
356 395 471 233 366 410 274
1 4 3
55 466 305
1 1 9
127 404 279 316 418 348 497 378 491
1 17 7
277 280 197 261 32 246 137
1 3 7
402 448 235 381 331 379 226
1 12 3
331 104 463
1 14 7
351 23 369 79 453 98 126
1 13 6
445 202 484 23 61 242
1 16 4
462 199 146 168
1 16 5
24 276 454 89 386
1 9 8
378 363 188 402 51 301 166 143
1 9 4
376 358 250 301
1 6 8
358 495 404 108 302 183 312 346
1 2 6
353 95 66 285 163 40
1 13 6
204 106 103 75 311 373
1 7 6
207 240 35 111 276 320
1 4 5
284 230 102 145 217
1 1 5
486 471 287 84 272
1 6 10
177 220 264 231 139 46 90 74 162 257
1 13 9
363 0 109 30 112 54 196 23 242
1 8 6
478 416 258 3 74 458
1 20 5
49 302 211 285 431
1 7 6
495 494 136 204 361 194
1 5 9
454 482 185 410 457 69 498 106 154
1 7 5
375 385 471 138 303
1 7 9
248 303 220 117 374 328 228 317 473
1 13 10
149 355 339 464 138 428 400 22 441 266
1 20 6
230 168 185 483 137 486
1 16 8
117 135 428 62 391 287 248 188
1 8 2
222 330
1 3 6
93 256 344 186 360 361
1 15 7
448 415 436 348 139 249 295
1 1 9
125 327 388 273 122 490 461 29 494
1 3 8
486 152 233 6 154 325 321 71
1 20 2
34 253
1 20 6
45 368 369 160 210 104
1 20 6
220 457 50 272 260 466
1 9 7
320 424 159 250 162 239 15
1 11 10
322 125 243 358 295 332 477 482 411 289
1 16 3
231 318 102
1 16 10
277 105 21 144 327 73 203 81 197 312
1 20 7
222 326 420 107 73 424 385
1 10 8
94 223 57 138 266 386 337 361
1 5 5
352 379 19 330 376
1 4 2
208 85
1 13 2
328 234
1 13 10
269 321 105 227 207 179 240 11 245 129
1 8 4
492 57 345 471
1 5 2
473 109
1 17 4
38 192 178 429
1 8 5
177 152 267 183 430
1 6 6
178 462 473 458 51 70
1 2 9
129 415 332 269 158 34 67 254 177
1 14 8
216 318 109 112 344 334 462 490
1 8 3
42 222 345
1 19 10
178 183 476 201 86 439 56 32 14 424
1 20 6
323 0 84 42 279 210
1 18 10
126 3 63 140 327 385 253 411 57 162
1 19 6
98 282 352 13 422 496
1 19 3
308 468 341
1 10 3
319 32 298
1 7 5
112 330 410 484 473
1 3 3
22 457 316
1 15 3
298 384 294
1 3 10
132 451 204 38 309 334 494 153 287 80
1 20 10
232 341 14 415 475 498 58 248 397 301
1 20 3
344 387 183
1 11 3
139 40 449
1 3 10
248 177 158 155 57 329 362 74 399 243
1 10 10
304 100 99 51 14 413 352 259 328 232
1 11 6
493 278 424 298 241 416
1 2 3
446 178 166
1 13 6
469 275 7 265 157 140
1 2 8
473 463 451 172 278 52 285 89
1 7 4
363 489 44 496
1 20 2
98 54
1 8 9
369 242 428 241 359 81 133 206 84
1 17 9
284 159 288 178 356 237 112 276 263
1 5 2
427 6
1 6 7
471 370 163 255 192 173 143
1 14 7
86 147 240 174 386 137 224
1 15 3
188 410 341
1 20 10
346 206 462 88 443 334 420 307 375 78
1 8 9
381 243 386 483 133 187 152 469 196
1 20 9
211 113 371 276 350 38 296 397 441
1 16 6
252 103 330 118 325 37
1 13 6
54 144 244 325 330 352
1 11 10
15 80 10 445 104 386 345 313 39 458
1 10 6
279 111 351 304 497 471
1 18 6
453 313 11 381 487 115
1 16 2
90 452
1 5 3
438 470 282
1 11 8
338 124 331 289 186 61 276 45
1 10 5
116 262 492 493 375
1 10 2
313 201
1 18 2
475 106
1 3 9
332 232 413 203 483 76 142 66 2
1 17 6
393 130 419 457 409 186
1 15 8
419 330 151 108 71 411 173 367
1 5 6
483 352 171 350 84 461
1 6 4
224 98 79 120
1 6 8
12 294 178 381 285 223 446 452
1 16 2
375 79
1 7 8
378 32 389 456 239 224 103 68
1 14 3
214 36 254
1 1 3
477 209 127
1 17 7
369 115 112 95 463 213 306
1 7 8
415 210 381 137 200 193 434 217
1 13 10
471 231 203 238 4 493 256 15 207 133
1 8 7
427 206 3 201 428 407 495
1 13 2
127 343
1 20 3
21 167 161
1 20 7
384 98 212 314 398 311 154
1 10 6
18 493 77 287 86 1
1 7 2
293 181
1 6 8
323 117 131 184 384 99 452 158
1 6 10
95 359 194 86 475 45 404 60 273 105
1 5 5
475 41 448 416 319
1 19 5
32 322 335 414 168
1 18 3
303 390 388
1 4 2
190 258
1 2 10
305 249 58 413 263 496 357 178 93 0
1 20 3
51 32 133
1 7 7
109 77 157 208 240 275 269
1 6 6
422 343 236 176 371 233
1 4 9
301 401 455 390 330 5 442 154 103
1 5 9
468 469 9 215 270 91 142 200 227
1 16 2
406 292
1 20 5
27 289 125 326 208
1 5 7
260 329 77 481 246 0 122
1 6 6
450 478 169 355 477 47
1 3 9
120 164 220 21 15 325 43 140 197
1 5 6
379 30 71 93 228 247
1 6 9
404 340 220 204 178 437 472 94 381
1 16 2
88 230
1 15 5
33 80 2 416 108
1 6 7
403 38 360 88 76 73 410
1 18 5
130 418 28 464 46
1 2 6
14 181 190 388 367 314
1 14 4
370 77 364 160
1 15 2
432 489
1 18 9
275 203 146 416 368 64 213 35 148
1 4 8
471 310 225 103 292 53 380 154
1 13 4
327 282 17 397
1 13 8
86 12 311 238 121 114 84 304
1 11 7
132 266 465 430 156 153 159
1 19 4
350 277 169 353
1 17 9
337 40 90 222 208 193 348 276 301
1 14 3
169 95 475
1 6 4
153 117 348 382
1 20 3
271 424 219
1 2 6
100 404 367 51 139 320
1 12 5
377 314 398 133 11
1 16 5
151 280 305 499 463
1 19 2
193 95
1 3 9
325 171 137 140 350 212 100 366 256
1 4 6
358 141 250 59 214 257
1 3 9
313 56 410 342 63 487 163 208 232
1 14 8
115 37 123 466 345 342 435 307
1 9 5
173 222 104 287 206
1 14 6
475 118 254 344 102 398
1 9 8
350 402 340 449 296 73 241 298
1 2 3
193 426 207
1 15 2
223 447
1 8 5
90 298 137 117 7
1 14 6
331 72 244 201 468 64
1 3 6
171 420 285 46 65 253
1 4 9
62 320 479 303 51 100 379 2 161
1 1 6
464 24 77 63 334 145
1 12 7
443 470 31 65 232 373 414
1 5 10
195 76 75 313 55 220 427 123 137 160
1 9 4
342 142 20 405
1 20 9
93 311 282 384 468 33 213 1 141
1 5 3
355 480 404
1 2 9
186 79 384 249 70 216 243 332 491
1 5 2
376 349
1 5 2
179 417
1 7 5
431 460 468 421 477
1 3 3
305 48 486
1 13 6
123 147 141 196 259 312
1 14 10
485 447 364 295 243 275 389 105 73 14
1 4 2
111 349
1 8 7
349 342 159 103 206 320 80
1 12 10
269 41 484 241 12 111 429 407 466 279
1 19 3
317 44 322
1 19 6
151 57 138 122 97 112
1 7 7
99 291 496 65 462 356 223
1 18 4
92 428 5 424
1 7 8
135 490 131 246 365 217 458 58
1 4 2
238 218
1 10 10
9 395 97 40 112 30 471 193 91 207
1 8 3
326 307 269
1 14 3
79 474 82
1 8 7
49 341 281 466 238 217 34
1 19 3
464 372 136
1 6 9
337 89 295 294 189 479 140 471 139
1 14 4
95 371 91 75
1 7 8
496 59 220 145 296 267 499 140
1 2 10
272 47 381 400 326 251 180 206 469 349
1 12 2
438 404
1 9 4
292 438 311 277
1 7 3
277 279 315
1 5 9
332 321 135 6 386 245 483 214 260
1 17 4
145 30 191 351
1 4 10
267 241 425 166 418 250 466 110 384 311
1 14 9
132 247 445 100 387 316 425 95 426
1 2 4
179 465 361 163
1 4 10
334 0 487 416 374 21 32 438 141 332
1 4 10
104 1 331 348 58 87 216 10 222 434
1 9 7
58 316 454 103 253 492 443
1 15 10
333 95 142 265 204 157 61 181 356 440
1 6 3
65 320 53
1 4 2
144 479
1 14 10
239 99 152 306 254 144 323 155 296 443
1 19 9
296 403 221 341 259 265 314 266 206
1 11 8
50 305 13 315 227 52 136 330
1 12 6
343 295 96 300 490 485
1 13 2
322 373
1 15 3
12 383 229
1 11 10
497 466 15 18 486 192 396 371 193 292
1 19 9
296 369 495 479 381 274 200 466 453
1 20 8
381 419 427 185 408 475 328 396
1 5 10
371 196 267 459 412 351 409 166 441 233
1 11 6
209 349 345 213 211 341
1 6 9
306 335 299 168 137 420 3 62 242
1 1 7
148 109 415 44 353 4 176
1 5 10
46 0 434 224 355 93 298 186 325 417
1 19 9
397 245 13 24 389 102 66 114 88
1 13 5
186 348 394 157 108
1 10 6
173 377 415 177 21 410
1 9 10
357 308 400 433 481 365 387 413 142 143
1 4 5
10 200 442 187 469
1 12 8
395 422 265 160 351 240 119 150
1 20 3
12 115 328
1 16 6
337 85 418 481 360 186
1 3 5
378 357 415 65 55
1 10 4
467 76 367 0
1 7 5
389 370 489 209 368
1 20 6
5 238 144 92 40 292
1 18 5
133 269 466 4 126
1 2 2
482 457
1 5 10
235 204 5 353 157 431 92 78 106 260
1 14 9
326 192 341 72 19 286 270 243 35
1 8 6
141 451 247 67 392 358
1 3 5
133 275 391 416 304
1 12 7
415 325 214 280 41 371 181
1 8 7
193 216 464 343 135 478 387
1 4 8
375 337 28 45 92 398 426 85
1 14 10
66 319 301 282 287 209 168 417 49 302
1 6 7
334 447 385 320 186 411 362
1 17 5
315 59 322 87 310
1 13 4
234 170 404 292
1 5 2
160 10
1 5 7
168 278 361 200 236 231 490
1 11 5
16 179 377 299 327
1 5 6
89 17 155 177 107 303
1 17 4
307 361 69 487
1 7 5
268 427 225 367 336
1 15 6
15 81 266 301 208 105
1 13 5
116 331 148 474 257
1 6 8
474 304 338 196 384 379 485 241
1 15 9
155 428 223 373 138 358 490 50 359
1 10 9
258 50 431 155 325 104 479 131 66
1 16 8
416 263 497 421 85 464 446 198
1 2 7
114 307 407 67 274 354 128
1 2 9
272 303 152 254 427 325 268 475 150
1 6 5
25 301 497 24 286
1 13 9
140 497 424 255 338 27 227 337 75
1 19 7
40 233 374 275 198 277 441
1 6 7
496 364 424 0 447 312 231
1 6 6
148 235 151 76 316 126
1 11 2
187 119
1 1 8
94 484 210 101 499 421 472 217
1 11 8
142 369 379 339 479 90 143 345
1 18 4
494 217 406 353
1 5 8
179 478 494 88 290 218 9 450
1 10 10
289 145 262 465 56 142 50 81 31 441
1 1 5
61 117 198 220 321
1 13 6
23 249 93 162 222 236
1 6 10
12 183 439 47 189 16 72 329 146 256
1 16 3
374 299 6
1 17 9
303 281 80 331 377 499 328 412 282
1 17 7
66 180 112 34 240 499 281
1 8 9
38 104 13 485 101 339 459 426 157
1 11 3
319 78 420
1 19 10
70 183 404 258 51 386 106 346 93 249
1 17 9
41 18 40 244 312 398 396 111 31
1 4 6
243 206 258 427 148 130
1 4 3
1 391 472
1 13 10
365 162 370 96 255 368 165 134 80 460
1 16 4
377 437 331 65
1 15 5
188 84 367 358 336
1 15 7
155 29 454 126 246 367 334
1 7 2
417 327
1 2 9
325 100 384 471 364 56 365 63 444
1 5 8
295 156 330 328 220 66 464 3
1 3 9
152 376 254 392 362 286 339 172 213
1 17 4
359 119 31 329
1 5 8
318 55 199 441 22 352 344 381
1 18 3
435 157 276
1 11 3
458 294 196
1 18 7
99 482 76 144 492 332 327
1 4 8
206 56 10 440 139 373 242 0
1 13 8
268 135 218 79 152 447 377 289
1 12 5
223 113 148 181 36
1 9 7
114 444 406 474 414 388 34
1 4 3
30 479 0
1 17 2
141 122
1 16 7
326 222 436 168 169 224 404
1 5 5
122 402 5 241 351
1 3 2
262 229
1 8 8
185 196 442 60 463 19 335 296
1 12 9
4 336 56 148 205 337 494 138 289
1 12 7
368 106 32 424 76 121 196
1 7 9
400 96 416 417 427 174 210 399 251
1 6 5
258 473 13 234 118
1 5 6
345 307 430 393 74 183
1 20 7
279 310 216 484 112 396 385
1 4 2
359 232
1 3 2
226 119
1 17 7
443 254 122 320 425 253 226
1 8 4
325 361 471 182
1 15 3
269 39 408
1 13 4
66 42 443 264
1 14 2
236 79
1 4 3
140 295 381
1 15 6
67 402 280 480 289 262
1 17 4
114 2 60 120
1 20 7
333 29 230 294 468 97 348
1 3 8
66 158 179 156 205 273 226 458
1 12 9
55 270 431 78 476 154 194 394 136
1 18 8
131 397 420 295 112 459 64 148
1 5 2
203 429
1 3 4
147 135 166 441
1 19 9
257 411 186 227 434 253 319 369 107
1 17 2
36 268
1 17 6
181 17 34 110 482 16
1 19 2
128 129
1 13 2
487 60
1 6 9
288 129 397 160 482 221 111 95 479
1 2 5
285 400 135 459 384
1 1 9
458 236 108 162 62 129 155 379 66
1 13 3
440 119 178
1 15 9
305 416 408 194 343 212 188 232 203
1 12 2
385 346
1 5 2
34 269
1 7 5
76 364 101 466 284
1 5 4
411 338 173 294
1 16 5
342 452 465 263 158
1 8 4
179 155 448 359
1 13 10
31 97 493 40 322 59 32 213 477 414
1 16 5
199 393 400 38 338
1 11 3
356 280 320
1 19 7
4 154 307 102 464 343 476
1 18 3
73 262 343
1 20 6
330 493 401 52 464 388
1 7 10
118 59 455 168 315 299 244 79 397 166
1 12 5
379 35 9 334 156
1 19 9
15 376 136 334 315 408 404 118 63
1 15 2
331 371
1 14 3
146 48 413
1 12 4
497 360 4 329
1 10 8
184 39 479 148 28 72 206 372
1 8 6
429 113 322 177 61 408
1 20 6
296 489 467 148 371 425
1 20 4
249 18 489 365
1 1 9
464 9 212 70 279 285 145 19 194
1 3 2
78 222
1 7 9
399 412 278 69 450 449 43 88 133
1 8 7
258 299 341 407 234 184 476
1 19 10
149 92 259 414 389 499 463 256 392 186
1 6 3
143 88 102
1 15 8
153 468 326 338 463 183 199 23
1 11 2
428 264
1 11 7
261 189 331 8 291 183 412
1 4 4
124 488 275 325
1 14 7
184 64 188 148 433 203 289
1 9 2
388 94
1 20 6
446 411 406 84 42 14
1 1 5
56 440 40 216 433
1 3 9
81 255 480 28 354 50 152 239 84
1 9 3
416 412 119
1 2 8
499 166 153 310 64 314 302 78
1 5 2
74 69
1 20 10
166 335 271 373 18 411 325 16 294 452
1 11 8
316 55 375 112 335 84 387 108
1 9 8
351 484 462 495 280 140 304 235
1 3 2
107 378
1 2 7
310 450 83 80 426 361 350
1 18 5
262 23 43 105 342
1 18 6
5 11 390 485 88 358
1 20 7
465 318 123 211 397 329 359
1 8 2
132 438
1 19 5
242 139 379 479 38
1 5 8
116 346 375 477 176 408 363 108
1 12 9
462 347 193 388 236 56 87 253 224
1 5 10
97 329 75 464 237 60 267 384 466 175
1 11 6
255 260 334 98 152 112
1 14 8
377 402 370 125 425 41 365 180
1 14 9
393 498 435 315 100 165 266 156 121
1 14 7
319 108 125 487 441 114 210
1 1 6
324 460 105 150 489 138
1 8 2
339 445
1 4 4
25 249 412 203
1 12 4
348 463 258 171
1 4 5
180 431 97 171 49
1 10 5
73 477 196 217 110
1 16 2
356 45
1 4 5
169 304 125 67 176
1 18 4
383 393 388 248
1 16 2
20 212
1 8 3
115 10 1
1 20 3
349 344 103
1 7 8
198 238 167 117 307 19 56 165
1 18 2
481 33
1 16 2
81 296
1 3 4
247 11 439 52
1 2 5
399 82 470 234 0
1 15 7
403 265 25 475 474 336 287
1 10 8
111 349 309 162 99 381 70 169
1 5 6
180 373 198 108 174 141
1 7 9
337 147 36 152 470 115 462 13 11
1 2 10
405 358 131 58 349 498 456 89 489 412
1 18 9
448 252 152 46 154 276 425 481 281
1 7 3
90 52 101
1 16 10
304 109 353 240 94 342 411 151 336 79
1 7 8
467 90 237 264 85 420 266 392
1 12 4
1 3 394 488
1 1 5
186 103 27 337 290
1 16 8
101 360 230 98 265 153 156 124
1 1 9
379 124 33 68 234 99 150 127 235
1 10 9
106 360 488 62 156 187 132 347 151
1 20 5
446 343 453 104 400
1 14 9
486 442 217 46 435 491 443 350 78
1 12 5
319 28 13 408 48
1 7 7
425 455 225 341 74 76 463
1 18 3
346 484 76
1 19 2
408 158
1 6 8
282 99 438 83 386 147 424 397
1 2 3
374 345 32
1 14 8
296 207 176 106 466 104 459 452
1 20 10
484 400 432 310 408 181 31 313 280 377
1 19 5
405 308 396 363 306
1 14 9
219 342 216 23 247 368 371 14 237
1 4 6
16 346 342 43 365 150
1 13 2
115 117
1 19 2
172 206
1 10 7
128 498 233 311 237 393 405
1 6 9
62 382 175 413 289 332 345 69 468
1 18 3
345 457 275
1 20 8
294 92 399 178 55 403 219 234
1 7 4
403 350 310 77
1 16 9
175 241 242 91 173 20 48 12 33
1 3 4
499 256 73 194
1 1 10
70 154 413 203 454 330 291 270 31 354
1 20 2
171 98
1 12 10
230 236 69 231 360 18 265 62 24 224
1 9 9
402 168 417 29 75 319 340 166 334
1 14 6
357 177 59 214 286 425
1 12 6
109 141 316 392 466 449
1 14 7
415 277 256 135 466 244 178
1 12 9
21 86 344 377 281 165 13 430 32
1 12 7
53 369 35 364 81 203 4
1 15 5
117 178 463 424 468
1 7 7
446 476 268 486 144 316 69
1 9 3
406 180 50
1 3 4
282 486 339 388
1 5 2
14 476
1 6 5
180 25 28 172 58
1 13 4
370 364 449 246
1 14 2
296 447
1 13 9
168 359 94 107 481 38 364 130 282
1 7 8
385 357 182 395 246 112 479 234
1 19 10
187 311 427 101 48 39 5 398 402 261
1 5 8
408 264 128 161 265 162 404 300
1 12 8
388 229 462 41 400 367 243 73
1 16 10
153 436 224 218 384 478 432 395 337 499
1 2 10
192 3 190 356 452 412 241 237 252 64
1 13 7
150 482 375 190 56 448 460
1 19 5
273 118 279 287 416
1 20 5
487 293 184 475 125
1 12 8
260 48 9 327 383 111 86 109
1 5 5
288 300 340 121 191
1 5 6
449 352 47 462 331 175
1 1 2
482 425
1 13 5
442 213 97 16 91
1 5 10
201 125 385 319 52 327 246 436 120 5
1 16 8
101 367 384 310 178 322 256 269
1 13 8
438 220 418 280 356 324 244 242
1 4 2
352 333
1 12 6
276 473 113 370 279 329
1 18 8
269 406 173 219 279 480 77 212
1 5 4
368 44 25 136
1 5 10
270 250 212 248 394 251 318 484 104 481
1 2 7
170 344 471 50 110 267 71
1 10 7
106 224 98 324 282 253 5
1 3 3
90 100 207
1 1 6
324 237 368 250 415 357
1 11 7
460 435 190 256 29 99 286
1 4 4
240 28 64 495
1 9 3
95 376 424
1 6 5
257 76 22 161 292
1 3 6
205 22 387 110 265 10
1 10 2
291 326
1 7 2
52 219
1 1 9
231 54 415 34 51 407 469 263 459
1 14 9
187 476 57 443 365 483 471 114 31
1 17 8
396 386 46 163 371 79 242 355
1 9 6
216 202 104 268 371 428
1 14 2
390 3
1 11 3
347 381 116
1 6 9
219 241 157 242 239 208 187 212 403
1 11 5
101 177 299 270 339
1 18 3
237 433 495
1 7 3
200 71 64
1 13 7
157 439 394 158 88 200 147
1 7 5
126 288 138 103 292
1 20 5
174 73 412 56 471
1 4 10
35 467 472 46 29 90 308 344 265 150
1 4 3
380 345 483
1 9 9
408 181 276 344 130 59 248 423 412
1 8 2
433 343
1 7 5
58 138 344 262 419
1 1 2
277 341
1 17 9
130 304 457 293 204 432 217 396 199
1 12 2
323 379
1 9 10
112 2 54 6 267 289 398 240 469 266
1 3 5
280 435 251 301 154
1 8 4
359 131 233 300
1 6 3
91 390 438
1 8 6
194 310 10 494 46 97
1 18 6
221 362 116 178 84 122
1 15 5
439 194 419 265 128
1 2 3
310 446 457
1 9 4
193 423 26 68
1 7 6
76 91 463 353 343 284
1 13 7
188 181 246 162 253 215 456
1 11 8
153 286 324 375 344 230 331 44
1 14 8
430 72 386 449 485 471 0 4
1 20 5
162 456 464 390 280
1 4 3
489 18 396
1 4 6
414 375 58 207 316 376
1 8 4
370 413 366 113
1 7 3
257 471 263
1 5 2
155 158
1 2 6
85 171 60 77 261 301
1 1 5
90 358 361 362 419
1 15 10
221 453 463 196 282 218 293 357 185 338
1 10 5
318 136 126 491 297
1 5 10
476 485 463 431 168 349 205 370 434 204
1 16 3
208 316 46
1 14 8
267 210 165 410 91 355 470 46
1 6 7
75 185 385 99 211 439 336
1 18 8
263 187 9 206 288 353 133 252
1 16 3
17 172 204
1 16 3
151 401 300
1 9 7
324 6 337 11 70 100 447
1 12 8
373 419 91 274 363 433 138 117
1 2 2
351 234
1 9 5
442 154 166 292 49
1 1 9
381 466 89 323 146 67 98 288 386
1 10 2
132 303
1 20 3
87 48 173
1 13 5
125 296 443 186 250
1 2 9
67 449 487 391 17 335 89 181 366
1 16 2
142 441
1 16 5
401 305 335 5 332
1 10 3
254 440 73
1 17 4
112 325 210 275
1 14 8
149 71 447 276 330 39 347 336
1 17 9
159 477 383 48 434 1 340 148 210
1 6 3
299 32 130
1 1 8
206 316 118 320 276 59 87 294
1 17 4
257 137 39 372
1 20 6
404 312 147 237 407 159
1 19 9
388 407 413 241 469 439 441 7 21
1 8 8
223 214 193 281 231 34 154 384
1 18 7
326 22 276 357 396 452 323
1 4 8
279 93 201 183 90 110 230 14
1 2 3
254 64 35
1 10 4
12 42 181 6
1 13 5
408 290 480 326 209
1 5 7
123 340 405 241 175 378 78
1 6 10
293 38 404 46 307 201 1 487 153 379
1 5 7
23 308 185 156 340 341 165
1 8 10
415 271 240 154 496 20 480 177 254 268
1 20 4
54 121 242 35
1 5 7
49 53 460 110 376 1 424
1 20 9
145 465 356 288 477 29 64 456 344
1 4 5
251 337 273 466 274
1 10 5
289 410 171 446 273
1 16 9
432 73 423 107 401 151 346 124 206
1 12 3
457 5 110
1 6 2
333 18
1 20 7
232 66 346 34 27 117 416
1 6 6
477 368 328 269 80 250
1 14 7
235 327 381 162 416 28 245
1 13 10
327 470 49 123 141 368 157 394 446 350
1 3 2
261 445
1 18 4
260 116 493 146
1 17 4
281 452 333 53
1 6 6
321 438 280 2 418 178
1 8 7
163 470 375 135 436 395 481
1 6 7
123 4 2 476 39 224 326
1 8 3
183 196 99
1 19 9
359 250 335 497 439 103 99 78 375
1 5 8
259 212 358 327 297 329 388 251
1 18 4
267 395 233 122
1 6 5
157 70 455 226 303
1 6 10
417 268 164 56 391 382 62 356 322 204
1 17 3
57 393 63
1 5 3
98 472 248
1 16 4
356 37 66 205
1 9 5
210 341 166 39 276
1 12 10
405 154 418 4 281 151 374 47 344 419
1 3 9
363 473 220 247 326 3 307 488 90
1 5 7
472 364 399 140 213 99 361
1 17 5
357 441 26 238 389
1 16 10
156 135 314 184 33 317 263 280 53 226
1 4 8
466 247 347 392 250 330 390 379
1 9 4
108 0 175 164
1 4 9
474 167 95 386 202 89 174 116 265
1 13 9
260 25 76 163 352 9 63 364 200
1 12 10
146 308 73 192 22 452 60 331 218 341
1 11 4
321 248 57 241
1 10 5
308 493 464 175 340
1 3 8
87 70 293 360 249 65 171 264
1 16 4
324 358 82 6
1 7 9
38 351 244 150 350 91 210 365 473
1 8 2
246 466
1 7 2
234 78
1 3 4
439 13 6 224
1 15 8
464 340 305 157 296 38 272 407
1 10 8
241 462 232 379 479 219 492 304
1 3 5
16 128 20 375 280
1 2 7
429 399 458 389 281 450 20
1 1 2
302 424
1 14 3
416 131 244
1 2 2
247 499
1 5 3
269 130 392
1 20 6
437 136 43 101 467 141
1 17 8
23 487 20 406 350 349 146 311
1 11 7
101 473 46 377 453 153 314
1 19 2
460 415
1 2 4
287 12 279 241
1 2 3
449 313 171
1 13 10
343 473 223 123 480 52 58 454 482 199
1 8 5
124 159 21 410 15
1 8 10
9 306 330 89 168 320 149 35 76 339
1 12 3
316 425 95
1 5 2
309 255
1 16 5
260 263 223 438 365
1 3 3
440 189 132
1 19 7
464 248 249 269 415 394 468
1 11 7
279 244 269 204 44 399 124
1 6 8
198 121 478 422 311 170 102 290
1 12 7
27 486 9 312 349 191 231
1 17 9
492 277 364 134 172 243 481 487 263
1 20 6
129 363 340 11 168 254
1 19 10
345 388 447 344 302 233 263 450 323 41
1 10 7
199 235 267 367 413 397 431
1 20 7
403 262 244 442 131 425 261
1 2 4
355 340 395 59
1 16 3
439 449 200
1 9 9
222 360 319 65 10 56 148 118 220
1 14 3
3 25 401
1 15 8
329 261 112 357 103 78 482 90
1 16 2
434 56
1 14 2
143 326
1 2 4
67 33 477 258
1 8 8
223 471 64 416 116 465 30 374
1 5 6
267 283 43 279 52 69
1 9 4
327 235 324 363
1 12 10
445 373 461 435 67 481 22 492 154 182
1 19 9
100 345 461 303 468 302 394 183 462
1 20 9
244 440 98 477 100 410 369 406 374
1 11 5
490 449 50 29 313
1 12 8
61 406 498 166 67 317 465 1
1 17 10
305 393 444 440 423 257 300 126 200 364
1 12 10
116 317 62 35 69 379 4 385 279 30
1 18 2
463 289
1 3 7
497 195 284 211 356 206 308
1 7 3
43 436 240
1 16 9
26 47 41 161 384 306 273 423 460
1 1 2
237 32
1 12 6
466 195 37 27 158 214
1 15 4
219 280 168 449
1 13 10
418 347 274 368 230 410 486 392 16 161
1 5 8
290 261 82 190 29 207 127 446
1 15 4
194 230 383 241
1 17 4
150 413 426 334
1 6 5
471 158 393 404 247
1 1 9
348 73 429 168 208 32 53 310 223
1 5 3
331 186 422
1 18 3
146 109 287
1 9 8
178 376 183 61 289 288 139 228
1 3 2
267 45
1 18 7
144 22 137 127 308 79 122
1 4 8
410 36 449 448 257 428 161 403
1 20 2
333 457
1 3 5
179 269 234 431 315
1 13 2
220 295
1 14 6
444 452 471 199 451 357
1 2 5
300 258 249 332 84
1 2 7
260 276 32 385 296 3 18
1 5 6
259 71 296 41 469 198
1 16 7
494 42 224 58 454 103 439
1 10 8
142 320 416 445 151 269 338 395
1 10 7
25 375 217 328 197 229 83
1 3 4
152 280 170 406
1 4 10
50 450 195 102 106 134 408 234 262 162
1 18 8
40 424 158 185 365 283 345 67
1 17 4
427 409 232 31
1 13 10
225 396 48 65 288 247 281 201 212 183
1 20 5
443 29 71 74 169
1 8 10
74 461 314 36 141 26 361 369 362 120
1 10 3
241 90 410
1 8 7
424 494 94 174 204 469 341
1 12 5
458 59 63 48 472
1 11 8
177 88 222 330 85 434 119 78
1 15 8
397 435 490 68 83 174 364 114
1 9 8
499 277 220 465 203 404 297 136
1 11 9
47 140 78 2 226 426 54 343 349
1 3 7
304 330 441 122 347 279 92
1 3 4
167 487 29 32
1 17 10
274 488 356 355 460 160 263 61 291 44
1 16 3
1 61 399
1 9 8
182 355 262 77 363 460 116 252
1 3 10
371 37 30 23 75 71 109 160 172 131
1 11 3
347 309 204
1 16 8
307 164 474 363 135 286 219 23
1 10 6
442 225 229 48 13 190
1 4 2
39 34
1 5 5
335 53 413 350 20
1 8 3
386 341 349
1 10 2
489 34
1 6 9
373 1 380 225 281 198 75 166 62
1 17 2
104 435
1 17 7
36 284 166 493 164 84 475
1 7 10
120 337 170 100 300 309 486 426 138 432
1 4 7
58 464 318 150 164 84 353
1 18 10
214 90 452 312 289 120 119 133 474 448
1 18 9
437 147 455 68 255 165 193 157 321
1 19 9
275 480 313 476 281 151 432 99 0
1 6 8
24 235 216 69 460 23 159 464
1 3 6
248 270 465 329 155 404
1 19 3
387 156 346
1 8 7
222 468 262 185 170 285 301
1 9 10
384 426 488 6 372 217 204 45 405 137
1 2 2
193 281
1 9 9
474 59 131 324 22 264 180 248 204
1 13 7
12 453 80 250 489 150 355
1 7 8
228 151 47 215 294 341 280 231
1 16 8
493 15 137 142 134 150 51 434
1 16 2
91 318
1 18 3
403 123 341
1 13 3
269 274 123
1 6 5
140 439 226 431 300
1 10 7
394 91 423 167 273 177 118
1 3 3
210 237 371
1 5 9
281 157 483 322 171 114 265 433 160
1 2 10
227 385 464 120 288 116 169 450 449 321
1 17 3
386 457 489
1 4 2
436 337
1 13 9
444 340 321 404 233 81 34 176 302
1 11 8
258 41 351 277 65 492 17 358
1 3 7
277 309 79 193 29 323 280
1 6 5
470 448 347 263 434
1 19 10
105 342 247 155 388 44 16 40 49 148
1 4 4
123 206 60 1
1 7 8
119 138 375 496 476 76 264 132
1 5 5
218 163 277 118 367
1 2 10
278 235 250 430 27 117 212 118 304 196
1 12 7
387 275 77 9 394 341 67
1 10 10
264 299 449 478 51 208 370 292 379 228
1 2 4
87 181 115 242
1 9 6
204 232 247 214 158 165
1 20 2
231 317
1 10 9
86 409 360 345 259 189 83 207 373
1 10 3
57 235 398
1 9 9
362 251 127 315 14 188 88 112 113
1 12 7
49 441 40 56 218 139 387
1 9 5
406 356 389 432 130
1 17 10
471 149 365 124 283 135 389 337 292 436
1 2 10
490 392 26 108 278 403 298 125 228 241
1 10 7
247 393 436 19 248 464 355
1 10 6
322 360 241 337 480 273
1 1 10
363 49 370 77 364 282 496 412 84 281
1 10 2
181 235
1 5 9
258 357 456 116 194 475 74 335 76
1 1 8
297 293 492 190 463 150 380 131
1 17 4
491 279 452 450
1 12 8
376 484 36 262 73 367 195 5
1 19 7
398 351 160 12 359 272 267
1 14 8
40 68 170 119 222 392 494 33
1 14 7
302 15 305 196 281 336 211
1 13 8
362 259 128 195 303 54 103 425
1 19 9
285 53 422 179 444 216 74 465 50
1 4 6
75 395 169 423 54 113
1 2 9
448 113 276 271 169 138 386 313 135
1 15 2
66 271
1 2 10
2 281 250 91 362 459 139 13 203 71
1 10 4
313 413 458 18
1 16 5
81 406 441 10 320
1 11 3
341 347 309
1 3 5
362 228 141 121 171
1 20 8
381 49 209 422 146 147 341 365
1 4 10
71 151 334 487 66 459 230 272 483 91
1 1 2
9 490
1 1 5
497 216 97 376 28
1 19 7
243 425 138 25 298 177 204
1 5 8
39 217 336 288 316 431 222 267
1 15 5
300 457 370 241 276
1 11 2
398 426
1 13 5
118 493 91 238 216
1 4 9
263 458 26 391 204 134 331 97 315
1 18 8
302 351 170 72 355 45 6 80
1 20 9
321 252 140 261 238 148 239 458 302
1 9 7
403 31 191 99 101 299 352
1 14 4
271 272 109 65
1 9 8
433 182 4 65 233 407 393 59
1 9 2
178 461
1 10 3
52 489 492
1 6 9
453 209 10 75 370 261 134 367 235
1 11 6
131 284 75 373 22 433
1 8 7
130 327 157 441 263 147 113
1 4 9
463 331 337 441 107 123 2 29 260
1 5 5
428 36 160 307 193
1 3 7
248 445 358 153 303 118 234
1 3 2
132 313
1 3 6
270 375 234 22 259 202
1 9 6
300 91 250 380 443 212
1 19 4
387 452 296 298
1 20 4
49 490 399 289
1 6 2
216 395
1 20 5
24 495 293 203 77
1 8 10
223 493 59 424 268 436 408 73 128 418
1 5 4
36 152 405 66
1 2 5
78 440 447 378 120
1 1 10
353 165 144 473 444 1 48 98 205 171
1 6 10
496 370 256 90 287 199 429 404 142 499
1 20 6
112 105 67 239 89 275
1 2 3
421 386 277
1 14 4
36 448 489 138
1 5 2
26 14
1 8 2
194 48
1 9 2
186 343
1 17 9
423 498 35 7 83 121 433 254 480
1 8 4
198 469 377 2
1 13 7
197 358 73 363 366 460 302
1 5 3
24 361 111
1 13 6
61 165 335 334 157 4
1 7 2
364 271
1 8 5
343 385 378 104 116
1 20 5
38 20 195 479 95
1 10 7
94 164 454 330 490 466 277
1 18 5
2 300 328 189 296
1 9 5
47 311 117 419 89
1 2 6
162 236 83 219 312 383
1 9 5
33 290 142 307 82
1 15 9
268 105 484 311 396 333 59 278 60
1 4 5
327 253 275 417 467
1 3 6
191 283 487 189 337 169
1 10 2
241 201
1 13 9
24 275 302 205 397 398 479 436 227
1 6 5
100 312 303 300 13
1 7 8
85 90 144 254 31 91 233 433
1 9 10
168 443 52 416 312 485 35 260 401 352
1 19 10
328 280 376 261 405 462 309 421 292 401
1 15 9
420 250 296 197 351 49 228 140 223
1 15 4
396 236 288 193
1 17 3
409 82 213
1 15 9
107 411 227 201 192 157 280 25 228
1 3 2
340 156
1 11 3
148 409 73
1 4 2
230 444
1 8 9
456 96 67 49 174 396 406 210 223
1 3 6
21 139 191 32 363 108
1 2 10
30 151 420 5 473 182 122 124 328 257
1 9 10
317 248 44 126 183 346 195 36 203 278
1 16 6
95 294 181 330 215 159
1 3 6
405 114 346 47 15 183
1 4 8
276 260 90 43 331 284 383 487
1 10 2
176 86
1 11 4
33 118 107 316
1 9 3
192 164 405
1 5 6
182 30 446 350 168 23
1 1 10
156 448 122 55 160 144 230 368 267 286
1 1 2
294 46
1 5 5
180 131 406 191 336
1 19 7
398 449 6 108 405 451 257
1 4 4
396 435 437 167
1 2 3
31 402 400
1 4 3
38 491 278
1 4 9
97 27 84 89 192 204 372 403 106
1 10 8
74 396 249 38 20 292 98 489
1 1 3
103 87 433
1 17 7
495 301 336 283 50 19 476
1 1 10
294 142 4 145 34 57 21 404 97 443
1 7 3
268 26 450
1 17 9
164 350 238 39 448 422 300 278 110
1 12 8
475 464 348 74 147 86 171 400
1 5 6
471 237 169 499 30 444
1 6 5
296 408 102 349 418
1 18 7
167 203 233 318 476 154 141
1 8 3
232 156 112
1 2 5
375 200 33 239 205
1 1 2
455 243
1 13 2
234 118
1 16 8
279 38 105 192 50 301 41 75
1 1 2
381 365
1 10 5
424 486 222 143 103
1 12 4
60 289 282 211
1 7 6
460 353 53 399 329 95
1 18 2
41 225
1 10 4
196 54 341 382
1 4 8
264 354 359 79 494 332 197 462
1 11 3
177 48 239
1 19 4
261 60 24 331
1 18 3
292 124 135
1 2 8
420 444 368 18 150 476 395 445
1 2 4
210 497 246 483
1 14 3
271 286 461
1 12 8
50 220 70 116 264 85 415 439
1 5 8
80 70 451 193 36 399 424 95
1 12 7
7 75 154 126 279 395 61
1 6 7
164 354 140 141 261 352 475
1 18 7
256 281 348 241 163 203 18
1 11 7
42 387 159 2 25 111 38
1 13 5
425 407 146 265 33
1 8 8
457 407 173 452 29 205 176 476
1 1 10
35 322 128 118 458 58 256 394 164 192
1 2 3
288 150 492
1 19 9
297 387 222 74 306 194 161 361 259
1 9 3
236 465 307
1 9 6
471 206 250 137 311 161
1 10 3
427 120 263
1 8 10
168 32 282 393 251 464 410 258 291 308
1 15 3
331 234 173
1 15 2
400 164
1 18 8
175 235 238 466 10 337 82 487
1 17 3
280 490 438
1 8 9
130 254 255 468 388 410 448 387 337
1 10 6
478 302 391 23 73 479
1 17 5
288 442 122 441 74
1 20 2
80 348
1 6 9
323 117 37 468 338 209 497 174 139
1 17 8
283 176 80 273 78 222 28 318
1 9 2
333 411
1 5 2
247 368
1 7 2
328 102
1 3 7
322 172 282 388 351 363 385
1 17 4
327 275 359 89
1 12 3
356 479 482
1 9 9
105 217 113 370 178 147 59 319 95
1 17 6
79 196 480 253 464 408
1 11 7
411 12 4 134 24 462 275
1 9 7
413 291 103 19 491 382 368
1 8 6
422 334 319 457 296 415
1 12 3
185 270 387
1 19 6
241 341 146 182 61 167
1 10 7
255 143 304 202 189 103 241
1 13 7
395 407 205 248 495 265 114
1 6 7
493 55 319 275 250 181 419
1 12 7
329 93 492 186 187 178 4
1 18 3
238 303 213
1 7 8
396 5 365 111 190 34 275 259
1 20 2
340 167
1 4 4
245 163 104 180
1 8 3
24 367 114
1 13 6
132 478 80 117 403 446
1 13 8
349 334 404 131 141 361 220 233
1 20 4
405 193 114 295
1 8 7
455 145 483 303 133 441 237
1 1 4
386 339 400 212
1 17 9
272 67 395 350 246 260 446 297 237
1 16 5
171 163 268 145 99
1 10 8
468 472 312 379 444 261 134 493
1 12 4
337 326 58 479
1 1 7
172 83 159 162 458 453 190
1 9 3
265 332 449
1 1 2
213 241
1 19 4
478 368 333 82
1 17 6
444 409 94 69 36 125
1 9 9
297 493 77 17 352 1 172 336 347
1 1 5
407 197 93 291 382
1 6 10
130 76 167 96 482 36 396 31 9 87
1 20 2
62 206
1 16 9
378 243 273 126 85 170 104 163 86
1 1 10
281 280 170 204 474 361 440 155 351 38
1 11 2
215 498
1 16 7
372 72 286 183 223 66 483
1 4 5
218 491 323 199 243
1 10 5
477 167 279 432 25
1 3 8
189 367 175 465 284 435 484 51
1 15 5
111 119 93 312 21
1 3 8
365 454 279 32 195 478 23 232
1 2 5
188 177 350 173 16
1 16 10
272 173 356 380 396 143 46 106 289 371
