500 2500 775
10 10 14 26 3 17 23 10 11 22 22 7 27 30 24 7 19 8 16 9 29 29 30 29 30 29 19 23 8 17 8 27 3 13 16 24 2 26 24 6 3 23 6 21 8 29 11 15 28 29 3 5 19 19 11 20 14 9 26 18 18 6 25 12 6 10 4 21 20 8 10 4 21 7 4 20 21 18 22 15 5 24 21 17 28 20 27 2 10 12 27 8 15 28 24 5 9 23 9 6 9 30 12 5 13 9 18 6 7 5 27 21 12 23 5 15 27 30 12 8 24 4 16 3 2 8 19 15 1 4 18 19 29 25 20 29 23 13 25 13 21 18 16 27 13 11 24 2 27 29 28 27 3 2 14 30 27 29 8 14 30 21 16 20 30 4 12 30 13 7 14 6 3 25 6 9 11 22 22 14 24 30 2 16 7 2 16 28 13 12 11 21 5 5 28 6 28 1 11 22 26 13 21 26 11 3 26 15 7 9 25 17 19 8 30 30 18 26 5 25 20 7 3 14 15 24 7 28 10 6 15 26 6 29 17 22 17 11 28 29 3 6 1 16 19 26 1 20 15 5 21 14 14 13 26 26 14 15 23 7 13 14 25 23 30 18 18 10 19 7 9 2 24 22 6 16 24 1 19 22 23 26 27 21 18 12 1 27 19 17 7 8 22 23 6 4 30 11 3 19 12 29 28 10 20 2 28 3 2 25 4 19 1 11 16 22 5 15 3 22 10 25 16 13 21 18 22 4 7 4 16 6 7 23 4 28 15 5 21 1 9 4 1 21 9 7 19 17 9 8 23 15 18 23 11 13 27 3 27 18 29 10 19 20 14 10 18 28 8 3 27 5 20 15 7 19 11 28 28 23 27 29 29 14 9 27 19 19 14 6 12 20 9 9 11 28 22 8 26 2 24 17 25 7 1 15 26 30 8 16 22 22 28 30 8 29 19 10 9 21 4 4 13 4 20 6 11 10 23 14 11 16 27 3 13 4 14 10 20 10 20 19 23 23 26 30 22 20 20 23 29 10 25 26 19 25 13 27 25 20 22 5 13 19 11 23 22 24 12 7 3 7 16 24 15 11 3 5 25 25 19 8 12 29 26 27 6 28 2 14 16 16 13 29 12 4 14 17 3 29
1 3 30 22 22 3 24 3 7 6 30 18 9 29 20 20 24 8 23 26 13 27 18 30 8 11 29 14 15 25 2 11 16 27 19 18 15 4 13 7 29 3 10 3 5 8 25 20 15 6 20 28 18 9 7 3 1 23 4 11 5 12 11 12 26 20 7 22 18 2 11 21 1 8 23 29 22 24 17 13 30 26 23 10 11 10 1 17 18 26 17 28 16 13 7 24 6 1 18 28 20 3 20 6 14 1 4 29 5 16 17 23 4 16 30 13 11 23 13 5 12 14 27 1 22 17 19 7 29 14 21 17 16 19 3 4 25 5 27 22 18 21 7 24 3 14 4 8 11 9 26 20 18 17 29 19 12 14 16 27 3 15 9 23 20 10 4 20 26 17 5 5 16 23 30 7 24 15 15 28 18 1 10 8 15 10 1 12 3 28 27 6 20 1 19 5 2 23 27 24 22 16 6 2 21 6 30 15 5 10 11 8 23 29 1 26 21 27 14 7 5 8 1 16 1 13 20 15 1 20 5 20 4 7 26 1 2 15 21 3 8 28 3 9 22 16 21 5 25 19 17 10 21 19 23 1 20 17 2 19 6 10 23 2 3 13 20 26 9 30 4 30 22 10 3 9 29 11 15 11 10 24 21 27 4 21 1 16 8 12 13 30 8 19 18 13 9 29 6 2 25 30 16 17 15 28 8 22 8 30 10 7 11 30 11 17 11 13 27 8 22 2 10 13 2 19 17 11 3 17 1 2 1 22 3 12 25 28 24 3 14 6 5 30 11 20 3 18 1 13 19 1 7 14 15 21 1 18 8 16 22 11 14 21 27 26 14 9 5 15 30 3 24 4 28 30 9 24 11 23 22 10 12 13 12 6 5 8 2 18 2 16 8 21 18 4 27 10 12 26 29 9 30 7 7 14 22 15 5 2 18 3 20 11 19 14 26 21 7 14 5 4 24 3 22 15 10 13 7 4 5 10 7 15 2 11 20 8 11 9 28 7 10 28 19 10 27 11 10 23 19 10 18 2 3 2 8 14 24 13 4 13 16 6 6 25 18 29 21 11 3 3 30 30 28 11 3 18 14 2 9 27 30 13 11 12 14 5 8 17 12 9 24 14 2 21 20 7 7 2
1 13 10
59 81 446 492 18 187 5 462 32 487
1 9 10
99 43 459 74 50 391 250 335 364 21
1 8 7
164 426 48 6 386 41 360
1 1 9
145 319 392 280 252 82 351 33 379
1 2 10
142 334 226 205 140 438 117 93 489 6
1 4 3
361 459 45
1 13 8
472 106 479 214 22 492 62 271
1 20 6
100 115 242 45 445 53
1 2 10
26 128 371 75 475 344 126 81 151 482
1 15 8
137 430 424 241 159 169 446 100
1 15 7
190 177 112 30 262 375 396
1 17 2
183 142
1 3 3
15 270 110
1 4 5
447 260 343 363 92
1 20 9
37 232 56 419 173 231 432 134 371
1 12 3
40 495 73
1 12 2
246 383
1 18 8
417 98 180 283 384 62 153 451
1 3 4
409 50 357 12
1 17 10
447 10 209 391 56 468 490 11 267 358
1 3 2
330 134
1 3 10
198 231 247 373 436 84 170 376 206 387
1 1 6
252 136 289 210 55 467
1 1 8
209 207 421 37 151 108 478 282
1 7 8
411 55 92 330 370 31 118 356
1 15 3
394 253 119
1 14 7
42 447 241 23 312 127 298
1 13 8
95 200 425 469 43 332 444 85
1 1 8
45 493 307 140 461 26 220 245
1 15 5
259 375 50 161 392
1 11 6
294 411 10 211 225 157
1 15 3
487 273 59
1 11 6
70 116 220 305 408 60
1 1 7
281 367 68 292 152 492 412
1 5 2
63 319
1 10 4
459 439 276 123
1 2 9
228 173 387 424 247 57 470 187 4
1 9 9
460 166 483 131 176 281 410 224 326
1 10 9
71 69 110 121 259 421 197 309 199
1 4 10
68 380 107 229 125 382 409 405 181 154
1 14 7
293 57 106 103 186 1 469
1 13 3
476 24 269
1 9 8
99 202 223 277 200 12 88 286
1 5 6
92 202 383 377 417 154
1 5 5
190 6 254 189 269
1 6 9
313 351 401 406 146 465 377 134 165
1 13 9
160 239 123 433 491 18 286 126 456
1 4 8
246 7 496 85 305 141 295 439
1 7 2
215 37
1 13 9
406 254 166 101 229 301 391 298 344
1 13 5
353 489 219 143 337
1 11 6
427 182 358 465 179 448
1 6 3
491 320 206
1 11 2
206 143
1 17 5
184 107 19 413 161
1 9 8
89 41 342 284 87 203 415 225
1 13 7
360 96 238 209 82 197 472
1 7 10
311 44 360 182 144 461 353 62 444 49
1 12 6
493 116 354 13 132 77
1 2 7
93 139 76 200 471 152 120
1 3 8
82 386 150 34 171 391 278 332
1 7 6
435 419 54 50 390 220
1 20 7
44 430 338 61 96 429 159
1 20 5
8 365 187 28 68
1 4 7
367 112 466 462 223 323 352
1 19 9
347 114 180 458 388 396 263 499 302
1 7 2
170 498
1 6 6
394 317 473 173 73 223
1 2 10
357 445 385 443 466 359 241 11 164 268
1 9 9
287 299 458 335 194 169 315 403 98
1 1 4
279 71 74 418
1 1 5
272 288 280 319 470
1 20 2
420 424
1 3 7
101 89 175 279 312 239 334
1 17 5
105 175 384 183 209
1 8 9
33 330 375 138 474 26 152 55 128
1 16 3
143 402 376
1 20 2
443 252
1 6 5
420 491 331 90 292
1 1 10
366 220 340 419 368 345 397 142 110 379
1 17 5
10 162 180 28 463
1 2 8
36 457 394 202 458 244 155 374
1 7 7
311 468 224 127 219 11 167
1 8 8
148 378 149 88 8 268 467 215
1 9 4
433 64 114 481
1 7 4
327 442 347 41
1 19 3
193 470 92
1 8 6
217 84 66 45 437 73
1 8 10
298 410 185 254 454 398 384 226 458 147
1 8 6
21 218 488 37 80 176
1 18 6
86 279 384 207 37 494
1 15 10
338 446 266 318 99 80 227 5 251 169
1 18 6
204 225 72 114 409 275
1 13 4
393 142 364 36
1 4 10
78 291 230 234 315 310 190 300 178 285
1 18 5
349 143 208 382 426
1 17 4
400 426 469 194
1 13 5
443 217 312 127 374
1 3 5
165 140 401 7 159
1 2 8
189 122 458 252 394 153 152 435
1 3 10
179 279 2 234 137 196 53 52 420 25
1 14 8
481 162 442 83 460 131 172 23
1 17 10
140 163 423 145 48 349 310 385 437 119
1 1 6
33 87 156 396 375 398
1 18 4
476 283 73 482
1 18 3
358 62 424
1 12 8
469 294 94 359 181 213 250 9
1 16 6
343 62 305 199 441 335
1 6 8
447 131 494 378 354 392 39 427
1 12 8
316 116 0 292 89 110 77 266
1 1 7
353 475 209 447 16 139 435
1 5 2
410 105
1 1 6
280 486 210 224 407 329
1 16 4
131 421 466 17
1 18 10
355 200 322 5 151 18 120 128 360 163
1 8 7
401 340 141 20 309 349 167
1 13 2
202 72
1 8 2
34 161
1 12 10
73 208 69 175 483 427 40 115 183 291
1 13 7
450 291 438 57 188 436 118
1 14 4
55 258 205 133
1 2 9
128 415 231 338 457 197 383 77 67
1 20 6
93 212 365 62 251 308
1 15 9
6 433 434 310 127 114 162 228 201
1 13 3
416 182 359
1 19 5
423 157 261 337 27
1 20 7
399 212 264 137 272 369 376
1 9 10
151 301 328 254 307 179 131 396 309 242
1 17 4
478 112 32 137
1 6 3
8 218 114
1 3 2
482 413
1 16 6
427 311 249 111 273 68
1 17 6
48 357 387 224 411 475
1 9 8
244 481 431 57 108 435 473 398
1 16 3
100 210 338
1 7 6
143 350 391 465 169 153
1 13 9
20 417 431 63 154 444 45 188 430
1 11 2
203 226
1 17 10
346 205 138 423 156 177 396 54 115 256
1 4 4
65 172 59 384
1 14 7
191 36 189 255 328 172 135
1 18 4
117 211 140 476
1 5 2
279 479
1 1 3
159 66 383
1 16 9
222 290 150 485 120 269 249 54 95
1 8 7
288 262 165 15 192 292 435
1 15 9
164 361 455 196 402 185 469 433 46
1 10 8
168 234 64 172 173 135 67 321
1 15 7
226 466 135 225 456 184 128
1 2 3
287 81 324
1 5 7
92 381 47 230 281 431 59
1 15 9
454 189 135 254 37 384 373 107 352
1 12 6
441 421 111 95 386 180
1 13 2
192 251
1 19 6
388 95 162 440 172 489
1 18 7
282 32 284 183 39 385 199
1 19 10
234 47 100 222 85 443 289 134 61 71
1 18 4
204 48 168 490
1 19 3
255 438 218
1 11 7
217 387 364 312 493 34 156
1 20 8
421 367 372 478 63 194 359 297
1 7 2
328 152
1 11 9
491 292 311 233 324 248 24 416 490
1 18 5
143 164 381 398 336
1 15 2
272 340
1 7 6
409 9 183 151 445 345
1 17 10
48 90 470 27 80 322 364 191 84 445
1 9 7
465 143 248 81 18 354 495
1 20 8
322 191 282 4 239 98 42 260
1 13 3
29 237 107
1 1 5
339 346 458 30 138
1 7 10
491 24 211 342 84 58 184 341 294 137
1 2 6
39 76 154 23 467 58
1 8 8
390 233 265 334 380 14 433 257
1 15 10
12 261 219 44 212 97 15 375 206 209
1 7 4
28 200 484 53
1 12 6
111 367 122 152 91 218
1 18 8
55 435 398 410 160 377 40 95
1 17 9
284 479 234 199 474 111 254 340 375
1 6 4
335 121 95 163
1 5 2
174 477
1 3 8
447 59 20 124 188 127 344 154
1 15 10
253 95 195 314 404 304 396 208 18 434
1 6 7
159 264 172 43 267 442 117
1 8 7
75 218 166 86 133 231 47
1 6 7
240 464 420 157 323 374 0
1 14 8
279 84 492 360 445 379 163 114
1 4 5
43 284 237 487 332
1 4 4
191 211 222 369
1 13 5
240 272 151 70 25
1 3 8
287 25 427 401 139 457 485 40
1 7 6
479 427 457 103 102 105
1 4 10
417 364 395 8 354 482 308 300 309 295
1 14 6
426 140 120 265 422 100
1 12 5
202 269 298 145 195
1 13 3
178 324 219
1 7 9
432 460 456 484 78 326 379 293 177
1 8 3
166 63 79
1 1 8
170 474 315 355 433 311 256 24
1 17 6
74 197 83 157 326 426
1 10 10
409 134 314 404 337 145 290 39 486 426
1 2 5
64 390 238 488 280
1 18 9
67 197 223 430 7 329 494 237 390
1 13 6
36 265 478 18 303 200
1 4 5
443 331 467 496 355
1 10 6
415 484 152 267 7 2
1 7 9
350 259 313 94 361 358 212 200 170
1 6 5
184 225 445 365 89
1 5 3
335 436 430
1 11 3
466 426 458
1 12 3
240 11 328
1 20 8
124 303 373 218 222 48 90 385
1 8 4
291 481 73 322
1 20 9
241 149 253 118 410 30 344 96 50
1 20 5
74 212 171 119 305
1 16 7
325 262 424 413 45 271 329
1 1 4
305 41 308 138
1 2 8
337 463 267 481 245 382 131 453
1 14 4
192 203 376 297
1 16 6
140 95 33 398 128 82
1 16 6
68 420 13 253 184 320
1 17 4
497 398 370 85
1 13 3
271 46 351
1 13 3
298 276 110
1 6 2
487 252
1 4 8
36 37 325 362 201 249 320 253
1 20 2
488 396
1 11 2
432 483
1 18 7
324 303 225 73 489 287 49
1 4 5
490 232 164 334 370
1 8 8
66 146 440 433 425 160 430 75
1 19 6
3 288 229 255 453 179
1 11 10
95 415 240 250 10 395 387 461 233 224
1 3 8
207 136 487 195 65 151 9 161
1 10 5
356 388 399 492 265
1 15 5
420 117 280 380 311
1 10 8
14 301 242 311 463 355 35 448
1 4 5
107 247 401 264 164
1 10 10
486 14 223 96 127 254 482 430 494 136
1 3 7
6 38 157 493 427 287 324
1 8 10
161 365 30 425 484 75 394 1 220 367
1 8 3
120 33 175
1 3 8
40 219 30 287 386 24 28 424
1 16 6
347 305 380 352 185 467
1 7 7
377 107 208 222 180 217 376
1 10 4
67 225 49 25
1 16 4
42 38 159 471
1 12 7
149 236 254 39 209 199 233
1 5 5
154 274 263 425 346
1 18 7
350 472 485 321 325 199 127
1 7 8
88 442 120 148 321 80 375 107
1 13 10
376 405 123 267 158 446 300 181 334 251
1 19 4
326 144 33 304
1 15 4
226 138 114 482
1 4 5
5 13 199 131 81
1 3 2
321 381
1 13 4
228 0 454 70
1 16 9
371 314 433 298 166 267 348 52 41
1 9 8
345 463 66 46 210 272 148 104
1 4 3
481 11 340
1 6 6
497 219 112 103 323 19
1 5 7
12 29 278 301 176 46 91
1 15 5
253 270 494 364 175
1 15 8
131 17 258 471 326 313 377 303
1 19 4
391 292 212 383
1 1 9
211 303 440 144 197 187 173 210 365
1 10 6
471 449 133 272 60 493
1 18 6
307 303 195 126 267 94
1 20 6
484 143 405 12 220 15
1 12 4
256 277 325 80
1 19 8
400 288 178 322 498 370 368 65
1 3 9
286 8 381 433 154 155 213 291 499
1 4 4
431 375 487 133
1 16 10
412 25 447 42 46 399 193 353 105 124
1 18 8
200 295 309 212 192 379 22 165
1 12 5
72 261 255 192 350
1 12 4
65 68 56 113
1 14 3
474 305 20
1 14 2
246 39
1 17 9
152 119 401 342 410 399 240 246 105
1 1 8
444 379 431 6 382 253 229 318
1 20 4
247 484 308 279
1 15 7
254 490 488 279 94 408 111
1 2 9
334 479 89 470 4 279 285 317 171
1 16 6
327 316 467 109 99 259
1 9 3
285 494 194
1 5 5
485 92 96 278 280
1 14 2
472 338
1 12 6
189 363 314 433 416 288
1 4 5
337 197 152 217 427
1 14 4
235 229 415 385
1 6 4
277 337 486 357
1 5 2
183 128
1 7 8
356 412 106 142 59 63 145 331
1 19 8
328 248 20 439 37 211 204 360
1 19 6
130 299 180 381 9 146
1 12 6
223 34 321 367 28 448
1 13 10
234 306 287 192 254 242 56 3 189 198
1 16 5
199 462 306 466 285
1 3 2
414 63
1 19 3
263 463 445
1 3 2
348 364
1 7 3
259 226 181
1 3 10
27 369 227 96 424 303 492 337 72 411
1 11 10
365 101 78 179 315 358 226 67 381 250
1 5 8
432 169 161 399 114 339 77 436
1 15 2
104 315
1 18 3
173 187 313
1 13 6
322 428 371 343 414 338
1 5 9
123 466 396 110 404 312 109 368 207
1 19 10
310 156 235 444 157 328 49 98 71 260
1 19 7
410 423 67 25 163 295 60
1 10 3
97 61 371
1 3 4
337 79 26 177
1 11 9
270 359 279 485 142 343 267 64 269
1 11 7
191 342 167 409 499 218 423
1 8 6
80 453 130 244 468 206
1 6 3
483 406 58
1 1 3
354 38 287
1 14 6
469 400 146 309 84 295
1 20 6
365 362 128 74 130 102
1 14 8
381 89 191 466 382 214 367 174
1 17 3
384 415 57
1 2 8
207 289 382 167 77 175 1 259
1 19 8
8 480 90 293 86 30 18 459
1 3 8
314 381 158 131 418 248 420 268
1 16 7
321 7 496 170 392 224 201
1 11 10
128 129 429 311 177 59 110 462 370 105
1 11 6
207 26 64 185 68 316
1 12 2
154 265
1 13 2
89 84
1 10 10
261 498 80 424 103 267 342 11 184 88
1 15 8
469 374 144 220 207 216 228 328
1 16 8
481 121 75 197 340 17 114 402
1 20 6
60 110 483 445 163 469
1 20 4
47 384 40 451
1 12 6
62 311 171 155 298 60
1 11 8
327 129 138 444 238 175 109 490
1 1 6
390 280 361 461 208 351
1 14 7
394 141 68 268 27 192 437
1 5 5
254 108 458 357 17
1 9 8
253 471 62 320 308 257 89 266
1 5 3
115 170 148
1 7 5
93 494 145 334 265
1 2 2
478 320
1 18 8
193 383 395 378 318 273 24 357
1 1 4
76 429 453 188
1 6 4
434 278 324 356
1 8 6
418 320 75 460 78 62
1 8 5
335 113 336 9 114
1 19 2
457 163
1 15 8
164 350 38 261 45 486 475 36
1 5 7
67 134 344 44 336 339 103
1 9 10
12 2 346 119 499 26 139 163 464 226
1 11 9
139 291 193 247 108 226 284 452 470
1 10 3
47 381 212
1 1 7
429 272 391 358 144 145 273
1 5 7
282 372 397 112 12 262 50
1 20 10
294 263 68 130 162 231 316 18 192 198
1 13 2
455 426
1 9 10
188 363 92 128 348 89 15 20 185 299
1 11 9
121 213 295 380 243 406 33 268 182
1 6 3
474 63 365
1 15 3
106 367 481
1 9 6
199 167 329 130 460 370
1 1 8
142 286 374 382 162 267 454 226
1 6 8
154 100 384 330 276 181 370 270
1 17 9
492 7 47 301 303 27 22 4 360
1 5 10
353 383 227 221 370 280 171 13 297 274
1 5 4
189 28 372 234
1 17 2
499 99
1 20 6
279 457 345 13 53 179
1 2 7
72 499 149 168 334 14 61
1 13 8
107 488 17 15 349 467 67 203
1 17 5
444 297 412 406 12
1 8 8
128 218 438 16 103 104 240 473
1 2 4
347 88 3 388
1 2 8
23 274 497 140 410 146 32 229
1 15 8
380 296 276 219 404 128 45 161
1 18 3
236 76 40
1 9 2
393 447
1 10 3
262 353 219
1 2 5
86 266 125 204 211
1 18 8
325 3 227 52 329 122 320 149
1 2 7
73 343 81 72 251 439 275
1 7 3
413 358 20
1 17 10
235 131 264 42 400 380 187 319 323 43
1 15 8
135 375 417 82 433 373 55 366
1 8 7
105 454 343 197 439 106 425
1 18 10
367 255 88 326 400 352 432 168 256 116
1 9 7
414 7 177 78 260 413 173
1 3 6
124 498 137 485 459 357
1 12 10
281 94 135 134 487 337 99 111 244 223
1 9 4
224 223 374 2
1 17 3
282 237 222
1 4 6
185 311 57 253 68 385
1 19 9
369 298 107 108 155 143 127 248 40
1 20 4
67 148 326 38
1 9 3
165 474 400
1 2 6
39 113 376 100 166 492
1 7 4
329 263 66 90
1 20 9
183 16 105 393 408 234 301 329 217
1 9 9
95 216 130 412 200 353 37 178 18
1 13 6
111 260 131 85 100 38
1 12 10
325 106 353 343 480 97 365 221 311 437
1 3 6
461 23 435 39 22 446
1 18 9
64 51 372 254 485 9 314 391 383
1 10 7
104 222 307 359 322 42 467
1 18 4
323 62 315 250
1 8 6
272 100 392 244 228 75
1 3 4
243 122 498 421
1 18 10
269 198 250 251 236 160 401 102 98 483
1 17 6
144 282 219 240 211 427
1 8 10
487 465 319 137 489 430 417 150 163 486
1 15 2
407 27
1 8 4
332 148 292 263
1 15 4
467 447 161 259
1 8 10
450 280 158 365 350 175 103 460 225 230
1 4 3
140 40 271
1 13 2
109 172
1 20 9
395 442 374 5 173 269 38 2 90
1 13 8
188 319 45 132 44 254 455 358
1 13 2
442 351
1 12 4
315 326 266 263
1 5 6
227 246 79 271 345 386
1 7 6
270 36 83 175 496 315
1 20 9
196 280 341 135 276 116 97 335 469
1 6 7
26 291 414 435 265 109 78
1 8 2
209 271
1 8 5
203 412 456 117 189
1 13 3
440 54 12
1 17 3
407 399 121
1 19 9
133 171 452 126 494 342 41 421 259
1 2 6
348 212 245 110 181 381
1 19 5
64 44 316 472 438
1 11 6
391 304 481 197 361 498
1 13 10
278 416 64 201 90 43 317 155 284 121
1 11 6
433 262 183 473 290 303
1 8 3
386 484 190
1 15 4
32 83 446 143
1 6 3
338 450 475
1 11 10
75 150 22 33 90 377 171 145 27 239
1 20 4
201 99 173 3
1 2 5
400 289 170 226 497
1 19 9
350 31 261 176 179 476 366 241 82
1 16 10
450 429 314 144 470 189 369 164 138 332
1 5 9
282 291 342 446 39 416 192 120 101
1 16 2
90 223
1 5 6
380 272 193 206 50 106
1 17 10
160 416 204 45 87 125 463 434 94 104
1 15 8
382 468 33 104 207 13 462 1
1 15 3
104 403 74
1 12 2
359 39
1 4 5
49 177 197 487 216
1 17 8
324 396 444 255 141 274 256 118
1 5 3
216 132 360
1 18 2
86 7
1 4 3
80 471 411
1 20 3
261 175 180
1 12 2
113 482
1 18 4
131 324 163 223
1 20 8
350 412 169 193 408 51 48 257
1 2 7
412 60 435 181 426 18 469
1 8 10
469 293 402 359 253 435 25 48 333 129
1 7 10
357 238 167 416 424 302 425 478 14 156
1 1 4
346 148 369 265
1 12 7
101 66 194 122 168 285 414
1 9 10
294 389 345 87 330 413 48 272 478 14
1 5 10
162 491 475 298 258 432 149 30 301 198
1 9 9
264 128 322 68 87 98 381 206 158
1 9 5
56 151 436 412 410
1 12 8
305 78 488 247 358 288 80 194
1 17 10
58 150 238 316 246 499 498 283 442 373
1 11 9
137 261 41 257 89 387 466 301 296
1 18 9
35 471 376 161 435 280 291 294 22
1 12 2
366 285
1 14 9
284 43 369 277 274 131 134 206 104
1 8 8
160 192 498 413 451 377 444 183
1 18 8
456 27 86 283 335 289 306 425
1 3 9
344 63 49 351 226 147 75 199 141
1 12 2
294 424
1 18 9
278 144 297 24 84 350 48 71 236
1 15 7
160 376 150 158 190 194 76
1 15 10
61 465 128 306 92 37 230 149 159 263
1 3 7
208 373 490 282 380 4 157
1 20 8
411 439 39 483 53 229 307 116
1 7 10
386 454 278 67 137 264 355 70 60 362
1 1 10
456 449 396 494 492 196 174 317 124 489
1 15 3
251 438 91
1 7 9
64 140 231 200 3 292 117 6 32
1 4 2
299 486
1 9 7
321 98 434 496 468 284 63
1 16 9
272 36 320 34 416 108 466 5 123
1 18 5
65 11 291 342 22
1 9 8
29 166 259 21 229 87 450 28
1 12 4
236 452 15 490
1 1 2
142 203
1 13 3
223 327 119
1 3 8
272 293 127 133 186 308 189 427
1 18 8
224 216 269 16 201 267 332 82
1 6 2
451 221
1 18 7
197 417 139 86 453 127 0
1 12 4
396 115 269 121
1 13 4
182 477 236 125
1 9 6
152 201 108 119 449 358
1 3 7
244 415 310 53 255 233 14
1 11 8
380 219 54 71 58 351 394 281
1 2 6
346 418 147 497 446 25
1 3 8
387 313 365 317 326 436 167 2
1 6 3
59 340 118
1 9 7
91 342 376 97 2 90 448
1 11 9
333 299 22 132 394 141 458 367 420
1 9 5
396 247 377 133 67
1 16 3
341 234 300
1 14 5
178 446 33 404 429
1 19 10
64 498 258 178 88 264 74 131 393 69
1 11 9
46 10 461 356 217 248 387 413 487
1 17 9
113 167 471 186 387 409 408 255 332
1 11 7
340 27 463 236 354 166 493
1 10 5
223 147 253 65 357
1 19 3
288 164 58
1 9 5
444 235 21 469 184
1 15 7
307 129 461 176 14 359 281
1 1 10
77 399 263 451 102 50 201 342 465 266
1 13 10
99 341 347 328 199 68 49 434 220 458
1 9 3
481 347 77
1 19 9
366 151 114 55 150 13 468 330 132
1 7 5
56 34 188 487 29
1 20 3
152 228 497
1 5 4
114 60 413 89
1 14 2
353 85
1 5 9
499 75 410 97 457 47 127 315 431
1 8 10
21 471 299 280 227 60 100 18 242 2
1 18 8
90 456 363 44 413 218 493 201
1 9 2
366 426
1 14 5
176 352 72 385 39
1 19 6
221 275 436 181 424 155
1 4 2
464 158
1 7 5
196 291 480 314 363
1 6 8
481 138 11 451 171 246 174 315
1 7 2
193 423
1 14 2
68 1
1 5 9
312 277 43 339 344 299 134 421 274
1 11 3
7 477 152
1 3 4
145 306 22 163
1 8 8
108 101 455 217 370 307 114 132
1 5 6
229 432 486 107 344 144
1 2 6
453 276 173 207 211 485
1 5 5
440 410 214 331 301
1 17 8
82 373 30 153 440 428 471 107
1 12 10
164 177 278 276 76 30 40 240 22 212
1 17 6
267 413 166 469 496 211
1 16 6
335 450 219 114 340 463
1 10 3
129 315 482
1 12 8
268 180 404 343 273 458 435 82
1 15 3
445 122 68
1 9 4
345 310 96 189
1 16 7
142 258 352 443 372 331 217
1 7 6
348 331 254 42 136 451
1 16 6
323 19 76 253 356 484
1 8 5
481 366 165 102 224
1 7 5
387 126 345 233 13
1 11 8
270 472 373 20 303 172 63 184
1 6 2
394 313
1 18 4
143 252 233 106
1 17 4
499 287 1 291
1 10 5
398 318 22 301 476
1 19 6
149 472 482 275 466 414
1 13 3
195 284 426
1 2 10
399 441 101 436 301 369 358 104 7 462
1 16 10
144 498 195 465 431 17 411 54 108 472
1 3 4
3 378 265 86
1 18 7
377 452 419 443 191 362 354
1 6 2
455 241
1 4 2
155 386
1 12 8
279 327 260 171 387 349 50 323
1 4 3
145 346 248
1 8 3
341 439 310
1 19 5
199 415 387 158 443
1 8 7
169 229 37 484 41 113 237
1 7 8
44 389 346 207 443 408 126 49
1 11 8
324 321 357 331 332 467 72 13
1 12 2
231 172
1 1 4
376 203 398 45
1 16 8
460 249 179 396 415 209 114 356
1 20 9
141 86 186 122 137 296 273 299 208
1 15 7
200 106 320 58 222 459 93
1 5 7
413 297 274 247 213 201 225
1 16 6
297 152 365 436 59 487
1 5 10
170 20 407 493 173 26 17 143 75 376
1 5 3
337 345 124
1 2 10
181 350 410 276 213 21 138 461 428 281
1 8 4
58 166 86 467
1 10 3
129 322 216
1 20 5
266 35 391 148 393
1 13 7
129 367 491 225 229 7 392
1 12 9
82 241 314 427 445 415 388 229 92
1 14 6
312 329 496 88 132 476
1 6 3
299 127 163
1 5 3
230 429 420
1 4 9
190 392 215 388 161 435 6 69 368
1 20 6
465 442 26 446 255 122
1 12 2
46 291
1 13 7
208 406 36 385 463 240 450
1 14 3
137 283 409
1 15 6
181 62 155 83 298 299
1 17 8
28 303 42 9 495 48 359 365
1 20 8
111 375 331 56 362 305 401 415
1 17 8
21 262 337 198 476 238 324 151
1 16 5
140 449 15 439 332
1 3 5
424 264 121 101 50
1 17 6
183 82 482 220 298 358
1 4 7
486 109 344 129 219 479 433
1 4 10
226 344 157 283 438 411 41 279 220 254
1 20 8
24 150 191 45 273 348 129 99
1 3 6
373 304 205 439 64 408
1 11 8
65 397 104 310 208 283 318 395
1 19 3
265 126 329
1 18 4
255 93 361 268
1 14 4
235 104 96 313
1 15 8
486 498 353 203 89 28 389 300
1 10 6
341 415 317 166 59 257
1 14 4
113 52 239 27
1 17 6
124 456 461 152 41 265
1 16 3
203 133 167
1 10 3
491 119 167
1 3 5
174 411 153 413 498
1 11 3
143 436 428
1 11 7
411 191 298 77 308 447 99
1 12 8
113 444 177 106 334 378 473 64
1 7 7
296 449 241 257 232 248 159
1 16 7
149 139 50 241 414 152 117
1 19 10
254 408 224 307 260 297 11 44 211 443
1 11 3
223 256 436
1 11 9
268 123 221 336 322 378 248 405 424
1 1 3
440 301 377
1 1 3
186 420 121
1 13 8
96 39 61 74 260 76 207 155
1 13 5
33 273 207 335 92
1 7 10
71 164 162 448 400 368 408 25 443 323
1 5 10
441 17 212 135 356 300 377 65 407 125
1 17 4
137 179 104 236
1 7 5
484 106 143 341 367
1 1 7
177 196 138 261 17 245 365
1 3 4
329 212 361 220
1 8 5
132 465 184 46 134
1 5 6
107 317 316 295 351 353
1 15 9
331 369 224 459 286 113 64 349 364
1 14 5
35 95 49 285 386
1 17 3
358 332 208
1 3 10
134 199 336 91 497 341 5 314 318 154
1 6 3
191 279 5
1 1 3
313 27 498
1 4 8
431 452 466 210 138 499 291 425
1 20 7
261 274 389 20 110 251 216
1 4 6
181 175 11 499 91 76
1 19 3
126 138 394
1 6 2
157 182
1 19 10
480 474 223 283 225 444 140 110 142 386
1 5 3
81 29 98
1 16 4
123 449 428 18
1 14 4
94 108 419 231
1 4 10
57 427 242 354 386 361 104 338 360 55
1 5 3
26 30 27
1 11 3
114 368 208
1 14 4
289 112 174 367
1 8 5
349 239 139 227 246
1 9 7
323 220 453 246 230 391 297
1 14 4
127 59 97 190
1 11 4
76 187 351 495
1 11 3
239 441 25
1 12 7
235 250 354 37 178 357 62
1 12 3
471 62 118
1 4 4
472 15 470 332
1 13 5
300 117 457 73 36
1 3 4
121 467 344 169
1 5 6
407 110 452 445 367 431
1 10 8
109 94 41 134 63 212 200 99
1 9 5
72 325 16 411 8
1 15 2
192 333
1 19 2
200 192
1 12 8
260 433 336 159 3 339 381 461
1 17 5
468 234 420 407 205
1 8 10
132 273 4 192 428 197 119 435 170 393
1 16 3
434 217 65
1 2 2
164 241
1 1 8
373 371 399 133 22 228 111 168
1 19 4
448 252 293 76
1 15 8
115 166 72 412 123 405 397 145
1 17 5
461 14 97 57 101
1 10 2
481 2
1 9 2
38 352
1 12 6
439 463 201 262 225 449
1 3 3
477 304 218
1 8 2
326 441
1 18 9
49 152 267 134 74 279 145 338 268
1 9 8
279 366 289 210 361 446 118 29
1 5 2
41 278
1 16 8
57 411 231 482 486 52 453 274
1 4 4
305 248 350 309
1 10 2
366 223
1 1 10
262 155 367 441 429 483 334 364 67 188
1 4 6
471 208 26 127 395 61
1 12 7
360 413 80 88 50 349 284
1 5 6
21 346 418 479 118 104
1 13 4
109 492 171 84
1 6 6
316 73 421 148 245 485
1 19 8
453 379 64 437 279 259 252 152
1 7 5
465 425 180 281 417
1 20 6
358 105 287 15 369 40
1 1 9
359 462 148 219 302 263 468 392 161
1 18 8
171 203 69 247 473 313 452 454
1 7 5
217 317 416 188 438
1 1 7
439 160 44 47 14 171 211
1 17 5
133 497 268 48 38
1 7 8
53 436 381 255 257 285 348 141
1 20 10
214 323 487 169 350 155 11 175 402 413
1 15 8
248 261 426 7 302 21 391 369
1 16 7
479 282 313 113 70 369 184
1 3 6
63 429 36 44 74 138
1 8 8
264 335 383 393 193 206 148 337
1 18 3
375 323 319
1 18 6
94 388 334 87 198 237
1 18 2
177 334
1 15 5
394 440 460 497 147
1 5 8
208 135 125 211 197 431 460 105
1 7 3
402 47 144
1 1 6
190 118 129 255 159 336
1 9 2
455 248
1 12 3
135 405 356
1 9 2
139 367
1 16 4
375 420 240 281
1 18 2
344 387
1 17 2
66 167
1 13 7
388 343 220 33 52 65 357
1 18 3
28 90 73
1 16 6
28 166 240 423 357 433
1 5 6
270 363 126 74 456 118
1 16 6
474 83 30 209 217 450
1 7 4
383 79 57 206
1 14 2
216 281
1 8 4
111 367 291 363
1 6 8
333 218 297 492 239 144 473 326
1 17 8
31 185 107 407 92 371 367 348
1 12 4
189 361 135 103
1 11 9
64 44 219 208 495 392 432 238 386
1 15 3
334 464 353
1 15 5
128 124 403 462 409
1 9 9
265 62 350 367 244 480 38 468 208
1 9 3
221 157 95
1 3 4
47 387 435 170
1 8 4
16 289 438 248
1 5 8
73 323 424 64 129 299 65 4
1 10 6
185 158 420 9 44 124
1 1 6
10 400 493 136 446 65
1 20 8
350 12 65 316 167 168 33 142
1 20 5
19 494 314 174 343
1 8 8
366 175 342 276 46 132 6 141
1 16 10
228 110 412 397 168 16 167 396 38 263
1 16 10
197 77 89 365 88 299 36 334 342 450
1 19 5
90 208 29 279 186
1 17 5
304 303 493 496 223
1 17 9
222 372 266 248 41 169 140 27 113
1 15 8
495 159 239 179 368 365 105 204
1 12 4
22 35 258 499
1 5 10
265 232 10 357 460 99 19 313 478 116
1 2 8
118 166 202 354 233 164 269 380
1 16 2
199 320
1 16 10
212 98 181 312 223 183 250 317 37 60
1 20 9
90 0 227 436 231 335 102 146 417
1 5 5
83 373 457 153 470
1 4 10
474 344 231 299 106 459 10 189 32 140
1 3 3
263 218 482
1 3 4
389 265 107 257
1 2 7
449 351 259 216 338 247 108
1 19 7
123 472 398 40 156 423 37
1 4 9
205 446 412 26 456 209 175 306 405
1 15 3
378 493 16
1 11 2
383 301
1 14 10
133 287 306 55 375 348 303 19 80 182
1 13 5
304 128 285 198 433
1 12 7
48 414 354 27 136 17 117
1 19 6
102 390 290 323 472 207
1 8 7
331 386 328 338 79 481 477
1 4 5
289 45 427 283 211
1 13 10
405 164 81 10 65 365 27 408 326 375
1 10 4
428 135 320 425
1 20 5
422 100 381 38 336
1 5 9
147 216 442 109 66 489 212 313 379
1 12 9
182 84 435 4 166 46 441 98 302
1 14 2
242 70
1 8 5
261 180 52 348 8
1 9 7
157 152 332 161 104 75 360
1 4 5
142 250 165 149 461
1 6 7
160 139 456 469 60 409 179
1 1 6
97 62 222 299 344 465
1 5 9
262 268 443 279 374 57 455 447 307
1 7 7
223 471 435 133 468 391 267
1 14 7
470 379 454 260 282 92 314
1 18 9
68 62 297 12 72 190 335 20 64
1 11 6
265 287 5 240 160 8
1 12 7
337 4 36 170 276 328 177
1 12 5
176 144 356 252 441
1 19 8
248 168 352 419 316 433 57 229
1 4 4
92 168 369 102
1 20 8
485 343 423 165 424 305 86 482
1 17 8
162 62 57 93 144 459 79 325
1 5 5
95 389 294 132 308
1 14 2
238 377
1 14 2
253 357
1 10 5
261 350 332 466 187
1 1 10
5 237 11 386 421 250 42 363 190 337
1 9 3
17 61 290
1 12 7
315 367 27 398 265 254 482
1 16 4
66 406 363 403
1 7 6
251 187 478 396 394 72
1 9 7
228 381 296 37 476 415 285
1 16 5
348 462 330 278 284
1 9 7
429 180 462 376 162 96 226
1 16 10
157 283 112 298 51 379 94 277 262 323
1 9 4
288 169 466 134
1 6 4
341 17 413 410
1 11 2
305 428
1 3 2
325 121
1 16 5
40 170 344 75 410
1 11 4
462 434 296 392
1 7 5
399 21 296 41 360
1 18 4
12 24 35 234
1 16 7
21 61 255 364 7 317 144
1 11 3
380 490 54
1 2 8
333 369 75 248 281 325 24 433
1 14 6
326 281 295 316 409 97
1 12 10
345 250 491 399 132 240 159 432 243 374
1 13 8
372 75 126 34 461 342 266 446
1 10 6
334 171 249 406 237 57
1 19 3
405 4 26
1 11 6
115 207 92 155 12 311
1 5 3
457 57 4
1 2 5
239 172 363 170 246
1 12 10
165 271 375 434 351 307 311 187 333 270
1 10 8
411 234 145 210 12 376 77 287
1 5 7
367 376 372 470 287 5 197
1 8 8
247 472 355 363 187 410 290 387
1 13 6
188 389 282 243 111 227
1 13 7
240 471 186 16 277 397 143
1 19 4
486 208 120 138
1 12 10
81 386 488 247 261 162 51 269 148 391
1 11 10
201 323 308 279 356 205 154 241 276 95
1 2 9
457 110 65 410 370 310 179 189 67
1 16 9
86 191 402 36 364 264 196 316 126
1 17 4
253 2 10 27
1 1 9
31 478 384 441 130 22 123 303 135
1 4 2
100 406
1 1 5
431 59 185 365 343
1 5 4
127 65 245 163
1 14 4
429 385 476 182
1 16 6
401 337 172 89 297 352
1 3 6
244 429 7 453 235 95
1 10 4
13 39 459 88
1 11 5
326 118 305 89 354
1 3 5
496 408 409 39 26
1 15 8
60 191 408 391 343 446 211 307
1 17 6
364 237 193 467 47 128
1 17 5
306 153 314 63 77
1 12 2
14 39
1 9 6
401 84 40 261 78 54
1 12 6
115 451 498 336 246 476
1 17 4
411 132 459 86
1 7 8
257 7 467 361 444 130 408 389
1 7 3
30 429 293
1 17 6
224 340 451 312 421 439
1 7 7
230 91 70 463 443 465 467
1 4 9
99 7 236 328 187 228 231 286 56
1 12 6
291 400 172 285 265 185
1 1 5
232 420 105 209 135
1 12 9
198 146 129 331 317 352 9 84 254
1 4 9
74 186 271 320 419 439 118 382 364
1 6 3
182 419 8
1 7 8
133 67 179 437 344 13 305 318
1 9 8
376 183 177 494 159 402 200 342
1 4 8
170 492 306 297 39 169 294 273
1 13 5
125 161 177 53 449
1 7 5
453 316 75 199 449
1 20 3
262 244 187
1 16 5
330 81 271 381 486
1 18 5
393 471 219 66 231
1 4 4
425 405 131 481
1 2 10
157 487 236 449 484 83 498 105 3 493
1 6 7
59 98 102 319 324 238 237
1 4 2
337 84
1 5 7
257 239 287 31 484 336 26
1 10 6
199 319 61 284 176 190
1 12 7
236 381 208 2 77 69 286
1 16 5
224 446 391 289 239
1 1 9
320 470 304 97 406 385 369 291 441
1 5 2
106 352
1 16 9
120 449 324 216 147 53 470 38 54
1 18 2
466 202
1 9 10
112 32 342 155 194 426 488 293 402 260
1 19 2
362 249
1 9 9
390 155 279 372 88 76 471 298 451
1 18 5
499 455 132 391 308
1 15 10
225 457 306 354 163 54 487 236 473 155
1 1 10
281 99 197 448 221 89 155 470 231 485
1 7 5
139 422 343 426 7
1 18 10
284 105 215 487 372 356 457 263 180 153
1 13 4
94 288 84 366
1 5 6
495 459 429 80 320 396
1 10 10
36 276 377 139 375 13 81 29 122 360
1 3 2
196 425
1 6 5
413 141 412 4 278
1 14 3
333 177 197
1 9 7
302 255 5 10 12 386 443
1 11 9
473 59 139 418 491 283 141 177 320
1 14 9
471 120 0 22 295 31 218 134 168
1 3 9
474 324 333 464 158 27 0 399 117
1 1 8
497 119 72 114 423 212 82 242
1 5 3
52 448 220
1 6 6
82 239 374 409 232 479
1 11 3
146 318 61
1 12 9
311 405 342 322 320 29 72 248 302
1 2 2
163 377
1 12 9
317 480 315 160 102 79 335 135 230
1 7 7
208 326 182 316 439 482 103
1 10 4
228 260 441 114
1 9 4
482 233 287 83
1 15 3
73 290 41
1 12 2
28 234
1 6 2
414 82
1 17 3
175 85 46
1 1 10
73 101 391 115 419 20 372 121 289 162
1 9 2
63 437
1 6 8
234 425 367 54 48 297 15 306
1 14 6
394 73 346 495 130 440
1 18 3
104 16 246
1 20 10
478 429 476 42 192 376 131 175 393 357
1 19 10
171 454 130 492 173 336 143 252 445 68
1 17 5
494 234 419 147 74
1 10 7
203 464 193 220 452 334 248
1 19 10
445 259 23 269 98 338 413 404 284 190
1 13 9
292 41 130 496 424 109 422 293 225
1 4 8
145 83 212 12 206 494 33 119
1 4 8
87 384 163 161 121 104 183 433
1 11 10
440 307 139 415 391 141 210 345 175 301
1 6 7
413 198 167 201 139 431 453
1 16 5
363 186 474 117 286
1 6 2
137 346
1 1 6
78 426 345 386 327 381
1 2 3
95 391 213
1 1 5
397 409 226 97 89
1 16 9
357 214 385 100 329 108 0 104 404
1 11 10
274 305 7 24 144 83 243 367 238 162
1 1 2
327 474
1 9 6
433 300 237 452 144 346
1 15 5
148 383 182 425 424
1 11 10
273 96 344 441 32 270 221 260 434 191
1 16 3
406 116 210
1 10 9
463 236 264 395 80 46 114 335 243
1 19 8
236 192 18 177 84 56 126 320
1 9 9
178 455 424 477 0 434 229 170 39
1 9 5
433 205 49 269 365
1 18 4
450 339 474 497
1 6 4
98 73 130 221
1 17 3
86 477 457
1 9 7
129 176 186 118 418 400 308
1 2 6
81 193 387 69 125 39
1 17 10
88 11 162 473 166 230 93 76 204 38
1 10 6
341 228 36 268 440 200
1 15 2
483 306
1 20 5
226 149 393 304 199
1 16 9
390 381 461 70 445 129 472 208 134
1 9 8
423 300 337 64 431 359 153 211
1 7 8
463 250 123 128 327 145 81 259
1 13 3
497 334 178
1 17 8
118 381 95 490 277 100 194 64
1 1 8
264 396 182 192 366 32 124 98
1 13 4
111 39 138 56
1 11 4
454 341 139 129
1 12 4
33 1 467 173
1 14 6
251 281 144 172 255 32
1 19 8
353 237 397 205 133 326 405 305
1 7 7
230 154 409 135 36 16 449
1 9 5
112 228 275 197 108
1 6 6
240 238 220 400 183 407
1 2 4
392 401 280 461
1 16 9
347 268 394 153 343 275 27 47 425
1 15 4
44 441 418 116
1 7 10
233 154 308 432 428 173 132 176 71 192
1 20 8
342 476 408 15 165 491 240 209
1 20 2
407 272
1 20 10
453 162 89 39 299 238 209 114 84 47
1 12 6
3 8 203 94 414 305
1 18 3
352 470 13
1 14 10
233 245 282 487 418 274 163 170 28 223
1 8 7
222 387 193 227 164 360 422
1 3 2
294 458
1 13 2
215 123
1 14 9
253 366 488 329 32 93 132 47 476
1 19 7
239 371 226 71 64 280 115
1 17 2
417 180
1 6 6
123 230 349 172 480 85
1 4 7
56 12 428 339 8 180 402
1 20 5
175 263 461 481 232
1 9 5
82 427 480 279 345
1 10 6
139 431 426 136 244 393
1 12 9
250 468 0 165 493 91 322 114 249
1 7 6
112 187 33 431 338 151
1 6 9
438 470 313 467 372 391 495 113 368
1 18 4
112 458 281 311
1 5 10
12 26 398 113 373 141 326 168 108 382
1 14 9
64 329 342 96 132 486 251 494 366
1 18 4
205 475 359 291
1 9 7
11 176 50 206 34 418 28
1 3 8
130 203 181 350 163 421 273 489
1 6 4
445 130 476 41
1 13 8
427 107 384 435 410 179 388 407
1 6 10
476 185 472 384 403 231 383 14 411 262
1 11 3
229 482 405
1 12 8
242 119 463 383 283 263 394 295
1 7 8
42 497 27 346 481 222 32 139
1 2 6
43 363 207 231 101 360
1 18 9
178 419 356 78 335 73 217 265 374
1 17 4
425 498 229 153
1 14 4
404 142 270 23
1 20 10
479 351 239 78 67 235 286 13 66 109
1 1 6
432 106 429 54 166 153
1 14 10
223 198 206 152 488 233 213 348 71 114
1 6 6
175 499 188 2 102 399
1 6 9
145 413 404 290 45 364 60 117 258
1 10 7
402 370 218 313 66 301 292
1 11 6
274 70 109 91 298 57
1 12 10
443 292 27 204 482 40 121 421 232 202
1 9 5
14 306 112 115 344
1 9 3
157 297 401
1 3 9
465 382 223 314 78 170 424 224 90
1 14 7
184 20 198 110 291 275 3
1 20 8
202 483 479 115 341 260 322 438
1 10 2
95 481
1 5 6
477 211 28 359 415 358
1 10 3
5 371 197
1 19 6
278 14 55 114 233 195
1 15 8
27 220 48 49 118 486 467 131
1 5 6
339 201 180 363 93 302
1 19 3
98 473 438
1 6 6
90 465 303 31 196 234
1 1 6
456 350 283 298 170 458
1 16 8
281 57 294 418 494 448 352 300
1 10 7
301 442 107 397 39 136 163
1 18 2
257 22
1 3 3
196 192 180
1 11 7
83 195 60 170 30 76 325
1 17 9
82 93 153 336 201 440 412 483 165
1 7 7
159 14 42 248 214 107 131
1 6 7
439 292 308 392 205 210 306
1 16 10
353 226 394 114 197 302 278 439 412 311
1 13 7
12 183 43 4 483 365 361
1 4 7
131 41 357 472 416 483 352
1 5 3
52 87 346
1 14 8
302 323 208 165 27 470 239 495
1 16 10
100 365 63 142 27 143 398 189 81 232
1 8 5
246 492 465 194 244
1 2 4
117 496 449 475
1 6 2
207 221
1 18 5
468 211 207 417 345
1 2 2
343 344
1 8 3
391 385 272
1 1 9
196 279 401 242 342 252 201 328 495
1 1 7
255 309 478 302 28 121 243
1 15 4
371 270 96 446
1 20 5
445 263 277 465 110
1 6 6
376 455 378 280 392 349
1 16 7
110 493 190 474 409 211 386
1 10 6
429 177 309 326 110 64
1 14 6
288 483 257 206 340 11
1 6 5
300 37 444 393 146
1 15 7
442 213 116 371 270 313 397
1 4 7
295 207 135 313 53 355 368
1 19 3
143 153 5
1 17 2
31 6
1 2 4
93 118 240 63
1 14 9
83 223 309 108 212 254 16 25 70
1 18 3
153 218 163
1 7 9
164 341 172 120 493 417 186 50 420
1 11 7
349 192 157 312 336 148 197
1 7 4
414 295 197 73
1 18 9
193 369 1 261 443 188 475 471 442
1 13 10
85 114 321 158 89 25 333 428 36 307
1 8 7
85 38 466 308 10 49 92
1 2 3
365 170 298
1 4 7
384 95 260 236 303 483 412
1 2 10
282 155 228 316 425 445 346 163 341 447
1 3 2
385 427
1 20 9
409 308 446 154 95 17 432 48 471
1 3 3
22 367 402
1 6 2
144 337
1 16 4
185 283 195 170
1 7 9
320 221 490 345 433 16 343 97 284
1 18 9
128 302 94 395 141 496 411 463 483
1 5 3
289 268 18
1 7 7
319 145 139 432 345 32 396
1 20 6
107 387 90 157 486 445
1 3 8
52 305 166 256 326 333 492 264
1 9 8
369 205 217 182 162 96 243 463
1 19 5
3 379 194 481 129
1 3 8
84 27 410 258 213 76 59 150
1 11 8
33 20 406 436 354 202 332 144
1 18 9
207 51 350 123 134 141 154 133 187
1 10 10
46 3 34 188 393 458 335 118 352 173
1 6 8
30 125 152 86 279 47 116 385
1 10 2
467 250
1 3 8
128 491 100 222 28 308 173 233
1 16 9
272 48 50 65 255 164 481 412 112
1 18 3
61 287 129
1 10 6
448 302 151 352 88 123
1 17 4
150 403 98 22
1 13 9
24 466 364 252 147 62 350 286 436
1 11 2
62 78
1 5 4
134 231 6 361
1 4 8
206 185 176 96 23 315 34 266
1 4 6
181 479 215 99 22 385
1 16 10
266 336 350 294 363 372 8 244 108 46
1 19 2
298 173
1 6 4
302 451 202 151
1 4 10
113 325 408 144 352 177 320 124 317 199
1 1 3
251 27 198
1 14 10
242 396 405 176 219 213 128 54 345 406
1 19 6
496 412 473 336 206 166
1 4 10
426 418 475 486 125 136 248 447 343 398
1 3 7
453 261 355 459 385 320 403
1 19 4
354 442 190 125
1 19 7
478 362 457 463 356 84 194
1 10 3
483 399 463
1 18 5
486 359 269 373 315
1 2 9
338 80 189 145 242 136 16 431 48
1 14 3
314 382 468
1 17 6
425 216 233 330 288 240
1 15 5
89 147 461 135 159
1 9 5
440 6 174 243 234
1 6 5
329 157 118 340 124
1 2 3
91 86 425
1 3 5
332 436 236 249 406
1 8 5
441 188 217 145 254
1 2 5
107 75 98 293 158
1 6 9
188 69 47 0 391 439 422 90 426
1 10 6
160 422 317 102 489 130
1 19 9
479 358 418 35 154 178 480 362 118
1 4 2
179 235
1 13 4
54 264 56 19
1 5 4
470 115 208 359
1 17 2
335 154
1 9 10
69 315 99 314 340 32 213 71 322 191
1 19 7
479 99 345 334 102 368 74
1 11 4
228 417 496 10
1 16 9
414 132 33 326 315 298 252 400 188
1 12 10
156 32 294 469 254 127 435 375 17 96
1 2 9
108 301 221 194 354 499 427 399 43
1 16 6
151 366 380 173 252 286
1 10 6
450 468 62 6 374 411
1 13 2
277 326
1 3 10
264 136 487 16 269 77 92 203 173 430
1 9 9
495 229 314 123 173 270 483 408 171
1 3 4
377 97 247 356
1 3 10
432 278 451 113 271 415 140 310 250 179
1 7 7
333 420 410 392 490 27 148
1 7 7
179 401 27 452 469 382 240
1 15 7
341 444 237 297 396 206 126
1 2 8
145 393 25 442 489 50 205 91
1 9 10
466 194 382 43 149 260 430 479 90 487
1 1 10
123 128 225 423 60 146 281 285 92 242
1 1 6
80 127 355 14 141 108
1 2 7
431 493 317 403 179 93 261
1 7 5
45 289 273 268 8
1 12 10
154 12 309 235 279 52 269 46 428 160
1 19 2
468 97
1 9 8
20 100 140 250 120 172 186 376
1 15 9
228 452 192 324 447 104 131 483 63
1 13 2
124 105
1 6 3
332 340 63
1 11 9
186 204 299 386 41 118 104 220 15
1 13 2
350 294
1 14 5
148 329 179 380 54
1 5 2
378 265
1 7 9
53 263 218 36 68 411 338 471 388
1 10 8
232 314 337 302 348 242 464 84
1 3 8
338 24 206 311 410 171 483 273
1 19 3
273 24 53
1 9 2
41 111
1 14 10
46 263 349 127 356 19 112 324 422 295
1 7 6
467 342 482 96 100 490
1 19 7
235 226 241 447 46 494 242
1 6 2
54 250
1 19 5
174 23 222 349 433
1 15 10
382 67 83 58 390 239 319 29 91 34
1 9 7
387 287 60 255 314 349 358
1 4 8
322 177 272 168 258 273 216 298
1 8 7
248 138 245 86 486 232 154
1 5 8
314 363 385 407 68 206 446 453
1 11 10
141 96 433 32 23 164 447 444 370 498
1 11 5
384 213 143 498 341
1 11 8
396 67 277 190 182 296 111 248
1 3 7
378 343 50 393 376 65 207
1 10 10
420 239 135 273 402 289 202 480 217 291
1 15 7
368 457 144 420 499 147 287
1 18 8
27 130 392 364 477 355 172 278
1 17 6
17 45 58 481 252 177
1 11 2
414 278
1 1 4
251 325 224 438
1 6 8
436 410 416 395 246 367 311 479
1 6 9
182 284 341 232 33 354 404 128 279
1 1 10
414 248 293 16 220 14 137 471 113 185
1 10 2
66 251
1 2 2
123 274
1 5 10
295 230 371 79 172 139 314 358 366 59
1 20 6
352 202 478 32 137 109
1 8 9
291 158 97 258 366 365 454 250 374
1 17 7
304 222 241 311 290 70 375
1 16 3
123 263 97
1 12 3
172 424 305
1 4 3
304 134 129
1 14 4
174 460 361 244
1 9 10
16 450 312 391 6 28 376 78 284 435
1 1 6
439 460 327 126 496 369
1 6 6
30 135 417 127 266 98
1 2 9
236 312 169 235 496 369 124 159 177
1 6 7
285 130 220 178 374 68 471
1 6 6
280 189 464 137 403 218
1 12 6
459 83 478 385 441 383
1 2 2
410 369
1 2 10
123 124 82 117 132 298 370 58 342 444
1 20 6
250 379 392 46 71 165
1 6 8
364 357 120 9 306 410 398 134
1 4 8
156 406 165 341 220 486 53 3
1 4 4
264 139 285 440
1 10 2
78 246
1 7 3
221 313 161
1 2 9
108 304 2 231 59 143 79 478 276
1 13 7
168 139 442 251 17 121 327
1 1 10
476 167 305 300 457 161 82 201 433 69
1 3 7
133 109 160 324 235 304 142
1 10 3
24 424 248
1 7 9
471 294 12 229 146 361 327 91 384
1 8 8
419 170 499 493 19 372 454 205
1 7 8
121 84 18 441 80 304 145 332
1 16 2
1 182
1 7 8
312 249 38 45 297 470 250 47
1 15 7
471 456 147 125 292 378 71
1 7 6
79 482 284 19 253 346
1 8 8
263 188 290 466 104 9 124 338
1 19 4
391 353 416 61
1 7 2
58 334
1 4 3
176 154 119
1 14 4
362 452 121 479
1 16 4
66 107 330 327
1 6 4
60 204 319 473
1 14 8
60 226 194 120 195 173 281 59
1 20 3
369 198 24
1 20 4
216 274 132 67
1 5 8
93 113 434 236 448 320 24 497
1 16 7
76 177 92 216 169 150 248
1 12 4
383 84 208 416
1 20 7
491 223 409 27 63 486 143
1 8 4
86 254 153 438
1 10 4
433 241 67 478
1 8 8
135 492 259 219 307 109 11 414
1 10 2
245 67
1 5 7
440 36 341 392 274 275 253
1 4 3
414 105 458
1 15 6
470 190 77 453 261 413
1 13 5
44 74 277 302 184
1 7 6
241 265 31 345 83 33
1 13 4
163 74 180 78
1 13 4
194 412 289 115
1 20 9
249 490 154 314 24 491 239 409 15
1 12 7
422 78 474 132 182 393 368
1 10 5
467 290 492 179 345
1 2 3
409 240 334
1 19 9
234 402 94 251 233 129 284 106 154
1 10 7
191 194 35 407 98 250 168
1 6 10
203 3 469 478 439 93 410 486 389 106
1 8 3
209 240 91
1 4 9
114 267 198 250 220 391 167 282 102
1 11 8
318 411 486 54 57 4 377 135
1 16 5
371 485 460 229 140
1 2 7
363 382 123 355 412 220 471
1 8 6
276 39 233 196 461 31
1 20 5
17 408 93 213 111
1 18 10
42 326 301 102 163 454 136 213 490 450
1 4 6
1 449 34 312 281 255
1 9 10
62 355 257 300 153 170 32 255 48 55
1 8 3
52 338 132
1 7 9
271 257 365 47 448 491 304 314 305
1 3 3
487 64 356
1 19 10
39 315 450 290 309 381 349 308 447 101
1 1 10
497 192 233 152 389 52 190 5 118 238
1 18 9
237 243 417 279 159 20 292 391 418
1 20 4
354 424 415 8
1 5 5
119 494 313 50 289
1 3 2
394 81
1 1 3
176 428 345
1 20 8
5 319 161 455 460 195 59 100
1 8 6
293 389 280 437 45 303
1 13 3
328 81 380
1 5 6
153 54 24 398 345 181
1 1 2
389 217
1 8 7
414 292 475 50 120 73 330
1 19 6
441 108 131 154 81 493
1 1 4
493 168 226 272
1 17 10
69 359 369 482 184 368 4 226 77 162
1 19 4
276 493 271 377
1 5 8
47 405 464 456 312 433 111 430
1 18 7
389 16 317 440 206 132 239
1 10 7
212 467 400 173 37 240 82
1 20 6
140 62 412 420 123 105
1 15 2
131 188
1 7 7
461 445 215 97 282 312 259
1 12 10
451 38 152 481 106 131 202 7 269 427
1 9 4
290 471 73 235
1 1 9
1 169 307 5 326 12 20 367 356
1 16 2
380 383
1 8 5
249 174 192 396 465
1 17 9
402 255 364 488 53 434 360 395 460
1 2 7
417 177 489 34 387 377 102
1 18 7
137 108 63 109 334 231 114
1 9 9
168 217 227 131 15 490 55 467 163
1 7 7
124 246 91 488 342 338 399
1 12 2
465 231
1 4 4
341 411 26 202
1 20 8
64 282 285 357 389 141 467 237
1 19 7
90 92 194 181 206 235 55
1 16 2
10 27
1 18 2
129 372
1 1 10
468 37 381 254 402 228 216 412 161 470
1 3 6
152 376 5 136 189 180
1 3 5
219 163 57 498 137
1 7 4
386 469 106 359
1 17 10
115 399 324 195 91 222 263 343 213 152
1 4 7
478 277 131 429 253 163 423
1 15 9
47 461 420 282 19 272 264 131 286
1 12 6
182 31 235 447 104 110
1 14 4
442 26 86 276
1 8 9
425 332 393 241 416 286 403 395 357
1 6 2
157 297
1 17 4
109 194 67 78
1 19 8
90 224 477 290 271 127 122 300
1 2 6
228 89 86 175 99 164
1 5 6
414 90 484 269 209 283
1 18 2
227 383
1 12 5
311 260 318 34 255
1 3 5
277 430 131 435 54
1 5 10
72 395 378 115 151 165 47 171 284 9
1 13 8
428 336 22 425 139 437 110 36
1 15 7
44 381 458 494 420 172 166
1 7 6
485 15 309 42 100 279
1 4 9
83 464 90 315 133 376 247 265 494
1 18 10
40 52 65 496 55 482 281 148 103 433
1 16 10
116 256 444 77 321 37 131 391 478 81
1 16 6
137 391 455 446 419 386
1 12 9
119 313 101 497 463 468 129 184 257
1 17 7
77 299 10 329 26 203 248
1 15 3
377 9 206
1 2 4
142 173 470 150
1 11 5
211 406 306 404 45
1 15 6
36 284 255 71 224 221
1 6 6
366 49 233 89 280 244
1 20 5
246 379 140 107 214
1 12 3
48 437 42
1 6 9
76 286 444 86 131 383 394 213 226
1 18 3
138 145 3
1 12 2
119 374
1 13 3
205 118 412
1 16 6
170 51 99 10 212 8
1 1 7
87 455 447 446 281 335 433
1 16 7
15 0 298 315 16 437 95
1 12 3
178 32 15
1 2 4
189 221 311 137
1 2 8
455 208 385 142 104 127 209 97
1 16 2
422 399
1 19 4
54 229 177 286
1 5 7
7 205 148 105 499 489 237
1 12 9
245 415 489 88 437 313 164 358 417
1 13 2
230 21
1 1 9
436 194 89 337 166 203 332 386 155
1 4 5
188 122 326 184 174
1 15 8
40 1 339 53 39 394 196 94
1 10 7
471 144 486 291 61 191 337
1 9 10
29 457 218 232 395 99 221 10 58 261
1 3 4
91 176 420 293
1 2 8
178 325 6 397 304 201 179 303
1 6 2
400 414
1 12 6
183 190 232 474 55 215
1 20 7
49 357 392 417 91 228 457
1 8 9
161 335 10 291 193 174 95 464 82
1 6 8
67 359 176 403 397 211 64 338
1 9 7
184 485 432 287 340 250 342
1 15 3
404 342 139
1 6 5
89 361 27 322 460
1 12 8
162 464 344 323 190 480 119 38
1 14 5
447 253 93 293 490
1 5 6
95 332 139 349 406 343
1 3 6
295 267 13 39 80 377
1 18 3
279 400 68
1 6 2
1 193
1 9 6
396 486 478 343 445 199
1 15 7
377 393 148 389 328 150 108
1 11 3
87 393 189
1 11 4
292 298 346 36
1 19 7
124 193 415 109 400 192 499
1 15 10
125 40 251 378 133 69 217 116 239 485
1 12 5
102 207 22 82 435
1 8 10
303 214 472 36 306 394 309 382 283 69
1 5 10
426 238 8 24 446 220 230 182 286 84
1 5 3
174 79 474
1 7 3
160 254 483
1 12 10
481 119 12 390 286 87 139 477 201 415
1 18 8
205 261 211 43 162 443 5 252
1 7 4
190 5 355 364
1 9 7
0 50 248 351 217 240 150
1 2 3
392 488 492
1 12 7
330 237 401 9 355 374 137
1 17 9
365 288 98 478 474 492 318 260 258
1 5 9
157 467 92 284 95 317 61 331 21
1 12 8
352 112 74 440 211 375 142 313
1 4 9
290 343 314 210 176 192 418 6 297
1 14 2
400 444
1 18 8
40 127 404 48 108 158 315 322
1 9 10
31 442 184 269 494 181 260 274 218 51
1 2 9
396 92 36 287 128 144 220 478 373
1 18 10
361 403 424 25 244 433 399 432 393 314
1 4 9
387 98 221 39 460 91 48 12 383
1 4 2
413 266
1 18 5
194 139 498 365 399
1 14 7
20 70 51 57 278 322 78
1 18 7
35 449 238 475 430 56 330
1 15 7
401 216 464 185 424 362 390
1 9 8
453 467 423 127 84 272 442 488
1 2 10
461 387 108 469 130 287 88 280 171 420
1 2 10
376 253 329 434 396 471 332 155 123 345
1 5 7
351 183 471 155 205 42 424
1 12 2
179 139
1 3 9
3 2 405 254 345 378 91 385 67
1 9 5
393 208 90 310 93
1 19 2
62 348
1 16 4
419 400 25 141
1 11 6
295 241 330 218 283 493
1 1 6
240 435 482 103 90 442
1 16 2
192 424
1 16 2
257 407
1 15 7
107 472 93 278 429 256 175
1 3 9
499 190 295 323 439 83 403 359 30
1 2 9
280 461 265 482 109 462 428 421 232
1 6 2
334 62
1 2 7
295 459 64 247 150 219 256
1 1 10
326 321 113 430 175 316 421 364 420 343
1 9 7
164 79 159 203 280 207 304
1 7 2
267 376
1 13 9
9 195 363 184 248 85 490 177 271
1 8 3
355 302 314
1 15 2
467 53
1 20 6
300 65 425 104 44 211
1 17 8
139 404 167 336 424 91 142 353
1 6 5
317 0 225 313 263
1 1 10
421 399 169 331 489 13 417 85 10 306
1 12 10
214 276 257 205 80 498 425 407 334 381
1 14 10
191 66 496 364 347 153 438 313 68 330
1 13 8
255 380 454 475 460 348 311 393
1 1 2
0 387
1 15 3
228 315 385
1 7 7
340 43 271 18 53 372 46
1 1 6
137 497 350 177 188 180
1 9 5
266 386 61 20 175
1 19 2
126 196
1 10 9
193 441 394 337 453 140 204 45 477
1 4 2
497 432
1 18 3
486 88 120
1 16 3
432 329 449
1 13 2
225 209
1 12 3
295 104 135
1 17 2
406 323
1 3 8
246 380 303 393 164 242 293 171
1 9 8
13 462 185 69 130 259 407 426
1 15 8
381 100 165 115 103 483 444 459
1 6 8
67 434 118 82 305 475 427 205
1 6 3
90 15 399
1 17 5
89 86 408 360 5
1 16 5
366 333 105 52 441
1 4 4
352 453 252 441
1 2 5
76 310 52 170 489
1 1 6
431 238 402 72 106 69
1 20 2
407 106
1 6 3
384 368 84
1 20 2
490 382
1 10 10
173 329 134 103 229 372 139 289 379 398
1 10 5
214 203 147 341 277
1 9 7
287 182 307 360 310 475 444
1 10 9
474 184 231 111 218 232 43 424 168
1 2 10
119 66 43 293 258 52 225 193 150 332
1 9 9
343 264 60 351 384 215 63 282 454
1 16 4
252 436 310 418
1 1 5
345 122 476 31 313
1 13 10
364 19 53 47 389 238 16 241 271 367
1 12 9
65 362 166 384 64 285 363 436 264
1 11 4
272 208 203 435
1 17 5
158 465 179 436 324
1 7 6
418 414 217 187 410 48
1 13 5
371 34 422 469 141
1 8 6
188 62 414 272 450 495
1 8 7
498 428 78 319 66 107 470
1 13 7
55 220 239 300 410 52 430
1 17 3
418 99 117
1 3 5
434 407 464 46 174
1 19 3
383 481 335
1 7 2
135 385
1 19 7
101 401 127 409 87 74 361
1 20 9
364 366 1 139 424 310 231 66 459
1 4 5
409 472 46 423 118
1 18 4
94 384 434 203
1 13 5
194 187 380 101 384
1 1 7
44 24 421 167 27 40 53
1 14 9
426 152 322 89 399 348 134 47 156
1 13 9
266 220 2 404 86 205 116 196 405
1 15 8
108 83 494 84 455 129 87 374
1 19 3
15 224 372
1 20 2
329 188
1 6 10
237 11 495 458 358 136 24 293 317 341
1 11 7
237 161 11 257 332 294 162
1 15 8
117 305 203 491 397 432 147 111
1 5 3
148 264 196
1 17 10
96 291 82 347 302 442 122 245 257 468
1 12 2
344 293
1 19 3
304 250 17
1 11 6
283 87 397 407 299 27
1 11 8
344 175 336 65 455 312 97 252
1 18 9
469 435 333 210 222 233 21 53 381
1 8 8
93 104 456 186 307 240 226 115
1 11 10
152 408 184 485 287 448 443 398 64 492
1 9 3
385 296 321
1 9 6
408 162 16 368 215 304
1 6 9
394 171 4 16 159 455 444 410 189
1 7 3
235 229 271
1 6 4
45 40 485 496
1 4 9
290 149 174 320 75 488 65 291 204
1 5 5
34 490 482 40 303
1 7 8
384 486 78 285 273 187 251 76
1 17 9
183 393 456 42 446 288 268 472 321
1 7 3
74 350 316
1 16 7
25 6 43 355 421 290 70
1 17 9
323 464 390 20 491 435 2 362 95
1 1 8
184 236 485 302 482 165 339 125
1 17 9
115 103 328 48 430 483 55 475 361
1 20 9
140 138 265 220 130 466 475 250 82
1 17 8
117 461 391 361 384 58 414 183
1 18 10
24 27 203 260 466 225 456 156 51 341
1 9 3
279 469 372
1 4 5
260 134 483 35 388
1 10 8
300 374 495 96 243 238 213 78
1 20 5
448 212 186 388 129
1 20 8
22 447 369 103 361 457 377 451
1 14 3
111 457 301
1 10 6
385 167 135 394 101 63
1 3 9
112 340 381 84 476 247 107 362 54
1 18 4
352 249 88 61
1 4 7
37 69 488 101 372 217 471
1 20 2
345 53
1 14 6
96 78 439 379 158 345
1 6 10
194 143 258 235 191 19 25 116 178 10
1 15 4
472 386 231 327
1 2 5
89 100 101 177 471
1 6 10
254 291 494 27 269 459 203 103 108 28
1 12 7
349 255 227 62 307 497 4
1 12 3
124 36 168
1 20 7
206 383 342 260 87 455 185
1 2 8
225 33 341 104 166 295 161 42
1 6 5
142 224 287 15 169
1 12 3
412 244 6
1 15 6
151 26 490 469 494 298
1 1 6
45 246 399 449 287 387
1 18 5
185 79 400 200 291
1 3 8
292 104 211 99 362 238 441 282
1 18 2
341 228
1 13 8
467 120 141 206 64 349 182 315
1 20 8
82 209 73 142 87 144 398 470
1 4 4
254 210 180 361
1 20 10
91 431 444 415 409 246 244 230 124 490
1 5 8
205 384 245 487 369 375 108 372
1 12 3
200 94 175
1 17 4
265 146 313 486
1 1 10
226 334 60 261 15 38 219 417 342 189
1 2 6
7 78 95 286 370 314
1 6 10
118 454 334 488 93 302 414 175 352 46
1 19 7
84 138 273 217 33 98 89
1 4 10
392 254 195 315 462 15 442 237 170 59
1 14 9
386 119 174 324 261 104 50 319 157
1 13 2
56 54
1 10 2
187 80
1 10 10
465 61 134 408 270 186 372 398 2 350
1 6 9
349 210 244 142 484 239 374 51 461
1 9 3
112 173 130
1 1 4
312 279 289 143
1 20 9
5 330 135 16 313 309 409 24 111
1 2 9
391 273 276 440 145 240 444 81 49
1 20 2
47 287
1 9 9
222 295 438 125 55 108 99 45 491
1 5 8
259 4 403 178 483 466 264 95
1 18 8
202 490 355 317 283 312 437 35
1 16 10
254 259 146 108 127 159 335 100 103 388
1 15 6
87 118 198 215 23 143
1 13 6
460 296 473 428 67 497
1 14 4
237 385 245 472
1 7 4
214 467 346 57
1 10 3
233 56 409
1 2 2
105 302
1 2 9
24 466 135 182 194 145 98 323 278
1 2 5
479 377 60 100 406
1 12 4
173 391 81 362
1 19 8
231 281 436 116 477 170 249 237
1 6 2
247 208
1 10 10
453 184 314 137 30 353 110 283 414 471
1 6 5
294 127 246 88 232
1 20 8
135 484 265 88 352 145 336 134
1 6 8
471 459 168 399 108 297 262 187
1 1 8
77 200 51 13 481 133 165 152
1 20 2
71 18
1 12 2
83 405
1 3 7
313 273 475 257 323 100 117
1 18 8
433 450 446 266 165 233 493 300
1 20 6
36 253 419 201 487 141
1 8 9
47 75 131 366 9 270 331 93 496
1 1 4
297 71 112 4
1 19 3
91 330 298
1 19 5
231 282 73 114 352
1 10 4
422 10 86 485
1 3 9
56 130 85 13 248 82 371 429 164
1 1 9
264 228 78 417 442 318 138 404 494
1 19 8
166 175 82 21 372 213 363 87
1 10 8
393 462 237 378 203 347 136 382
1 10 4
24 267 298 17
1 16 3
381 55 15
1 8 2
151 172
1 9 6
10 231 117 35 152 47
1 18 9
468 255 128 2 148 395 280 257 340
1 20 2
452 491
1 12 2
442 385
1 17 8
118 220 97 379 455 383 354 105
1 7 2
47 245
1 18 7
495 423 20 23 219 298 104
1 16 7
465 72 76 262 270 137 221
1 14 2
466 116
1 9 5
175 400 164 489 18
1 8 8
460 298 261 448 382 311 20 107
1 19 5
493 449 426 47 486
1 15 5
19 295 367 185 352
1 1 6
120 374 122 366 74 213
1 9 2
452 71
1 18 10
363 418 381 445 84 188 86 110 433 499
1 18 2
121 104
1 5 7
353 261 406 310 359 355 271
1 3 7
136 327 116 125 312 86 454
1 5 7
265 117 334 195 244 477 31
1 17 3
167 354 380
1 18 8
157 80 379 97 218 482 289 320
1 6 10
464 367 138 256 379 455 285 377 269 163
1 12 6
108 323 79 310 493 478
1 2 6
256 297 115 13 496 126
1 3 5
45 73 79 323 468
1 8 5
7 302 163 29 118
1 6 8
301 292 471 425 245 372 146 159
1 16 2
195 317
1 16 3
395 147 110
1 1 3
117 366 397
1 1 10
87 363 411 368 397 63 28 287 436 367
1 13 10
309 452 349 125 264 473 172 419 114 115
1 18 9
483 294 462 26 63 433 324 490 162
1 8 4
315 212 22 375
1 7 6
131 3 163 294 73 41
1 18 6
70 212 492 45 44 119
1 3 4
116 419 345 209
1 12 3
211 490 209
1 5 6
294 440 17 7 403 371
1 20 6
248 187 498 222 339 70
1 20 6
73 483 374 81 491 165
1 14 5
186 429 49 287 245
1 1 10
187 11 35 316 495 218 307 248 346 40
1 13 7
395 331 451 308 1 290 364
1 13 9
283 194 195 421 79 28 182 70 447
1 8 2
217 229
1 11 10
84 270 349 414 235 41 287 341 356 115
1 1 3
321 308 315
1 3 3
57 0 499
1 11 8
411 348 343 103 110 138 50 141
1 16 8
38 26 325 29 288 261 375 87
1 12 6
90 173 329 371 117 242
1 9 2
133 74
1 8 2
12 294
1 2 2
306 247
1 3 9
61 370 184 355 337 441 375 148 151
1 19 7
113 351 4 319 460 414 92
1 18 3
8 252 343
1 10 10
274 373 376 162 124 302 382 153 0 52
1 17 9
482 261 330 382 193 379 32 7 252
1 12 2
443 236
1 19 5
340 309 211 170 157
1 8 4
8 13 262 475
1 18 5
480 206 487 169 347
1 18 4
401 197 394 86
1 15 2
227 276
1 5 4
295 312 337 498
1 12 10
274 321 258 352 366 460 16 129 498 137
1 6 5
263 411 35 493 203
1 6 3
326 251 278
1 9 6
18 88 313 25 114 357
1 20 5
468 386 86 104 115
1 9 6
344 366 467 302 68 91
1 4 8
245 88 405 61 44 427 137 287
1 10 10
14 8 294 336 236 433 71 344 194 75
1 1 3
70 372 186
1 11 5
404 3 454 73 333
1 8 2
413 483
1 11 9
329 246 110 332 311 415 453 42 282
1 12 8
396 413 214 241 324 328 265 404
1 3 2
292 351
1 12 4
331 308 137 235
1 18 10
88 315 112 107 379 4 3 374 133 414
1 13 9
463 277 411 114 144 195 211 280 66
1 5 2
233 223
1 15 8
177 72 321 383 163 382 48 174
1 8 7
299 87 235 24 372 257 387
1 8 8
299 264 424 395 188 403 286 341
1 20 5
469 100 194 184 369
1 19 3
411 98 178
1 2 5
478 378 425 277 413
1 16 7
359 67 404 358 401 263 64
1 16 2
115 435
1 2 8
32 302 222 169 353 95 260 427
1 20 3
65 127 83
1 16 7
224 339 195 193 180 28 292
1 9 10
354 437 37 339 185 41 163 478 228 406
1 16 6
98 448 377 451 279 254
1 17 2
108 356
1 17 5
370 59 429 62 480
1 13 8
180 150 358 59 412 13 68 294
1 16 4
7 370 342 217
1 6 10
315 49 499 63 370 471 0 198 428 35
1 17 9
221 162 386 257 82 380 339 332 50
1 2 8
396 82 399 485 228 267 265 40
1 17 2
353 383
1 12 2
348 93
1 5 4
94 482 238 419
1 20 7
33 334 70 363 7 422 447
1 9 6
468 417 216 414 418 474
1 19 9
175 67 160 434 487 450 477 499 300
1 11 2
57 274
1 10 5
328 103 238 265 496
1 8 4
365 259 469 95
1 15 6
402 278 362 306 335 370
1 18 5
288 384 272 408 65
1 1 3
113 348 191
1 18 2
28 410
1 13 8
129 97 244 365 312 139 98 245
1 5 9
79 291 23 401 0 395 435 491 424
1 8 10
285 101 420 492 49 127 384 452 306 369
1 19 2
464 157
1 3 9
328 36 419 276 444 4 388 92 158
1 5 4
491 334 380 66
1 9 6
3 485 210 111 477 434
1 10 10
310 419 218 497 485 408 371 102 173 0
1 20 7
226 280 88 341 181 93 52
1 4 8
78 480 70 111 108 374 424 133
1 6 5
131 34 388 249 402
1 8 10
21 489 98 219 415 145 218 300 23 422
1 18 9
161 468 153 94 421 96 395 23 460
1 18 7
39 176 356 57 14 488 155
1 6 7
116 425 307 356 141 444 155
1 11 4
336 422 117 67
1 13 6
65 493 173 419 273 315
1 13 5
298 268 417 302 331
1 20 5
127 442 154 417 369
1 9 10
400 413 299 308 173 235 297 228 358 13
1 3 9
62 371 451 162 226 302 395 301 260
1 16 2
155 447
1 19 4
451 293 421 448
1 16 4
321 19 97 470
1 17 4
129 381 179 396
1 19 5
319 26 121 333 449
1 13 5
31 19 418 397 259
1 10 8
122 435 67 317 431 243 140 307
1 5 10
143 21 184 397 20 57 260 469 426 41
1 13 2
108 200
1 18 9
236 121 52 200 184 343 71 306 482
1 11 4
238 137 418 269
1 3 2
170 197
1 11 5
440 116 187 182 364
1 5 2
40 36
1 19 10
222 127 144 333 434 239 187 219 282 285
1 15 6
230 57 231 493 86 325
1 7 8
264 134 165 320 494 167 262 102
1 7 6
421 170 88 197 388 232
1 7 7
324 493 491 339 262 420 151
1 19 3
296 382 254
1 11 2
380 488
1 6 4
210 312 234 178
1 14 9
273 319 486 258 385 444 389 285 213
1 5 7
369 172 340 46 408 182 242
1 2 2
19 477
1 16 6
95 424 317 85 103 344
1 11 7
11 283 357 374 486 178 193
1 12 9
280 124 179 348 171 196 201 249 385
1 14 4
347 101 142 452
1 16 8
200 132 16 180 94 39 34 82
1 7 3
325 59 175
1 11 6
291 411 55 470 355 148
1 6 5
203 320 347 487 312
1 16 6
91 480 477 149 255 146
1 18 9
190 195 28 45 462 310 307 205 124
1 8 4
474 187 56 203
1 14 2
110 129
1 4 5
349 429 21 143 364
1 14 2
422 131
1 1 10
212 367 250 145 304 260 497 318 115 63
1 17 8
405 364 54 170 228 484 472 445
1 16 3
331 393 360
1 14 5
495 369 34 146 322
1 6 9
78 204 147 219 334 238 90 159 205
1 5 5
47 420 55 200 432
1 20 7
209 280 324 50 398 431 114
1 10 6
290 364 24 10 262 222
1 8 9
403 27 249 279 217 196 266 219 199
1 1 5
26 7 76 357 217
1 3 3
425 127 133
1 18 7
274 109 249 311 477 340 336
1 18 8
136 128 120 386 342 134 43 251
1 2 2
327 456
1 9 2
64 395
1 1 10
125 275 482 416 327 75 116 495 269 48
1 17 8
330 332 489 212 291 220 250 204
1 17 6
313 369 181 94 22 290
1 12 6
323 175 419 397 166 358
1 14 7
142 143 316 332 330 144 56
1 5 7
342 308 39 94 451 315 313
1 12 5
305 361 489 0 74
1 2 9
427 69 258 455 368 257 158 96 285
1 4 3
194 452 305
1 2 4
359 487 49 193
1 1 8
296 109 201 431 265 247 143 346
1 19 6
202 437 342 350 123 21
1 6 5
94 54 417 245 64
1 16 6
412 66 489 113 68 122
1 5 2
494 358
1 1 7
472 337 1 327 82 223 128
1 18 8
275 202 189 121 405 367 298 87
1 10 10
193 90 164 118 15 213 80 16 208 495
1 15 2
205 322
1 10 9
393 76 27 331 47 322 259 9 249
1 8 6
13 476 392 345 302 295
1 19 5
214 235 392 299 182
1 3 4
194 39 89 309
1 8 9
56 276 260 384 471 217 70 185 143
1 4 5
41 369 39 182 362
1 5 5
192 409 7 101 116
1 7 9
297 227 373 72 19 66 466 27 485
1 3 7
174 114 337 308 42 31 76
1 15 4
372 45 289 34
1 6 10
354 433 140 461 224 445 182 265 249 13
1 2 7
138 164 420 470 187 475 306
1 4 2
364 118
1 9 4
170 46 141 395
1 16 2
245 404
1 20 5
438 366 11 331 285
1 18 9
108 308 172 152 318 384 222 190 276
1 20 3
223 160 111
1 14 9
52 208 31 499 170 191 11 20 464
1 20 8
186 341 161 150 74 441 111 420
1 18 4
225 264 145 152
1 10 3
10 254 103
1 6 2
266 360
1 7 4
366 312 40 240
1 1 7
59 275 486 442 466 460 209
1 1 10
88 426 432 295 294 375 348 128 177 251
1 5 5
116 446 131 252 433
1 19 3
128 273 157
1 20 4
11 373 6 254
1 7 3
419 27 207
1 9 3
186 189 345
1 2 4
287 173 7 279
1 7 9
476 1 390 67 91 173 8 191 175
1 5 4
119 267 126 103
1 10 2
354 163
1 10 3
459 107 268
1 16 6
156 220 418 187 244 340
1 10 3
397 433 445
1 3 10
441 297 236 227 165 88 291 434 397 376
1 15 2
334 337
1 5 5
379 399 259 478 61
1 8 5
181 263 445 281 456
1 18 8
240 443 334 122 25 59 416 351
1 12 7
54 232 285 387 22 381 389
1 4 5
53 222 68 388 104
1 10 7
438 144 458 136 10 496 180
1 4 5
484 233 341 176 218
1 15 7
121 272 189 171 396 389 378
1 6 9
98 112 364 227 81 46 243 280 268
1 19 5
316 478 409 127 118
1 5 4
240 9 287 499
1 2 4
271 238 178 328
1 3 5
357 22 92 293 338
1 11 8
95 475 184 137 225 149 363 396
1 13 5
303 401 482 60 372
1 3 2
149 382
1 12 6
181 410 263 50 142 47
1 18 3
96 440 265
1 13 10
50 132 393 472 289 487 355 428 267 471
1 1 3
469 24 10
1 7 10
7 324 421 313 485 33 307 322 252 433
1 16 5
311 426 286 20 482
1 1 4
353 43 364 237
1 7 9
279 476 317 463 419 338 59 270 220
1 7 2
235 185
1 7 7
65 383 205 137 68 183 155
1 14 4
88 428 87 189
1 5 3
14 176 38
1 15 10
485 45 266 1 327 351 411 326 118 239
1 7 9
208 466 182 5 68 38 383 424 64
1 11 9
273 299 326 114 400 244 213 321 392
1 20 6
345 450 469 74 373 478
1 18 7
478 182 53 37 118 364 375
1 20 6
477 402 233 52 346 49
1 18 8
216 380 79 218 434 108 492 249
1 17 9
353 116 416 65 370 493 473 134 295
1 14 7
145 235 90 255 373 426 404
1 9 5
152 90 99 492 484
1 14 3
188 484 49
1 4 10
319 245 331 253 190 482 32 174 18 236
1 19 9
345 145 438 291 81 357 189 470 283
1 4 10
53 18 188 401 383 112 340 84 213 302
1 20 6
186 155 160 427 354 182
1 8 3
413 218 24
1 15 4
51 102 77 358
1 9 3
491 251 36
1 19 7
123 252 364 432 151 260 413
1 3 7
173 76 189 316 378 216 291
1 9 4
152 302 367 330
1 3 2
399 248
1 19 3
173 323 303
1 9 4
330 445 172 334
1 20 3
234 148 85
1 14 9
364 32 143 131 339 189 124 181 191
1 17 5
440 187 3 123 76
1 2 8
408 168 44 116 306 136 368 105
1 2 9
454 23 67 449 244 143 359 390 149
1 7 2
420 182
1 6 2
228 364
1 16 6
413 484 412 229 363 473
1 19 7
362 474 115 51 401 164 72
1 8 9
322 22 19 415 157 310 44 54 186
1 17 2
281 354
1 12 6
172 57 465 496 455 426
1 2 10
277 389 273 453 451 375 386 230 467 484
1 20 5
259 383 415 254 30
1 15 4
376 462 89 144
1 20 2
190 77
1 19 8
71 486 91 319 136 364 284 396
1 17 8
266 141 228 86 138 447 494 45
1 9 6
0 245 96 356 259 258
1 19 10
70 54 317 309 199 186 397 131 48 274
1 13 3
318 150 250
1 17 8
456 251 344 78 397 466 413 352
1 4 6
28 81 5 233 440 360
1 2 9
457 125 200 91 11 95 331 176 451
1 19 9
89 221 357 454 278 227 373 60 209
1 6 4
439 61 278 57
1 11 8
337 31 160 145 494 115 114 161
1 2 10
399 318 277 398 81 424 372 250 138 254
1 11 6
409 240 40 494 23 1
1 8 3
494 375 28
1 11 2
163 388
1 19 4
189 345 435 364
1 14 6
71 472 310 319 33 204
1 15 7
304 241 152 130 120 2 251
1 14 3
73 245 240
1 11 8
252 46 461 375 440 376 18 210
1 2 4
365 71 337 488
1 16 2
452 62
1 11 6
432 296 375 138 288 114
1 16 2
113 61
1 2 2
0 235
1 19 9
101 238 456 352 194 56 339 3 302
1 4 8
21 364 177 338 270 401 200 150
1 20 10
461 373 272 411 204 80 175 145 312 135
1 10 6
2 280 341 449 20 319
1 14 2
452 46
1 3 5
164 382 347 140 471
1 16 5
494 401 223 6 217
1 18 3
453 11 472
1 13 7
119 481 47 197 60 486 366
1 3 6
333 188 458 223 152 176
1 10 8
206 63 77 231 187 160 260 434
1 18 5
218 108 171 323 308
1 12 4
247 144 236 356
1 11 6
59 165 424 63 230 361
1 8 7
250 53 491 43 104 267 443
1 6 8
65 343 25 241 351 133 349 344
1 17 2
239 70
1 13 10
452 53 499 236 163 189 0 337 114 359
1 12 3
407 497 347
1 3 5
261 322 243 476 292
1 16 5
420 412 496 483 345
1 5 9
218 179 81 148 394 216 370 39 271
1 10 5
41 108 442 386 114
1 17 6
107 351 5 319 45 208
1 1 4
493 75 411 170
1 10 5
36 20 10 5 381
1 4 7
461 26 297 210 415 242 125
1 11 4
444 276 195 364
1 12 5
142 112 206 494 105
1 19 8
159 95 143 158 343 403 379 46
1 11 2
183 495
1 1 3
199 186 288
1 17 9
425 378 134 94 484 452 46 194 228
1 15 8
104 240 182 475 101 353 480 492
1 16 7
449 77 293 485 100 408 463
1 17 6
1 423 127 392 90 327
1 20 4
113 283 119 104
1 5 2
419 403
1 10 5
457 484 238 166 321
1 16 7
27 297 58 128 129 286 4
1 8 2
120 230
1 8 4
82 471 350 413
1 4 5
102 6 53 408 445
1 20 8
451 165 138 123 100 190 137 246
1 19 2
154 241
1 1 6
433 284 176 317 118 192
1 6 2
95 456
1 19 2
369 308
1 3 9
247 331 488 489 0 11 324 222 413
1 18 9
81 209 342 281 418 8 453 88 394
1 19 9
66 410 15 405 434 184 234 33 316
1 4 6
240 180 437 402 301 412
1 3 2
149 334
1 16 5
131 333 490 472 424
1 20 8
133 79 92 362 381 81 145 398
1 19 4
453 288 324 149
1 19 4
267 475 253 66
1 3 5
92 152 143 87 23
1 19 4
206 81 20 137
1 7 2
339 267
1 18 10
37 251 404 367 73 213 243 125 316 121
1 18 2
124 53
1 4 7
94 171 488 485 165 316 86
1 16 6
133 329 423 126 454 456
1 12 9
223 54 255 309 481 471 234 190 181
1 13 6
95 25 174 278 11 45
1 17 3
446 350 91
1 5 2
321 446
1 11 8
303 375 358 72 448 79 150 312
1 9 6
411 379 387 330 128 449
1 8 9
150 437 419 384 439 225 140 236 96
1 13 10
351 124 337 30 457 312 369 401 225 245
1 1 6
418 336 5 15 499 104
1 12 2
188 191
1 17 4
97 346 213 79
1 17 4
78 482 274 281
1 4 4
371 246 112 385
1 16 10
96 418 93 440 272 57 467 400 200 482
1 19 4
58 433 254 360
1 8 8
388 60 331 273 115 332 186 406
1 11 6
16 322 378 481 291 345
1 9 9
484 275 175 179 140 99 196 413 74
1 10 2
357 124
1 10 3
333 385 237
1 18 9
175 39 92 236 491 423 157 301 115
1 3 5
275 212 78 106 316
1 11 8
216 310 67 4 118 402 79 257
1 9 7
288 105 230 131 445 30 3
1 10 5
475 121 143 459 467
1 11 4
117 425 133 245
1 8 6
214 115 236 439 431 197
1 3 10
342 366 415 473 234 328 288 484 47 291
1 10 8
455 9 361 272 347 91 222 248
1 17 2
51 209
1 7 4
101 409 17 341
1 13 2
494 9
1 20 3
131 379 100
1 12 10
346 483 237 108 251 497 214 128 308 146
1 19 2
26 19
1 8 8
271 447 280 292 456 314 307 165
1 8 5
250 52 174 13 161
1 16 4
365 19 400 96
1 11 5
390 153 19 171 124
1 19 9
305 206 133 229 198 336 268 253 80
1 12 2
121 267
1 11 3
130 163 131
1 14 10
468 177 310 160 93 11 133 167 179 296
1 2 10
440 418 20 93 157 52 222 220 270 456
1 15 8
287 381 21 157 454 135 253 106
1 13 8
217 59 277 467 220 428 114 374
1 4 5
362 473 183 364 46
1 8 3
329 438 3
1 6 5
482 262 61 5 279
1 6 10
425 135 138 51 248 390 402 231 358 448
1 5 4
143 474 0 491
1 15 7
88 407 275 276 153 157 264
1 3 2
71 261
1 4 2
358 375
1 14 4
123 392 313 431
1 14 7
105 42 189 382 474 387 144
1 19 5
166 388 230 128 349
1 13 10
65 272 366 298 61 470 158 315 263 128
1 18 2
70 421
1 7 5
33 108 460 140 144
1 6 4
336 164 169 425
1 10 2
5 246
1 4 3
279 1 296
1 15 10
182 100 146 391 467 346 260 250 489 498
1 5 7
37 197 145 334 200 33 94
1 1 3
440 232 255
1 7 4
417 78 305 178
1 4 7
163 199 358 473 166 261 469
1 5 9
225 86 465 100 152 415 303 168 250
1 10 3
358 173 378
1 6 7
103 113 56 18 46 375 325
1 5 6
352 66 78 200 4 202
1 7 9
341 475 489 443 397 266 454 10 37
1 17 6
177 16 292 257 388 270
1 5 3
304 434 227
1 20 8
416 483 87 162 335 402 306 285
1 19 5
272 304 37 221 228
1 15 5
290 310 201 302 236
1 16 3
308 105 497
1 5 8
287 455 175 198 309 232 99 112
1 12 6
62 388 409 452 220 374
1 18 7
262 121 39 295 185 448 186
1 10 9
193 104 38 490 227 474 166 407 278
1 1 6
354 333 306 382 30 363
1 16 9
319 15 246 133 231 113 370 74 155
1 19 10
396 107 418 37 422 78 311 71 378 466
1 8 3
408 215 115
1 10 8
381 443 399 178 260 24 335 489
1 15 4
92 472 418 123
1 17 2
209 448
1 18 4
467 102 494 88
1 8 10
327 313 35 366 478 12 142 289 262 435
1 5 6
115 322 328 286 465 64
1 1 5
285 17 486 237 435
1 5 6
216 7 451 174 107 409
1 3 7
303 121 32 48 98 259 392
1 11 2
144 69
1 2 8
457 406 372 121 377 480 291 242
1 20 5
120 251 314 204 1
1 8 10
66 355 179 11 135 436 69 74 166 444
1 16 10
302 398 38 388 250 371 146 83 115 240
1 19 5
450 347 267 23 396
1 10 5
288 495 116 207 280
1 1 7
457 264 295 18 160 14 468
1 9 3
428 254 247
1 20 5
10 82 266 125 416
1 17 10
275 306 145 208 131 222 271 25 303 447
1 11 5
381 16 96 214 496
1 14 2
205 291
1 10 4
192 120 174 229
1 4 9
408 117 27 377 391 32 197 470 95
1 1 5
148 423 126 0 39
1 13 7
57 431 182 377 493 36 266
1 11 10
81 440 305 276 98 112 144 232 287 355
1 8 10
499 359 413 436 14 295 342 424 208 17
1 16 2
495 435
1 2 6
407 103 195 444 400 449
1 12 3
179 93 173
1 14 7
255 298 454 235 473 303 268
1 18 9
124 298 360 432 454 469 452 104 159
1 1 10
265 411 169 335 353 362 53 72 250 121
1 1 6
392 413 113 338 273 7
1 9 3
387 431 61
1 4 8
437 283 489 343 16 78 478 48
1 6 4
488 201 63 316
1 10 7
77 8 469 349 59 329 112
1 9 6
194 3 353 195 200 129
1 5 6
274 344 284 442 92 123
1 17 4
72 153 336 360
1 20 2
492 311
1 13 7
80 16 461 396 269 358 259
1 9 8
60 412 182 373 277 84 380 334
1 12 3
376 75 163
1 4 8
365 456 8 232 114 294 353 246
1 2 7
160 418 356 233 463 151 67
1 4 8
72 31 326 222 355 233 235 484
1 7 6
147 267 271 487 167 28
1 10 7
111 232 269 227 440 40 110
1 14 9
234 174 464 85 73 126 351 68 263
1 8 8
221 15 95 291 268 493 302 13
1 8 6
257 465 13 95 121 421
1 19 10
62 411 235 446 369 264 138 404 331 158
1 9 4
396 63 498 241
1 17 5
64 18 224 69 309
1 18 2
68 40
1 1 4
379 87 100 205
1 15 2
253 284
1 10 7
17 119 63 201 18 85 267
1 13 2
294 425
1 17 10
409 99 466 375 296 314 181 252 431 60
1 13 4
168 244 169 460
1 15 6
354 163 186 134 406 387
1 3 6
380 355 434 10 63 328
1 16 8
44 179 398 213 287 482 34 324
1 16 4
254 268 334 61
1 9 4
32 337 489 403
1 10 4
347 137 219 59
1 16 2
486 280
1 1 6
157 431 401 235 8 38
1 6 5
218 239 336 248 383
1 3 8
385 15 139 113 152 34 398 123
1 7 4
488 240 354 327
1 5 6
388 209 164 411 7 409
1 17 10
396 274 4 34 226 316 140 459 287 147
1 1 9
75 248 115 25 68 162 76 181 333
1 15 9
184 87 41 148 284 484 436 246 382
1 16 5
150 496 4 116 241
1 1 8
396 306 448 48 11 64 457 157
1 5 3
140 259 182
1 7 3
231 77 401
1 6 9
193 361 75 129 170 291 440 152 295
1 19 3
310 224 36
1 6 8
339 108 47 41 290 450 321 445
1 20 5
333 401 23 118 408
1 12 5
14 468 291 61 18
1 13 9
306 104 130 433 120 27 281 379 34
1 2 5
26 234 334 385 307
1 17 4
251 241 29 283
1 17 8
310 302 229 134 226 406 244 322
1 8 7
81 235 133 275 197 24 451
1 11 8
372 240 321 393 387 364 53 456
1 18 3
399 379 308
1 9 2
327 22
1 20 8
399 468 484 151 372 499 209 307
1 14 5
497 461 333 284 488
1 20 10
377 315 475 81 74 300 339 428 436 287
1 19 8
9 151 375 396 69 477 59 206
1 13 9
243 432 111 119 242 84 470 81 30
1 5 9
475 397 493 298 26 7 384 5 377
1 5 6
393 149 461 98 72 456
1 16 4
101 171 451 398
1 11 9
386 308 198 230 482 136 325 495 115
1 2 2
238 282
1 13 4
243 318 292 234
1 19 6
79 207 53 231 393 206
1 2 5
487 209 127 40 75
1 3 10
154 238 284 364 351 327 443 358 144 130
1 14 5
119 346 464 349 335
1 3 7
207 249 70 439 64 368 93
1 6 9
113 256 452 454 182 377 406 167 487
1 3 3
64 13 20
1 4 10
18 294 82 449 361 330 309 97 250 54
1 1 10
322 14 389 92 413 448 106 44 484 321
1 18 8
196 226 131 366 27 299 282 209
1 16 6
416 367 272 215 190 472
1 17 8
7 411 187 325 373 236 308 126
1 7 9
348 299 151 236 350 76 209 102 109
1 2 8
416 175 154 274 412 73 8 371
1 7 3
413 339 170
1 9 3
101 250 425
1 19 8
427 147 444 13 367 10 381 258
1 17 3
71 443 136
1 12 3
15 37 56
1 10 6
215 385 346 150 101 347
1 9 7
52 432 78 74 21 299 451
1 10 6
481 155 292 411 486 79
1 12 10
216 145 355 207 328 339 462 240 179 329
1 3 10
247 139 340 353 434 68 161 425 179 151
1 10 7
24 330 189 366 310 328 34
1 14 6
335 482 91 85 75 400
1 2 3
414 386 367
1 12 2
132 46
1 8 2
290 208
1 19 9
89 15 114 451 105 360 295 388 461
1 14 10
382 188 17 256 93 419 268 149 461 305
1 1 6
58 34 412 16 202 283
1 18 3
68 54 127
1 18 7
422 375 14 65 134 18 0
1 17 9
450 493 215 75 156 137 3 84 194
1 18 2
291 432
1 2 4
87 142 295 298
1 16 7
347 308 289 63 121 172 45
1 10 10
68 116 264 88 356 495 140 92 188 202
1 12 10
467 101 46 64 496 144 121 129 329 72
1 8 3
321 461 27
1 15 2
293 72
1 2 3
145 3 496
1 20 8
225 242 234 322 140 65 408 159
1 6 5
82 346 62 219 260
1 3 4
464 488 37 120
1 9 6
413 249 215 124 8 37
1 19 9
118 126 127 469 191 17 26 235 120
1 1 4
404 330 333 56
1 5 3
67 27 129
1 7 4
75 237 418 494
1 3 3
205 217 19
1 11 8
144 311 42 424 264 156 114 312
1 12 3
279 339 68
1 5 3
142 412 55
1 9 2
140 65
1 2 6
50 473 173 300 31 418
1 3 5
10 488 105 274 412
1 9 3
50 206 378
1 7 5
200 489 430 260 78
1 17 3
129 326 286
1 2 2
287 396
1 14 8
341 362 338 31 279 468 421 460
1 13 3
306 109 135
1 5 7
269 103 51 219 33 441 212
1 8 10
405 493 25 387 201 354 193 317 289 490
1 2 2
185 203
1 20 7
58 59 286 215 330 391 412
1 13 2
205 175
1 12 8
220 279 453 106 343 478 292 78
1 12 9
60 477 27 210 66 246 43 91 340
1 15 10
16 262 141 370 434 490 102 309 99 149
1 12 9
111 408 235 424 397 323 273 275 280
1 16 5
4 396 188 484 10
1 16 10
55 88 369 408 439 292 430 348 202 328
1 1 4
340 189 33 174
1 16 4
193 252 169 454
1 16 10
346 1 387 222 81 366 141 59 476 428
1 13 7
274 418 468 188 129 225 81
1 6 9
290 440 485 331 426 163 370 293 203
1 18 5
185 165 94 289 459
1 9 2
18 59
1 16 8
383 357 20 97 399 329 489 259
1 5 3
262 21 323
1 2 9
67 217 112 190 325 94 273 41 95
1 7 4
403 280 139 483
1 13 7
492 164 53 422 381 335 108
1 13 7
380 452 436 320 443 211 123
1 18 2
418 461
1 4 5
77 464 117 382 312
1 13 9
476 315 280 206 412 28 270 494 374
1 1 10
414 372 394 464 363 194 415 46 90 53
1 6 6
278 454 451 306 409 287
1 7 6
152 237 38 93 465 111
1 19 4
215 178 241 85
1 18 7
203 213 78 156 150 305 453
1 17 4
151 134 467 212
1 13 6
88 313 478 493 332 185
1 17 2
167 9
1 16 10
135 305 91 360 102 117 199 1 129 330
1 8 2
141 262
1 18 8
199 446 184 26 441 449 40 43
1 20 6
73 482 457 424 319 6
1 13 5
381 259 98 407 422
1 17 10
246 143 464 11 8 133 73 338 89 302
1 10 6
162 271 465 329 424 119
1 17 3
496 249 335
1 10 9
216 275 93 195 244 181 175 69 227
1 7 8
362 226 75 125 367 162 107 461
1 19 2
274 197
1 10 7
461 448 404 148 235 481 309
1 12 6
54 195 343 62 384 240
1 14 3
230 71 175
1 6 5
155 353 251 210 257
1 15 4
81 52 279 366
1 5 4
374 93 497 199
1 15 7
437 7 410 210 294 408 394
1 20 4
385 261 412 8
1 4 10
93 141 28 168 337 396 430 182 71 334
1 19 4
385 311 360 427
1 9 10
80 201 483 294 243 446 379 88 246 108
1 3 6
258 3 64 432 10 114
1 4 2
337 251
1 10 4
245 478 218 7
1 3 3
425 400 221
1 9 3
36 333 454
1 11 2
321 106
1 5 7
439 266 329 75 413 187 354
1 1 9
125 471 328 109 322 388 249 149 32
1 9 3
24 11 305
1 20 8
124 477 208 497 171 127 328 356
1 17 2
65 37
1 3 6
399 248 350 112 7 122
1 11 5
254 384 86 379 248
1 1 5
68 315 248 329 356
1 17 3
405 493 113
1 17 10
355 233 471 47 298 234 299 209 65 422
1 3 7
223 342 439 260 312 19 181
1 7 6
484 414 497 325 175 402
1 20 9
15 160 0 212 124 434 452 367 137
1 16 2
340 26
1 12 7
471 110 129 442 438 155 382
1 3 3
16 443 255
1 14 8
220 103 307 371 239 332 264 15
1 17 3
479 348 16
1 7 6
147 17 440 118 127 309
1 4 7
366 337 323 325 158 472 176
1 1 4
257 1 477 429
1 8 9
490 164 168 411 396 12 224 401 325
1 12 7
459 246 224 438 101 148 282
1 4 3
6 482 311
1 13 6
387 452 81 182 336 29
1 10 7
70 411 37 60 167 396 295
1 5 8
450 171 215 11 77 477 191 368
1 4 6
121 434 167 202 26 310
1 18 4
72 404 413 227
1 1 9
337 209 479 357 342 317 273 72 426
1 5 2
306 107
1 8 3
79 408 60
1 20 3
314 5 162
1 11 10
348 312 12 152 101 380 121 432 391 285
1 9 7
222 193 471 264 108 271 450
1 13 7
456 205 271 272 261 262 274
1 19 6
285 388 206 15 238 342
1 7 2
88 1
1 2 3
364 299 217
1 7 7
146 267 451 184 268 461 27
1 13 5
103 283 215 100 475
1 1 5
80 344 480 320 317
1 5 8
76 90 496 10 261 86 270 380
1 20 8
244 202 83 48 384 29 36 336
1 3 9
437 251 71 30 119 190 391 109 229
1 14 5
83 431 51 225 214
1 3 3
456 45 216
1 7 9
157 73 390 447 189 137 166 369 93
1 14 2
231 32
1 19 5
368 246 107 56 83
1 4 4
498 381 297 247
1 7 4
46 415 166 88
1 15 7
147 403 227 316 417 485 65
1 20 6
295 363 31 445 322 78
1 5 5
14 161 135 119 151
1 15 4
439 137 473 417
1 20 4
414 261 430 89
1 17 2
433 435
1 10 6
407 184 319 415 497 22
1 18 6
370 192 24 231 155 387
1 14 9
297 217 493 456 91 147 485 71 308
1 17 2
174 272
1 9 2
117 202
1 2 10
261 479 49 177 79 344 314 450 175 184
1 8 4
135 373 496 105
1 8 4
398 408 372 51
1 7 5
245 225 191 305 141
1 3 5
493 257 129 303 26
1 4 7
399 348 465 310 154 1 72
1 20 2
462 37
1 18 5
121 275 485 390 147
1 11 3
201 435 406
1 4 8
74 113 438 369 231 44 4 409
1 11 9
78 421 401 457 357 97 313 449 283
1 10 9
449 26 384 171 348 48 150 53 144
1 16 7
309 106 179 98 299 364 329
1 14 6
175 386 20 33 377 352
1 20 3
98 132 32
1 7 6
13 364 204 460 69 67
1 14 7
333 453 248 356 321 251 362
1 11 7
364 363 40 293 107 432 98
1 20 8
219 250 492 37 438 124 426 156
1 14 6
98 226 137 482 320 138
1 6 10
355 340 62 148 88 453 192 418 96 306
1 9 6
91 475 462 31 21 312
1 6 8
222 326 248 313 426 247 152 2
1 2 6
345 67 317 313 140 266
1 9 9
274 93 97 103 327 259 68 249 212
1 20 9
366 472 386 32 69 290 146 113 379
1 1 5
95 194 447 346 119
1 7 5
124 157 60 111 14
1 18 7
171 31 424 493 90 75 340
1 2 9
238 378 326 373 455 429 89 477 105
1 15 7
23 478 494 155 391 364 14
1 10 6
420 152 396 283 31 284
1 10 9
144 472 21 370 228 381 158 170 367
1 13 5
351 144 57 33 304
1 6 9
480 178 153 162 74 77 251 80 169
1 4 8
248 278 262 490 489 498 402 280
1 12 9
451 170 175 290 487 258 194 472 445
1 11 8
62 157 355 493 234 396 94 136
1 8 10
369 248 415 414 188 215 277 494 90 426
1 20 4
372 485 213 202
1 1 5
68 215 463 450 448
1 8 7
158 172 322 296 388 458 401
1 15 10
408 459 264 270 496 488 166 454 201 399
1 12 4
467 80 111 414
1 16 3
318 341 103
1 13 10
239 294 193 66 283 17 263 342 197 490
1 15 3
315 162 309
1 18 4
113 411 393 307
1 1 9
224 136 54 232 43 82 80 427 421
1 3 7
416 160 158 5 220 137 271
1 6 7
221 468 410 336 340 199 236
1 4 10
2 277 138 416 489 279 260 82 323 456
1 10 10
483 412 166 361 350 238 398 152 10 66
1 5 5
362 101 57 9 351
1 17 7
54 201 393 375 155 495 9
1 7 9
249 197 186 152 415 156 223 224 164
1 11 7
17 298 240 110 245 480 468
1 20 6
452 488 189 18 296 261
1 14 6
385 109 398 490 209 357
1 8 4
316 267 88 68
1 5 3
122 444 138
1 9 8
379 36 46 158 122 168 191 299
1 15 10
203 433 174 368 294 275 233 462 430 283
1 15 5
137 373 318 139 390
1 15 2
489 169
1 8 7
26 163 149 236 113 337 207
1 10 8
426 266 295 389 6 257 363 73
1 9 10
337 310 348 341 165 397 175 65 441 212
