532 0.22616
546 0.245537
563 0.226513
533 0.198412
501 0.18224
563 0.214777
517 0.0810343
544 0.158734
514 0.148032
553 0.140985
175 0.447862
165 0.570792
183 0.469415
171 0.506785
209 0.413573
177 0.595679
172 0.314362
211 0.474848
175 0.306731
185 0.21622
1270 0.0314314
1338 0.0580989
1261 0.109799
1258 0.0479227
1281 0.0407304
1388 0.0358382
1288 0.0689904
1346 0.036423
1337 0.0536997
1269 0.0441734
1032 0.140736
1074 0.117082
1177 0.100826
1127 0.0811599
1099 0.144471
1213 0.143083
1104 0.156799
1044 0.218983
1121 0.17252
1087 0.167824
