3894 0.500154
4195 0.500105
4294 0.500094
4082 0.500106
4070 0.500077
5111 0.500726
4623 0.500177
4288 0.500545
4416 0.500332
4169 0.500334
3629 0.500068
2780 0.500119
3836 0.500402
3882 0.500417
4137 0.500158
3527 0.500137
3565 0.500405
3437 0.500333
3533 0.500185
3505 0.500142
4063 0.500075
4119 0.50011
4149 0.500076
4016 0.500104
3981 0.500085
3833 0.500114
3757 0.500137
4036 0.500116
4139 0.500086
4238 0.500133
3867 0.50015
3911 0.500094
4035 0.500167
4412 0.500184
3819 0.500115
3678 0.50007
4116 0.500073
4163 0.500081
4382 0.500162
4083 0.500192
