6320 0.500229
5601 0.500178
6268 0.501383
5982 0.501042
6102 0.500127
5748 0.500774
5703 0.500227
6103 0.50091
5889 0.501546
6351 0.501199
4196 0.500613
4520 0.500597
5728 0.500246
3898 0.500219
4118 0.500627
4592 0.500098
3853 0.500673
5148 0.500192
4360 0.500488
5195 0.500131
5927 0.50034
5360 0.50072
5738 0.500184
5601 0.500214
6334 0.500195
6093 0.500281
5730 0.500175
5735 0.500078
5808 0.500131
5899 0.500175
6130 0.50014
5839 0.500171
5971 0.500169
5806 0.500105
6471 0.500308
5931 0.501013
6013 0.500056
6141 0.500212
6041 0.500157
6005 0.500127
