358 0.18026
418 0.362657
444 0.334507
395 0.226228
412 0.175957
419 0.324465
447 0.478488
413 0.155856
397 0.179671
377 0.328663
142 0.328628
125 0.600686
126 0.536715
127 0.515244
133 0.464534
113 0.254631
133 0.363422
125 0.33211
135 0.476563
134 0.408585
1795 0.160004
1718 0.177322
1657 0.115991
1687 0.117325
1794 0.0927989
1791 0.125725
1775 0.173923
1786 0.117794
1654 0.113158
1809 0.203084
1520 0.600493
1477 0.227226
1345 0.240738
1347 0.271017
1509 0.205735
1312 0.404947
1311 0.402619
1465 0.483325
1367 0.433191
1291 0.356784
