680 0.0692109
713 0.0449843
661 0.0464714
648 0.0541811
692 0.0857814
702 0.0729602
598 0.0716983
705 0.109994
660 0.0727936
608 0.0601027
262 0.421743
276 0.182437
280 0.265702
292 0.250897
281 0.273981
258 0.143793
229 0.155425
270 0.226153
260 0.206587
272 0.143186
953 0.0250833
1037 0.0180644
888 0.0137774
960 0.0278518
1027 0.0279741
948 0.0132308
917 0.0145746
993 0.0168053
913 0.0134477
948 0.0263372
810 0.0967663
845 0.0767629
834 0.0835727
871 0.0705765
871 0.102832
918 0.0459197
775 0.0871403
874 0.0457771
807 0.0352713
843 0.0483337
