500 1500 775
5 2 2 2 15 11 29 19 1 20 24 28 18 5 18 8 26 29 4 18 18 22 25 29 12 2 21 8 11 20 13 28 22 3 20 17 24 2 30 4 12 20 15 15 19 12 26 13 7 8 20 6 24 1 25 9 22 23 20 21 26 30 30 12 10 25 6 22 12 8 28 22 9 29 18 4 23 21 26 3 5 27 21 8 15 4 15 1 18 14 15 9 20 22 21 3 5 26 9 1 13 8 15 4 7 28 13 10 6 5 1 21 2 10 22 28 1 11 26 14 12 5 4 28 29 25 8 23 2 3 16 1 7 20 2 27 18 11 24 22 7 8 7 23 30 8 28 6 23 24 19 24 21 6 9 2 3 9 11 18 4 12 2 3 28 12 25 23 13 19 23 4 21 30 16 15 16 21 3 24 29 21 9 29 28 7 24 18 2 29 2 8 12 19 12 30 7 19 14 8 28 2 25 8 15 3 5 3 27 26 9 8 1 7 3 25 6 4 17 15 1 29 7 16 29 24 27 24 20 29 11 22 22 5 25 16 23 23 8 1 7 12 11 11 21 21 10 23 30 5 18 3 21 17 10 3 8 20 29 12 15 21 22 9 30 22 27 8 5 29 18 23 10 28 9 18 23 20 20 23 15 11 28 3 8 14 26 1 9 24 19 22 22 25 6 13 25 1 18 14 5 15 2 18 14 10 29 23 28 9 17 9 28 8 15 17 13 9 21 24 13 16 1 16 19 14 27 20 4 17 5 23 14 1 16 6 3 17 19 29 23 30 22 9 1 27 24 1 10 27 6 24 8 30 15 24 11 3 28 29 21 7 21 8 9 16 20 27 15 30 22 30 29 6 4 21 13 14 24 28 5 7 13 11 17 23 14 10 19 23 18 14 4 20 16 7 22 15 11 10 14 16 13 7 5 9 19 20 1 17 25 10 18 17 16 1 10 30 28 16 21 13 15 15 15 28 5 29 14 19 16 29 15 21 7 8 12 2 25 10 26 23 20 16 9 17 12 4 7 11 8 10 25 16 4 16 20 18 18 3 11 22 26 18 16 9 22 24 10 19 5 26 4 21 30 13 20 10 14 24 16 13 1 13 30 22 24 23 1 20 7 9 30 11 23 4 16 18 2 3
1 6 3 12 4 26 3 7 27 5 1 3 24 14 7 9 2 4 27 9 17 21 20 14 22 28 26 28 6 12 23 14 11 23 10 30 13 11 27 13 3 16 6 17 5 15 25 13 16 11 7 13 15 30 26 8 8 25 1 12 25 19 5 15 29 1 6 28 22 5 19 1 13 8 11 16 2 27 12 3 25 14 30 10 15 16 17 16 5 16 9 14 26 13 1 13 1 12 6 8 8 30 11 26 4 11 24 2 23 4 21 17 15 28 5 7 20 3 21 13 10 15 22 16 10 29 6 26 28 4 1 30 24 4 20 21 3 11 25 24 13 24 28 11 22 25 11 22 3 13 26 22 15 19 25 3 18 22 3 26 11 12 6 4 21 5 23 21 9 8 19 27 6 14 28 13 17 24 14 4 16 12 3 12 11 1 11 17 29 26 8 27 19 20 14 2 13 17 29 27 5 30 23 7 23 21 14 8 28 3 10 18 2 11 3 5 5 24 7 3 15 26 22 21 20 3 18 7 9 21 23 24 22 7 9 8 14 15 9 18 12 18 11 15 4 5 19 28 1 23 29 12 1 17 22 28 28 27 9 11 17 7 28 23 10 18 25 11 21 12 20 12 1 1 5 11 17 18 12 12 15 25 4 18 12 3 28 3 18 18 20 13 1 2 28 3 18 21 7 23 18 27 15 20 27 6 17 3 8 29 2 20 13 3 7 7 9 20 12 26 27 1 28 22 5 14 13 9 30 18 21 4 1 25 17 26 27 8 11 28 2 3 14 17 7 30 18 23 14 6 16 20 27 27 23 27 13 16 6 13 2 17 27 21 5 19 28 27 19 8 3 25 29 24 6 14 25 22 10 29 20 21 7 11 19 21 22 27 26 21 7 1 12 30 2 19 9 26 25 28 18 10 1 6 12 14 3 23 19 16 22 15 16 1 18 2 8 13 28 25 21 17 1 30 7 23 11 2 19 30 26 19 16 11 9 19 16 8 20 7 15 26 29 19 2 29 2 17 10 8 30 11 23 18 5 1 14 29 5 10 17 7 7 30 12 20 7 6 18 2 2 15 18 5 30 8 29 21 4 1 22 1 21 17 14 26 3 30 14 11 13 3 8 19 28 9 5 4 3 27
10 1 20
140 212 374 20 27 317 475 479 43 40 363 412 274 401 440 249 269 275 70 415
7 19 22
40 179 52 18 199 36 149 100 273 5 96 172 384 0 173 62 136 376 368 473 245 1
1 11 14
56 272 491 397 129 330 257 322 213 59 496 243 358 337
11 5 25
368 184 227 288 408 401 274 281 340 306 62 373 167 34 126 157 25 152 419 470 309 111 381 237 68
10 19 16
189 456 235 267 179 374 9 426 439 200 72 282 256 398 230 149
13 18 25
50 193 429 265 107 478 389 263 481 392 72 403 12 358 254 49 330 98 475 112 401 166 79 24 9
8 18 17
258 394 65 441 116 66 395 314 92 360 309 384 299 445 113 202 269
1 4 18
188 493 192 392 170 393 280 127 67 171 114 452 411 150 141 244 291 221
1 3 20
223 348 366 382 161 335 172 343 183 129 254 242 282 236 322 118 354 142 18 309
5 11 16
420 230 425 286 51 370 55 259 485 317 407 164 376 488 454 100
2 10 24
0 311 172 485 36 5 484 74 363 409 353 275 50 440 351 438 33 264 67 343 297 139 364 32
11 18 22
164 327 486 134 407 310 212 186 274 138 175 12 378 395 294 385 428 367 265 63 387 182
7 20 18
303 307 79 355 38 456 182 31 396 496 254 467 468 309 257 474 408 353
4 11 8
456 346 151 406 386 231 112 54
2 11 3
334 368 478
1 10 3
374 458 169
1 18 3
114 38 52
12 19 21
297 419 34 465 119 50 77 467 337 293 15 123 85 289 387 105 185 321 216 276 142
1 12 8
312 393 437 321 42 324 59 302
6 7 23
63 416 262 188 390 279 38 348 318 79 355 29 155 235 292 217 149 347 309 443 139 328 247
9 9 16
197 389 263 357 162 34 274 283 302 445 201 426 379 358 253 61
1 8 21
495 148 303 404 215 11 491 29 434 410 111 269 70 481 90 86 229 6 174 439 19
1 19 12
329 99 470 447 262 60 341 307 277 116 423 173
7 2 20
170 190 195 217 218 40 353 203 339 315 455 219 376 36 71 25 419 414 235 248
2 13 3
442 179 196
5 18 19
397 133 29 348 468 46 231 204 12 47 2 26 489 182 77 40 326 127 353
12 15 23
431 22 18 343 72 5 218 180 429 202 47 158 298 370 70 228 402 460 155 327 151 289 491
7 5 12
276 126 331 308 124 212 336 431 197 190 279 280
7 13 14
288 72 341 368 4 119 192 323 210 328 129 164 190 98
2 8 6
446 79 23 145 139 378
2 2 5
162 53 407 497 256
14 12 22
278 480 470 8 28 95 84 111 149 171 275 83 131 343 386 239 337 138 381 369 162 383
9 13 16
189 453 96 253 463 61 71 66 351 358 293 245 247 305 6 425
2 14 5
229 35 353 179 311
1 13 3
207 350 270
12 3 21
10 49 225 333 35 233 368 298 193 160 106 138 244 242 61 460 87 6 380 29 42
15 8 25
364 168 50 79 405 100 23 230 329 109 350 494 390 499 194 71 40 324 267 338 342 471 165 263 105
2 14 7
251 487 28 465 30 367 26
5 11 10
333 71 15 157 219 361 136 349 499 271
3 16 19
32 371 420 112 305 477 267 449 107 245 172 125 291 13 152 235 22 425 97
6 1 20
392 178 145 142 243 352 375 361 448 85 309 94 399 405 330 422 292 329 95 207
4 14 10
372 12 320 460 327 463 210 19 173 329
2 8 14
13 463 161 331 212 376 367 5 258 490 410 286 202 474
8 14 25
122 327 249 183 497 37 453 427 110 442 164 460 229 203 64 29 286 484 223 415 296 237 479 384 166
4 3 19
456 246 128 330 244 91 18 93 260 391 252 148 449 358 262 261 348 198 272
1 3 4
103 235 48 484
12 12 19
119 7 268 123 221 401 334 125 24 209 479 13 126 499 234 278 3 288 132
11 17 20
105 154 412 129 248 425 169 353 371 247 20 380 120 294 323 321 449 41 112 411
6 16 11
128 493 114 231 473 403 180 297 294 225 438
3 4 6
324 152 298 238 443 180
1 2 5
449 124 205 464 212
1 13 8
342 252 127 373 443 160 12 15
1 13 2
178 138
3 6 12
272 161 250 249 292 363 120 374 88 368 194 202
1 3 2
262 403
2 9 11
133 301 397 311 98 485 175 387 279 185 94
3 9 10
147 190 90 113 198 83 127 465 356 93
1 14 4
75 380 487 464
3 19 5
153 160 287 162 290
1 15 4
262 352 358 441
4 11 24
68 140 70 418 392 283 142 298 496 328 495 322 182 170 67 198 436 194 63 246 461 367 411 195
3 15 7
452 98 207 126 149 16 230
4 19 20
273 187 183 172 355 305 327 331 438 484 70 488 97 359 200 272 403 387 328 237
2 18 12
483 94 270 34 284 451 498 488 25 376 258 496
1 8 2
276 42
3 16 13
380 399 333 478 415 94 233 234 325 368 423 410 362
2 1 5
62 95 63 279 89
6 6 13
126 328 322 383 437 250 344 401 440 463 56 330 449
3 14 9
487 38 281 110 198 364 381 190 235
7 13 14
485 263 120 426 261 184 51 421 233 29 287 317 77 106
3 6 6
279 393 339 325 142 334
1 3 3
96 333 308
9 7 16
471 332 236 355 3 266 239 394 204 252 419 62 492 416 404 52
4 18 25
391 149 218 44 411 110 338 216 373 418 416 402 153 130 316 167 173 142 245 325 97 450 468 484 232
9 10 19
279 299 492 277 294 414 490 369 125 285 322 201 346 69 99 204 217 350 389
7 1 12
335 16 177 166 302 356 319 131 236 331 329 382
1 7 3
400 19 116
2 7 19
307 421 278 312 376 354 468 47 263 61 350 171 483 245 481 381 117 190 168
15 5 23
225 305 261 298 245 258 197 167 496 8 180 227 332 44 353 230 312 491 128 142 283 281 25
11 10 18
184 383 325 294 226 330 37 12 220 216 111 202 154 261 475 224 142 118
9 11 14
324 329 82 4 79 376 235 497 177 63 13 341 77 398
1 8 8
277 23 22 444 59 99 186 1
1 12 3
455 58 343
9 5 14
356 228 389 485 133 93 451 331 482 310 352 4 401 130
14 14 25
241 231 472 234 324 18 423 388 42 168 102 294 35 343 344 426 330 156 420 371 119 314 93 203 435
9 18 19
468 228 423 192 357 346 488 317 21 245 337 89 24 361 224 411 141 389 83
2 17 14
413 49 308 450 317 394 203 85 485 122 71 270 162 427
1 2 2
451 391
1 1 4
324 323 30 204
9 11 14
311 159 254 137 37 3 481 96 378 139 274 187 458 330
2 16 3
460 287 126
3 10 10
465 69 253 299 424 204 96 27 14 364
5 11 9
340 162 436 252 50 153 269 437 375
4 12 11
497 405 74 76 407 193 478 224 40 38 189
5 7 14
145 274 391 29 207 459 43 14 422 206 381 97 188 182
2 18 8
271 65 229 17 62 142 390 54
4 16 13
491 481 350 302 120 424 68 458 338 494 116 22 324
1 6 11
375 497 179 297 118 424 147 167 371 342 35
11 8 17
361 411 115 490 46 81 407 314 196 307 457 383 268 77 230 439 340
3 1 24
354 386 285 49 132 379 41 211 135 116 214 278 393 168 348 178 206 424 349 389 166 202 286 171
2 1 25
485 256 273 170 85 307 484 105 437 407 466 24 279 449 251 76 495 45 50 81 269 230 384 323 375
2 20 10
111 148 283 150 453 441 157 179 26 408
1 18 8
45 348 129 151 119 153 221 226
5 19 13
115 335 19 388 223 48 264 87 430 320 452 96 293
10 3 22
329 192 342 279 62 284 378 128 348 414 376 161 290 132 404 230 291 273 179 154 231 251
11 16 18
186 287 330 273 246 264 229 387 1 444 211 290 254 108 391 26 220 458
6 3 9
80 192 218 336 419 296 461 291 33
5 12 8
295 390 243 119 170 397 56 236
1 16 2
184 155
5 4 14
204 388 373 411 222 261 124 230 159 474 241 158 194 383
1 15 13
42 197 61 453 297 327 411 455 282 432 246 450 60
1 13 7
304 147 50 492 354 325 229
1 6 15
188 362 19 48 430 418 240 121 495 296 18 338 330 268 317
10 20 21
62 33 21 380 83 17 465 290 201 490 321 98 314 9 243 198 247 300 152 287 204
6 4 10
261 409 48 139 123 99 400 204 327 355
1 1 12
236 292 78 110 63 116 97 153 36 315 203 107
1 11 4
214 187 477 355
3 14 18
261 101 30 113 301 356 203 162 80 417 450 73 0 91 412 474 166 274
1 13 2
435 178
2 3 11
341 183 420 494 335 153 124 163 349 497 30
1 7 7
227 56 480 325 415 420 277
1 2 17
130 223 39 181 115 175 324 88 156 374 497 100 202 112 345 76 70
9 15 16
344 92 219 268 149 307 48 230 107 411 436 306 249 402 265 171
11 8 24
451 112 278 130 344 395 449 288 416 12 457 58 480 345 482 39 336 311 204 405 404 246 402 73
11 17 23
116 248 211 441 266 231 28 219 427 42 364 457 213 23 227 72 237 129 434 59 200 313 280
8 2 13
340 320 267 120 469 432 50 403 169 13 25 269 428
9 14 21
464 264 433 351 120 248 475 82 482 277 432 194 162 210 442 278 37 139 175 190 327
7 2 12
363 232 344 42 351 30 206 44 375 418 190 105
7 14 11
49 101 173 406 283 470 130 2 325 87 185
2 13 4
352 197 460 385
10 7 25
121 133 382 310 168 403 174 235 349 425 45 180 237 460 346 170 320 496 487 259 179 316 376 375 399
2 10 7
318 413 174 280 62 223 252
4 11 22
271 350 268 216 478 240 319 14 176 223 123 69 332 21 353 347 325 180 294 481 429 162
1 13 18
205 230 225 208 334 272 394 4 300 237 90 109 455 409 236 55 36 318
10 1 19
61 196 335 44 381 134 200 491 125 492 305 153 28 142 417 309 285 385 169
2 6 3
281 186 478
2 16 16
338 233 451 401 238 184 499 95 57 252 311 124 166 268 445 172
2 2 19
290 81 427 59 254 68 394 369 335 415 61 333 69 24 342 320 380 409 304
1 19 3
111 306 498
2 7 11
490 166 272 141 373 371 298 213 4 450 471
6 2 15
45 72 311 375 358 229 122 363 88 115 430 113 119 461 208
1 18 2
430 298
10 18 20
11 243 291 164 463 19 439 112 181 412 104 153 215 142 137 276 126 232 191 423
3 9 9
471 434 30 326 212 223 489 316 281
10 20 18
327 290 274 122 365 174 113 336 276 59 256 169 472 112 251 236 1 271
10 9 20
435 8 444 381 286 492 297 223 472 207 48 483 295 453 182 116 319 157 303 19
1 9 2
255 352
3 2 5
263 478 374 149 299
1 1 4
304 254 465 298
5 2 18
375 123 469 166 350 35 344 327 401 95 297 343 418 254 122 34 449 387
7 18 19
424 323 25 318 499 75 475 79 184 434 326 498 17 148 214 491 400 102 476
7 19 18
356 290 311 141 288 425 376 293 333 175 476 86 383 40 350 337 153 277
4 12 14
35 80 320 224 252 358 7 197 267 4 298 351 435 458
2 17 5
331 495 113 295 381
12 14 23
112 286 123 23 11 2 390 371 183 374 177 437 105 221 48 65 299 168 72 488 397 111 93
13 1 20
62 464 244 397 456 180 333 475 43 183 90 448 189 361 24 249 195 446 473 54
5 13 12
13 198 155 89 216 320 492 247 29 376 40 277
5 12 13
22 81 329 345 173 342 204 89 420 424 10 253 482
1 19 2
498 326
9 2 19
290 111 113 261 394 107 53 54 274 297 373 495 108 426 77 327 6 208 451
8 4 21
244 89 454 438 90 266 210 396 298 275 38 161 138 132 362 487 125 446 312 31 194
6 17 16
474 457 300 340 369 451 163 259 180 197 179 372 157 262 329 217
9 18 24
416 117 152 115 324 411 121 52 390 278 320 71 329 225 419 483 374 280 228 81 169 264 456 246
4 11 8
326 362 206 457 123 143 445 35
3 17 9
92 175 464 212 266 130 380 462 69
11 20 19
407 398 10 230 45 443 306 73 345 226 50 105 236 47 379 472 98 320 154
7 12 23
100 193 216 161 235 499 396 409 464 10 203 247 159 9 36 287 1 293 324 250 95 96 186
8 13 24
215 5 121 14 235 467 222 484 208 321 57 202 211 425 3 97 184 231 319 77 242 494 10 107
8 19 12
168 149 68 5 99 186 386 175 312 268 172 50
2 5 16
311 498 13 247 271 406 110 178 128 226 248 463 452 411 432 290
4 8 6
79 8 62 162 221 228
3 11 19
272 120 463 393 305 390 244 53 489 338 324 483 54 269 429 91 102 166 168
1 5 5
326 9 213 355 463
12 8 22
120 183 310 287 362 128 330 51 230 97 180 349 424 134 21 38 450 430 301 491 431 168
2 17 21
35 491 34 399 490 144 275 223 382 449 254 280 387 393 67 60 426 407 55 113 240
11 6 25
402 302 298 172 413 212 461 171 457 147 481 43 288 415 221 94 81 368 446 342 348 491 65 106 33
9 3 25
335 79 137 233 134 48 379 492 51 99 368 12 266 431 77 496 103 337 440 27 461 446 212 195 279
4 18 14
131 392 319 188 52 304 277 478 19 104 147 204 211 94
2 4 9
497 182 203 208 388 332 307 264 362
2 12 9
443 459 404 100 365 241 184 492 336
2 1 14
342 20 317 290 1 214 116 94 404 313 252 288 265 91
15 2 24
109 74 276 402 439 107 390 120 343 220 315 384 258 261 260 366 358 457 410 16 197 317 51 400
8 1 12
135 432 376 351 176 472 247 256 382 88 482 22
5 18 13
196 46 13 307 441 412 358 475 343 190 152 193 134
7 14 12
337 406 278 381 189 202 43 18 396 107 411 128
2 1 3
18 191 204
8 7 19
211 65 113 337 95 238 393 224 169 407 321 250 173 70 309 475 489 200 308
9 12 20
186 68 24 462 413 311 35 92 152 172 347 494 119 274 438 369 305 387 481 129
2 4 4
172 204 109 381
4 9 16
236 83 335 391 19 280 163 314 57 24 250 306 366 422 289 480
1 15 4
398 5 132 316
4 18 7
126 51 494 266 403 345 112
2 10 4
182 410 124 157
3 4 12
384 125 283 387 215 144 306 102 59 87 206 367
1 7 8
308 9 112 403 468 145 299 430
5 19 8
489 425 460 400 91 222 181 160
3 2 10
494 248 496 161 263 337 225 480 189 356
1 9 4
323 50 424 289
5 11 18
444 91 235 83 43 96 405 155 304 14 346 400 416 60 434 48 1 230
14 16 23
55 41 178 397 493 393 261 463 67 427 442 347 477 35 236 14 151 338 387 286 457 158 228
1 4 21
438 14 25 296 239 219 396 29 287 81 149 350 319 274 297 136 48 166 331 139 276
1 12 10
298 358 10 340 405 322 154 80 89 49
9 2 22
111 496 239 278 484 284 151 240 22 89 295 289 199 365 446 345 455 399 190 8 434 444
3 6 9
14 15 66 479 164 155 391 282 27
5 12 20
350 398 328 90 467 303 473 191 326 146 262 109 297 41 339 213 369 138 86 106
11 12 19
494 176 389 178 183 206 313 268 13 5 223 310 306 392 472 257 294 358 381
2 1 24
12 242 349 278 369 252 297 164 134 265 245 274 84 330 394 308 114 444 477 368 445 127 88 218
6 1 16
266 50 192 133 347 440 124 12 279 271 41 287 84 46 191 138
4 20 14
65 167 407 100 18 188 248 221 458 176 395 468 181 311
4 2 11
170 104 407 476 330 251 206 103 130 6 448
6 14 11
185 328 361 112 182 155 404 368 381 228 146
2 13 5
260 288 422 3 284
3 20 6
149 430 153 497 281 16
11 7 20
122 106 461 361 35 310 249 498 451 344 64 174 381 346 293 27 396 94 125 126
5 6 19
223 411 307 440 159 426 278 263 469 428 358 372 333 461 480 432 438 326 90
4 13 24
451 214 219 66 397 479 60 162 166 254 472 318 288 137 371 426 20 461 478 432 286 439 122 103
2 8 5
126 419 334 240 422
2 5 6
393 133 117 363 98 56
1 12 6
390 289 170 261 344 94
4 1 20
49 303 207 131 481 52 144 214 89 338 452 488 217 411 436 192 453 281 321 389
8 10 14
390 485 102 122 190 356 37 479 441 483 171 146 137 386
3 18 19
361 119 123 64 475 244 442 30 320 201 458 434 65 332 269 303 314 313 79
5 17 13
76 66 246 489 151 65 235 73 14 305 100 108 5
3 16 9
144 6 320 453 249 177 433 56 383
2 6 11
408 63 153 138 483 225 465 161 319 336 30
6 18 13
298 404 55 418 399 363 467 10 395 143 228 401 414
2 3 11
182 464 34 172 12 229 73 421 323 495 458
10 11 20
235 354 460 177 210 8 121 367 63 190 130 369 283 259 192 426 249 48 150 305
1 16 25
491 214 19 431 167 166 388 295 185 426 43 91 202 317 38 333 349 260 437 52 379 20 463 146 281
10 19 19
228 354 5 9 96 461 493 313 14 303 44 338 494 12 6 352 372 470 456
3 14 10
417 457 290 367 301 43 472 195 283 6
13 18 23
182 194 407 197 265 482 222 386 140 393 240 94 163 351 440 215 463 40 75 448 11 397 410
7 19 16
293 392 186 74 59 369 34 82 41 453 410 175 265 189 58 25
12 4 21
108 151 153 101 328 125 10 394 25 39 392 34 20 189 116 312 338 13 491 91 286
6 17 22
392 53 103 406 151 261 212 290 124 365 400 22 363 139 150 199 422 495 431 361 262 350
9 3 23
481 496 440 178 189 125 85 51 461 344 325 141 254 62 292 135 323 455 14 349 232 369 406
1 3 4
301 389 177 281
15 18 24
154 413 330 466 254 482 207 96 53 458 221 34 165 493 71 195 262 251 112 124 426 373 364 398
1 2 16
117 285 270 268 93 136 274 452 311 438 130 41 240 45 308 400
2 12 6
494 166 491 263 53 294
4 15 17
145 236 276 404 354 416 25 345 13 161 273 296 360 382 138 419 447
1 20 14
319 24 324 159 248 127 90 363 183 30 201 135 166 39
5 2 18
385 482 470 27 455 32 39 428 240 68 414 402 53 380 228 175 166 16
2 9 4
294 290 359 75
1 1 10
259 397 188 320 253 477 443 432 19 73
15 14 23
179 329 322 412 336 279 1 98 231 339 161 331 150 430 64 54 271 394 42 464 66 154 319
7 20 17
146 213 116 338 208 112 410 361 285 325 450 176 178 457 130 313 106
6 12 16
107 249 117 340 182 84 139 98 116 33 215 12 455 258 489 114
1 8 18
297 113 466 57 361 184 495 281 24 180 15 241 296 285 208 258 441 431
5 6 11
428 399 163 276 419 284 167 479 82 180 366
2 6 14
193 345 47 469 32 168 211 4 160 395 480 385 413 27
2 16 4
330 414 98 301
7 9 20
316 243 384 299 164 68 235 254 335 357 119 294 49 266 41 179 211 55 312 42
1 20 8
496 398 488 186 428 86 438 165
11 15 17
243 193 476 423 230 351 467 394 285 451 16 83 205 311 464 440 379
10 14 25
163 89 395 93 106 345 81 239 67 422 153 453 119 385 470 49 472 286 242 448 293 281 413 7 263
3 13 25
496 397 243 161 443 188 372 214 453 109 195 35 227 225 131 226 351 233 321 206 359 30 375 11 117
3 7 7
417 110 100 254 180 52 21
10 9 23
288 339 280 487 469 48 252 389 249 450 16 368 33 262 152 371 201 69 11 59 333 395 390
5 17 17
420 109 498 94 422 483 140 320 492 355 278 384 451 107 354 105 135
7 11 18
316 430 1 312 446 29 441 106 279 183 114 193 97 147 329 187 66 268
1 1 19
206 474 304 174 443 38 410 224 382 368 135 425 286 333 67 252 376 194 444
5 6 9
445 71 217 434 448 82 111 85 166
6 16 24
335 118 159 258 406 121 456 169 172 439 178 288 112 100 457 473 449 344 32 352 262 431 416 294
5 1 21
32 319 98 194 242 167 63 223 79 496 432 198 304 118 392 367 133 360 161 457 368
6 4 12
427 97 137 369 158 45 343 160 361 222 239 315
10 20 25
160 123 112 138 473 179 415 150 33 411 169 407 375 386 390 253 479 101 406 183 22 237 209 340 196
3 14 12
354 69 112 447 418 118 213 476 169 265 375 161
11 4 20
143 48 20 492 238 243 475 354 141 108 21 75 336 16 50 121 409 13 308 175
11 19 22
86 433 359 96 258 380 375 411 201 7 47 81 397 438 304 31 46 151 166 160 374 339
1 4 3
44 409 463
3 7 7
35 412 15 493 485 204 434
10 8 19
375 278 38 388 206 445 450 411 201 423 480 245 318 224 349 263 123 475 219
4 12 10
254 456 50 32 66 275 202 353 188 387
1 17 19
311 125 27 413 221 277 209 355 6 349 321 466 185 313 452 162 415 482 151
4 8 20
52 120 449 457 134 270 266 95 111 288 366 226 193 61 321 262 206 299 37 445
1 8 4
131 300 483 381
1 9 11
475 151 438 0 158 482 434 24 269 53 206
1 11 12
380 316 499 386 493 108 404 204 195 287 24 488
8 20 16
71 319 114 317 196 40 486 46 461 30 100 415 171 155 285 55
2 13 11
459 49 48 44 222 278 337 447 449 18 113
3 1 7
153 241 37 160 214 148 67
12 6 18
305 406 312 311 278 33 364 25 307 491 262 138 154 174 479 27 155 239
4 17 12
362 411 353 448 45 204 297 356 404 119 278 23
1 16 20
342 291 86 49 305 334 454 246 259 361 435 155 188 198 191 417 117 81 232 105
16 1 24
168 374 478 314 82 166 414 410 1 126 45 4 497 392 412 180 316 405 138 342 456 41 380 152
8 18 13
473 425 199 485 282 363 400 386 156 466 470 14 453
8 9 16
47 215 81 183 237 2 362 367 275 43 50 58 95 41 347 335
8 20 13
447 55 129 318 75 459 287 222 363 361 203 394 342
2 2 16
485 139 326 405 253 462 237 86 57 29 493 491 464 498 382 425
12 16 22
137 428 341 122 27 295 162 359 264 245 8 253 239 445 114 350 213 218 394 102 2 476
4 16 23
88 144 170 451 126 444 264 26 84 210 111 117 282 269 31 122 184 304 35 312 385 10 387
11 20 20
52 89 487 232 70 339 481 100 366 435 239 260 280 84 298 360 82 385 111 388
1 19 12
182 481 43 222 227 314 420 359 24 61 68 465
3 5 20
33 234 135 485 73 446 93 318 204 77 371 409 255 57 448 295 404 182 117 136
4 16 17
461 429 460 494 156 65 378 365 242 188 31 8 481 152 484 362 396
2 8 6
342 408 210 321 171 267
1 3 7
449 408 135 244 26 442 127
1 15 5
349 278 154 196 419
11 10 19
202 161 67 349 311 403 268 318 418 137 174 124 469 93 398 94 494 81 336
3 4 7
152 181 212 358 430 460 35
3 17 10
456 317 404 237 53 73 449 377 475 160
2 16 17
139 338 251 135 390 180 117 105 493 65 174 39 163 419 1 291 471
7 18 11
246 336 421 192 398 19 256 113 461 484 198
2 20 5
241 173 106 417 379
7 7 11
214 402 425 338 355 361 421 343 257 159 51
2 3 16
353 413 499 95 94 40 491 64 216 299 363 293 85 471 207 429
1 9 19
262 202 428 316 34 282 68 132 149 7 73 452 151 182 174 3 277 283 147
12 13 18
48 498 196 413 404 299 182 474 383 473 78 104 124 130 35 72 116 450
1 7 2
267 45
12 7 25
423 115 259 256 30 492 425 55 393 10 334 424 270 46 380 255 151 359 11 422 2 100 293 98 191
7 7 15
10 446 442 64 291 325 154 323 15 166 5 212 169 321 494
2 5 3
487 194 148
1 10 23
90 395 210 15 31 253 129 440 99 163 453 314 279 295 63 117 407 227 383 85 335 353 454
6 11 16
429 487 272 455 49 225 28 499 143 438 97 81 428 282 88 24
1 15 12
182 0 181 112 342 5 49 490 318 18 36 118
1 20 5
48 163 446 323 173
5 12 24
415 262 293 84 72 345 127 112 437 10 194 41 337 243 0 244 420 289 260 126 421 181 274 217
5 20 11
317 75 209 355 160 73 406 350 445 71 37
9 13 15
156 415 210 287 57 78 477 141 202 347 395 281 122 44 160
4 12 16
130 17 137 250 109 441 8 98 395 96 323 353 206 168 229 435
3 9 6
355 81 100 407 306 249
4 8 17
240 102 432 250 157 164 192 275 30 226 48 37 449 212 215 169 13
11 19 17
426 22 313 117 434 381 91 180 100 292 324 41 262 285 430 378 471
1 19 18
393 306 458 272 437 264 444 39 91 460 159 207 230 420 254 246 418 405
10 8 15
100 138 389 269 21 198 374 234 498 372 328 159 376 322 221
5 16 20
183 45 233 46 480 277 94 203 253 63 21 439 28 8 450 192 363 67 385 369
1 15 2
259 242
2 16 14
127 41 250 432 54 264 29 138 236 60 460 231 57 292
13 15 25
112 498 384 386 127 211 355 299 7 56 57 263 231 148 308 302 332 361 406 93 74 88 256 413 472
15 4 24
317 267 263 147 137 325 286 72 422 304 363 150 172 108 427 151 474 155 410 225 36 375 268 396
3 1 9
207 480 88 234 343 221 263 17 291
2 10 17
407 360 97 429 57 491 386 408 498 69 1 445 428 488 332 472 10
10 4 25
270 286 68 269 157 499 65 1 180 476 370 210 93 130 300 135 342 287 69 111 88 480 448 9 343
2 1 8
317 435 83 350 17 319 280 223
4 16 9
323 58 351 24 409 349 8 99 489
1 17 4
270 476 50 164
1 9 2
447 84
1 20 2
371 471
10 6 24
175 8 108 119 378 376 35 169 81 252 240 9 89 300 60 301 382 128 272 24 162 67 391 309
3 5 13
154 431 338 459 410 383 295 54 420 114 398 172 141
1 15 11
414 272 31 392 225 37 445 497 68 312 339
6 20 12
233 423 217 474 379 406 74 452 342 261 263 282
2 19 22
87 405 493 163 327 89 3 223 259 255 182 418 153 372 220 451 354 14 436 417 377 37
2 7 7
269 489 499 106 222 336 214
12 11 22
447 206 258 43 256 53 317 119 360 105 185 467 417 10 80 154 430 249 346 459 55 141
10 20 16
55 242 371 498 277 26 238 437 317 312 474 128 234 24 14 103
3 1 24
424 391 202 186 412 39 270 345 289 341 316 433 482 496 169 133 216 149 76 256 4 166 427 457
14 18 21
437 327 270 382 269 54 495 181 227 371 355 86 447 477 480 187 111 52 163 147 486
4 10 13
224 153 457 84 437 399 75 464 155 196 124 483 497
7 9 16
232 289 323 263 413 428 342 326 278 446 99 216 475 256 334 126
8 6 25
496 172 210 389 95 403 39 213 351 498 217 348 171 378 304 420 250 452 187 411 111 251 136 98 225
2 4 3
52 404 179
15 3 24
147 212 178 373 32 83 497 5 125 135 14 358 173 164 217 44 267 322 437 64 453 485 245 182
4 16 23
482 157 206 26 94 204 227 195 436 109 383 348 343 67 426 492 174 346 87 290 139 317 464
5 7 15
417 159 85 160 407 46 145 388 220 437 381 265 204 68 309
2 8 8
239 260 207 384 249 424 443 336
2 12 10
321 90 230 436 355 47 125 294 494 280
1 15 2
419 307
11 13 23
58 226 62 469 272 20 175 294 488 288 380 459 34 385 131 313 389 275 427 412 68 115 455
2 18 17
337 487 465 153 256 63 431 41 181 314 328 279 348 313 290 452 409
6 12 11
368 41 476 475 434 265 378 150 383 51 227
1 8 11
287 412 390 184 306 311 25 212 203 39 210
8 10 16
472 12 303 459 439 457 257 104 6 2 207 407 161 86 60 220
5 11 14
379 296 155 436 365 250 393 266 120 471 58 148 464 402
1 12 8
266 179 217 171 23 4 113 463
3 4 5
341 317 483 59 474
3 8 8
453 80 208 252 150 474 478 320
1 14 6
50 319 321 274 361 385
6 19 18
69 1 262 320 95 182 414 167 254 382 259 344 219 428 148 345 349 124
15 10 23
183 405 261 149 322 83 176 251 126 344 213 446 299 34 116 252 219 172 245 423 436 212 324
9 11 23
342 478 91 483 431 404 209 258 259 459 28 61 174 365 369 325 99 85 166 69 416 363 135
11 4 18
191 348 431 197 459 27 18 100 181 296 130 163 290 137 351 141 469 43
7 2 12
17 192 126 85 124 189 215 292 459 91 252 154
12 3 18
132 274 172 5 126 165 74 407 220 288 191 223 424 312 75 10 454 68
8 15 13
280 489 293 52 123 334 22 363 306 67 104 303 38
4 15 13
170 101 137 123 385 433 187 111 152 484 8 333 2
2 19 11
498 285 386 52 432 235 374 340 159 158 485
2 9 4
126 496 214 21
2 1 13
392 428 469 34 400 330 79 118 130 17 137 447 336
1 4 3
97 116 478
12 14 21
192 482 460 16 465 495 104 227 226 391 45 252 200 474 353 135 129 455 442 198 452
2 18 7
145 464 314 76 213 352 8
2 6 5
204 212 44 174 197
7 5 15
181 314 224 474 365 330 208 3 160 492 229 33 472 121 203
2 18 5
280 171 107 1 92
8 8 19
192 157 122 316 251 281 15 200 213 103 420 419 186 258 494 57 483 184 11
14 2 25
128 296 97 333 310 471 4 92 347 491 457 109 171 332 74 54 141 227 468 168 42 222 282 316 119
11 3 17
315 277 496 307 394 347 148 134 74 445 193 247 467 298 281 10 414
1 3 10
231 34 243 277 198 188 465 412 214 349
8 1 17
424 361 267 24 28 426 58 485 30 446 233 490 322 197 141 270 259
9 11 20
133 263 299 13 209 498 219 390 324 124 421 243 330 350 14 39 373 18 398 281
4 16 19
318 403 101 490 466 334 448 372 13 28 112 399 181 74 27 94 132 61 287
1 12 25
8 361 89 60 138 396 174 157 367 384 315 438 195 280 357 163 125 34 0 40 498 115 477 223 307
1 8 7
276 445 343 384 163 145 162
4 16 7
311 415 49 229 226 61 209
5 2 12
146 457 19 98 37 126 342 354 365 444 466 23
5 13 20
3 161 482 478 153 21 55 96 382 301 2 28 258 309 317 368 166 58 205 42
3 16 7
486 271 103 314 344 76 64
1 10 3
174 161 453
6 4 22
439 71 165 258 343 446 194 78 465 114 279 363 404 275 50 16 103 13 135 211 223 459
1 2 9
277 47 176 368 444 34 108 146 224
1 1 2
476 191
1 6 14
227 406 235 377 27 465 154 178 137 461 39 99 32 292
15 10 23
153 397 157 116 234 345 464 423 88 70 402 380 388 417 244 424 129 454 168 121 410 227 466
10 7 15
230 324 421 160 302 205 434 497 182 381 291 134 91 297 326
2 10 6
327 429 36 450 488 272
1 13 22
461 397 382 12 308 100 320 137 392 463 408 195 361 293 300 292 411 188 106 440 406 394
1 12 2
42 52
11 10 19
477 253 324 49 485 171 167 202 407 361 135 471 139 479 490 334 476 299 472
3 4 11
406 371 330 143 130 77 120 483 420 14 294
1 19 15
153 196 279 302 330 250 241 490 430 382 468 19 162 281 210
2 17 13
254 472 375 278 124 391 169 40 261 418 38 12 327
3 17 9
371 204 167 170 283 74 389 26 137
4 18 14
153 393 211 281 73 268 80 377 496 100 34 466 397 64
5 4 10
301 497 448 445 408 361 132 111 391 42
5 19 17
155 207 456 179 111 130 73 295 241 24 422 289 127 41 383 170 116
3 15 13
468 429 237 437 420 481 12 307 116 395 398 498 3
2 11 3
395 492 135
1 14 2
435 322
1 8 18
93 29 343 185 471 436 464 404 307 122 265 324 459 127 166 262 161 60
6 13 16
358 461 353 74 418 39 415 233 439 125 99 366 139 406 75 46
3 6 24
96 254 452 22 484 132 219 335 258 40 390 461 136 469 214 363 369 471 468 35 419 442 383 186
7 6 14
36 290 234 335 363 170 150 204 263 286 86 140 197 336
5 12 8
293 27 490 308 411 385 339 269
1 8 2
335 478
2 20 10
176 333 122 391 38 190 165 28 147 83
7 13 13
41 77 405 54 476 126 285 153 221 113 51 31 70
1 5 9
131 391 94 351 354 439 346 237 317
3 2 13
498 326 94 372 458 292 74 359 348 384 229 66 213
5 9 24
92 0 451 238 339 435 173 364 439 391 298 404 73 248 199 254 12 36 250 379 240 50 459 124
1 18 3
361 456 351
10 8 19
262 47 221 415 267 427 364 28 497 467 101 263 173 84 92 285 123 272 180
14 9 25
162 232 291 240 153 309 19 265 70 242 451 120 91 107 47 60 172 136 469 448 259 94 496 390 68
10 9 16
183 227 42 228 239 199 446 7 315 449 13 342 257 86 336 79
8 8 18
310 211 20 219 74 130 27 412 467 7 111 441 306 68 440 335 188 309
12 6 25
158 124 432 252 199 35 397 92 33 277 45 55 336 188 261 456 256 426 243 320 164 154 362 210 298
1 16 5
449 150 342 239 320
5 3 9
424 467 263 130 175 217 58 255 476
6 6 9
8 200 43 471 418 473 83 340 396
5 15 14
400 457 285 361 360 306 63 394 109 335 351 40 292 84
3 18 21
172 391 454 238 285 458 166 222 441 129 408 63 146 245 243 54 167 58 12 444 62
14 9 23
210 455 410 8 304 31 361 55 324 2 402 89 387 32 236 204 195 290 251 140 54 21 151
2 18 20
404 406 51 14 361 263 30 402 395 125 421 60 204 101 171 370 163 424 319 24
2 14 3
391 18 385
8 8 17
43 158 238 97 185 349 434 469 499 401 145 135 494 365 448 369 291
8 15 15
44 88 220 103 72 73 175 346 351 241 333 353 243 248 322
1 13 9
296 334 307 260 362 406 91 237 59
12 7 19
179 62 94 273 256 493 170 404 90 274 350 211 12 478 228 373 316 278 487
1 1 2
39 496
1 15 9
222 91 419 484 404 221 274 148 493
2 10 5
234 175 276 83 460
5 7 21
308 281 75 425 312 20 333 265 199 430 168 490 396 10 318 42 319 140 473 328 118
2 3 4
55 311 51 412
9 18 19
32 176 499 482 173 188 193 229 13 119 483 110 433 319 384 34 63 258 41
1 18 5
147 219 306 108 48
6 13 9
217 420 103 344 168 288 467 211 384
6 6 14
226 440 8 358 25 346 437 258 395 216 48 352 359 456
1 8 2
355 369
8 4 14
200 111 160 139 91 482 204 169 244 486 184 471 255 344
3 20 11
435 326 55 172 58 164 118 462 165 381 471
7 14 16
457 456 214 474 34 86 480 445 254 48 150 201 342 382 181 124
15 7 24
284 216 151 124 199 221 297 252 21 253 114 194 441 468 111 69 2 491 415 73 443 92 213 333
2 6 6
174 309 488 311 83 193
2 2 10
22 316 422 65 454 217 49 263 177 147
2 8 4
177 326 282 216
6 18 14
265 271 350 19 12 22 326 369 162 452 285 418 33 154
7 18 18
26 483 289 252 385 258 171 490 247 53 69 392 62 338 55 337 244 437
14 5 24
493 40 38 495 396 291 251 193 210 121 262 167 438 138 37 18 23 293 403 151 400 410 241 173
1 15 13
156 183 494 427 135 89 298 52 131 257 391 181 425
4 18 15
394 321 142 305 338 97 348 207 278 84 81 311 163 284 149
4 5 9
129 353 411 142 20 344 314 374 73
3 2 23
411 160 319 466 203 65 350 29 205 116 442 38 357 395 177 488 431 387 85 210 245 78 269
2 2 9
351 283 103 423 186 431 345 137 477
1 13 5
422 114 80 426 219
6 3 22
188 421 299 82 175 22 278 72 172 383 227 212 280 471 240 439 192 402 482 211 362 229
3 13 8
67 376 356 308 18 374 44 359
13 13 24
98 253 269 461 108 431 132 7 383 65 78 348 86 390 402 37 343 325 283 458 337 225 278 472
6 11 20
183 497 224 435 439 121 445 348 99 418 384 201 13 483 41 106 30 60 281 351
1 19 5
214 351 428 257 305
14 3 21
443 376 157 494 84 34 53 436 135 259 152 410 266 175 103 161 479 188 333 342 61
7 1 22
317 377 198 420 337 21 39 165 111 301 17 449 162 9 11 194 188 49 221 306 45 35
2 5 3
246 60 376
6 15 23
378 414 400 272 244 169 179 359 133 472 190 317 338 401 158 357 93 225 418 391 0 483 174
5 18 9
82 357 172 12 192 298 9 34 227
2 11 18
336 360 400 394 89 287 447 193 9 375 346 61 384 57 173 303 189 176
3 6 15
46 330 129 305 340 440 157 359 244 149 324 121 307 182 109
3 12 12
104 326 358 116 333 124 130 331 91 138 78 385
4 3 14
271 460 424 121 41 187 485 102 36 247 261 34 161 124
14 12 23
319 192 126 409 56 323 446 75 198 180 265 212 32 379 210 362 449 250 242 139 289 485 106
6 15 10
284 347 26 168 474 498 361 272 302 449
13 19 24
134 181 27 118 211 265 360 473 172 251 117 448 467 143 21 288 205 115 282 82 312 254 229 426
5 2 20
331 86 121 76 73 135 250 216 291 261 350 360 101 232 385 230 437 228 334 210
11 12 21
24 285 144 2 421 313 286 104 181 95 434 10 174 459 242 490 154 37 157 326 262
2 16 4
72 21 333 447
2 1 8
115 221 17 404 401 363 90 408
2 5 4
50 204 17 256
6 5 13
301 311 99 323 284 454 38 146 61 429 268 388 484
6 20 25
281 365 205 158 291 337 194 466 328 437 400 32 356 305 183 309 186 434 326 70 414 226 77 169 435
2 19 3
242 130 165
4 15 23
111 152 288 366 413 207 204 415 102 401 388 460 381 116 80 422 495 163 260 29 245 26 200
3 17 10
134 58 487 353 235 256 334 188 358 129
13 3 22
204 492 191 274 355 451 457 142 310 383 80 176 357 286 201 481 172 330 265 31 143 320
1 13 3
208 481 87
3 14 14
5 405 300 235 481 117 375 382 406 251 118 109 469 132
7 4 11
198 407 83 349 4 475 84 184 492 239 166
4 16 22
491 35 147 429 322 317 197 140 485 142 342 349 478 273 414 372 98 145 221 200 364 280
2 3 6
496 332 180 489 258 217
2 3 17
205 248 198 96 11 277 72 80 215 400 407 432 174 409 363 268 476
4 8 10
403 261 253 423 401 166 495 62 406 16
6 15 20
314 486 272 235 263 479 353 458 477 332 377 102 485 455 187 252 166 54 193 276
3 19 6
319 111 93 121 213 134
4 2 22
180 70 452 106 2 353 182 273 323 14 320 296 64 429 221 194 52 85 420 9 294 350
5 8 14
108 414 376 49 480 487 111 495 236 252 389 40 64 59
5 3 11
24 18 41 281 444 26 116 257 421 298 94
1 12 2
312 110
2 9 24
25 160 74 195 4 22 484 152 69 402 395 379 365 348 396 245 446 474 432 477 356 198 380 29
6 4 9
353 249 125 439 484 55 144 104 173
7 13 20
263 90 419 364 499 170 91 206 239 128 365 7 30 195 183 110 344 157 272 265
2 15 16
71 158 484 241 491 57 290 281 93 459 462 18 440 67 387 129
12 12 25
310 128 445 160 172 169 95 174 317 293 207 443 458 410 48 125 50 156 426 146 479 492 246 76 91
5 5 22
208 334 449 149 233 239 252 79 408 191 130 162 234 397 375 416 103 330 378 250 202 389
6 11 12
90 462 116 110 368 380 84 401 277 197 252 279
7 13 24
15 329 472 26 85 224 216 54 308 473 175 378 120 219 170 405 382 13 4 177 310 465 424 171
1 19 4
52 10 392 17
4 16 14
348 28 434 107 2 135 118 466 305 241 111 39 438 448
2 7 5
46 135 184 374 145
2 13 11
344 140 406 361 53 467 21 234 485 175 70
10 6 25
152 62 460 408 276 238 192 290 478 175 34 99 304 27 181 83 447 98 66 60 333 193 435 124 350
4 18 14
94 338 488 14 18 239 425 185 150 196 279 57 213 189
3 17 21
350 23 150 383 95 98 454 312 363 384 115 18 218 271 138 482 145 72 20 491 142
1 1 4
6 14 1 320
13 5 21
262 299 0 435 45 373 396 69 240 366 437 320 385 90 360 24 338 495 3 60 223
10 1 24
440 350 417 124 380 70 395 193 85 434 108 257 326 180 443 345 354 120 147 71 40 416 428 441
2 7 3
150 380 441
12 17 19
51 74 234 161 279 82 306 48 401 238 36 403 348 431 104 488 370 395 361
1 9 4
187 428 168 12
1 2 2
282 199
11 17 17
17 285 486 32 282 454 158 258 380 495 404 48 103 177 186 334 106
2 11 10
238 339 438 292 472 255 491 154 214 159
8 19 25
310 186 288 103 153 46 187 344 272 64 260 419 82 495 44 452 488 77 335 434 431 360 451 93 247
4 19 7
193 59 380 4 117 129 488
10 20 16
348 123 220 429 399 408 427 343 426 421 365 158 40 204 138 99
6 16 17
185 386 284 134 146 288 362 308 270 162 225 464 210 107 129 256 212
1 17 3
213 66 266
9 3 14
387 295 3 152 373 120 411 417 191 292 33 289 478 334
8 13 13
473 48 49 266 386 480 476 8 128 424 141 421 201
3 14 9
466 413 391 100 345 378 157 243 337
2 16 14
48 50 469 120 408 104 141 30 346 6 127 462 478 123
3 9 18
207 420 405 296 252 470 166 101 303 156 408 37 359 270 236 214 50 185
7 3 19
121 490 146 403 358 369 259 164 372 480 484 82 85 188 61 466 32 271 365
1 8 6
222 56 407 79 380 325
3 3 5
290 110 495 119 262
2 17 24
303 221 255 79 120 36 11 320 342 454 60 22 161 212 160 432 309 30 350 170 56 44 324 165
2 2 3
416 382 351
6 20 16
368 214 457 232 322 41 152 143 161 105 100 469 231 89 133 183
4 18 13
226 452 97 214 105 31 35 111 370 296 318 241 475
7 10 11
420 55 373 410 240 270 446 258 182 78 324
4 18 13
385 124 42 381 391 450 106 3 30 338 407 180 22
8 1 21
406 92 21 413 314 28 20 153 217 167 483 80 251 86 193 220 391 143 126 328 449
4 7 20
425 129 253 384 52 298 208 434 204 268 132 12 50 483 213 480 263 362 453 279
3 20 8
184 332 66 165 60 61 228 278
6 5 11
394 284 370 257 14 147 358 455 341 415 200
2 2 16
102 394 123 425 358 181 199 245 35 254 164 395 393 152 389 138
3 4 23
170 262 229 444 366 345 469 244 220 65 228 171 274 472 272 386 67 250 140 292 147 243 122
5 4 8
85 3 222 481 1 478 261 94
5 6 23
108 176 15 12 172 439 290 75 177 399 276 13 124 70 78 369 431 168 158 258 437 427 396
1 10 9
110 466 405 186 146 122 307 492 139
5 16 9
468 273 296 199 152 392 305 211 320
7 20 17
390 298 287 289 437 332 182 285 44 295 450 498 171 228 139 4 349
1 8 4
109 17 330 181
4 10 6
486 403 495 147 177 65
1 7 3
183 75 499
7 3 24
429 216 390 457 313 360 425 113 21 166 255 122 287 375 78 163 248 8 168 439 244 383 114 238
9 16 14
202 386 19 270 246 355 260 445 253 319 489 109 449 279
5 19 9
130 364 463 205 358 27 55 246 478
2 3 7
108 152 478 161 165 294 44
3 19 6
332 26 331 378 354 171
10 5 25
403 304 125 175 169 109 324 461 186 323 26 158 498 312 449 256 483 254 342 336 289 85 486 10 57
3 9 6
497 237 8 88 96 153
11 16 25
284 88 455 30 123 62 297 8 29 44 272 329 149 102 94 163 210 56 122 166 112 448 174 418 24
1 18 12
103 152 263 38 44 314 417 486 220 425 378 301
1 15 14
135 429 166 131 36 494 307 309 274 91 102 78 211 60
1 20 19
105 272 456 251 335 83 205 300 176 166 389 60 91 306 472 317 454 229 253
6 15 13
377 187 15 5 195 192 156 270 441 399 429 118 242
6 3 19
280 137 25 351 117 56 239 88 379 473 311 179 412 122 47 440 253 167 243
2 14 21
43 246 178 199 459 26 189 100 143 97 448 83 327 51 470 112 236 374 361 197 407
5 5 16
138 223 231 59 287 355 239 54 93 83 486 340 389 485 227 370
9 14 21
449 346 331 306 37 162 191 11 482 209 381 13 30 454 444 41 3 168 475 120 218
9 12 16
469 20 83 112 190 288 381 368 219 77 320 330 443 154 58 174
1 4 4
382 0 149 483
3 1 5
355 340 27 491 232
2 11 14
161 169 133 284 167 297 431 405 396 445 151 162 469 11
2 15 20
329 119 243 241 238 480 39 306 227 307 490 150 186 256 281 293 252 416 183 437
5 12 21
166 339 55 23 258 223 313 72 59 396 91 418 163 275 208 160 60 406 18 493 121
4 16 8
164 163 145 133 272 182 382 155
2 3 3
470 78 219
8 14 18
198 44 338 351 113 241 337 466 464 295 357 6 212 245 83 36 375 224
2 10 5
142 259 93 84 65
6 16 12
207 271 422 264 129 429 360 122 468 19 216 358
4 1 24
83 316 273 312 56 423 5 361 314 116 274 308 193 285 332 131 204 458 195 474 362 205 409 234
9 19 16
348 162 358 352 78 229 412 321 258 22 152 478 277 432 237 492
6 6 14
351 308 95 144 407 345 195 255 122 357 431 154 243 120
12 16 23
42 70 345 60 174 358 340 229 324 115 121 98 243 458 147 234 209 373 468 469 240 200 261
4 9 8
198 275 458 108 3 101 373 334
8 16 12
276 4 256 329 381 409 499 458 283 184 428 357
4 14 22
320 349 476 235 81 16 398 199 97 101 108 274 402 395 343 40 281 358 156 254 30 261
4 10 18
474 239 123 498 28 163 83 33 254 261 488 114 370 70 398 147 47 38
2 9 4
124 312 356 100
6 6 13
94 305 5 22 1 444 93 177 181 245 147 220 442
3 19 15
391 284 417 150 130 255 341 45 229 356 309 136 70 72 202
1 2 12
296 175 438 168 233 421 117 201 250 452 205 214
5 2 20
8 322 392 155 281 118 100 383 143 337 472 491 68 374 221 169 484 345 183 152
4 12 15
498 32 256 109 459 52 347 434 472 18 450 435 187 10 66
5 11 10
419 340 267 407 24 426 295 277 253 266
2 18 8
73 412 10 265 103 184 205 341
11 13 21
218 124 164 273 364 399 424 440 55 159 360 442 301 252 169 13 389 431 51 432 123
3 18 18
62 484 369 76 275 197 36 92 455 336 337 429 242 95 320 119 117 392
1 12 8
102 88 401 44 433 267 340 295
4 10 7
78 366 365 328 24 50 173
4 9 8
148 315 247 79 285 218 359 402
6 12 9
470 199 124 340 365 29 143 418 266
1 1 8
59 292 122 480 107 123 10 291
7 8 11
235 119 423 479 428 95 45 381 494 367 64
6 3 12
375 402 447 68 239 309 213 248 95 435 114 300
11 17 24
459 154 134 169 380 144 37 42 185 205 339 106 426 35 109 67 92 311 494 422 442 234 346 372
6 3 22
126 488 447 379 0 107 479 27 284 131 151 127 157 419 210 79 158 22 408 366 145 412
6 13 17
324 414 240 251 106 294 169 157 166 480 424 55 375 460 38 49 146
8 8 17
132 496 480 283 14 82 102 157 381 61 172 27 21 83 365 131 347
2 14 4
331 232 488 351
6 5 20
227 314 291 42 13 329 340 365 258 65 222 252 418 37 265 421 78 298 61 442
6 2 10
153 166 26 280 437 194 179 154 238 77
2 15 4
302 63 368 58
2 15 9
146 247 320 2 10 331 401 14 151
4 15 13
497 216 227 440 127 19 60 44 128 144 119 467 453
6 15 21
113 330 92 303 119 124 178 78 313 483 73 116 204 95 490 427 250 350 50 496 134
2 9 7
228 442 397 290 255 124 63
1 6 2
196 367
10 15 17
331 182 421 497 289 101 131 161 369 468 54 196 416 236 458 496 139
3 7 5
416 167 479 394 298
2 14 4
493 45 443 126
8 7 12
335 365 274 31 317 114 348 355 373 349 475 457
2 15 17
311 52 294 332 478 46 30 452 347 473 251 226 68 160 400 187 92
9 7 18
0 152 8 352 98 70 190 52 251 351 224 30 209 129 153 364 74 13
8 12 16
404 324 75 152 65 417 196 199 398 126 145 337 265 348 278 104
6 14 20
336 31 488 85 223 126 96 25 426 26 306 98 236 473 251 239 10 495 460 449
1 3 7
246 324 101 497 426 174 84
2 10 5
395 473 14 309 166
2 16 9
164 343 470 308 249 103 40 385 264
3 16 5
408 375 165 126 320
6 16 11
177 351 424 365 139 361 14 447 90 129 5
1 3 2
72 388
4 14 14
130 181 471 411 463 398 56 379 384 120 326 34 281 40
8 8 21
35 239 21 291 350 440 417 283 192 352 126 256 231 90 288 109 466 189 327 100 111
5 18 8
80 417 303 178 41 149 135 49
5 10 19
183 440 349 257 51 362 482 435 213 160 366 166 196 250 328 231 168 296 76
6 5 17
333 400 256 141 229 189 469 109 393 45 84 487 108 76 72 89 126
9 8 16
217 423 488 331 499 77 174 169 183 359 283 266 4 87 137 301
1 13 6
227 438 499 163 282 436
14 16 25
445 344 70 263 494 251 407 262 103 499 49 253 259 483 472 436 212 162 443 17 276 173 191 352 105
2 19 18
350 349 201 178 403 225 338 402 472 248 133 220 210 179 367 107 2 432
5 17 15
99 251 463 47 354 139 239 300 231 498 375 122 286 236 59
4 12 10
203 156 146 461 364 260 160 195 304 155
1 3 5
286 195 280 363 319
5 4 17
145 187 257 239 251 291 2 228 426 282 40 50 379 194 42 395 197
3 2 25
173 393 453 16 74 359 274 244 42 136 156 435 109 482 157 52 310 34 279 82 217 115 197 474 399
1 1 2
202 112
1 9 2
429 373
6 4 14
36 253 317 144 73 165 172 434 358 209 140 258 380 436
2 17 15
240 382 128 331 221 273 1 308 39 105 413 388 25 81 62
1 14 2
497 302
1 16 4
230 258 314 1
2 15 14
11 408 331 225 486 481 437 299 1 104 334 162 102 52
12 17 23
422 301 418 492 259 421 143 417 375 210 147 477 441 1 485 285 406 178 49 424 490 265 189
3 3 20
372 346 233 149 238 270 246 245 223 203 318 196 188 167 484 453 19 262 397 131
5 2 22
369 145 135 423 181 158 29 262 286 39 166 265 277 90 120 52 440 42 254 393 466 144
4 14 7
228 66 368 323 138 337 85
9 18 19
273 45 404 222 21 272 82 277 120 155 152 328 145 221 411 108 234 227 161
2 4 5
36 72 223 343 137
4 13 22
329 44 121 33 351 105 56 238 245 294 162 152 107 345 43 76 143 241 259 101 116 305
9 2 18
27 298 330 483 46 283 210 260 293 68 497 431 48 413 45 261 103 52
2 10 23
141 67 436 369 73 118 42 383 399 434 38 199 160 44 40 87 271 101 303 329 443 135 248
1 9 6
463 144 153 470 405 99
7 12 16
139 430 135 385 357 173 119 468 238 494 12 256 106 52 172 322
5 5 9
471 355 205 176 434 329 297 154 64
3 19 6
282 355 137 206 483 423
1 17 7
187 357 119 477 46 427 33
3 3 5
251 211 113 48 72
2 5 5
429 402 137 349 174
2 5 17
349 225 329 32 18 287 494 216 327 204 442 109 390 247 108 490 278
5 12 15
196 312 251 377 54 163 441 24 246 178 327 493 35 491 172
9 4 23
369 462 342 402 321 37 151 419 29 134 109 245 401 280 93 69 482 297 271 268 356 485 313
2 13 12
53 131 94 157 27 186 66 204 168 434 142 344
3 14 6
456 116 321 254 444 138
1 11 8
279 237 420 70 102 267 65 465
7 5 16
486 283 151 432 141 489 5 428 192 334 376 242 466 434 83 439
3 1 21
60 293 181 180 229 137 352 70 320 192 67 493 309 480 80 392 396 61 121 296 153
2 10 7
89 364 464 211 42 282 487
3 5 6
408 235 412 338 435 245
2 8 4
202 159 182 110
4 14 22
208 265 159 4 102 487 404 247 267 154 385 234 291 351 478 254 33 483 314 83 342 29
2 1 10
329 347 158 276 227 298 310 87 499 39
7 6 19
407 66 409 344 2 364 403 377 421 134 159 203 304 461 60 211 397 55 491
1 8 2
342 220
1 4 10
115 496 332 12 3 121 136 154 367 214
2 19 11
161 392 332 217 423 24 418 228 134 50 107
10 10 25
347 246 327 263 431 100 34 11 75 495 294 497 5 32 458 354 464 285 148 84 182 42 477 134 128
4 9 15
318 400 486 284 375 346 15 6 240 227 258 120 129 114 124
1 16 3
261 222 415
2 7 3
181 385 471
1 17 16
239 386 406 463 56 71 62 34 141 14 103 424 90 9 5 464
12 9 24
338 487 165 353 341 452 229 292 415 373 177 16 476 266 374 348 481 111 417 175 139 154 467 127
8 8 12
236 383 481 443 235 172 256 367 402 282 118 287
7 12 24
405 176 314 60 154 418 137 6 112 66 23 423 26 304 71 436 285 446 342 379 486 397 323 160
4 17 8
50 344 170 39 184 34 300 66
8 5 15
177 445 189 324 170 102 164 288 477 94 22 27 317 89 245
2 15 7
422 429 10 54 108 266 367
4 3 6
253 495 408 296 86 96
1 11 4
435 291 61 26
4 3 7
302 283 290 147 316 26 492
1 5 5
67 403 58 117 132
2 14 6
416 418 324 56 456 389
4 1 7
236 41 144 47 406 259 35
7 14 16
165 277 335 133 287 285 23 181 325 207 496 453 69 375 404 88
9 8 17
414 216 11 65 42 490 345 462 422 362 197 270 421 9 403 47 242
5 1 21
203 28 51 149 108 393 65 13 432 162 338 488 298 69 289 213 82 460 463 9 172
5 3 15
359 321 287 250 178 36 327 55 438 303 200 59 336 198 65
1 15 2
206 100
6 17 24
7 383 158 48 55 169 5 46 491 298 449 356 111 460 64 171 328 252 417 35 75 410 303 132
5 11 10
52 249 118 394 2 369 497 364 9 303
2 8 3
72 115 151
5 12 23
222 214 402 167 46 478 103 197 90 196 30 0 396 423 57 117 378 403 101 293 491 345 17
1 14 5
448 330 141 470 59
1 20 14
452 439 92 203 485 201 213 403 42 281 255 402 272 109
2 15 4
33 233 232 343
4 9 10
146 14 406 455 70 117 153 6 492 73
1 2 3
100 177 333
3 20 9
341 361 472 237 2 191 461 495 419
4 19 8
128 265 467 45 404 172 165 492
2 14 3
160 296 73
5 18 9
400 141 421 401 100 232 155 135 454
3 18 8
272 344 75 165 477 494 292 114
4 5 10
47 356 179 90 77 360 245 460 193 55
2 8 8
280 222 274 199 455 73 491 456
3 17 13
45 9 328 17 258 497 225 103 298 108 26 30 272
12 2 20
345 168 305 174 58 231 304 129 429 204 75 229 55 376 39 433 225 360 347 327
1 7 6
290 349 74 33 335 344
3 13 16
362 98 286 141 5 12 68 303 285 23 34 349 259 279 454 210
6 5 20
276 435 2 82 29 341 425 149 478 305 238 184 95 217 359 480 328 297 87 419
1 18 14
496 449 142 197 23 188 296 107 279 31 300 328 76 396
3 5 17
261 495 455 489 422 106 26 254 434 204 88 60 54 75 435 378 309
4 14 6
246 22 340 339 51 8
2 16 7
499 358 173 322 171 457 432
1 20 2
275 463
1 1 3
359 441 465
3 9 5
189 92 63 104 68
11 19 25
82 412 13 406 178 473 129 232 120 93 294 450 155 163 238 373 310 196 168 180 31 463 244 432 451
11 16 24
121 429 466 239 388 311 89 79 213 477 114 454 392 411 279 498 193 430 383 352 273 65 172 68
1 12 2
251 235
2 19 3
70 413 477
1 7 8
181 368 397 134 113 425 351 83
5 1 11
34 104 471 223 302 236 469 93 450 96 167
1 10 3
110 329 404
1 14 4
217 140 179 84
5 13 25
443 344 397 11 268 103 424 8 301 462 471 493 127 288 326 33 197 89 331 362 480 172 347 133 299
2 2 21
41 492 59 186 390 254 112 114 242 197 270 38 318 222 185 119 166 435 278 259 18
4 18 21
60 381 181 449 272 461 13 483 440 476 0 137 414 266 248 227 63 143 451 391 305
2 12 4
62 108 26 406
1 8 4
168 208 188 59
3 14 23
385 177 406 201 207 238 387 175 190 236 62 270 492 475 479 290 215 105 447 277 154 108 415
14 10 22
325 7 333 224 156 75 230 487 429 391 381 367 148 74 179 470 20 154 377 255 322 492
1 16 5
180 42 399 247 472
1 11 3
65 382 225
1 17 4
192 305 25 199
4 10 7
193 187 171 270 179 143 449
1 14 19
378 234 496 148 376 362 235 45 394 13 288 116 296 429 253 417 89 402 358
10 2 20
65 339 252 173 366 216 495 62 464 86 84 390 37 63 438 282 85 92 100 137
10 6 15
152 205 352 6 429 473 244 70 159 230 312 287 363 46 203
7 11 14
481 188 145 325 330 3 344 347 294 346 490 307 58 65
4 9 13
438 30 205 244 253 106 341 304 115 461 278 249 456
13 18 25
232 354 106 238 496 432 439 373 225 292 296 459 376 121 187 367 129 458 317 243 36 374 326 321 9
8 1 12
492 291 241 442 420 386 260 102 278 231 463 297
11 11 18
0 317 430 168 36 197 468 17 16 424 410 378 440 83 459 434 48 6
4 17 9
88 238 249 383 60 213 96 321 189
9 4 14
165 212 88 320 272 241 310 143 125 238 292 496 116 273
2 15 3
32 214 146
3 7 10
358 398 482 413 379 221 137 144 183 31
1 2 3
459 477 482
4 10 10
432 305 328 337 283 194 455 429 417 16
13 4 22
293 243 40 394 275 351 462 406 478 254 299 428 244 310 334 226 353 87 170 242 415 386
1 11 3
310 434 121
4 19 12
459 178 450 441 294 186 323 418 409 255 444 74
3 16 17
178 381 280 471 146 424 219 175 283 337 54 3 115 130 372 85 371
8 14 17
293 415 220 305 318 358 90 401 213 396 341 153 28 279 256 319 169
6 20 13
47 229 260 198 320 180 430 203 93 4 282 264 102
7 15 14
296 483 62 208 458 335 427 144 226 341 27 470 381 150
11 7 20
150 59 329 400 317 423 68 488 323 195 26 255 141 29 301 428 82 42 170 101
3 5 17
223 216 309 295 397 262 183 277 382 389 159 59 358 96 14 303 492
3 12 17
223 106 58 11 228 458 498 358 253 74 421 387 13 430 12 202 77
5 3 14
223 5 283 37 146 353 334 9 328 86 350 273 123 475
11 3 22
323 25 112 224 373 57 85 135 257 100 37 127 56 417 4 391 139 164 244 39 274 342
3 15 5
137 386 171 119 95
3 1 19
149 104 323 60 480 276 62 351 229 493 258 64 88 244 455 87 216 401 312
1 6 7
313 340 170 372 436 346 143
9 6 17
441 39 61 424 107 96 182 49 460 99 463 148 346 142 499 462 307
1 9 4
412 259 173 480
2 11 17
435 453 334 82 157 392 323 290 249 493 491 73 366 396 335 36 121
2 4 14
468 493 262 146 148 53 31 7 265 297 495 194 467 127
2 18 11
63 81 175 384 53 378 486 493 28 149 59
9 5 16
332 452 456 44 219 290 262 340 115 417 71 113 387 189 235 193
13 2 25
405 119 106 59 435 201 194 304 483 1 144 333 227 125 230 311 54 497 364 75 295 432 113 316 11
1 2 8
42 211 84 348 62 486 7 311
4 1 6
408 265 200 189 235 495
14 19 21
202 315 380 417 134 179 362 131 103 288 344 283 123 165 46 168 330 454 475 309 351
5 5 15
66 446 162 403 73 457 304 250 9 358 108 430 238 257 488
5 13 20
231 408 463 353 301 373 466 320 19 80 491 389 81 203 337 207 426 335 311 377
1 2 2
414 91
3 20 5
21 261 338 86 161
5 17 8
483 230 303 141 116 412 480 52
1 9 12
4 94 391 364 183 116 456 91 396 95 343 476
5 10 20
95 424 337 364 29 489 244 487 72 10 267 286 125 420 326 165 284 407 281 109
9 6 15
226 125 410 224 96 62 76 204 115 169 452 412 57 174 325
9 1 25
55 35 403 379 198 30 33 34 61 49 319 145 292 284 204 95 320 492 10 382 271 64 389 213 307
1 3 7
270 387 347 188 499 344 426
6 19 25
418 425 212 35 71 382 93 190 6 39 488 161 0 88 210 238 87 57 208 44 147 443 132 53 131
6 17 17
170 23 59 427 117 209 403 69 183 36 325 458 434 206 497 150 324
1 12 14
159 243 379 296 218 421 202 336 285 18 178 7 31 190
1 2 6
438 475 267 444 403 124
2 3 3
358 42 429
7 10 13
423 126 467 332 160 472 1 220 256 113 464 486 473
1 10 2
111 354
7 17 19
173 452 32 441 64 12 474 406 62 344 91 136 94 160 49 161 281 76 120
4 13 20
179 417 288 184 396 109 323 347 363 394 391 87 151 8 199 141 194 414 241 283
6 14 21
89 246 341 380 58 135 237 247 174 94 384 98 7 481 196 303 387 46 172 14 42
3 11 11
128 219 62 45 361 165 132 487 255 10 225
1 17 6
162 131 339 437 172 346
2 18 6
127 186 20 193 43 194
2 16 17
359 94 302 10 93 194 284 264 72 432 355 371 456 274 67 166 308
3 13 12
174 339 298 468 43 111 411 1 163 202 455 148
4 11 16
93 342 156 326 48 127 359 235 369 258 212 453 376 166 469 456
9 2 22
221 203 448 47 364 449 137 247 181 54 439 219 127 37 309 307 195 338 119 294 452 151
2 1 5
273 442 307 476 251
3 4 25
381 463 45 163 483 489 394 282 357 487 415 428 105 437 427 359 485 102 308 362 217 356 488 242 2
5 11 17
216 286 18 179 394 460 429 117 350 374 45 310 25 49 294 304 97
3 14 6
369 234 206 45 149 468
12 17 18
231 385 223 218 156 316 306 456 341 404 326 13 465 8 371 10 463 72
2 6 8
86 367 41 398 30 479 305 43
4 4 20
288 60 199 174 358 304 286 406 119 56 489 385 126 335 326 466 271 277 424 232
13 16 21
139 11 5 360 476 487 136 468 96 442 378 434 347 284 19 414 460 187 233 82 16
1 2 3
439 242 8
1 18 21
301 161 70 316 431 351 290 39 134 189 213 45 200 191 217 270 344 369 461 188 391
4 15 23
389 109 101 481 404 461 285 251 364 238 260 415 230 62 44 70 343 164 437 133 278 148 298
9 15 19
457 414 84 189 369 70 138 140 31 181 42 3 59 305 56 404 240 73 197
1 20 3
65 104 156
8 15 18
475 62 387 472 37 250 247 404 26 232 97 90 336 81 308 478 44 460
2 1 7
176 332 205 5 266 115 385
6 4 14
361 253 371 202 445 390 266 126 53 193 36 240 330 35
2 3 3
212 159 316
1 7 3
314 78 225
12 4 20
28 51 160 345 73 219 394 129 177 149 318 294 220 248 308 38 23 26 116 259
7 15 13
379 365 106 229 242 406 476 382 408 236 204 66 293
3 20 15
240 381 90 231 60 202 73 323 438 119 238 456 447 444 18
1 3 5
248 39 392 115 350
5 16 18
109 364 423 21 45 104 70 255 80 139 472 333 464 33 204 122 12 286
4 7 10
293 179 229 223 38 255 42 304 461 39
3 11 11
150 488 218 143 322 229 393 304 323 238 285
1 8 9
249 63 282 326 398 230 248 245 464
7 8 13
295 21 412 348 152 173 454 399 435 149 106 363 466
5 18 8
332 135 419 406 33 82 56 93
14 5 22
105 130 490 145 163 442 21 116 436 64 462 452 277 417 483 95 91 20 231 4 76 341
2 3 14
218 146 394 183 381 12 83 352 315 249 92 127 342 98
4 5 7
337 392 274 181 63 435 347
2 10 15
311 231 219 66 428 93 64 137 364 279 359 17 451 392 203
3 16 6
424 268 120 334 251 136
4 4 18
362 437 180 159 498 234 468 481 48 306 39 254 438 264 433 341 257 224
1 16 5
455 150 311 196 56
5 2 8
205 42 170 8 328 364 451 51
2 6 6
351 404 121 326 227 390
10 9 23
144 386 149 36 264 309 19 351 300 197 191 464 288 389 411 7 345 5 16 137 250 357 112
7 12 14
435 163 187 439 469 243 21 317 69 355 2 119 254 320
8 2 13
265 219 417 334 140 275 50 118 350 93 364 377 373
7 10 21
63 42 377 279 219 489 472 452 122 53 284 276 233 436 44 109 45 388 238 359 287
2 8 6
302 493 461 320 276 121
2 19 20
483 228 244 497 0 6 202 120 444 468 126 260 318 173 373 153 296 171 96 430
7 15 14
235 342 27 263 251 238 11 302 401 425 88 122 278 335
4 1 8
250 97 78 15 385 450 37 124
1 17 10
437 284 257 89 326 76 307 289 269 70
2 4 6
66 204 308 281 46 372
2 12 3
155 21 402
4 10 16
148 71 453 437 238 369 113 323 387 300 289 298 9 320 85 35
2 11 4
434 225 35 411
1 16 2
465 288
1 13 10
346 30 64 338 61 45 432 291 153 449
2 8 16
56 469 52 110 41 122 437 485 303 379 58 27 36 111 42 235
1 9 4
246 164 63 357
1 18 2
434 57
2 17 3
448 224 290
1 16 6
425 66 464 184 103 21
1 14 17
367 450 483 104 495 391 427 86 60 375 475 31 460 164 139 256 369
5 2 24
143 407 385 202 153 70 7 423 44 199 34 338 327 189 282 30 358 477 224 132 103 380 251 107
2 12 15
454 170 267 430 172 151 78 359 185 387 240 177 357 286 477
2 11 3
89 319 373
5 4 8
120 305 244 109 490 159 79 7
2 7 4
273 252 142 315
5 15 12
395 318 223 319 296 172 25 381 302 161 267 456
7 13 18
226 203 247 212 139 468 252 202 170 173 364 362 33 66 118 465 125 461
1 20 10
173 85 402 254 25 383 332 191 454 352
12 13 22
6 243 338 385 211 346 38 453 332 498 215 174 420 234 18 394 81 195 144 140 366 277
3 1 10
225 396 125 250 323 471 420 5 143 277
3 5 6
322 354 210 7 124 17
4 11 22
231 105 251 221 476 457 28 313 343 219 1 371 459 394 295 261 426 253 211 334 177 266
4 4 8
68 265 288 173 204 398 302 107
2 14 13
149 393 204 155 141 237 313 176 265 304 238 490 292
2 7 9
228 475 167 318 332 32 493 109 76
1 14 7
388 33 136 458 183 28 242
3 14 18
179 383 289 333 386 207 165 225 70 443 9 306 129 172 483 363 24 43
5 15 9
160 192 423 499 487 97 294 425 58
2 10 10
342 131 115 299 467 2 367 21 431 264
8 18 21
324 73 314 304 356 319 201 429 161 358 466 170 437 240 246 323 394 452 47 192 471
6 19 10
305 260 142 307 128 214 389 212 162 418
1 5 2
111 51
5 4 12
359 70 417 180 216 262 340 54 407 60 314 411
5 3 14
233 244 429 177 330 306 378 299 94 347 422 210 444 331
9 1 24
48 201 439 346 360 301 31 327 151 331 265 82 62 152 92 125 53 472 88 274 0 81 487 78
2 11 3
477 298 143
2 18 24
82 8 315 127 276 52 308 143 218 385 426 269 126 417 111 259 297 272 58 43 347 492 432 435
7 17 13
23 234 164 426 262 443 421 16 73 305 298 172 153
1 6 7
135 81 433 80 37 85 72
7 11 16
13 386 483 445 4 98 470 163 403 364 308 20 87 199 416 115
1 18 7
40 64 24 311 300 354 44
8 20 17
432 352 279 117 406 99 429 485 401 437 140 356 411 478 38 290 353
1 19 3
207 99 483
9 3 15
283 391 131 167 422 55 351 352 141 411 208 339 189 54 369
1 12 10
325 234 232 4 49 121 228 486 344 236
11 4 20
231 174 6 412 178 318 50 51 259 323 110 436 9 55 92 37 194 275 387 221
4 8 23
447 416 199 373 0 4 230 170 397 74 346 273 442 177 299 18 464 310 417 164 179 19 57
7 9 16
316 268 330 109 497 470 196 251 38 394 213 65 237 176 289 161
1 4 5
223 309 334 378 331
4 5 22
481 143 175 316 317 279 250 12 84 56 336 276 254 324 265 369 323 37 228 415 412 342
10 7 21
423 430 84 211 117 139 40 217 262 61 210 475 78 264 287 432 391 279 255 290 147
8 4 24
377 231 30 262 83 293 131 236 328 159 364 141 172 41 152 168 378 416 76 35 81 198 325 480
3 18 9
185 161 27 30 143 338 150 152 270
2 18 8
199 394 480 205 144 220 71 195
1 9 2
140 172
11 19 19
484 60 358 340 55 35 180 436 439 268 250 96 141 185 453 76 449 463 433
9 13 20
20 246 231 374 125 425 335 384 432 328 23 478 448 262 428 217 9 397 44 42
9 10 16
109 328 462 309 79 265 253 354 96 137 258 235 49 446 136 395
2 13 3
415 374 425
2 7 5
174 42 38 157 220
5 18 19
492 469 221 395 109 189 449 496 191 417 400 208 319 457 310 115 303 87 164
1 8 3
82 260 16
3 2 19
252 402 488 115 27 90 26 254 52 69 13 86 10 253 337 88 314 345 434
1 13 4
349 294 110 487
6 6 19
197 21 20 36 294 160 427 206 488 432 140 356 56 205 90 210 331 92 258
2 2 6
279 15 306 75 332 475
13 3 22
79 426 448 143 209 36 306 314 482 134 22 472 301 42 249 105 2 148 389 437 225 52
2 8 6
458 91 375 358 104 142
9 14 16
192 27 367 195 266 159 295 402 375 496 284 430 263 149 264 366
3 17 7
221 207 170 407 40 328 23
2 2 7
167 50 142 39 237 367 38
9 2 20
7 432 164 233 46 338 151 85 349 67 397 168 166 379 360 115 376 95 419 212
6 18 10
454 384 485 98 28 347 189 34 327 280
14 13 23
436 77 387 343 144 373 115 213 70 273 394 149 23 250 141 455 238 450 237 407 324 227 291
10 1 17
324 245 223 9 61 329 174 127 400 112 391 431 482 424 372 304 185
2 4 22
223 213 47 82 233 216 76 444 435 441 432 411 341 248 306 242 269 368 59 162 417 185
5 15 12
280 397 376 457 286 460 414 495 248 347 171 236
5 4 12
459 462 335 146 139 286 469 397 444 66 347 144
1 6 4
298 145 202 434
7 6 16
253 385 332 172 468 226 31 98 408 44 345 233 42 137 16 400
3 1 24
320 441 305 123 266 402 401 50 247 269 387 216 40 267 107 104 476 187 378 413 256 271 21 489
7 17 19
162 406 270 428 130 419 371 164 52 122 190 185 218 101 386 100 369 434 212
15 17 23
90 392 163 340 333 287 262 17 443 9 282 240 38 11 475 269 366 268 187 88 261 258 315
6 13 9
394 153 106 441 429 29 102 433 195
3 14 5
252 390 110 294 237
5 20 9
273 131 341 357 181 93 67 476 211
6 6 14
265 299 226 78 231 356 160 395 76 241 210 197 42 180
6 15 15
167 5 438 253 209 395 191 498 280 20 94 146 415 120 246
7 15 24
386 315 389 346 38 316 8 133 295 72 229 460 86 42 465 339 96 208 441 5 264 251 379 34
1 15 7
130 82 329 28 485 150 355
10 10 20
433 338 385 299 247 68 483 192 42 93 20 456 339 38 118 100 150 189 198 249
3 7 6
471 258 373 417 456 457
11 8 22
307 287 119 413 222 375 359 421 414 18 204 225 205 247 211 202 75 17 360 321 105 469
1 11 10
451 99 392 345 310 365 50 6 369 41
1 18 3
57 354 123
4 11 23
454 437 470 253 326 321 52 260 246 346 257 373 343 435 342 90 11 299 286 66 492 334 21
5 17 24
63 252 3 93 493 213 466 212 74 383 495 480 237 380 381 140 387 136 203 279 496 385 465 197
4 14 19
231 299 6 94 221 306 330 165 151 72 430 222 7 267 161 269 373 305 408
4 18 6
274 205 253 20 483 110
7 5 20
454 247 349 157 287 84 264 250 211 75 453 87 231 171 377 463 24 176 243 96
5 3 22
173 114 306 11 106 27 412 351 143 44 246 431 486 469 13 4 187 459 349 257 180 352
11 17 22
97 280 178 333 75 99 441 119 491 52 337 246 296 298 254 225 153 438 222 418 215 253
11 18 22
124 445 395 63 232 308 255 463 50 148 39 185 200 482 464 393 462 183 189 390 175 205
9 4 16
87 318 71 67 11 459 313 112 250 449 10 138 19 409 128 395
3 13 7
238 465 264 468 123 58 438
3 14 14
170 94 59 10 191 318 205 287 420 200 101 195 330 189
5 6 10
448 111 40 202 412 379 116 299 285 200
2 4 14
81 122 79 40 97 269 499 62 485 2 196 99 102 226
4 9 15
378 275 301 381 449 120 376 492 2 418 455 361 119 229 298
8 19 21
137 80 238 417 295 24 434 256 340 123 426 267 148 437 383 384 329 54 472 376 111
2 14 3
6 136 66
2 20 6
254 469 304 481 214 81
11 11 19
488 286 490 153 496 103 397 172 138 381 350 280 210 447 461 355 66 72 54
7 1 18
496 60 234 77 469 76 328 168 149 397 13 38 99 202 405 69 361 41
4 8 18
444 153 170 490 396 86 356 19 158 481 89 109 51 388 122 451 462 22
2 6 11
62 147 170 361 137 175 238 72 83 264 47
1 19 2
105 5
1 13 7
266 65 272 70 471 103 221
2 9 12
315 26 67 490 86 204 366 265 320 367 24 17
2 14 4
379 469 378 167
2 13 3
41 132 405
12 6 23
44 344 449 498 315 53 31 21 396 42 426 461 466 221 174 417 314 40 436 138 159 389 452
3 19 7
14 391 458 145 96 214 138
2 3 19
251 142 155 422 452 109 479 231 197 127 420 281 175 252 198 24 429 32 205
4 1 16
138 16 287 367 295 365 200 459 246 145 198 72 94 117 332 241
13 19 22
297 472 275 382 390 384 90 9 251 197 451 14 202 209 413 419 223 37 387 218 3 112
3 2 5
477 373 147 472 216
1 3 3
479 227 163
2 15 18
117 190 182 57 27 364 353 438 103 400 173 166 25 226 245 238 91 292
2 12 11
284 370 369 116 423 244 11 38 309 79 240
10 10 21
344 166 235 454 138 90 277 109 178 413 220 188 407 225 273 297 146 16 449 332 272
6 10 10
377 403 297 426 486 281 478 470 89 409
5 8 17
210 56 37 436 173 100 4 235 124 383 25 32 293 163 23 377 468
1 7 2
68 173
10 4 17
109 323 125 329 132 102 393 358 67 491 22 235 425 389 492 330 497
7 18 17
9 274 95 331 80 452 108 65 101 426 347 444 383 325 401 440 68
6 11 13
202 161 489 3 12 264 267 480 355 486 246 123 20
1 20 4
432 234 242 192
7 13 17
288 415 445 295 443 407 200 190 143 428 263 6 185 35 84 289 225
1 17 20
223 430 221 197 54 173 473 301 201 295 222 460 345 33 372 71 300 408 379 130
3 17 9
69 191 62 65 48 493 282 360 101
2 13 4
154 438 260 172
9 20 15
264 30 114 96 134 66 380 463 335 63 401 430 497 180 406
2 20 3
380 369 453
6 14 20
109 264 347 498 55 378 399 96 161 144 45 87 163 229 380 308 70 189 111 164
2 5 10
423 151 21 491 4 176 432 347 323 86
9 2 17
443 69 387 273 107 9 176 89 368 485 209 65 361 254 347 354 124
15 5 23
496 164 1 63 326 280 73 191 27 129 268 299 209 402 466 465 132 481 174 282 398 142 486
3 1 22
240 147 499 99 46 430 286 9 441 201 100 479 45 356 445 456 57 346 378 265 141 224
10 12 16
472 152 251 245 444 169 227 271 442 453 194 28 218 70 404 373
11 18 18
470 173 414 473 457 442 141 207 48 3 182 460 496 418 486 485 340 316
2 18 20
116 390 424 96 314 67 300 120 277 357 147 16 335 207 366 363 403 495 264 325
7 8 23
177 253 360 433 98 397 281 235 150 442 148 319 249 472 418 279 261 255 327 481 274 19 198
9 10 16
495 32 415 402 392 320 141 260 300 223 31 194 160 243 76 203
3 18 6
319 203 22 283 330 129
2 20 3
117 131 306
5 9 11
127 64 88 69 462 60 115 172 301 257 239
1 9 15
9 292 158 469 100 366 498 121 410 337 93 48 183 41 360
3 3 25
165 236 68 152 452 425 363 7 242 28 63 365 411 456 18 34 77 458 158 378 494 102 296 277 459
7 19 24
86 361 294 186 246 165 44 397 191 311 413 123 414 207 398 116 104 461 213 140 330 378 371 288
9 20 16
212 13 428 60 366 299 182 20 62 436 219 328 184 117 380 267
1 12 4
267 451 478 161
7 4 13
366 342 414 13 285 419 300 189 340 28 179 251 59
13 12 23
354 97 396 60 369 34 142 222 134 48 169 495 37 173 356 247 8 488 477 475 346 151 424
10 3 15
366 158 418 349 438 401 100 30 211 384 205 274 495 396 233
2 7 23
454 214 28 225 353 495 154 238 301 226 146 250 127 338 172 363 386 327 85 465 260 57 194
9 20 17
260 375 209 35 145 467 372 396 31 248 434 30 84 480 421 119 114
11 19 19
486 158 416 141 461 216 409 69 132 333 457 19 304 325 76 84 156 491 146
6 7 23
491 373 399 446 447 458 136 15 103 77 459 47 471 377 104 283 155 293 93 344 212 338 17
2 17 13
433 179 493 321 361 263 204 37 176 154 178 26 216
3 10 6
234 180 63 33 324 81
5 14 9
276 121 283 267 389 354 403 462 114
4 5 6
243 134 160 349 97 199
5 4 14
247 81 440 246 442 88 171 486 103 308 314 408 389 97
13 1 25
302 214 283 439 107 30 305 345 79 200 71 422 59 249 125 272 203 198 313 475 421 187 230 332 382
7 12 13
415 320 442 284 175 443 249 323 445 464 424 239 19
4 9 20
487 423 156 391 272 176 123 178 485 0 438 333 135 219 280 61 218 400 64 465
1 7 22
98 369 149 161 245 145 87 356 382 284 469 83 101 257 41 439 147 456 304 151 350 368
6 2 25
141 275 68 91 392 84 170 169 351 256 224 157 490 144 207 41 121 64 134 358 102 150 231 276 240
1 7 3
371 314 404
4 14 24
119 121 319 307 123 370 304 332 221 393 403 442 210 228 341 34 326 269 2 138 276 376 318 375
4 3 13
174 328 358 188 39 359 141 485 206 165 260 252 481
2 11 3
348 358 142
1 4 4
298 497 366 23
14 18 22
203 42 246 50 369 451 260 453 8 181 172 127 335 400 174 281 71 481 43 157 40 244
9 12 15
64 94 184 198 425 459 295 170 440 73 325 44 428 210 99
6 17 22
209 230 469 308 243 343 364 165 344 350 413 460 162 116 335 280 82 19 310 319 237 473
6 3 23
106 459 346 266 447 181 437 180 402 20 123 401 469 166 12 238 124 162 320 422 318 241 262
3 17 10
188 343 66 86 399 85 177 81 457 123
6 1 16
431 250 116 363 467 18 383 327 121 499 54 191 49 11 276 101
1 17 9
296 270 110 227 177 337 151 111 165
2 2 12
172 134 213 305 454 344 314 332 77 256 498 137
3 10 19
249 448 193 383 479 350 167 28 389 156 176 424 103 384 303 184 242 23 107
8 8 13
3 167 155 471 324 119 452 372 309 173 22 92 429
2 12 7
482 84 267 341 168 279 195
9 16 15
179 374 28 37 158 335 370 351 294 250 173 353 147 246 102
2 6 13
219 158 327 35 318 20 389 369 320 92 201 99 246
4 20 17
341 180 207 236 10 368 71 177 442 144 487 92 472 155 35 44 352
2 8 22
396 147 399 485 241 186 177 418 278 8 243 373 219 427 104 265 159 487 88 80 128 46
7 14 18
436 300 265 346 120 169 184 478 465 432 317 48 337 392 296 461 336 158
15 2 25
347 241 221 312 216 354 8 238 114 358 53 2 103 233 323 415 387 167 470 263 148 124 324 31 281
1 7 14
187 154 128 197 104 45 461 183 366 16 195 48 34 438
2 1 10
343 371 295 474 317 62 45 128 307 106
5 4 20
246 469 63 460 327 401 28 416 116 220 330 219 452 178 41 272 285 377 199 255
1 19 2
117 362
9 14 20
465 123 310 133 428 221 147 168 41 251 269 138 322 396 117 167 439 302 411 131
4 2 22
255 384 64 47 20 449 0 368 260 310 371 112 366 373 459 330 424 111 107 263 429 227
7 15 22
259 370 400 349 485 39 244 452 311 437 83 385 266 60 348 388 371 120 327 450 467 153
1 20 5
90 177 446 99 457
10 18 21
418 142 297 338 29 39 292 497 493 354 420 246 480 266 259 34 423 326 239 108 121
2 12 9
192 84 3 179 51 13 325 458 429
8 5 13
210 357 364 2 212 131 491 47 163 121 376 251 443
2 10 15
56 248 361 495 205 201 329 268 276 354 284 334 199 390 278
4 15 25
103 282 21 82 65 26 220 426 51 470 440 196 306 76 46 110 124 7 66 314 204 93 445 347 422
1 8 4
91 260 450 83
1 5 4
410 292 423 207
14 1 21
344 411 210 451 450 36 290 50 65 350 144 333 277 42 87 303 192 159 228 293 39
6 11 13
13 129 408 72 139 97 349 94 51 164 288 340 486
6 10 14
1 353 334 114 403 49 175 433 195 335 390 46 34 97
9 11 14
467 65 339 451 409 157 315 414 487 159 224 447 279 64
1 14 22
367 427 27 254 323 400 279 146 456 411 494 78 387 377 185 180 447 475 290 281 116 47
4 7 14
16 339 71 476 351 124 322 89 224 233 484 371 137 151
9 2 25
343 331 379 128 145 165 85 362 143 114 240 209 395 387 76 314 381 105 47 28 351 324 388 403 175
1 9 11
468 460 74 246 154 189 49 366 429 314 272
8 12 18
463 151 300 87 403 182 24 67 438 484 210 213 154 296 42 153 83 91
13 2 23
33 395 470 215 416 301 477 147 466 444 293 310 50 35 464 185 117 274 119 451 237 426 178
3 6 12
222 430 67 314 136 217 20 331 211 326 207 337
1 6 9
71 163 266 494 260 498 184 182 52
5 4 9
476 443 279 366 153 50 449 369 137
4 14 19
94 327 31 292 34 259 112 461 228 482 206 39 439 332 464 162 267 159 165
2 5 3
472 294 219
6 10 13
446 109 382 448 450 466 157 334 261 429 461 160 265
1 19 3
368 247 367
1 17 4
162 377 210 22
1 12 6
17 381 367 179 164 485
8 3 19
309 390 96 295 399 425 9 106 162 219 326 168 488 318 95 239 394 54 229
12 20 24
212 429 316 370 277 119 36 180 173 321 200 115 416 145 458 47 32 436 84 495 441 475 171 451
6 16 13
139 374 19 272 404 72 390 71 231 340 6 144 332
11 16 23
298 306 448 264 138 262 20 31 222 153 87 491 96 124 483 228 30 156 235 231 158 489 207
5 4 12
321 413 35 338 396 291 493 316 17 82 352 62
2 17 5
477 332 29 379 142
10 5 21
46 191 39 26 247 56 350 442 201 242 167 433 366 370 446 38 274 78 449 135 403
2 16 7
243 281 181 173 408 456 134
11 10 20
235 284 451 69 86 261 244 300 118 231 22 161 209 391 27 133 363 40 184 243
7 14 11
433 130 308 33 242 23 325 385 267 22 91
7 6 22
270 232 25 102 415 62 465 30 430 314 299 111 123 400 244 338 265 347 122 417 88 290
8 7 25
269 417 414 40 228 323 341 294 176 320 167 442 24 100 477 142 240 251 219 344 304 260 91 241 296
5 10 9
156 34 105 202 189 333 383 331 419
7 4 14
261 38 376 408 191 478 325 366 75 136 400 17 19 264
6 7 16
345 87 355 487 338 2 492 315 205 115 4 314 410 477 448 409
3 15 22
150 171 144 260 124 221 71 152 191 453 436 259 35 206 214 118 56 490 322 129 403 264
5 18 10
240 361 406 482 56 335 384 318 411 211
1 17 10
179 9 498 162 218 148 315 309 133 404
7 7 23
419 121 268 224 99 147 209 195 71 178 192 80 35 375 293 227 251 354 343 197 52 22 283
6 5 25
55 203 446 266 392 53 123 304 364 345 27 230 280 323 204 316 420 427 256 84 229 178 431 121 216
1 2 3
26 119 118
9 15 24
143 14 198 310 276 55 281 219 409 431 392 399 414 103 471 283 390 472 101 230 382 484 428 377
10 12 21
69 41 378 330 70 140 18 114 115 63 4 278 262 456 440 144 434 45 303 26 293
1 7 2
217 496
5 16 15
390 312 265 493 338 266 154 123 197 68 264 334 279 178 195
2 10 11
26 66 403 131 89 317 246 32 37 18 424
5 9 14
123 195 484 211 379 128 200 100 193 47 267 332 493 97
4 6 6
192 281 375 353 142 114
6 4 17
351 75 461 70 191 425 233 31 183 96 328 94 60 202 352 378 36
6 14 19
281 213 196 470 366 353 114 157 322 290 79 126 75 142 224 457 165 160 19
1 7 2
199 436
6 11 25
217 363 295 81 145 368 432 355 109 427 337 381 424 89 342 354 222 476 444 108 475 315 377 70 91
7 5 22
12 372 88 354 447 498 41 239 347 234 285 18 482 125 175 231 431 277 223 159 293 493
7 5 11
487 121 127 338 95 61 181 361 268 450 408
2 1 15
249 113 229 356 374 178 34 408 437 201 82 51 390 344 468
3 1 9
26 493 145 85 201 315 32 415 41
15 11 25
200 77 193 208 201 371 183 239 27 306 49 79 383 350 148 101 45 179 116 351 360 17 386 168 225
2 3 7
138 303 231 477 455 20 291
4 17 13
55 409 309 369 398 211 324 401 483 115 347 159 177
11 11 20
232 408 216 355 241 190 144 457 62 175 432 278 451 226 394 160 90 443 477 136
2 6 12
403 235 323 223 322 379 469 211 248 47 284 225
10 19 22
131 11 205 144 141 252 406 16 110 273 103 486 228 335 337 250 450 315 331 480 236 257
9 6 15
31 397 434 452 499 7 491 46 159 153 28 390 303 420 360
4 18 6
55 447 437 347 169 353
6 19 12
223 482 338 285 453 52 167 463 156 334 465 403
10 11 20
272 365 445 97 343 483 398 14 111 198 369 333 417 187 162 137 219 470 408 164
4 8 16
195 139 144 325 188 222 186 101 317 398 490 263 408 450 320 118
4 9 10
297 136 36 231 230 294 349 257 192 263
1 10 13
148 241 426 481 269 96 386 400 264 161 335 185 446
5 13 20
321 332 383 120 253 22 4 243 226 95 499 267 119 65 51 230 166 213 67 287
1 14 3
150 224 364
1 3 17
382 197 331 477 450 281 335 318 393 467 155 102 420 20 183 336 133
3 11 5
260 188 261 347 391
5 14 16
415 222 161 93 430 219 140 472 237 357 287 144 349 183 456 323
2 17 25
158 474 197 130 438 62 123 44 92 190 455 483 299 499 235 394 115 331 193 386 264 40 278 39 337
7 9 12
338 136 43 477 50 22 355 224 132 175 490 87
3 17 17
321 245 280 419 126 282 170 86 449 326 50 323 242 248 457 95 360
1 10 9
397 53 218 497 252 241 387 160 253
3 15 21
41 227 403 221 301 142 443 437 128 151 62 328 88 148 264 402 355 387 346 97 146
10 18 19
368 458 224 319 336 401 313 430 158 136 11 320 180 200 310 191 493 1 161
8 20 17
224 355 208 300 383 489 336 477 415 288 122 448 31 272 428 19 197
13 18 24
445 477 22 209 229 339 469 216 164 76 154 84 448 286 384 467 400 470 269 201 316 3 128 285
6 15 11
396 287 319 242 312 118 454 492 444 100 125
1 4 2
174 376
3 20 8
201 84 70 206 75 173 62 459
2 9 9
289 176 253 393 228 211 114 49 457
6 10 10
10 341 257 29 445 479 333 208 310 481
5 17 18
192 321 293 44 104 187 464 73 91 12 341 33 342 23 59 435 463 11
2 5 20
452 3 89 302 407 15 462 188 355 119 11 279 68 256 195 383 381 250 328 292
4 16 9
103 335 10 130 346 231 170 395 444
8 18 14
141 470 296 29 210 224 225 306 417 181 230 483 206 458
2 11 3
25 146 453
6 11 9
130 45 250 35 39 443 52 28 355
4 9 8
89 152 393 50 174 39 259 445
2 8 12
157 496 27 168 249 46 128 12 178 264 182 89
1 5 22
9 21 298 217 209 490 72 323 187 252 409 125 270 319 402 240 43 360 308 38 15 221
2 16 11
326 391 277 429 30 417 148 1 318 297 172
1 13 3
320 264 472
6 9 17
322 299 70 475 120 53 35 147 491 225 456 103 55 441 384 227 106
11 7 17
129 289 460 241 201 307 433 470 368 421 370 256 64 361 294 286 401
8 6 12
442 406 13 352 331 179 315 237 188 335 239 186
1 20 4
307 31 468 7
1 14 9
250 316 240 306 462 37 191 470 166
1 2 5
29 493 498 125 190
1 17 10
380 168 349 218 456 457 183 209 428 391
8 14 16
123 152 426 215 498 456 219 4 61 348 369 196 97 84 35 349
2 20 10
73 429 129 66 456 319 497 458 145 445
2 12 8
53 414 446 316 323 370 84 345
2 3 5
287 118 402 33 42
6 9 10
290 125 80 275 400 498 38 342 416 483
1 3 7
427 331 225 374 477 88 483
5 16 9
139 370 224 59 499 339 182 434 441
1 2 10
223 333 131 407 480 364 299 58 14 479
1 5 13
272 448 429 39 401 26 232 361 24 226 269 244 326
7 12 14
6 180 384 419 22 398 143 390 139 336 353 415 144 68
2 18 6
425 59 284 393 203 497
1 15 2
137 36
1 3 2
22 210
4 15 12
331 369 173 95 432 370 64 429 206 69 50 125
7 4 22
380 312 117 8 476 148 55 417 19 68 304 481 76 132 93 434 339 489 396 112 376 27
4 7 18
129 474 19 164 184 432 328 70 372 144 60 122 353 418 100 20 299 150
4 16 25
220 469 172 37 18 349 331 84 74 206 301 137 13 450 498 5 59 464 274 266 480 204 284 386 42
5 7 21
358 446 378 389 148 366 463 299 104 11 352 414 233 61 43 294 374 59 377 330 426
2 7 10
204 200 78 275 479 62 310 114 265 35
4 4 13
343 265 120 189 183 26 14 406 480 37 354 139 213
3 18 21
443 276 371 358 410 42 264 241 225 9 485 325 343 441 175 15 259 489 238 4 451
1 8 2
400 58
13 1 25
123 142 495 239 155 149 440 35 16 259 117 124 301 281 143 31 291 132 71 407 45 414 20 488 365
1 13 2
340 300
8 7 16
390 215 372 165 481 438 379 409 211 424 264 201 361 150 380 138
1 12 2
321 271
1 5 6
69 92 349 294 187 444
12 5 18
366 181 164 209 0 444 380 145 307 101 460 270 309 363 362 102 174 148
3 11 10
463 375 270 471 334 432 0 415 317 139
4 1 8
420 286 70 342 275 361 481 80
15 5 24
26 446 67 252 148 160 498 99 109 471 5 488 275 76 128 206 220 90 232 94 202 497 365 191
8 7 21
51 333 219 82 194 116 40 269 167 315 80 42 150 190 71 338 387 104 371 364 129
1 20 5
310 204 303 368 259
6 18 9
118 28 262 344 353 227 107 439 120
2 16 10
49 220 455 113 389 52 199 439 181 99
5 7 10
258 342 287 372 455 206 314 148 25 424
9 19 15
3 463 341 385 116 469 278 338 315 186 266 297 33 90 383
5 5 19
301 259 461 33 119 324 148 173 68 80 214 64 405 437 334 285 476 47 410
4 9 7
269 346 399 175 15 367 188
1 18 8
96 275 50 370 158 124 154 215
1 8 5
228 141 284 364 259
3 12 15
111 167 437 458 213 439 62 50 271 6 344 280 86 474 465
8 3 14
426 306 499 313 425 193 232 83 50 52 110 266 354 485
4 11 12
204 131 18 316 467 203 250 464 36 304 370 367
7 4 15
397 242 91 43 251 420 486 19 241 362 157 225 265 170 479
10 17 17
404 32 409 322 166 144 124 116 201 268 223 83 112 429 282 305 354
4 9 13
471 197 453 400 350 99 315 317 245 14 55 57 20
15 12 25
309 176 418 54 403 49 258 246 331 365 122 265 311 493 77 3 26 171 476 356 90 243 109 427 484
6 10 14
65 154 410 47 365 467 452 233 199 238 403 131 122 158
2 4 3
50 257 405
1 15 3
192 158 462
1 18 4
454 36 235 291
4 7 9
128 475 482 378 39 454 440 33 109
2 6 6
338 108 52 19 369 386
5 9 11
227 280 217 126 341 123 46 34 473 363 54
6 4 16
477 241 406 235 408 21 64 66 191 282 427 151 132 441 269 389
13 18 22
151 443 257 305 3 115 348 405 481 178 17 157 247 118 456 161 60 250 420 262 220 282
1 4 2
32 459
15 5 23
477 213 52 360 243 104 232 141 44 118 302 169 83 433 409 32 460 404 51 197 40 343 124
1 14 4
55 31 100 425
1 15 15
188 158 466 381 63 56 14 179 32 382 240 218 458 292 186
11 13 22
64 229 67 148 164 216 404 271 88 262 123 152 222 231 243 57 168 184 192 103 42 235
2 15 4
134 111 350 139
6 15 10
98 183 287 222 380 359 411 95 168 443
4 5 7
453 286 400 76 451 246 62
9 5 22
1 117 441 228 64 496 413 4 105 251 221 85 43 234 53 475 159 126 178 151 89 403
3 4 7
4 51 153 199 416 23 317
5 7 24
305 413 450 263 411 350 431 79 228 451 283 52 270 399 377 11 363 396 280 328 368 405 200 333
6 16 18
477 22 397 102 339 189 179 332 333 28 12 438 162 0 40 487 290 72
1 2 3
179 288 22
6 1 23
292 227 259 18 323 238 17 390 67 210 233 291 328 72 231 42 355 194 321 111 142 304 163
3 5 6
499 472 88 446 379 440
14 9 25
173 412 62 124 197 335 120 282 434 442 476 243 123 409 75 482 329 483 327 33 307 268 262 189 193
1 1 17
6 79 434 58 331 435 26 359 155 239 211 455 186 451 471 486 180
1 20 2
202 102
8 14 13
299 374 382 381 150 33 261 231 330 334 199 315 162
2 6 7
333 113 99 387 292 496 325
2 7 5
131 275 437 351 485
6 19 22
416 93 32 115 76 451 494 437 458 261 340 492 48 371 393 495 432 202 360 460 343 366
8 3 14
97 303 67 209 433 235 171 492 81 114 437 142 79 403
2 18 4
176 145 298 189
1 11 2
0 490
1 15 2
181 136
2 16 4
98 261 379 280
4 9 8
276 304 314 287 491 247 240 331
8 20 15
498 145 303 433 175 65 25 92 247 323 477 495 250 317 448
2 6 10
43 125 258 62 194 74 183 289 497 122
4 5 24
496 472 322 207 12 150 178 195 112 327 357 487 474 296 316 70 305 325 275 390 348 428 482 144
2 8 10
416 107 373 169 218 234 405 38 287 25
12 15 22
394 178 291 315 280 320 452 482 207 95 87 334 337 463 489 437 163 272 56 118 65 324
11 7 18
287 145 182 20 167 249 39 62 29 490 462 116 50 488 53 348 290 233
11 10 17
49 315 61 220 152 478 252 31 417 411 402 107 398 351 7 476 419
4 3 12
4 218 275 95 422 410 234 425 492 352 64 266
3 12 6
138 38 178 195 400 290
4 20 20
376 449 324 385 55 283 77 468 448 487 89 82 191 102 307 237 114 186 122 260
2 9 25
259 120 2 23 215 78 417 490 88 133 149 376 277 227 188 194 336 15 315 25 331 479 101 114 354
10 1 16
407 434 271 98 84 88 394 57 97 356 284 245 229 300 451 320
11 3 20
116 268 459 246 165 100 154 471 107 166 137 239 444 97 112 269 89 113 242 436
13 15 20
315 497 297 119 177 369 221 252 49 151 359 92 248 366 442 94 350 413 388 245
1 18 3
120 490 61
6 10 12
56 214 253 487 124 149 474 45 163 467 280 352
2 11 5
38 245 174 46 121
14 18 24
7 361 329 237 493 401 89 143 163 79 313 172 102 494 416 20 394 228 499 498 68 352 244 365
2 2 18
346 154 54 359 139 62 151 498 348 447 75 483 3 173 60 147 399 146
6 1 17
414 224 268 289 61 264 365 38 152 433 218 228 39 362 250 72 36
7 8 23
228 360 9 107 23 344 350 304 391 202 459 472 407 136 296 445 316 15 421 25 485 251 120
3 6 7
145 146 230 351 271 370 28
2 16 8
252 208 122 310 295 406 204 454
10 9 15
111 332 223 256 49 225 288 46 112 275 439 68 302 235 143
1 5 10
439 292 428 290 128 435 490 53 181 239
3 20 15
76 199 457 354 164 93 340 320 177 178 299 332 5 26 428
6 1 15
116 481 128 268 119 149 252 342 335 447 40 361 386 448 488
4 1 11
444 237 217 89 439 452 386 462 457 216 333
11 9 22
87 431 258 325 54 254 334 126 288 20 15 225 400 416 345 117 61 125 386 490 86 178
14 14 21
321 428 340 184 291 210 379 425 107 437 327 265 41 325 20 346 138 199 2 359 343
7 19 12
301 325 270 237 180 95 84 387 134 419 451 69
3 2 15
169 165 447 147 379 196 32 461 367 442 345 294 456 204 382
2 7 18
222 417 225 438 290 9 230 18 300 253 23 489 204 127 387 94 276 479
4 7 17
489 71 92 196 352 121 52 14 268 358 213 80 29 86 160 330 226
15 17 23
214 16 128 240 363 328 489 101 208 303 246 276 160 28 326 364 419 187 36 442 270 22 474
13 4 21
177 390 342 399 258 180 129 487 478 63 60 403 332 448 9 247 424 79 181 76 493
1 8 7
246 472 357 203 232 0 7
11 18 25
324 334 89 296 26 480 359 181 209 233 70 383 277 473 479 318 204 201 127 486 41 98 419 249 63
4 9 11
35 252 234 288 154 281 351 350 466 247 104
7 8 15
116 450 68 200 379 274 112 411 170 458 187 135 397 410 92
6 3 12
372 229 351 227 457 417 367 412 437 48 169 119
1 7 2
315 128
10 18 15
489 423 103 325 253 111 190 453 168 283 211 490 13 115 438
3 18 7
217 259 70 65 336 469 188
1 5 10
229 239 93 391 185 369 220 474 338 24
4 15 17
489 480 296 417 169 150 486 88 63 462 463 284 203 401 400 120 211
5 12 16
484 46 373 426 479 263 252 177 40 344 10 7 461 82 149 71
9 1 17
85 386 403 458 295 495 243 484 178 15 194 492 55 125 182 304 81
1 1 3
448 147 485
12 13 25
476 383 364 227 454 376 172 17 440 136 144 200 412 268 202 421 32 463 420 189 143 135 215 219 213
1 10 11
457 196 171 108 178 442 172 476 57 49 314
8 14 25
41 36 445 425 4 33 97 75 422 206 330 104 417 202 415 359 489 365 122 269 450 437 69 438 396
2 16 4
275 380 486 333
4 9 7
169 482 234 271 319 215 142
14 6 21
91 70 392 218 165 223 224 126 370 135 4 409 5 325 267 393 351 112 154 394 150
4 7 11
444 226 417 318 122 369 152 325 35 374 16
1 9 16
62 239 480 37 389 158 222 183 156 123 137 413 449 489 250 363
1 3 7
385 383 210 325 470 462 272
4 16 10
64 319 487 371 265 494 266 291 180 207
3 10 22
302 452 408 52 466 10 300 279 492 119 293 85 417 22 14 167 268 301 347 308 464 158
4 18 25
288 51 416 203 7 194 246 164 446 115 323 38 23 466 89 29 297 419 76 272 81 6 221 184 91
2 11 18
402 399 440 115 237 23 102 384 457 287 218 122 46 44 275 117 336 392
5 16 18
292 295 370 384 350 463 5 81 86 172 371 108 184 432 113 149 438 150
3 15 6
27 175 305 99 22 30
1 11 10
408 352 450 79 355 361 441 190 110 354
1 16 2
353 36
9 19 24
280 401 138 265 475 198 238 179 276 326 387 214 207 481 322 402 150 491 147 295 405 237 373 473
1 5 4
431 485 136 32
3 5 16
372 51 100 77 233 322 68 197 30 399 475 221 55 310 489 96
1 1 17
88 379 448 305 425 184 257 418 206 8 243 58 401 55 186 10 35
1 17 7
64 180 305 332 102 261 49
9 18 17
191 321 82 257 122 463 100 54 431 176 198 166 320 192 119 248 254
14 18 23
494 1 370 485 150 49 45 331 360 182 237 483 465 93 213 350 264 85 273 79 181 97 380
3 12 5
127 236 250 467 405
2 16 25
197 89 335 222 257 111 392 262 328 109 52 35 2 49 428 156 59 187 22 412 275 492 188 440 256
3 9 25
109 444 40 450 127 409 465 106 300 319 464 376 71 366 281 228 156 73 334 411 159 197 51 435 340
7 13 20
101 27 113 136 25 187 224 100 141 312 390 285 423 471 104 16 485 376 140 165
1 6 2
287 420
6 3 22
417 37 386 446 154 138 449 100 209 178 98 404 104 92 8 168 41 412 299 331 49 7
4 1 18
264 302 279 298 474 260 351 177 230 104 379 496 440 91 285 489 459 378
2 7 9
12 39 270 298 367 209 274 396 160
4 6 9
185 370 143 375 178 15 380 157 210
11 11 19
122 424 357 52 50 286 410 100 294 223 155 326 476 247 13 74 114 483 480
3 19 20
183 224 243 382 479 301 324 371 179 200 308 222 448 416 174 272 319 60 267 286
1 12 21
301 178 250 126 466 62 44 231 314 165 113 170 43 453 496 469 498 381 432 439 73
3 15 16
189 478 411 258 313 198 151 308 375 98 439 127 468 68 361 78
3 7 5
277 115 139 128 39
1 18 3
189 25 403
3 2 15
421 390 236 361 447 328 126 23 237 290 292 125 114 433 81
1 3 5
378 429 133 138 14
9 3 16
270 238 229 95 258 292 391 448 89 63 374 398 215 250 469 97
5 13 17
486 122 410 104 214 459 355 372 428 200 293 380 223 50 144 424 195
1 11 19
437 245 10 427 386 80 285 117 345 87 298 55 458 45 348 9 26 455 370
2 9 11
46 239 176 31 405 0 97 342 327 228 266
8 19 17
278 462 206 499 132 450 6 4 106 66 354 325 219 42 464 185 50
2 10 19
371 118 356 319 453 305 292 390 196 430 199 293 402 423 382 365 66 436 75
5 6 10
199 406 203 402 99 235 62 0 431 413
12 16 24
257 310 185 270 133 247 448 415 1 474 121 148 324 260 320 252 82 186 61 78 87 389 93 467
2 20 19
8 356 57 222 458 214 164 270 380 252 213 198 78 240 236 22 382 150 12
1 11 8
357 469 149 213 218 287 338 195
3 19 7
296 244 57 307 364 271 240
2 18 11
255 136 281 357 2 202 340 294 276 473 164
6 13 11
63 48 240 385 296 165 79 392 497 414 286
4 5 8
496 302 326 285 20 83 252 323
4 9 23
381 273 102 347 344 148 205 48 471 143 163 124 467 498 264 429 280 120 112 380 224 386 217
8 12 20
141 67 155 44 286 108 489 223 426 158 5 414 454 63 261 484 445 482 48 495
15 7 23
57 428 76 118 47 73 145 123 437 221 78 499 55 116 10 387 331 359 272 265 415 230 465
1 14 2
278 429
6 8 18
32 83 309 194 479 462 453 249 235 10 407 478 267 327 493 252 158 71
10 16 16
309 305 453 459 392 168 132 272 431 127 182 46 395 33 300 96
1 2 3
130 496 88
2 3 12
455 292 371 261 172 471 259 130 239 400 179 426
4 17 15
36 174 194 229 379 363 33 384 81 409 439 61 489 109 144
7 13 14
86 220 103 473 165 175 357 438 69 213 138 119 271 200
6 15 11
380 5 84 495 395 356 405 400 156 45 265
2 14 6
394 97 256 343 264 73
10 17 24
276 172 275 117 484 468 150 9 106 478 109 265 411 263 192 319 254 171 162 43 238 373 316 220
3 18 14
236 382 185 250 460 272 113 425 102 178 220 37 222 381
11 20 21
42 122 317 232 80 146 117 382 297 8 228 167 488 103 370 265 299 237 101 19 360
5 12 9
53 449 363 162 365 161 163 290 91
3 5 13
175 2 423 435 64 360 400 245 397 337 274 30 83
4 4 9
57 491 461 167 248 377 115 486 179
3 10 5
466 184 426 332 172
2 11 18
203 486 372 324 274 275 336 153 131 260 231 387 247 212 179 459 170 72
2 15 10
142 430 286 92 371 104 225 168 85 112
11 12 25
305 179 492 423 429 470 167 377 161 118 297 222 6 127 450 205 263 376 36 107 23 383 239 79 483
8 4 20
309 358 7 199 196 27 36 244 164 286 346 203 219 245 484 247 221 41 375 439
5 20 8
231 314 40 312 129 167 195 0
8 15 17
421 435 256 468 472 67 308 113 233 164 15 57 337 211 486 76 448
7 16 24
54 244 415 273 325 493 368 351 65 229 60 475 84 77 389 102 472 419 456 193 225 359 228 248
7 9 23
33 206 60 331 432 471 49 484 11 437 240 76 226 152 85 21 59 276 413 235 159 179 270
1 4 5
401 17 60 427 30
3 11 9
113 416 312 9 52 39 57 152 79
3 19 20
302 356 194 96 107 403 121 164 375 335 182 379 282 363 283 151 3 385 221 244
4 10 25
56 386 238 242 22 6 118 431 278 100 116 16 441 448 469 391 476 207 24 80 428 408 105 305 442
16 19 24
126 148 298 154 144 157 271 135 174 225 398 240 346 14 454 326 231 209 427 82 195 131 75 110
1 2 11
14 302 122 27 487 279 455 254 358 91 330
4 14 18
262 448 238 416 427 443 69 462 60 169 11 460 268 355 492 373 121 321
2 17 3
198 214 472
3 1 8
411 210 400 186 278 108 134 324
5 16 16
467 251 368 407 20 93 337 103 301 119 171 121 406 139 278 268
2 17 19
63 137 0 404 205 199 359 16 54 108 252 294 34 190 414 151 239 174 393
5 17 10
389 326 375 448 70 351 479 160 62 17
8 7 22
184 444 185 311 415 298 498 141 145 323 378 56 473 290 237 256 388 213 150 363 365 414
16 20 25
262 66 396 301 372 165 218 356 415 67 444 458 217 111 20 349 112 9 363 464 87 138 420 140 109
6 12 16
265 449 5 344 470 246 50 373 464 334 473 485 496 494 271 119
13 1 24
268 491 471 97 360 260 272 35 445 133 382 85 341 308 487 274 196 455 16 238 115 138 10 23
10 12 19
287 462 496 180 392 110 6 498 400 36 325 218 136 137 38 466 319 495 449
1 20 20
215 229 51 339 3 274 170 311 110 8 254 33 44 31 377 347 255 129 191 361
2 10 6
17 174 38 103 437 200
5 16 15
292 131 278 340 167 326 257 252 165 418 374 10 407 164 63
4 10 18
216 483 320 24 334 428 389 135 339 352 255 191 51 371 202 245 329 259
3 12 17
464 264 340 463 19 241 425 50 243 490 472 45 300 244 386 32 383
8 4 18
409 345 179 426 224 448 33 234 319 315 328 489 457 344 468 153 323 467
1 13 14
166 417 314 230 16 25 35 17 413 12 497 221 486 428
1 20 3
455 214 426
7 3 13
393 161 195 88 183 437 259 342 70 409 252 431 395
3 3 5
429 116 301 151 12
4 8 9
297 353 28 204 167 338 209 4 393
8 15 21
173 360 182 47 254 369 482 158 351 378 355 243 415 349 387 427 124 240 45 74 367
1 9 5
204 208 361 469 76
6 17 14
446 47 306 164 138 268 69 73 290 360 32 350 93 149
1 19 2
236 268
4 1 17
266 339 142 41 17 135 87 403 497 278 373 73 69 173 425 146 187
10 10 24
395 238 142 294 230 340 154 159 66 103 273 381 271 51 374 369 419 193 162 345 196 482 197 471
7 12 17
153 348 250 486 71 194 59 465 44 431 424 11 229 412 181 223 36
2 17 14
482 153 254 282 192 273 491 359 332 288 224 347 372 19
1 18 2
107 324
4 6 17
217 269 491 301 180 165 370 16 250 145 344 426 302 205 418 74 94
7 15 14
370 219 308 69 259 475 178 241 196 201 418 492 485 68
5 2 11
418 495 460 360 339 179 468 470 478 191 301
5 3 8
463 471 87 38 50 459 231 26
14 14 23
155 174 66 412 395 315 35 381 328 369 453 456 450 191 139 321 231 10 157 436 402 490 296
9 3 16
94 60 302 184 253 492 479 263 55 125 11 249 318 278 395 381
3 4 15
31 275 157 267 421 98 189 217 51 446 443 49 423 461 17
1 10 9
471 442 477 462 43 197 84 289 82
5 16 13
3 250 478 108 479 339 293 333 5 245 405 262 306
13 7 24
335 4 154 334 120 119 478 493 230 58 12 147 404 481 49 43 368 458 173 34 170 68 19 327
1 11 11
119 141 93 122 21 434 436 185 374 394 346
13 13 23
396 100 382 111 473 202 7 453 136 129 164 360 56 401 250 266 297 304 186 102 262 480 113
4 16 7
133 238 59 479 495 494 285
8 12 12
474 155 323 228 333 56 499 354 96 233 284 45
12 14 24
431 114 288 330 20 224 482 469 326 256 159 107 373 178 198 49 375 188 353 79 481 427 267 217
3 3 5
499 217 266 457 201
1 2 2
273 4
10 3 21
398 323 147 469 346 17 78 187 199 363 345 404 375 394 425 251 70 134 3 282 225
1 19 2
370 209
6 10 24
313 14 318 7 119 254 251 160 472 296 436 362 435 412 315 372 5 446 247 37 12 76 455 172
3 8 7
103 112 85 435 329 333 300
3 20 12
118 60 128 398 298 496 19 483 300 460 189 407
3 12 13
440 249 30 133 337 212 326 335 231 333 441 219 457
3 7 20
378 471 241 408 302 484 453 423 206 104 488 275 311 43 343 368 122 12 428 277
2 15 3
380 300 482
1 15 2
281 432
3 1 6
58 410 443 142 202 146
3 8 6
137 212 392 121 202 422
1 15 2
137 113
13 19 25
204 79 5 475 231 484 222 375 260 98 319 346 53 136 429 205 87 159 169 314 24 111 142 66 423
6 17 9
367 356 219 128 139 107 469 434 240
9 20 18
408 430 288 100 490 123 334 376 28 262 180 124 245 427 31 231 313 22
3 19 5
438 179 30 346 413
1 19 8
114 465 355 181 64 372 205 439
1 16 4
463 274 346 65
3 1 11
221 173 411 338 497 267 108 485 391 426 356
1 4 13
40 190 482 121 435 407 151 451 269 477 112 332 278
5 18 11
206 480 497 48 305 260 482 377 393 263 141
