500 1500 775
11 21 25 27 27 28 14 27 22 6 15 29 13 26 22 19 14 22 19 14 28 9 23 22 28 23 22 17 3 9 9 3 14 15 22 4 20 20 27 23 15 5 18 5 26 25 3 27 9 5 20 11 12 25 23 10 3 25 6 13 24 26 24 16 19 29 26 23 28 27 1 28 22 6 12 1 23 16 1 12 4 6 7 6 5 3 26 27 15 24 21 14 17 18 21 24 18 17 1 21 23 18 5 3 10 19 1 21 8 4 3 21 17 26 29 19 3 3 17 9 16 27 13 28 8 5 30 11 2 28 22 11 10 4 3 2 25 29 8 12 23 26 18 6 29 19 11 18 15 25 1 19 21 11 22 22 8 6 6 10 13 23 14 28 7 18 17 7 5 13 5 20 5 27 16 13 26 25 15 25 23 16 13 27 1 24 8 14 25 22 20 7 30 19 19 4 5 10 1 3 3 22 26 13 11 3 22 13 11 7 2 24 22 2 20 11 18 4 26 2 26 29 20 28 12 3 12 11 30 2 10 14 18 13 20 21 20 11 26 20 14 27 25 18 21 1 5 2 29 30 16 19 3 7 12 14 7 10 18 10 18 24 23 11 29 26 15 17 4 30 13 17 9 26 9 12 12 10 4 11 8 13 28 19 20 14 30 15 19 13 22 6 2 7 28 14 25 17 19 17 3 6 19 27 3 3 21 15 5 26 26 28 16 12 1 8 27 2 6 8 5 28 10 11 6 13 13 6 4 15 20 1 19 9 8 11 20 10 20 20 5 16 5 13 7 5 11 11 28 3 27 5 12 23 24 28 29 19 17 19 23 18 13 21 22 18 16 2 5 10 16 13 8 25 21 2 12 30 6 7 27 17 11 13 16 2 27 28 18 10 13 28 29 30 20 29 24 3 1 27 16 6 8 9 3 25 24 9 11 2 16 12 29 13 17 29 22 30 2 4 15 17 18 25 29 16 29 10 21 20 7 19 12 20 24 7 19 19 29 24 23 12 15 12 10 2 17 15 27 22 12 17 15 23 25 4 9 19 11 8 9 18 25 9 18 12 11 4 2 18 6 13 1 10 13 28 21 22 30 29 22 3 24 29 9 26 29 16 22 14 12 3 22 19 15 27 19 28 16 20
1 19 10 4 18 20 6 1 4 12 29 28 1 24 26 19 30 30 22 18 7 17 18 11 15 14 25 7 11 30 4 13 18 8 19 13 29 12 22 24 17 21 23 14 30 23 11 18 7 11 18 21 16 28 1 13 15 7 7 9 12 8 25 16 10 26 6 19 11 16 11 19 18 6 23 5 22 3 20 7 26 18 7 28 26 28 30 27 18 19 19 16 18 30 4 1 6 13 13 24 12 6 27 4 7 18 26 26 29 17 3 10 8 8 23 24 28 16 4 22 10 4 24 28 24 13 22 2 24 20 16 12 13 14 29 28 25 5 28 29 16 6 10 23 20 18 10 2 24 21 3 29 10 24 3 7 3 10 12 18 20 9 2 26 21 20 19 25 19 18 21 1 12 7 17 24 6 27 26 13 22 19 25 17 10 1 28 15 18 20 27 30 7 7 28 14 22 7 29 23 9 19 19 19 23 11 21 30 19 7 22 14 24 5 15 16 15 27 8 18 1 12 8 10 23 24 29 9 8 15 21 12 20 15 17 12 23 10 29 18 8 30 6 27 10 10 22 28 12 20 17 9 12 27 28 25 14 13 2 6 3 5 17 9 4 30 12 18 16 24 23 24 14 5 17 20 16 21 4 23 23 12 5 14 25 25 12 30 25 11 8 19 21 27 20 29 25 11 16 1 5 12 23 1 18 18 17 26 15 30 12 11 16 1 5 20 15 28 12 1 2 4 6 21 14 20 30 11 14 28 7 15 21 16 28 6 10 8 7 14 19 6 21 6 26 16 13 19 3 23 1 17 17 26 29 18 8 27 25 22 16 25 4 25 10 20 12 10 23 25 12 18 1 11 14 29 7 29 17 6 1 21 27 24 17 2 10 17 16 27 13 4 12 15 21 15 19 25 4 15 26 29 17 4 28 28 30 26 25 16 9 17 28 29 4 17 14 7 19 11 13 26 8 13 17 11 18 3 18 15 30 2 8 29 18 10 16 8 15 19 10 3 7 21 13 5 25 29 12 27 30 2 24 19 29 17 4 20 7 1 15 27 6 10 17 14 19 10 23 7 7 15 24 1 17 20 9 7 21 19 3 24 29 21 17 7 21 20 1 12 12 25 28 9 10 14 24 21 3 26
7 18 23
484 180 66 492 406 32 362 305 384 144 147 390 4 261 103 487 326 194 83 25 182 369 74
4 17 18
444 228 177 481 277 408 322 22 75 255 133 160 83 204 72 402 377 6
6 1 9
449 492 169 76 370 315 426 390 125
2 8 11
291 139 271 184 63 425 174 187 122 308 8
8 19 21
491 257 369 392 14 403 273 414 499 86 27 391 444 287 46 337 222 486 434 401 166
2 18 13
233 222 153 266 132 285 311 425 468 119 10 259 89
3 4 6
216 411 197 39 183 153
2 9 4
173 286 396 273
1 18 12
426 41 414 433 203 172 481 18 71 239 301 61
10 19 15
120 122 323 112 446 286 203 347 239 18 39 369 87 7 422
2 2 3
177 25 399
3 13 8
296 318 484 124 395 414 52 100
7 9 22
254 427 228 209 120 8 59 339 79 1 369 496 96 50 234 261 283 253 211 393 329 218
8 3 19
197 177 486 120 13 459 466 159 79 6 35 472 264 398 477 66 327 360 402
2 7 4
139 390 392 328
4 15 7
395 66 165 57 448 98 430
2 6 4
279 197 183 56
10 11 19
340 308 28 331 324 25 380 259 344 224 7 444 323 377 6 451 461 349 139
10 2 22
333 1 499 458 15 219 27 438 182 6 29 396 39 350 298 484 187 124 409 296 175 73
1 1 13
275 137 24 42 414 65 492 220 186 497 36 4 175
5 12 15
456 181 198 273 199 135 288 443 22 348 133 21 343 60 435
5 4 21
404 468 100 488 166 303 216 354 491 289 30 66 459 244 71 277 134 357 17 364 153
7 1 15
120 114 264 440 168 392 416 240 358 437 8 449 145 194 230
2 3 17
66 354 456 24 368 17 131 268 410 342 397 92 477 214 87 243 405
2 6 3
322 257 42
8 15 19
499 90 273 166 13 383 496 58 71 392 247 362 388 163 403 217 162 315 154
15 18 25
459 394 81 239 226 87 118 301 372 24 296 197 490 150 324 398 468 421 260 208 57 351 488 414 2
9 11 19
420 193 389 40 488 404 394 35 106 55 249 311 412 101 86 278 71 399 148
5 6 11
10 133 379 162 59 195 397 18 237 89 381
11 20 22
59 113 345 330 418 233 340 137 154 224 415 453 146 192 472 242 355 234 249 323 39 463
3 20 13
140 72 370 300 314 188 476 149 51 266 213 103 485
2 1 5
353 268 322 8 14
1 7 11
250 176 327 276 223 278 389 226 484 371 20
3 13 5
193 258 254 302 312
1 3 9
117 419 372 431 345 179 287 341 371
1 5 2
293 157
3 13 19
444 362 333 383 122 479 271 116 377 8 136 139 385 372 281 129 181 409 263
3 12 10
78 209 488 130 19 255 34 322 156 17
3 7 8
482 324 33 250 159 38 239 165
2 12 15
252 396 335 321 154 488 206 25 354 431 402 105 463 400 111
3 13 6
458 194 108 426 461 124
3 17 11
37 211 298 374 10 296 134 120 317 156 43
3 15 8
397 386 199 96 394 476 101 330
5 11 16
18 480 423 183 331 312 137 461 68 168 419 420 180 37 157 96
1 8 2
357 302
4 3 14
146 194 161 98 476 218 387 269 314 229 354 95 15 198
4 6 18
427 380 7 119 403 136 197 73 360 345 440 256 38 340 402 37 363 255
6 14 12
404 10 114 78 366 266 257 406 275 67 153 332
4 20 16
274 169 336 21 15 55 120 141 456 205 291 190 83 8 277 482
9 12 17
409 428 32 185 57 297 193 454 93 19 286 195 54 414 442 415 246
1 17 3
309 406 126
4 9 22
107 27 490 477 431 208 326 452 127 212 416 270 221 180 418 8 399 356 475 376 415 462
1 14 2
159 147
1 16 16
468 310 245 117 499 383 433 257 24 8 50 167 261 174 81 99
3 15 6
423 55 424 488 201 159
2 17 4
361 104 374 417
13 12 22
329 0 336 486 424 496 21 377 438 261 408 231 370 19 307 239 151 495 499 322 98 471
3 16 8
389 130 362 193 196 177 206 480
7 7 17
308 212 64 360 418 42 206 312 479 47 210 150 438 142 481 497 136
1 12 4
191 223 89 441
1 2 2
38 261
1 17 4
194 10 360 367
2 6 15
369 394 324 233 381 16 323 22 336 190 77 150 37 0 317
1 9 9
38 350 374 35 104 287 178 383 391
1 4 10
409 358 55 32 311 224 162 43 303 288
10 1 17
30 33 281 141 19 263 481 35 320 388 365 114 235 145 26 454 4
2 12 6
494 455 382 44 208 193
3 14 13
278 248 460 171 216 496 41 400 459 424 37 441 78
3 10 7
338 30 205 297 276 266 182
3 18 5
104 445 457 480 73
6 15 23
406 453 86 141 70 283 240 460 391 389 390 191 396 358 223 469 260 257 459 39 93 304 293
5 5 8
162 150 127 183 106 174 326 64
2 4 19
343 348 418 431 121 370 312 421 409 182 310 491 357 389 24 403 490 262 277
4 4 10
192 488 308 161 225 448 143 485 42 362
1 20 3
264 174 257
9 13 16
13 488 112 423 134 286 230 183 425 92 439 185 212 74 437 57
1 12 11
464 207 286 403 387 156 411 213 488 356 122
1 14 3
277 222 209
9 14 15
3 224 96 203 410 387 499 407 327 52 109 421 230 156 400
1 9 3
202 273 417
5 9 15
69 104 221 35 372 255 488 331 194 77 100 332 270 233 303
3 15 5
465 347 120 61 496
2 14 6
14 241 319 263 401 135
8 9 12
63 301 105 146 404 263 45 345 328 319 359 251
12 11 20
459 0 176 411 120 492 99 5 173 476 409 322 103 383 401 218 150 429 296 264
7 6 20
237 352 96 132 466 388 61 190 487 100 176 278 238 252 167 497 217 345 485 88
3 14 15
297 386 210 25 413 488 375 355 34 388 223 404 434 368 75
10 6 20
193 111 405 267 204 150 12 288 489 25 170 88 298 338 153 353 151 176 468 297
15 5 25
154 367 38 206 345 195 464 499 355 189 218 229 267 19 200 363 371 303 42 259 451 106 27 376 271
1 12 5
443 247 157 27 457
2 14 15
272 16 185 451 102 104 280 426 125 393 72 279 18 175 181
1 12 6
244 336 209 351 250 461
6 3 24
145 168 24 206 3 188 141 100 115 235 71 313 257 84 109 302 110 132 20 427 62 255 406 202
6 16 13
51 349 452 185 418 367 366 203 36 44 153 184 279
4 15 6
437 391 85 244 380 332
1 4 8
323 43 56 100 407 280 219 0
3 9 16
182 102 393 386 136 447 215 330 409 110 217 162 405 28 433 114
1 13 20
210 445 77 469 183 371 233 246 448 343 447 249 198 266 51 138 449 396 422 272
5 5 14
53 409 432 380 389 243 293 273 126 493 286 266 239 337
3 13 25
232 111 247 84 418 431 365 248 88 250 446 358 448 335 491 427 372 168 82 189 141 179 249 298 229
9 15 17
356 423 73 291 144 380 469 56 333 427 262 152 51 373 357 216 15
11 15 20
335 207 305 497 472 473 482 92 87 84 399 156 304 136 239 361 391 5 279 22
1 10 2
452 344
7 11 24
128 152 286 432 164 344 215 167 25 23 361 394 364 131 474 235 457 328 162 137 77 424 370 279
1 5 9
181 283 218 451 424 266 67 259 290
5 12 11
208 163 47 216 339 236 138 382 406 145 270
9 11 15
293 246 244 307 75 242 137 450 438 300 470 82 350 110 122
1 14 3
233 316 334
7 20 19
368 446 427 225 314 50 488 285 101 463 35 458 311 302 207 447 432 399 265
1 13 6
45 271 360 350 376 104
3 8 11
44 331 467 66 287 302 213 146 237 371 15
5 17 13
61 43 71 273 465 348 108 100 129 223 182 56 471
1 15 2
237 191
1 3 2
394 421
8 13 17
70 491 26 199 464 309 160 362 353 244 206 148 262 110 241 331 317
6 16 23
287 281 244 444 293 154 317 151 353 203 450 96 47 327 222 160 386 335 314 136 65 422 311
5 4 23
4 108 66 424 53 471 121 350 247 17 32 413 67 43 83 436 1 124 224 111 116 372 267
3 20 12
391 198 469 169 215 414 204 273 317 228 87 485
1 6 11
471 4 130 299 128 238 56 398 94 23 233
4 15 15
209 378 211 154 451 303 120 65 477 466 472 462 177 218 369
8 12 23
42 107 70 262 14 19 293 207 335 243 45 144 308 10 119 1 270 189 101 398 320 233 96
1 19 22
243 150 11 93 218 91 274 121 187 181 261 411 405 15 493 143 334 168 70 232 343 489
7 10 20
19 397 62 200 324 37 300 110 286 440 214 223 202 5 61 388 319 64 217 310
5 3 14
105 121 291 275 468 444 242 76 400 152 449 415 129 154
3 2 15
51 50 492 360 294 456 52 372 198 9 438 226 344 264 403
3 7 13
33 172 50 411 208 114 498 39 465 334 441 186 350
6 8 13
87 432 207 491 456 366 354 108 94 80 259 67 265
4 19 11
499 487 310 342 334 148 392 435 480 449 347
1 20 8
3 153 180 146 426 152 276 117
1 12 7
130 131 172 252 220 336 434
4 16 13
104 472 307 224 427 402 11 443 246 191 497 61 189
1 16 11
240 439 385 278 420 284 482 468 298 496 270
1 9 18
25 113 118 387 238 88 455 230 116 207 487 271 352 7 334 280 62 216
11 3 24
481 185 0 473 174 161 186 65 452 191 43 365 268 207 344 108 316 113 361 202 92 414 263 56
5 15 10
325 87 75 304 348 401 11 94 471 106
5 2 16
251 104 361 9 149 232 133 5 72 166 480 228 4 155 405 49
1 19 5
348 367 217 359 396
2 12 11
281 273 177 487 201 129 392 303 471 352 378
8 14 13
369 252 154 155 448 444 186 176 363 22 118 484 249
8 4 12
86 495 7 295 376 207 348 428 431 69 462 400
4 3 7
202 332 113 29 43 330 422
1 1 3
221 29 381
2 15 8
28 487 85 380 187 29 301 314
3 17 5
316 278 16 406 86
4 3 13
448 32 378 123 421 2 401 241 215 17 362 51 390
2 8 10
122 284 144 61 397 313 58 56 257 171
2 20 6
288 269 83 2 414 353
4 6 16
175 323 29 164 405 145 65 372 232 351 148 466 489 345 300 215
7 12 22
399 33 254 414 246 199 244 222 80 417 299 15 307 64 219 409 427 75 168 454 348 486
12 4 21
49 87 325 468 321 255 74 341 40 279 118 262 153 196 24 258 248 67 221 403 171
1 11 20
299 368 162 314 471 456 181 6 254 268 248 359 468 186 79 45 307 134 474 326
9 16 14
86 295 92 351 369 11 187 152 204 123 242 135 78 100
7 4 17
276 426 420 314 364 372 334 146 298 483 323 297 188 118 58 103 348
4 14 16
208 5 129 105 57 494 179 499 251 64 183 106 291 294 253 144
11 5 22
238 100 193 339 289 410 300 413 405 140 266 158 283 84 226 427 336 485 272 364 295 63
5 5 15
106 111 365 104 301 123 183 147 28 372 49 370 441 223 233
3 7 16
326 298 354 51 159 260 349 358 16 432 225 405 24 41 289 378
2 19 9
329 150 355 76 469 385 389 74 32
5 20 13
34 59 109 495 22 36 218 443 422 306 136 296 319
4 2 6
353 115 11 263 135 144
3 3 9
86 55 441 27 189 171 495 328 29
5 16 11
335 347 163 159 188 29 253 468 168 131 222
1 17 4
154 225 467 254
8 10 15
495 115 31 95 422 342 183 41 416 469 180 93 449 202 209
2 16 6
140 114 180 227 185 359
6 5 18
369 473 90 89 298 392 397 165 330 380 469 84 454 57 116 1 133 2
12 7 25
248 175 336 363 474 438 182 375 253 12 94 488 393 246 409 464 192 21 296 328 33 52 443 331 411
1 8 20
223 181 281 264 102 339 39 384 135 330 40 360 472 110 309 180 349 1 45 145
4 8 6
209 421 323 381 446 114
14 6 24
455 491 292 485 270 154 112 438 385 3 386 62 342 75 244 172 5 336 421 144 79 149 347 315
1 15 4
226 412 12 316
10 9 18
232 95 406 219 240 112 154 214 156 203 490 242 44 387 168 162 174 43
3 19 5
431 372 196 163 335
3 14 10
417 362 414 400 80 152 52 468 194 79
5 16 9
76 322 495 69 344 257 496 44 282
3 2 14
305 417 146 281 394 255 419 340 120 361 45 297 116 425
1 4 11
321 159 389 307 373 337 106 489 470 352 375
1 12 2
181 460
3 12 5
10 274 393 61 231
1 13 2
211 75
1 14 11
186 204 136 351 78 2 12 431 319 441 337
2 3 5
229 330 29 216 55
1 14 3
25 274 408
4 18 9
209 257 419 252 338 248 274 181 454
6 13 19
498 468 104 41 29 136 315 86 352 481 138 37 181 452 34 363 448 333 439
1 20 4
386 171 179 384
3 13 8
425 409 219 426 35 204 466 457
13 10 21
62 95 133 157 27 53 111 115 266 383 487 196 325 231 424 48 184 105 433 113 211
6 15 15
227 292 327 400 3 66 411 52 480 111 164 317 122 71 483
1 17 12
379 353 444 287 106 465 75 385 107 351 259 421
10 19 24
321 331 144 71 396 238 96 420 419 121 237 413 315 394 357 371 380 242 319 362 296 202 488 189
3 7 6
325 128 183 491 156 3
3 19 6
63 473 454 234 188 61
4 13 12
241 427 317 213 207 478 86 191 274 294 342 228
4 11 6
47 303 97 170 243 283
2 7 4
305 169 167 161
4 4 9
369 359 19 428 341 340 307 267 164
1 2 3
417 300 299
4 1 7
83 314 471 256 442 266 188
4 4 14
99 475 168 283 219 216 386 191 76 237 194 21 422 17
8 6 20
282 411 133 420 88 461 476 142 212 318 456 129 355 424 175 124 428 194 22 109
7 13 17
279 376 308 459 228 80 167 311 81 76 77 97 363 254 145 110 94
7 7 17
393 235 10 463 494 32 366 428 340 113 499 163 458 308 221 436 91
2 18 20
498 342 411 247 29 367 62 133 171 178 146 164 165 186 160 244 18 404 471 206
7 6 20
20 215 362 465 219 448 473 78 421 422 491 237 318 118 200 436 381 6 147 307
1 5 4
72 50 327 452
5 8 15
14 278 238 19 105 86 78 267 433 235 94 3 52 275 326
8 10 14
414 409 450 299 62 339 477 405 312 127 410 266 19 314
5 13 16
162 61 85 44 441 357 151 421 459 277 244 427 297 84 480 186
6 18 15
215 146 438 76 38 482 143 109 25 172 364 289 29 269 328
1 3 3
66 419 141
2 12 18
304 148 57 277 61 353 227 224 217 418 93 72 205 487 48 305 138 252
2 2 16
89 86 312 3 202 439 459 256 325 490 7 422 367 399 217 359
6 13 18
306 436 95 327 325 293 386 423 354 453 394 84 261 387 91 57 27 137
5 4 23
259 171 298 53 318 255 169 284 52 17 399 418 257 356 162 380 147 63 218 72 210 351 261
9 15 21
245 181 174 314 345 241 18 168 422 162 44 448 269 243 357 189 384 175 499 177 405
4 7 22
26 285 234 57 245 137 180 418 108 327 179 81 368 155 91 89 309 63 340 372 414 17
10 2 17
144 126 444 451 84 357 232 485 447 219 423 177 349 220 283 227 170
2 1 23
225 329 80 360 224 367 232 433 362 438 305 188 153 87 137 147 208 89 107 173 268 320 252
5 16 13
398 129 278 246 396 362 156 229 324 415 215 315 103
9 11 24
128 101 420 159 61 372 462 416 89 470 373 183 319 336 44 121 369 436 312 424 216 184 347 471
2 16 13
141 488 127 309 375 308 445 169 350 460 328 250 160
1 3 4
305 235 164 19
16 16 25
211 307 399 357 82 240 492 32 332 342 486 242 469 205 117 426 114 165 94 147 134 455 323 379 192
3 11 5
110 454 142 215 330
1 8 2
445 318
2 6 9
140 246 75 377 484 127 184 327 315
10 10 15
26 178 48 324 49 420 127 97 182 381 76 257 227 132 413
4 18 20
276 253 216 41 112 74 377 399 416 490 350 208 118 282 82 292 301 4 400 72
1 16 5
156 445 252 109 162
9 20 18
119 374 171 110 306 11 142 447 146 370 488 265 186 212 482 369 53 134
6 13 20
44 457 250 23 128 196 40 302 372 195 5 357 127 413 392 42 464 422 223 212
5 17 18
92 173 215 193 246 472 378 385 150 228 91 185 330 250 4 90 383 313
3 7 14
357 457 413 131 337 369 108 292 256 207 424 263 492 45
1 2 4
279 449 471 98
8 2 13
208 117 374 43 255 235 443 460 279 239 94 109 321
8 1 24
114 483 47 168 40 411 402 13 387 46 68 466 354 1 405 376 301 137 140 146 24 53 334 32
6 6 14
61 329 179 185 280 183 58 498 302 250 445 2 181 162
1 5 10
215 25 185 212 334 329 186 445 425 94
1 3 14
421 31 202 395 249 196 461 246 20 347 90 235 194 467
2 18 4
253 109 473 417
3 10 5
206 115 92 93 477
7 2 23
270 494 84 35 247 342 368 220 409 415 365 274 138 335 393 497 485 408 321 128 411 472 295
5 19 12
448 1 165 307 202 409 466 380 334 153 77 243
5 3 9
128 12 42 171 167 291 180 415 461
3 12 17
21 442 363 167 6 159 446 178 487 214 181 408 136 20 79 22 320
2 4 9
69 415 494 212 478 102 446 170 91
2 16 5
394 339 282 352 373
11 9 23
183 241 291 15 73 21 324 314 63 141 498 23 499 357 194 244 61 49 90 187 233 68 294
6 17 13
137 39 233 494 467 88 416 46 218 312 465 382 208
8 15 23
213 46 423 429 89 389 88 262 169 388 148 243 4 114 221 214 277 381 440 320 284 278 128
9 16 17
312 55 373 378 154 363 63 178 230 234 190 322 248 1 27 285 424
7 10 21
237 112 493 400 458 156 411 426 15 46 138 363 336 293 345 119 144 487 424 386 402
1 10 3
299 214 253
8 15 21
52 351 433 317 279 473 453 194 235 382 31 20 287 307 251 447 7 44 219 67 176
2 20 3
475 276 140
1 12 5
195 102 50 329 95
13 20 22
413 341 498 284 165 324 349 462 416 123 259 377 117 368 0 343 313 164 16 381 294 177
1 19 4
262 80 142 359
1 17 3
115 268 448
13 4 24
337 27 39 124 495 277 423 401 283 373 30 312 14 126 54 412 94 202 146 273 311 209 304 458
4 3 9
140 445 209 246 134 150 334 494 43
3 16 14
393 380 61 433 276 353 392 94 49 427 192 458 274 468
1 3 5
297 151 143 426 217
8 7 14
367 93 68 110 19 269 9 133 455 473 74 215 406 250
12 6 24
265 278 311 103 458 237 279 244 174 75 277 395 125 203 88 164 111 245 211 426 493 252 158 108
11 20 22
448 372 425 479 134 498 462 11 54 110 456 321 66 317 303 172 345 486 316 170 164 406
14 10 22
411 42 131 154 19 317 150 138 152 464 90 456 415 185 55 436 149 262 192 173 400 272
13 18 23
195 93 470 373 412 273 457 146 409 142 387 131 380 198 194 488 279 113 213 267 63 390 117
3 3 10
356 205 441 1 186 412 178 331 345 348
11 7 21
141 437 353 233 463 73 12 489 405 173 69 95 443 164 56 276 473 34 427 39 139
2 11 6
180 183 395 274 462 430
4 20 13
74 41 478 263 343 233 141 458 329 352 398 58 259
5 2 11
239 156 84 472 428 375 144 53 115 142 90
4 4 7
9 48 378 93 320 152 104
9 14 20
58 132 496 18 457 144 249 433 455 173 15 60 186 392 76 297 190 99 366 337
12 13 18
278 47 371 9 470 29 246 162 68 444 262 238 308 374 301 170 385 286
8 14 18
473 234 209 240 381 376 274 51 433 399 149 287 23 7 458 225 449 267
8 4 16
490 189 228 72 133 442 57 378 261 103 431 406 197 474 249 169
2 13 23
370 438 167 481 162 498 201 76 451 148 176 117 314 290 82 444 458 260 463 484 477 68 341
3 6 16
304 36 224 126 300 186 308 171 160 236 423 270 427 467 188 392
1 16 6
385 8 147 355 32 185
5 11 9
225 493 499 468 244 364 248 283 26
6 13 9
12 491 188 478 435 462 443 24 86
14 2 22
117 163 463 363 262 364 36 399 166 402 129 235 33 426 349 361 232 88 212 438 66 357
2 5 22
289 224 331 435 439 408 65 426 61 247 381 22 238 257 495 91 471 59 52 332 475 55
1 14 2
465 179
3 9 6
254 162 460 121 358 215
1 17 22
149 110 209 61 246 313 478 230 184 200 139 250 279 471 470 395 86 344 215 72 84 396
13 20 21
31 178 220 284 305 253 157 331 276 301 476 355 401 389 272 326 74 375 33 471 363
4 13 16
124 439 207 470 440 385 120 116 121 192 446 96 240 496 408 356
3 18 19
347 309 375 28 405 173 406 407 36 127 265 139 78 14 63 496 153 142 80
11 3 24
227 360 261 154 8 279 41 257 182 55 48 16 481 324 247 127 349 180 300 415 452 133 251 248
10 12 19
319 75 175 133 187 105 270 42 429 307 94 402 25 382 90 74 441 303 450
7 20 11
432 172 285 477 40 102 88 210 459 256 138
1 10 18
50 239 277 420 147 457 117 311 225 34 435 485 128 130 307 255 6 253
6 8 11
375 143 183 415 247 304 489 73 148 437 369
1 3 8
389 28 76 174 478 275 226 80
3 4 12
90 257 200 36 350 48 475 403 477 407 339 333
2 10 8
32 150 205 418 144 480 360 382
1 16 2
115 320
5 19 11
400 152 206 137 431 348 316 173 182 45 304
4 9 15
297 21 399 260 138 466 119 481 296 229 197 153 289 70 225
5 4 21
53 229 169 174 238 368 161 204 305 345 280 432 264 342 464 65 266 20 203 385 330
2 13 6
35 10 16 289 405 256
1 11 20
358 256 296 201 42 370 110 76 93 5 55 461 388 438 349 306 160 259 286 497
6 20 14
211 145 93 392 367 60 444 414 320 431 7 127 295 184
2 13 4
343 286 46 62
10 5 16
304 4 262 253 117 107 254 54 463 229 371 84 421 479 71 149
1 7 4
376 313 164 69
15 9 25
377 99 143 35 469 175 37 394 399 281 210 129 315 453 28 119 250 482 472 173 208 350 101 401 128
8 8 17
229 21 475 129 216 195 17 432 293 328 89 338 258 138 455 202 3
7 16 25
219 217 282 252 70 455 197 277 112 38 412 498 25 92 459 422 176 480 234 59 35 78 276 364 210
4 4 11
49 36 323 151 193 272 87 422 235 325 96
6 16 19
318 247 172 298 429 305 307 243 161 291 118 56 486 355 293 438 349 145 129
10 12 21
241 9 275 464 181 323 419 406 283 169 493 392 366 70 459 77 407 293 486 249 140
2 19 4
166 107 25 395
1 10 19
189 295 43 233 119 190 194 27 210 257 52 373 369 152 92 339 239 267 250
3 9 17
54 214 116 127 17 352 321 427 197 194 11 193 142 138 70 27 463
7 18 16
337 440 91 129 261 35 313 252 295 93 494 377 258 22 215 114
15 3 23
48 497 133 378 188 250 267 243 320 144 398 193 277 251 110 384 462 435 46 189 392 226 56
3 13 7
177 225 261 305 331 125 469
12 14 20
39 487 96 130 393 149 16 135 368 400 365 345 278 290 387 158 193 191 25 499
1 10 2
285 227
2 1 3
329 297 261
2 19 15
168 344 350 282 287 169 463 415 448 10 422 324 157 51 472
1 3 20
80 416 10 57 170 266 237 29 396 65 208 282 7 410 140 389 84 433 176 274
13 13 23
307 366 239 185 175 440 424 15 187 432 4 439 448 477 212 199 122 447 355 54 373 144 493
4 1 23
239 443 454 190 393 379 272 368 473 317 353 106 308 142 5 359 266 279 490 476 80 311 489
4 3 8
395 412 113 299 60 266 341 157
7 17 17
171 389 54 324 36 453 336 14 80 268 149 99 319 77 41 220 172
4 20 14
15 174 479 185 264 312 56 189 72 360 81 32 265 278
5 15 10
103 281 75 287 68 237 28 448 435 253
5 19 16
341 478 401 204 473 4 137 233 94 300 58 450 211 197 27 391
1 8 5
71 455 7 162 334
9 8 14
211 138 473 213 83 290 379 269 98 173 436 77 76 426
11 7 17
271 111 450 143 354 223 88 186 7 284 63 119 477 485 364 180 402
3 2 11
70 419 96 296 34 281 16 274 391 213 237
6 1 16
407 161 102 380 498 440 206 319 396 492 495 435 62 316 309 52
1 19 10
253 197 489 283 291 69 307 498 60 192
2 13 24
110 169 226 303 217 265 447 486 155 158 139 103 459 328 252 99 433 117 477 263 232 483 480 429
1 10 2
372 389
6 14 9
272 200 164 172 32 36 6 91 232
7 11 14
104 212 454 351 378 346 113 108 70 66 36 223 455 19
2 7 7
114 30 422 298 236 408 81
1 18 22
460 175 134 83 34 266 462 64 497 183 4 30 302 419 32 17 44 106 278 292 23 297
7 7 20
250 317 258 277 176 355 163 103 270 393 466 235 286 437 220 203 353 469 459 16
1 4 10
276 416 189 361 43 454 363 224 149 438
12 18 21
279 113 473 312 211 313 175 481 100 123 265 469 322 268 213 302 286 104 261 424 3
1 1 2
62 397
15 10 25
350 494 259 369 491 157 175 201 343 496 221 245 439 172 148 162 392 490 437 88 398 154 345 476 40
1 20 2
399 222
10 1 20
58 130 119 285 110 152 270 351 277 255 425 99 140 77 307 52 328 113 61 40
1 9 4
286 434 167 356
2 8 3
57 58 269
7 9 19
228 206 192 245 37 241 181 252 339 423 342 437 416 451 383 111 313 264 26
3 4 7
475 444 102 237 387 292 223
2 3 20
268 168 207 273 184 67 38 490 230 111 387 80 148 466 464 181 475 388 227 174
1 14 6
425 290 169 385 90 88
2 17 15
437 136 458 79 314 246 296 54 356 315 255 1 88 2 245
2 5 6
455 406 54 38 72 4
3 1 23
280 147 244 371 207 482 256 424 434 358 429 107 310 52 225 127 5 104 432 425 445 487 18
6 2 10
111 270 304 499 109 218 482 491 55 477
13 2 25
76 28 134 65 422 168 222 189 468 212 98 94 151 110 402 97 59 136 4 299 349 262 72 133 148
8 15 20
190 322 23 95 410 459 13 26 243 270 327 430 434 157 354 162 70 74 36 114
6 9 18
137 247 383 314 275 41 346 33 291 262 7 454 118 496 371 138 316 90
1 18 10
429 91 13 311 76 280 499 461 472 393
1 19 17
466 422 94 265 451 439 490 244 296 454 35 301 174 139 430 455 470
2 6 7
407 420 43 30 433 36 418
1 20 7
238 366 143 314 265 371 142
13 13 23
426 467 98 34 375 304 33 104 65 197 163 200 278 364 465 269 160 470 168 427 242 329 357
5 18 12
392 200 21 319 71 112 96 425 468 270 64 300
8 1 13
432 414 71 115 335 469 408 250 298 461 58 151 86
1 2 2
277 259
8 8 18
483 97 361 15 467 41 247 451 190 494 77 447 305 356 498 296 350 309
2 15 4
74 351 402 452
8 12 14
70 96 343 284 317 192 411 370 166 162 253 491 7 399
2 17 12
194 26 417 444 202 118 4 246 313 214 193 20
3 6 14
49 116 421 75 268 167 246 158 241 386 317 61 53 302
1 8 4
344 173 176 486
1 5 24
383 249 335 167 405 473 475 122 157 43 455 106 184 154 4 429 59 480 191 453 348 358 213 304
13 9 25
0 399 371 16 316 14 390 414 268 98 380 119 2 6 244 141 227 161 239 326 314 439 42 340 296
2 1 11
382 308 459 199 187 44 416 386 41 181 411
7 9 15
236 168 189 80 353 354 1 492 192 416 14 308 271 484 56
11 13 18
380 138 417 292 186 123 458 479 73 217 63 41 177 483 333 240 131 204
7 9 14
295 429 401 399 219 327 114 240 268 223 357 238 481 463
12 20 20
12 300 347 412 116 202 279 181 190 406 44 152 451 146 77 100 273 361 259 93
14 20 23
46 240 74 133 82 110 98 183 111 341 252 415 2 92 396 251 124 467 393 405 188 332 420
2 16 4
125 273 70 106
3 19 9
141 208 470 384 20 476 71 102 234
3 16 10
152 313 405 275 173 444 396 303 141 282
2 20 11
14 40 32 358 256 130 391 381 404 341 264
5 9 12
345 212 276 438 251 178 273 73 302 229 272 17
1 11 21
214 105 138 421 218 26 468 461 432 433 173 245 197 221 246 3 47 161 389 101 334
8 15 13
79 479 405 169 63 292 342 181 494 468 412 335 234
9 6 21
4 463 323 377 407 326 453 341 103 0 216 397 229 99 134 389 19 340 223 476 234
8 18 20
293 161 492 426 115 185 349 9 367 319 18 337 137 461 81 140 189 7 229 94
4 15 23
18 45 355 181 170 157 331 19 139 338 56 59 264 425 454 424 172 276 70 383 475 487 356
2 8 6
376 424 221 407 403 11
3 18 9
361 37 331 149 101 196 360 375 215
5 1 22
343 254 86 457 432 69 126 453 205 206 319 348 311 262 185 408 113 291 49 313 244 198
9 5 15
145 405 113 179 307 182 209 10 103 125 275 261 291 148 409
6 15 24
250 66 282 309 343 167 331 78 400 434 494 365 451 86 244 240 423 164 10 455 8 269 227 73
3 20 24
298 341 458 355 316 258 43 179 168 225 353 44 214 398 424 182 268 187 163 181 77 171 249 183
3 11 8
27 160 449 50 105 386 243 168
1 19 22
231 37 192 169 304 141 29 411 467 361 303 452 125 91 417 59 266 277 190 483 355 83
2 5 10
336 411 345 497 458 156 495 449 238 444
8 9 22
114 377 26 348 488 70 419 231 497 22 119 342 43 303 480 486 262 288 208 429 410 88
2 16 7
393 267 33 396 497 29 388
8 15 17
436 76 302 175 267 58 159 318 156 143 114 77 125 472 180 362 91
6 20 14
251 49 458 342 291 156 107 17 212 55 283 375 446 141
2 10 4
404 428 24 429
13 6 24
167 34 1 361 302 107 53 286 254 438 390 300 487 395 263 373 393 447 37 49 60 144 190 478
9 7 18
272 264 495 479 227 138 70 123 486 114 62 43 332 303 467 128 21 471
6 11 12
422 240 438 301 243 170 223 494 323 269 459 232
4 20 15
370 272 202 42 249 69 406 228 195 390 372 165 235 214 57
14 8 22
131 286 331 239 99 382 276 154 419 347 455 449 206 299 240 317 468 74 110 45 356 374
10 2 18
79 246 184 127 245 247 45 455 229 332 39 440 349 21 335 383 363 486
8 5 13
173 92 123 470 119 494 69 259 355 480 9 152 246
3 10 23
277 86 324 20 195 135 322 451 420 328 438 62 382 397 405 406 354 372 133 339 92 410 423
11 17 22
327 342 64 474 141 68 246 56 218 319 270 304 96 318 329 257 307 398 373 87 400 434
6 9 17
200 22 463 317 316 29 98 456 103 312 404 399 310 108 309 39 13
4 1 10
313 438 197 431 153 337 421 247 301 263
4 11 14
116 10 416 260 285 233 368 247 444 462 200 489 40 255
2 2 15
88 439 110 170 323 193 388 2 448 164 153 101 134 19 313
1 15 23
462 231 474 419 20 197 30 119 478 149 195 417 442 305 443 446 4 19 201 472 466 263 266
1 11 23
420 439 416 298 417 408 476 105 71 497 310 166 144 324 268 316 404 200 496 317 39 113 199
2 5 19
77 389 426 141 451 215 450 34 324 119 37 418 180 420 239 259 106 385 456
2 15 6
360 114 249 434 364 126
4 7 6
167 389 92 312 157 168
8 14 14
259 272 171 211 78 250 457 112 106 114 463 302 278 455
16 4 25
490 193 108 215 90 110 305 393 76 252 134 204 294 464 48 46 228 191 17 285 166 155 227 336 334
11 2 20
41 112 358 108 311 107 83 322 327 313 98 426 209 104 15 230 480 386 435 34
6 2 10
334 133 322 250 340 413 199 43 337 361
3 17 9
313 135 170 401 452 216 14 338 102
8 8 13
32 479 36 466 144 87 258 27 489 394 132 104 412
4 13 12
163 213 165 152 402 347 302 31 219 490 162 201
1 6 15
462 149 448 291 34 481 147 377 154 395 253 27 77 0 288
6 10 11
173 495 88 400 210 135 485 450 421 355 464
7 11 19
478 357 411 492 146 190 368 472 57 192 442 299 290 135 123 111 119 440 208
9 17 15
148 81 74 168 252 68 425 220 317 13 423 401 495 462 18
3 16 8
374 14 126 272 11 122 315 37
1 1 2
211 170
4 4 8
120 378 274 310 131 390 359 379
2 9 4
187 262 454 170
8 7 15
118 423 431 214 209 469 227 327 182 416 199 479 139 256 29
11 9 25
31 447 343 1 485 280 209 29 345 151 413 372 463 457 173 127 459 405 5 128 409 253 74 346 270
1 17 2
140 464
6 8 11
295 349 161 77 95 389 398 109 490 34 394
3 18 22
269 333 243 425 38 447 497 281 163 249 440 376 463 342 110 392 346 106 484 442 360 172
2 18 17
286 245 110 80 131 260 382 172 227 461 157 331 14 256 230 236 210
1 5 16
315 446 197 192 400 376 371 462 281 14 98 190 335 342 277 370
1 20 6
146 227 457 325 494 326
2 14 22
124 145 65 496 50 54 472 156 491 102 171 359 373 249 69 30 366 457 222 385 454 254
1 12 3
463 341 19
1 12 10
81 184 230 278 351 430 434 114 158 296
4 10 7
248 259 216 7 366 440 154
9 2 14
162 169 255 180 150 454 430 43 425 105 61 307 172 120
2 18 5
284 415 425 446 459
7 19 11
326 35 133 68 221 279 303 81 175 216 20
1 12 2
141 464
1 17 23
200 89 42 292 448 246 458 43 113 372 79 383 362 129 233 443 421 21 290 426 236 99 56
1 10 5
301 373 13 489 208
2 3 25
110 17 117 407 351 255 103 311 38 159 313 50 176 417 94 405 144 220 49 246 496 420 470 197 446
10 3 19
299 496 246 22 42 376 121 337 189 25 454 415 255 54 365 96 32 100 353
3 10 11
265 114 105 337 259 318 95 443 493 345 229
5 6 11
420 34 435 229 225 12 339 158 180 313 315
8 5 19
154 447 204 15 200 404 360 161 423 345 478 284 314 145 260 386 482 480 178
4 1 14
408 364 29 202 258 469 79 243 446 460 180 102 262 151
4 8 14
398 127 274 51 256 91 476 410 8 359 337 46 318 34
11 8 17
346 411 429 229 14 381 314 227 342 299 470 166 365 30 291 487 173
4 15 6
376 192 27 478 2 131
2 18 25
466 329 143 273 261 443 439 267 153 375 47 410 286 447 373 55 183 422 87 112 63 254 92 82 252
2 5 9
437 57 496 54 176 59 213 404 403
1 7 12
464 264 423 377 441 90 233 177 5 290 30 463
16 6 24
88 214 83 359 384 320 110 325 469 463 412 123 105 109 19 282 52 116 280 485 374 63 298 121
2 10 3
267 76 129
5 12 21
275 425 404 288 37 453 151 135 103 79 154 497 162 366 146 131 16 293 292 2 346
2 20 23
273 161 222 336 231 153 173 483 455 289 490 128 489 429 141 47 300 431 75 88 437 367 324
5 15 19
92 46 374 223 181 175 126 386 233 473 47 257 0 383 432 370 393 177 326
4 19 11
191 205 38 140 470 327 380 290 224 313 494
4 7 6
467 163 122 394 393 339
1 1 17
301 137 72 260 122 494 380 473 148 119 263 328 287 67 214 195 145
1 17 14
81 325 61 206 475 284 370 402 221 1 190 473 17 146
5 4 10
294 367 284 175 115 14 105 320 111 359
6 14 25
106 376 287 472 357 450 23 2 230 219 466 409 13 379 183 353 451 448 255 122 486 297 206 223 246
4 13 23
214 251 112 5 213 55 366 11 414 206 20 345 47 51 320 488 406 358 312 482 395 67 129
8 2 25
74 381 97 465 148 363 155 464 320 33 276 372 218 481 165 171 149 283 124 103 278 2 488 234 498
1 20 2
407 240
9 6 14
277 315 93 9 131 418 123 477 103 95 121 229 457 52
1 10 20
319 461 402 153 18 48 396 341 286 74 47 390 204 202 56 171 26 487 304 370
1 19 5
43 194 31 13 421
1 12 18
92 370 99 417 450 107 35 152 383 384 74 129 208 31 116 292 493 94
5 1 21
377 52 142 229 64 87 100 168 253 323 83 110 492 431 247 181 337 310 54 285 359
3 20 7
461 488 362 258 182 377 470
1 5 9
137 439 96 435 255 229 409 97 417
16 19 25
70 81 225 47 12 226 474 132 236 207 254 0 335 247 211 32 488 354 63 7 284 206 178 130 187
1 14 12
101 273 342 290 55 15 14 89 404 29 300 144
3 7 13
17 294 417 268 484 245 231 126 81 441 123 318 320
3 17 5
55 253 120 39 495
1 4 8
408 424 307 476 213 193 78 162
3 13 8
186 257 54 90 2 73 226 79
12 2 20
286 284 112 87 305 237 378 485 48 264 280 178 425 427 344 180 47 77 412 451
2 9 6
370 24 482 358 438 354
12 4 25
130 180 377 167 398 370 46 57 81 495 35 195 355 162 413 11 14 267 200 141 278 64 8 368 452
6 8 16
134 105 194 396 160 175 113 173 49 162 101 37 257 186 159 152
5 9 20
234 175 215 12 460 368 450 318 467 91 486 74 81 214 374 329 59 166 107 370
4 18 17
47 461 424 411 234 447 155 156 451 438 469 417 117 323 354 314 260
3 4 6
413 442 489 78 68 381
2 18 22
472 421 45 108 188 445 23 340 495 356 121 190 334 140 489 375 36 401 494 348 43 110
2 2 8
210 129 493 494 341 158 64 140
1 20 4
332 89 196 60
6 13 22
8 375 324 122 387 358 188 79 245 288 365 158 223 197 17 412 234 88 266 295 235 104
1 18 12
81 152 294 195 389 318 415 278 221 287 273 147
6 15 16
435 243 8 163 440 137 254 198 313 381 279 218 61 333 357 19
6 16 9
408 126 112 234 189 499 386 351 8
6 13 23
93 270 274 168 299 4 72 121 137 422 435 161 477 221 389 102 424 56 339 148 403 39 178
7 11 12
114 450 456 73 454 284 17 347 334 199 149 70
6 18 14
159 82 76 499 34 101 399 28 441 327 7 242 332 18
6 9 9
124 339 286 122 284 372 345 488 497
2 20 4
221 445 178 317
14 5 25
268 37 118 153 96 283 434 33 152 314 263 183 231 43 304 390 19 365 440 259 347 477 338 417 401
5 12 21
282 48 103 266 226 258 394 353 483 496 391 105 455 112 371 482 107 329 486 472 17
1 14 13
37 16 34 120 440 33 151 48 295 275 361 463 462
2 3 3
302 394 48
7 5 15
164 424 303 220 210 252 326 114 228 302 197 231 31 193 378
5 5 9
83 380 376 48 219 2 216 190 263
4 15 11
476 188 113 478 450 167 463 385 220 256 7
11 3 20
64 289 455 53 144 476 233 321 392 147 317 124 499 295 496 224 345 327 83 337
3 1 16
228 121 251 321 427 429 260 230 449 224 281 209 174 203 86 137
6 7 11
309 248 307 273 314 154 38 171 103 310 113
4 2 10
466 175 419 364 274 63 286 257 200 378
3 11 13
39 185 276 445 338 242 2 224 371 409 235 415 489
1 1 4
194 397 124 44
2 3 7
368 427 341 488 448 10 312
1 2 4
59 279 423 395
11 16 23
165 275 108 133 128 52 300 270 175 202 383 205 153 109 400 18 61 66 426 14 480 288 458
1 4 10
134 84 391 118 462 352 403 124 120 149
6 9 10
64 306 268 142 50 270 56 107 71 444
4 4 19
155 319 277 282 15 29 495 120 248 65 233 226 263 180 96 289 19 142 487
2 14 6
172 239 390 182 320 312
2 19 4
247 329 184 481
1 10 4
341 286 344 299
6 18 13
141 466 493 241 16 298 30 65 237 389 184 7 406
3 10 7
256 295 255 71 369 108 420
5 5 24
145 316 89 73 386 239 248 199 125 233 395 405 203 168 36 80 389 481 173 450 421 406 182 47
9 5 15
343 454 131 379 407 277 3 420 283 133 480 396 59 491 467
5 3 15
171 40 276 269 137 399 472 28 163 446 318 353 1 6 447
1 16 15
80 313 69 78 427 250 305 138 474 492 42 394 184 365 265
10 11 25
399 344 202 54 387 151 232 458 163 20 415 110 120 449 372 145 368 286 31 139 222 90 52 4 0
5 5 21
211 42 53 494 33 289 41 195 69 274 382 206 259 45 487 379 237 366 496 215 342
1 3 4
113 484 477 386
4 19 21
60 371 13 230 231 15 126 107 303 188 369 74 179 433 336 84 349 476 394 169 162
2 2 4
381 336 423 372
2 16 4
386 392 354 36
1 17 11
396 49 295 379 275 392 130 280 61 38 28
4 17 13
103 213 302 330 317 112 18 75 425 26 322 265 41
2 9 4
183 148 300 256
5 7 10
85 140 297 18 181 26 332 179 234 65
1 9 5
88 51 147 286 150
2 13 7
153 101 15 384 326 225 11
5 5 19
88 144 454 7 406 182 164 72 3 300 242 204 11 378 362 51 44 389 6
4 20 6
301 345 3 239 491 196
1 7 5
373 227 322 139 83
5 17 23
192 34 281 212 490 291 327 343 333 148 78 4 97 494 164 239 497 286 492 326 257 446 201
2 14 4
75 340 310 26
8 1 23
103 129 399 125 407 144 387 235 47 321 53 259 380 1 0 405 359 458 310 337 164 214 96
4 10 7
201 259 373 28 47 401 329
5 15 10
305 119 81 444 314 76 152 290 299 271
4 6 12
30 2 379 489 197 190 260 338 289 352 356 121
1 11 22
93 31 444 217 138 286 0 458 135 142 331 52 136 172 395 450 18 394 15 396 166 453
4 19 7
125 169 267 201 461 151 302
2 3 3
21 43 99
9 3 25
165 34 78 317 459 319 147 342 358 246 99 223 379 186 19 454 496 356 73 237 46 357 268 337 499
6 13 11
491 85 140 450 25 275 414 123 347 499 271
1 13 2
336 281
1 6 7
277 181 368 438 282 56 313
3 6 16
51 220 273 485 21 373 407 409 399 320 483 8 345 107 221 15
10 11 16
76 35 87 13 343 232 380 402 457 34 116 169 228 424 48 32
1 16 8
279 80 388 75 267 8 108 312
2 15 7
432 472 324 186 448 59 75
10 16 25
295 250 190 484 427 374 52 88 83 100 144 157 276 214 71 384 44 207 446 411 205 416 185 267 46
2 18 5
97 249 181 472 445
5 2 21
138 378 20 56 228 357 290 402 153 374 347 304 187 61 282 129 213 149 320 44 7
3 16 14
393 442 9 380 175 88 302 181 24 14 190 388 267 189
10 11 19
65 368 120 304 49 397 167 452 301 284 203 434 457 239 454 283 298 39 35
13 6 23
284 309 383 131 85 431 477 268 483 263 331 474 455 275 143 235 463 357 364 336 223 161 193
1 12 16
338 480 460 450 133 219 116 206 79 241 115 470 5 300 242 233
1 4 2
256 392
2 10 5
294 57 323 290 380
4 10 25
367 178 474 203 220 257 33 171 103 197 261 206 58 382 217 38 32 289 36 207 169 296 312 372 284
6 15 23
225 491 329 368 94 197 242 30 34 50 429 11 145 394 236 486 18 142 150 288 238 292 232
11 1 25
233 46 128 123 424 199 368 268 347 225 188 407 139 140 235 335 146 142 479 118 497 138 131 400 423
7 9 18
89 223 141 418 66 329 45 358 403 263 287 371 37 75 108 256 238 129
1 2 7
440 129 367 464 187 300 437
2 6 6
6 141 411 281 193 425
2 3 22
10 26 227 402 436 414 143 200 149 435 27 87 399 499 23 272 189 373 161 183 165 292
2 8 18
282 306 407 414 424 417 279 375 204 468 316 234 372 102 75 147 38 305
2 8 12
309 409 244 495 360 181 64 369 119 372 53 138
8 8 14
473 307 39 465 236 21 89 137 436 471 322 280 464 15
2 16 12
58 247 64 18 78 199 458 401 154 22 438 34
2 7 13
479 353 172 252 69 444 42 25 124 113 51 95 401
3 19 5
370 57 238 398 112
1 12 2
488 189
2 10 12
175 347 455 364 240 157 402 36 156 93 255 422
2 11 20
68 394 458 116 0 444 300 1 216 432 331 12 243 89 240 319 489 15 441 189
2 6 14
292 345 470 397 325 97 278 336 238 73 492 90 87 40
2 8 4
453 232 248 428
2 9 4
450 212 139 162
1 7 11
154 20 305 151 150 132 22 316 380 291 222
1 17 2
83 185
2 9 13
91 489 307 247 161 117 335 213 136 181 73 251 6
1 19 6
144 251 118 306 434 254
6 4 15
123 341 7 418 233 395 400 309 180 397 286 157 325 482 198
12 14 25
26 44 280 15 443 256 139 444 334 368 404 147 274 97 14 417 489 352 425 128 144 73 249 361 204
3 8 5
30 118 328 234 403
1 17 3
179 281 276
8 18 13
463 471 460 333 40 245 32 313 356 490 423 316 303
1 8 14
293 371 458 332 416 309 327 277 123 349 54 473 297 346
7 2 13
121 162 263 308 86 230 455 478 143 164 267 394 200
2 9 23
411 452 212 78 477 223 458 291 444 75 486 84 23 176 241 460 117 65 47 315 184 290 222
1 8 3
486 138 259
3 1 9
321 69 174 55 211 334 173 349 27
2 8 4
141 394 318 27
3 1 5
80 300 460 188 426
4 18 10
396 0 17 363 207 235 35 323 327 347
1 11 2
488 438
2 12 9
452 421 342 129 347 145 243 335 448
5 20 8
254 32 325 425 388 133 60 393
12 16 21
452 438 288 360 425 109 308 322 320 344 133 172 168 432 247 347 356 118 13 405 388
1 14 8
111 258 297 183 342 336 96 250
2 6 3
341 42 417
2 18 4
130 494 408 309
11 1 21
3 365 148 355 186 448 134 279 376 342 260 300 164 6 479 91 495 396 177 428 272
2 16 5
129 290 240 486 31
14 2 23
63 224 434 93 138 283 147 28 418 404 453 294 226 243 268 433 489 239 221 452 304 196 74
3 5 20
334 215 479 371 205 488 58 308 452 187 376 245 318 89 300 65 290 225 474 92
3 3 9
322 353 1 271 3 485 450 414 203
12 17 24
140 175 397 64 184 202 141 84 333 462 67 112 288 485 225 222 322 368 188 304 130 154 44 443
4 15 8
51 24 251 238 7 184 451 371
1 8 7
215 145 482 473 359 228 411
2 10 4
496 374 209 264
9 10 16
11 222 217 412 187 106 425 110 375 280 103 394 321 324 249 165
1 9 17
388 404 97 206 311 379 430 100 282 86 466 192 73 79 128 135 446
6 13 19
418 433 219 85 336 266 311 150 18 197 344 192 275 91 245 182 384 375 296
6 5 9
238 244 109 277 335 38 150 51 81
1 15 3
462 445 242
1 6 11
247 151 227 103 425 36 111 50 18 170 43
1 12 3
132 82 354
7 7 13
441 376 8 182 113 493 172 135 325 197 177 308 250
5 20 11
8 67 203 139 454 487 374 60 245 129 455
10 9 18
35 298 5 373 476 209 490 119 101 437 90 457 400 97 412 91 468 474
4 16 8
361 0 312 415 473 281 17 461
8 5 17
245 64 330 378 270 447 420 408 452 235 75 343 52 308 346 368 284
4 9 8
197 482 67 421 128 270 131 254
2 16 8
98 88 180 210 90 4 421 315
5 13 9
230 12 496 99 70 142 297 187 215
1 12 2
184 171
3 4 25
34 257 81 89 284 370 21 22 424 268 340 58 115 158 74 172 420 226 31 421 36 453 129 195 78
1 18 11
28 246 188 303 195 484 436 340 405 32 268
5 15 8
116 439 356 318 213 303 276 279
4 19 24
229 76 403 349 30 121 373 78 477 336 271 117 399 249 380 49 216 159 88 132 68 224 154 14
5 9 10
198 285 42 283 390 397 305 362 88 431
1 8 2
291 432
2 5 21
34 322 114 360 263 243 388 444 163 485 111 398 267 414 38 117 9 427 115 278 354
1 14 4
29 63 199 410
1 17 14
287 19 498 103 375 212 440 126 32 452 467 63 338 397
8 9 14
126 394 305 430 141 298 166 487 316 218 350 110 389 258
3 9 8
210 204 70 231 95 233 213 214
4 16 19
338 294 49 407 79 260 150 497 247 358 9 174 424 189 400 184 132 35 468
3 1 5
227 298 120 471 104
1 18 6
140 432 484 125 408 431
1 3 4
207 368 497 278
6 15 20
440 207 387 278 426 24 126 159 178 406 202 172 107 331 73 201 108 442 185 160
6 4 9
33 161 228 374 176 404 72 74 473
4 7 8
475 151 394 17 463 464 166 69
6 8 14
119 373 420 263 261 140 495 355 477 447 102 248 453 8
2 7 6
281 5 148 339 318 382
1 20 12
127 67 496 116 329 341 379 426 275 291 14 108
1 3 5
196 497 233 66 178
5 14 19
133 203 172 191 136 175 428 69 130 398 310 210 396 443 105 22 316 289 179
4 5 25
463 296 39 58 221 402 234 473 334 370 8 94 331 412 470 215 230 164 175 65 321 316 455 289 51
9 17 24
281 11 169 236 282 477 252 295 465 73 226 423 162 275 244 57 173 89 75 334 476 112 70 103
8 11 16
142 29 345 240 443 162 177 495 491 150 54 358 13 487 35 198
4 15 7
287 49 337 284 5 132 133
1 20 3
300 267 297
1 10 23
183 384 399 117 495 360 11 78 206 374 329 139 189 166 259 74 442 199 119 14 149 413 390
4 9 23
464 82 339 439 175 250 343 229 411 257 371 103 292 20 305 222 143 318 495 145 386 210 48
11 9 21
146 44 308 303 289 250 421 187 429 316 311 401 315 318 61 414 282 173 427 450 348
4 14 13
191 473 26 63 464 262 352 60 394 449 109 403 257
5 1 21
219 261 212 184 456 91 395 338 78 273 419 136 166 344 332 181 226 151 13 329 421
5 15 18
263 497 440 1 37 197 34 229 51 390 492 41 25 215 499 354 454 220
2 18 8
338 129 133 117 305 0 323 419
7 3 14
347 126 211 109 311 453 287 404 14 483 86 183 273 175
2 15 10
481 372 7 319 464 45 374 290 25 233
1 9 2
361 365
6 12 13
468 322 230 385 225 308 83 272 197 413 80 217 351
2 16 3
349 63 484
11 3 23
259 0 394 463 451 318 486 492 408 402 178 97 295 227 381 72 232 219 442 212 60 150 357
5 13 14
14 383 25 182 356 300 87 193 29 53 133 129 388 174
2 2 19
393 315 178 131 451 266 331 12 76 236 240 17 226 387 292 491 441 495 258
1 15 4
198 390 287 237
6 13 11
472 161 90 379 459 76 239 393 12 367 293
7 6 23
301 254 249 82 161 280 3 78 28 426 211 430 353 318 99 343 427 487 2 119 213 107 197
7 10 15
29 349 109 243 169 69 386 230 158 295 108 328 142 179 182
1 14 18
409 360 153 190 449 327 162 404 282 55 143 166 272 85 481 70 156 4
4 9 10
260 415 177 155 254 182 372 364 101 345
6 11 10
472 444 30 48 138 447 230 98 184 55
2 12 3
81 373 441
2 10 17
347 406 263 212 98 182 56 489 99 187 245 180 85 81 422 166 465
1 8 2
463 308
4 16 6
267 14 366 80 484 199
6 13 20
471 266 380 419 68 36 283 361 452 126 492 209 1 397 341 440 330 56 353 466
14 10 22
142 397 306 460 307 183 476 445 480 270 373 216 50 321 54 57 239 152 428 244 362 44
2 13 25
334 127 202 353 427 288 401 359 335 76 305 285 15 409 5 310 328 257 213 242 95 142 488 275 118
1 1 7
250 341 320 364 418 152 318
5 7 11
459 245 10 279 416 73 45 427 9 162 262
14 2 21
80 206 356 129 260 57 341 64 143 284 338 110 237 204 46 144 469 226 35 146 487
2 9 13
285 313 355 328 197 89 381 125 7 48 179 426 340
6 18 14
463 99 409 266 144 62 426 366 287 357 408 154 69 195
15 13 25
159 407 373 84 182 487 69 5 406 244 63 13 21 374 480 19 207 41 283 394 133 268 306 217 186
1 16 2
120 412
12 10 22
421 184 46 211 463 396 386 242 25 324 269 265 65 233 478 203 277 188 389 457 114 335
11 19 19
427 231 482 12 390 56 47 113 110 347 66 237 140 238 468 117 454 22 261
1 15 13
492 424 265 275 225 499 474 365 357 472 255 270 227
3 7 5
161 439 455 11 258
2 13 5
251 102 462 405 411
1 17 4
79 62 399 17
3 8 5
125 212 284 411 61
6 2 19
77 128 386 355 209 22 361 121 221 272 286 426 66 404 471 325 106 433 137
6 9 13
355 498 331 156 484 151 441 306 47 318 186 211 228
4 12 22
359 167 197 250 496 348 395 292 367 383 179 61 288 92 341 2 208 209 444 200 330 405
8 6 13
333 59 167 7 90 1 5 10 473 180 157 419 159
1 14 3
267 149 298
1 17 12
213 65 27 444 384 299 371 122 141 471 168 271
1 6 4
194 460 401 69
2 3 10
484 489 349 70 169 15 9 386 150 248
3 11 8
73 308 0 382 213 322 131 409
7 8 16
365 215 243 171 158 121 418 131 275 395 430 120 211 373 102 285
13 6 22
367 476 383 108 125 477 414 259 423 107 392 263 256 382 137 487 391 182 61 170 230 495
4 11 21
435 349 213 325 193 301 93 300 361 388 41 444 309 346 61 220 281 14 154 212 165
12 5 22
279 164 314 362 351 193 184 414 150 407 48 474 108 234 429 360 344 46 26 50 276 271
12 13 23
396 141 333 96 45 121 154 401 315 130 101 286 475 193 168 482 231 394 374 303 22 450 198
8 16 13
94 347 233 9 42 126 271 255 266 338 1 350 376
7 12 14
436 203 394 185 65 239 451 155 195 215 151 204 387 284
1 13 25
495 268 164 159 244 287 394 209 360 286 304 211 110 224 122 253 132 33 0 444 135 420 472 46 188
12 8 18
244 262 232 284 367 245 3 195 370 407 288 206 434 479 105 355 449 0
5 18 8
94 122 234 136 47 350 358 202
3 16 16
256 81 42 331 391 66 352 157 213 262 295 283 394 218 255 296
4 13 6
138 380 323 169 13 412
1 17 12
150 74 12 499 149 405 442 71 16 141 254 204
2 11 19
96 31 266 408 348 391 372 72 369 258 416 106 202 260 342 45 382 222 289
4 17 6
9 357 97 392 248 216
12 3 21
19 281 495 390 88 447 224 480 45 441 440 24 59 240 251 232 421 366 23 499 316
2 15 15
437 158 352 61 401 487 304 425 7 40 94 55 380 111 467
3 2 5
281 33 390 265 117
2 2 15
439 336 5 446 134 476 384 226 290 211 192 114 296 164 150
2 4 17
11 411 326 197 183 388 310 483 70 101 64 112 110 309 189 313 386
6 18 14
140 107 386 400 403 193 139 397 122 366 119 43 9 3
9 6 14
480 77 178 363 86 154 13 281 159 30 474 468 476 139
5 12 13
318 309 147 273 189 475 432 144 77 407 490 234 437
4 12 21
387 137 8 139 7 223 95 392 48 118 117 391 149 394 33 477 197 62 408 498 158
2 7 13
181 92 370 369 307 153 481 218 70 243 302 207 328
1 10 6
419 400 479 457 482 324
1 6 2
419 433
3 14 17
437 70 484 347 155 181 310 62 103 460 129 488 368 374 352 24 451
2 13 6
142 462 77 249 86 380
6 19 14
477 293 125 152 135 208 150 438 424 116 298 314 463 92
7 8 12
196 61 11 197 230 414 90 118 302 47 446 447
12 2 21
388 431 164 397 143 199 190 54 46 258 65 370 459 292 16 294 160 324 119 159 148
2 16 25
164 287 196 80 234 454 182 188 106 55 450 211 371 253 143 357 316 194 431 358 57 257 230 391 497
1 10 17
279 249 486 100 317 407 430 162 53 231 489 22 366 4 327 65 3
5 3 14
184 422 43 269 99 161 134 432 401 313 372 188 328 325
2 14 23
19 40 329 442 454 189 103 263 257 328 447 350 456 78 18 105 342 268 356 75 464 411 363
3 5 14
4 449 32 56 421 435 272 357 221 8 49 360 93 400
1 14 4
211 137 429 470
7 10 23
130 183 196 351 322 1 106 137 176 312 157 384 241 469 237 401 268 11 382 144 483 175 344
6 15 22
36 91 329 107 351 97 148 431 201 159 339 124 371 458 443 145 476 424 280 353 288 296
6 18 20
226 38 93 476 380 170 182 140 201 74 108 237 114 156 86 118 164 488 440 227
4 13 19
75 359 343 437 113 70 63 398 246 410 14 386 154 27 389 476 58 392 382
14 16 24
120 165 0 124 38 465 381 199 121 164 197 183 300 426 437 375 23 78 115 493 20 345 129 102
12 16 25
100 147 65 178 94 338 60 210 444 405 165 87 469 236 161 224 309 492 439 101 84 363 42 487 37
8 5 19
453 199 86 35 79 365 22 0 54 212 237 447 358 283 179 87 459 310 364
3 7 15
107 32 332 251 191 467 263 309 168 158 453 259 214 495 327
6 2 11
415 227 189 88 369 190 186 341 340 296 167
5 6 21
343 384 123 99 425 482 451 86 2 357 335 411 488 50 304 373 220 128 284 141 161
6 5 20
201 422 405 440 157 466 353 336 384 358 459 424 112 232 300 243 435 87 404 426
11 20 19
73 279 300 212 433 492 244 448 215 427 292 124 205 393 163 159 27 183 306
1 18 2
65 112
1 19 4
225 170 344 347
1 7 4
443 112 271 217
9 7 25
151 12 308 246 87 208 129 219 227 188 197 221 456 354 404 430 469 36 344 418 496 289 110 299 157
4 19 14
388 288 88 32 219 254 380 119 313 191 55 409 209 112
3 4 9
22 294 33 487 445 284 157 474 198
6 8 13
267 236 71 93 183 349 137 228 145 438 346 194 110
9 11 21
225 59 444 0 407 8 347 297 224 443 354 136 403 433 340 121 305 404 204 261 448
7 5 12
103 339 8 150 32 300 184 89 389 279 307 292
4 15 12
249 329 478 98 440 188 153 460 299 58 346 214
2 14 7
307 113 221 75 361 368 139
6 18 10
218 171 215 142 75 214 205 228 304 272
10 6 22
52 496 423 481 189 413 435 472 278 210 100 469 126 491 324 467 49 255 457 445 395 128
2 12 12
190 160 177 254 68 261 321 47 375 414 15 90
1 6 12
221 238 59 145 482 76 203 400 22 139 282 377
9 3 19
174 186 26 3 460 1 394 359 211 21 409 123 433 388 238 169 260 318 295
5 16 21
49 66 237 70 329 6 141 252 202 121 277 126 427 61 3 355 456 255 223 392 370
4 13 13
77 368 23 451 196 156 305 48 384 32 407 489 183
2 2 6
75 393 78 358 280 261
1 13 20
96 159 69 426 146 85 64 414 369 282 252 297 383 127 246 201 440 255 421 453
5 16 8
443 256 137 251 384 160 38 446
1 1 2
126 357
6 9 10
110 416 360 13 111 61 451 28 374 185
3 2 23
380 457 131 217 197 272 259 322 367 244 187 105 371 119 428 471 173 404 455 406 68 262 69
1 12 6
396 421 195 366 220 266
4 6 6
70 479 314 110 193 310
1 14 25
236 403 444 276 106 247 488 35 395 225 180 194 425 443 45 479 179 4 169 27 115 38 252 81 316
5 2 24
419 298 284 137 353 371 451 481 98 21 335 11 397 412 276 311 319 497 443 441 245 340 286 65
8 9 25
334 87 203 283 106 374 381 301 35 471 102 50 123 236 467 270 480 162 85 231 18 26 278 141 217
1 20 4
27 267 335 155
1 14 18
186 418 240 425 236 94 113 427 495 12 447 276 97 32 85 411 237 14
3 4 20
172 225 163 26 211 96 133 56 460 348 33 310 190 441 493 266 422 223 167 380
3 7 5
255 280 480 109 419
2 9 4
330 35 316 151
5 3 14
136 164 180 398 440 325 442 69 110 120 152 272 490 263
3 1 18
233 46 474 91 31 215 65 199 328 422 310 466 127 384 458 293 351 132
12 7 20
217 268 402 244 38 284 23 351 69 9 243 267 109 42 379 358 14 242 470 161
3 6 5
316 220 120 202 415
1 18 6
233 6 66 388 407 194
3 18 6
309 243 460 251 386 233
4 14 19
455 476 373 181 477 473 379 480 192 366 422 399 450 39 309 286 45 365 335
12 1 18
24 89 345 167 134 443 132 355 234 120 428 200 58 50 359 55 431 41
2 15 12
432 130 382 379 243 144 493 200 263 280 471 377
3 18 9
288 362 481 273 29 356 151 224 484
9 2 14
208 27 300 271 440 28 293 120 462 90 122 257 129 479
5 18 8
482 41 120 193 335 310 199 316
3 5 9
10 406 231 233 104 440 248 464 123
6 11 14
189 214 123 266 155 288 115 386 225 185 346 300 229 150
7 4 14
209 124 423 54 352 98 33 439 66 162 375 397 60 347
2 3 25
97 124 210 237 151 372 386 48 150 416 378 14 273 302 402 305 122 72 152 495 45 104 430 125 12
3 14 6
467 417 316 96 88 327
4 20 19
478 246 434 90 92 102 166 42 270 421 450 118 207 119 97 476 33 435 352
1 18 7
269 19 39 364 472 449 54
4 9 14
350 319 53 411 285 353 141 458 167 64 90 351 455 362
9 4 17
388 53 183 445 494 106 143 182 166 405 181 105 308 241 336 491 170
9 18 18
175 463 456 223 16 486 28 285 389 94 107 132 102 258 497 241 286 24
1 12 22
378 186 62 81 495 480 228 157 84 389 85 142 18 307 63 102 385 355 350 259 429 23
9 19 17
226 13 488 370 231 195 194 356 272 87 127 140 230 67 63 425 251
9 5 15
290 395 235 347 246 308 58 110 338 342 60 39 309 281 487
1 14 11
491 125 325 213 210 38 465 406 113 46 194
6 12 9
23 32 413 14 451 497 482 27 332
3 1 18
16 178 286 397 382 296 91 62 343 30 210 330 42 49 149 64 53 257
3 2 17
108 398 499 363 132 322 471 305 402 146 51 349 37 49 445 248 460
3 1 17
45 289 208 202 282 163 11 113 37 39 358 336 122 291 315 458 84
9 8 22
251 309 471 42 328 194 461 446 218 260 16 65 284 101 176 403 432 58 179 44 33 445
4 6 14
368 404 453 98 408 399 255 29 333 291 463 317 489 205
1 12 24
290 274 53 361 474 349 380 153 151 309 191 277 337 172 305 167 464 404 176 187 4 355 294 291
3 10 5
448 129 160 73 5
2 3 3
88 33 312
3 3 18
103 245 180 162 333 353 346 294 6 325 453 477 225 15 154 291 358 222
2 9 4
329 480 307 40
2 1 5
357 125 262 201 92
12 8 24
32 84 80 270 368 88 212 400 140 401 113 38 296 121 295 67 233 117 42 485 79 111 220 129
2 2 7
183 476 132 79 434 364 324
3 6 14
449 399 499 21 88 29 58 146 304 57 194 19 23 273
6 19 21
257 169 153 144 87 357 104 469 13 215 402 52 100 363 295 190 40 149 436 248 160
2 4 16
127 421 414 309 17 238 172 181 71 151 274 385 482 26 115 381
1 11 2
360 10
7 4 16
304 101 303 384 463 295 70 365 243 334 49 126 112 256 378 442
3 12 5
370 114 45 140 81
9 9 14
394 76 482 342 325 150 364 124 160 410 324 402 28 354
2 2 12
4 387 192 167 494 390 299 301 347 335 476 488
3 1 21
473 446 475 39 438 103 228 314 236 432 277 131 88 107 429 482 1 157 448 238 83
4 8 8
167 486 267 208 367 57 303 246
6 4 16
96 396 237 91 325 246 1 7 221 198 290 452 484 182 329 139
6 18 16
207 304 26 202 94 312 238 78 221 45 37 34 79 244 332 75
2 9 8
164 450 300 413 211 271 182 272
8 9 22
332 42 167 104 199 423 283 160 309 247 97 61 489 302 135 334 188 297 440 137 299 383
2 3 7
109 289 413 31 351 110 63
1 18 8
76 132 158 245 234 73 346 133
14 7 24
224 204 175 335 462 78 88 237 207 27 117 354 305 383 219 405 23 54 209 483 444 380 150 455
6 12 14
124 80 92 416 71 99 150 140 97 113 227 75 76 435
6 16 23
281 468 29 35 284 495 465 73 280 167 30 230 357 47 169 208 422 292 119 15 174 192 317
5 2 19
263 478 464 381 48 232 374 245 411 209 201 73 169 332 294 110 177 216 93
8 7 20
112 131 439 460 104 256 346 307 22 481 180 499 196 169 308 492 317 402 240 184
1 10 2
103 138
1 2 8
476 301 25 275 219 331 153 261
14 9 24
16 90 91 152 107 456 424 351 394 479 212 487 201 122 484 199 463 64 55 493 461 76 299 322
6 2 15
108 367 283 68 361 21 366 267 308 184 223 180 38 76 51
3 19 10
245 453 462 309 335 293 427 443 398 251
5 12 12
392 465 191 277 430 449 352 296 458 342 429 253
8 7 23
470 169 271 336 261 196 462 226 454 32 108 107 416 202 174 145 34 435 437 13 420 457 359
2 11 9
289 344 12 434 257 99 78 130 65
1 11 3
418 331 485
1 9 5
47 131 495 475 345
1 1 9
229 61 189 268 279 306 235 227 281
4 4 18
155 302 212 17 46 101 95 254 52 200 478 130 344 357 366 35 65 85
1 18 3
134 66 101
8 14 12
408 466 335 21 229 334 205 13 152 268 311 347
5 5 23
333 162 325 48 60 337 133 371 54 445 446 259 135 269 415 140 159 392 213 186 24 499 467
3 10 6
181 33 200 440 273 329
3 5 5
291 232 261 449 468
9 2 23
162 424 128 346 405 34 198 7 156 50 155 54 217 100 469 403 470 171 461 278 409 454 483
1 4 2
148 371
1 13 12
474 233 230 369 174 205 254 311 167 325 476 66
2 11 12
377 288 251 77 74 198 319 93 150 462 274 488
1 6 12
283 3 226 489 493 354 351 436 264 96 442 44
1 10 4
283 220 296 160
12 9 22
260 63 81 444 269 441 364 361 19 105 190 314 215 344 297 236 102 90 106 207 486 110
4 4 15
257 393 69 275 123 391 457 444 334 459 11 119 354 182 420
1 8 8
367 180 378 217 273 168 29 437
5 9 13
2 417 51 297 21 277 112 38 129 145 167 303 289
1 7 3
154 173 44
1 11 2
187 49
1 16 2
334 37
4 16 14
150 383 235 57 239 495 257 15 18 307 3 53 9 195
2 17 5
383 405 245 237 229
4 14 9
176 469 360 206 270 89 428 364 423
8 18 22
358 40 198 56 3 28 49 77 21 324 214 53 351 27 348 436 311 498 406 333 416 316
4 5 20
437 52 351 250 381 439 160 14 119 341 192 379 22 112 363 349 331 169 72 237
1 12 8
386 15 286 5 248 90 335 185
1 4 2
62 288
11 7 20
55 180 211 355 311 362 368 417 317 209 37 103 178 11 107 396 32 13 347 225
3 3 18
191 487 459 76 481 199 143 111 323 341 177 124 414 274 409 324 275 117
1 1 5
132 472 219 320 288
1 15 12
370 73 221 23 458 28 374 129 428 230 294 76
11 2 18
173 407 327 489 57 339 398 5 92 467 27 404 401 86 421 49 492 227
1 1 19
382 80 25 461 398 475 8 406 325 5 491 302 100 488 143 400 49 318 93
1 1 12
439 145 280 433 77 160 319 47 132 118 121 498
7 13 12
404 413 463 31 440 270 328 447 128 309 283 19
7 6 13
427 411 260 453 71 13 153 86 200 370 140 276 259
2 7 5
101 376 273 136 498
9 18 17
261 477 385 389 252 0 454 338 106 363 340 322 135 62 332 361 70
1 6 15
429 466 341 363 461 442 326 450 472 239 142 427 22 77 325
1 20 2
394 44
10 1 18
273 94 119 135 355 33 188 71 46 258 77 461 141 304 431 302 95 10
2 5 6
66 380 253 408 115 491
2 5 19
389 329 278 87 54 415 14 386 103 469 161 433 434 182 0 439 295 102 409
4 1 20
458 11 18 462 147 439 53 88 428 83 113 67 126 187 399 393 262 158 400 6
6 9 23
281 203 268 161 299 250 279 366 467 228 129 288 262 78 146 318 419 334 270 416 445 162 202
14 1 22
299 72 409 16 456 70 357 483 35 147 406 148 359 439 182 236 286 145 112 15 226 290
8 13 12
209 5 253 315 128 96 282 352 71 462 321 235
2 6 18
417 35 273 341 334 459 59 97 113 331 448 379 298 0 452 99 64 228
1 6 2
409 156
1 13 20
241 474 17 364 415 148 183 301 278 185 401 79 232 109 468 467 115 234 122 308
3 3 10
307 60 477 331 319 180 457 314 190 127
1 18 11
130 353 459 331 78 362 319 314 9 491 473
4 2 12
174 313 319 18 138 490 200 377 408 308 473 337
7 19 14
243 222 367 405 328 383 194 96 293 434 47 129 164 81
9 6 25
388 61 83 386 324 119 498 128 430 118 188 339 161 290 455 255 358 346 419 281 378 302 169 76 392
2 13 16
221 103 162 33 283 146 498 228 374 325 465 448 422 48 478 290
6 4 9
255 170 153 108 452 112 81 496 180
2 16 4
232 187 158 39
3 9 12
356 263 371 308 272 139 141 216 366 379 288 425
5 12 9
394 30 179 7 448 119 201 200 341
2 9 15
315 170 282 247 364 41 163 156 296 111 78 329 99 45 345
11 1 21
460 416 140 321 183 479 98 169 499 477 180 378 457 221 371 72 490 250 422 240 71
2 10 10
279 183 381 220 448 335 71 302 276 129
1 19 3
489 316 90
6 10 16
197 324 45 174 323 28 390 396 388 492 149 346 414 230 179 193
3 7 23
398 154 96 272 53 223 421 30 360 121 168 162 22 93 287 99 355 207 92 21 218 213 316
11 9 21
462 77 473 121 214 36 53 474 8 67 217 327 280 256 298 369 180 332 160 164 451
5 9 13
394 206 346 278 247 85 17 418 232 335 110 459 89
2 14 15
109 129 302 99 389 133 398 33 38 53 205 183 215 184 260
2 14 8
343 279 35 446 198 331 488 110
1 17 5
357 102 21 95 44
8 4 20
90 447 81 491 433 38 35 467 274 105 17 354 285 73 383 364 356 178 143 474
7 7 12
258 130 183 2 269 28 426 347 295 390 50 306
1 10 17
243 463 77 138 392 387 23 45 18 445 56 396 459 371 207 338 42
8 9 14
151 411 378 228 65 477 486 190 73 326 185 50 262 268
1 10 12
4 28 380 33 402 79 485 18 136 195 172 92
5 3 23
336 252 437 210 129 85 74 374 20 84 348 399 223 443 59 281 45 23 425 327 220 200 306
5 19 10
58 7 347 263 179 239 363 176 82 51
1 12 11
376 182 228 348 98 278 430 138 57 19 375
2 11 3
222 275 157
1 12 16
254 3 425 466 155 390 135 119 260 116 274 408 27 26 123 92
5 4 12
470 129 105 203 141 284 228 491 391 11 389 51
10 14 16
350 271 320 466 442 413 63 192 106 59 376 196 126 444 244 226
8 1 14
349 114 249 148 153 95 93 204 396 237 494 402 121 258
4 13 16
101 109 80 110 149 248 113 363 73 90 15 36 99 398 230 362
6 13 12
109 347 364 251 281 4 211 46 41 267 121 140
8 2 24
111 488 150 7 330 25 53 77 6 195 210 374 239 465 200 298 41 267 84 422 165 343 54 401
11 15 18
115 205 224 48 175 336 461 155 174 237 140 141 301 367 3 124 462 467
4 3 14
162 15 316 300 102 303 353 456 256 245 312 391 9 324
5 11 15
395 298 285 223 148 324 33 156 67 29 232 396 452 360 234
4 5 19
409 470 448 27 199 412 397 481 1 266 71 459 366 496 219 436 398 3 66
1 18 15
201 318 164 19 42 68 380 35 279 452 52 197 413 282 296
5 8 18
201 463 74 323 295 242 78 101 236 129 302 94 52 450 492 27 161 82
2 4 4
78 489 133 411
3 3 20
18 432 84 214 376 230 87 340 495 402 283 302 12 176 244 189 334 419 498 274
6 8 11
167 488 397 351 398 146 408 84 401 468 429
10 9 22
382 442 431 408 224 71 138 268 176 159 323 491 264 355 457 248 392 388 98 353 76 482
13 3 23
416 219 5 122 214 314 353 318 315 275 264 196 407 15 272 100 220 498 292 394 284 177 130
9 1 20
482 333 231 43 202 14 465 95 167 48 106 397 446 387 181 36 100 407 63 469
3 7 10
292 476 454 303 321 64 331 270 10 408
4 11 18
303 383 206 283 360 278 148 314 389 244 357 292 319 119 61 377 64 81
3 13 8
144 34 120 411 320 464 428 332
11 6 17
194 454 293 474 488 270 459 498 62 300 484 232 397 53 95 220 209
6 8 13
331 192 225 86 249 384 352 449 451 433 198 203 447
1 6 8
272 313 280 85 460 24 389 299
3 11 12
65 449 369 171 470 281 27 258 418 392 287 249
8 17 21
17 408 137 462 414 93 341 44 29 4 239 384 329 362 76 115 445 19 380 479 359
7 9 21
101 261 326 111 286 124 351 493 218 160 95 221 433 331 127 141 126 387 353 254 428
6 6 11
32 241 178 345 272 498 323 92 251 231 130
2 10 3
212 263 289
3 9 7
222 188 197 490 496 198 211
7 14 21
77 22 166 408 184 320 257 29 73 466 376 1 314 54 168 484 420 106 111 136 16
10 15 15
171 26 86 490 101 371 61 392 363 480 353 68 261 493 482
1 2 13
3 261 226 6 253 406 163 443 65 360 238 355 114
5 2 24
317 376 102 457 195 128 202 175 448 149 426 83 479 449 499 349 387 428 335 283 489 369 498 265
2 1 3
84 372 339
4 6 8
313 62 368 231 73 189 83 156
1 19 4
19 112 256 140
2 9 3
6 37 294
1 7 3
206 398 19
9 4 14
277 332 481 180 213 283 144 244 73 490 489 116 31 119
9 2 16
137 181 269 174 148 99 465 434 240 140 463 254 401 257 4 139
5 3 9
167 142 124 414 421 96 179 5 307
4 20 14
234 303 205 45 162 448 269 327 151 407 170 59 463 316
9 15 16
247 403 79 289 420 341 23 121 489 38 107 200 171 190 311 20
10 1 19
154 369 62 181 338 443 153 8 252 17 332 111 212 240 107 489 142 42 472
2 12 6
134 435 437 403 283 365
4 11 11
134 157 191 344 156 110 66 425 498 80 4
1 9 10
382 279 197 169 86 498 332 85 58 494
1 9 10
423 36 378 450 25 70 124 399 371 33
1 12 22
59 388 44 438 378 217 190 444 275 355 301 387 455 127 326 49 491 271 263 496 169 282
2 18 8
422 38 190 274 20 79 490 458
2 5 11
139 242 332 253 168 351 321 145 379 375 53
7 19 17
277 359 173 345 329 64 242 112 403 391 196 413 386 131 78 425 169
4 1 25
464 65 225 410 246 182 308 353 74 222 290 322 399 11 434 261 177 326 78 207 14 137 68 254 386
3 1 8
479 471 70 157 46 353 395 358
8 17 21
496 308 303 28 136 15 86 450 159 257 463 476 122 345 55 499 248 228 393 7 80
7 18 19
371 2 428 102 315 161 448 27 299 306 355 203 406 182 372 233 48 497 145
9 15 16
126 90 316 135 30 479 178 94 460 437 341 467 342 145 249 291
6 18 9
470 380 265 151 308 395 165 374 197
11 17 25
463 457 153 359 254 471 306 89 347 458 41 128 33 474 401 137 50 212 263 68 301 410 499 163 419
5 17 9
105 43 441 497 40 33 394 429 355
2 13 19
419 317 109 32 208 335 86 49 283 420 401 117 269 202 133 36 60 111 115
6 9 17
50 124 97 22 422 445 466 275 75 35 478 110 473 489 314 282 477
8 12 12
232 248 177 75 189 6 77 126 312 171 165 38
6 4 16
267 462 73 138 27 481 349 305 350 282 52 238 148 473 275 475
7 8 12
476 305 171 187 345 169 377 399 318 270 449 24
2 13 13
105 27 402 120 173 219 362 204 335 376 478 70 453
1 1 16
413 200 16 226 179 315 499 29 439 387 274 104 180 47 4 168
7 16 15
119 106 26 109 332 402 13 359 497 454 195 253 220 58 353
7 13 11
452 42 210 262 184 418 468 491 123 265 464
1 1 6
302 450 438 307 140 159
8 11 15
222 236 231 395 160 454 382 480 103 121 110 408 29 5 212
3 10 24
447 118 487 319 7 337 253 222 379 382 135 359 298 405 39 407 60 261 410 480 363 171 10 71
2 17 4
129 370 34 250
6 3 13
493 374 41 367 288 373 386 423 281 303 453 70 346
1 7 2
94 50
2 11 4
73 223 357 215
3 1 25
29 63 361 232 390 434 410 170 312 386 225 268 150 153 91 199 413 474 219 56 472 212 292 137 99
1 9 5
457 158 477 85 164
2 9 12
150 344 53 417 228 374 265 439 491 310 259 267
5 17 18
194 61 456 149 358 284 416 117 90 352 184 251 79 73 379 16 376 95
8 13 20
183 274 126 36 363 124 431 312 189 188 246 50 473 439 166 361 25 72 323 196
8 1 20
404 430 274 429 211 102 116 353 87 129 42 43 63 487 151 74 436 66 392 270
8 17 22
77 319 89 26 437 158 397 57 468 408 338 208 263 22 28 46 227 254 79 241 428 384
8 12 13
61 15 126 169 237 251 356 374 7 423 193 469 113
10 10 16
197 346 474 169 387 417 81 255 259 30 448 157 206 468 65 402
11 1 24
116 292 246 367 9 162 480 405 412 146 424 397 497 286 122 130 229 25 430 302 336 407 289 331
5 13 8
440 258 326 210 399 413 26 421
4 8 12
193 425 281 11 110 402 58 246 191 440 450 277
3 13 10
359 77 280 104 307 469 105 419 446 409
1 4 3
149 60 15
2 17 7
225 0 349 432 272 212 380
1 1 8
235 150 107 275 333 274 28 104
2 1 13
363 313 394 381 81 252 356 181 178 166 256 338 71
3 11 5
171 175 376 165 135
14 4 24
205 184 335 254 439 26 137 219 408 427 64 162 486 182 342 283 216 488 118 66 89 63 203 146
1 6 4
128 161 368 444
3 6 5
290 322 477 298 153
5 2 13
39 342 319 287 140 481 311 224 494 364 366 498 158
2 20 9
413 326 376 46 302 80 119 296 262
4 1 8
251 183 294 64 437 470 6 390
7 16 25
197 322 222 69 468 274 61 225 162 188 110 410 304 79 112 33 24 166 217 96 409 280 346 472 329
8 16 17
142 67 222 241 201 494 46 14 43 237 12 64 97 405 71 150 449
7 6 21
160 298 155 436 240 144 17 429 475 401 459 481 427 418 186 106 477 83 224 195 68
2 11 4
116 124 183 127
6 18 9
445 339 498 435 441 212 470 100 194
7 18 11
485 38 180 389 450 262 269 274 371 321 334
8 9 14
400 462 272 469 160 253 185 290 359 88 115 13 96 458
2 13 13
0 486 308 487 379 334 68 158 36 219 242 305 26
1 16 16
29 38 85 330 88 246 8 487 265 313 40 11 53 157 449 169
3 20 23
20 387 266 3 475 410 432 193 64 6 271 262 218 75 166 208 393 293 452 104 291 139 10
5 15 9
398 214 181 120 277 195 64 472 409
7 13 20
433 84 338 60 289 172 340 316 124 444 28 408 234 383 301 273 353 106 264 414
10 17 17
143 393 497 479 364 146 93 465 103 402 115 335 67 279 13 92 489
14 3 25
70 411 293 288 161 300 5 289 102 160 229 120 264 272 201 321 181 241 341 146 186 481 177 109 33
6 5 15
27 377 98 304 113 3 218 299 75 339 180 221 444 383 319
5 19 14
467 185 141 463 297 438 201 449 496 199 127 104 471 472
3 18 20
273 134 297 274 469 425 421 265 438 467 54 303 235 353 426 417 411 227 171 379
1 3 8
89 353 460 275 451 307 323 114
6 12 22
101 316 263 269 191 90 198 49 302 209 123 493 45 31 252 394 154 128 267 446 357 35
5 12 19
317 398 407 475 241 453 89 341 52 342 221 41 165 397 0 298 59 72 240
7 7 14
165 273 464 364 280 476 298 8 320 436 92 318 249 104
8 1 25
118 15 147 472 359 153 94 412 307 60 212 34 290 333 110 53 304 273 451 227 434 114 319 104 350
3 15 6
291 44 357 126 412 198
13 13 24
348 248 492 436 33 143 494 23 279 144 324 329 70 455 275 119 311 366 424 160 332 495 189 48
3 10 13
27 400 73 82 277 257 337 198 345 407 321 271 67
1 9 6
274 358 414 420 385 348
10 9 19
343 269 480 282 499 143 263 4 175 257 72 373 473 223 208 405 11 56 102
1 8 25
433 47 10 390 33 410 405 60 391 26 78 322 131 447 340 488 368 475 375 457 209 82 38 20 68
5 10 11
99 37 172 58 218 437 191 265 162 384 180
2 6 3
50 354 398
2 10 7
189 416 464 459 22 60 250
3 5 8
282 89 31 232 179 82 256 243
8 13 25
79 160 193 422 131 463 296 377 291 16 499 395 188 261 210 259 28 462 375 211 4 201 464 336 485
5 1 8
270 2 397 111 195 136 74 14
3 19 19
239 260 412 303 262 210 314 142 363 380 157 227 498 56 373 333 124 279 193
9 17 15
336 446 443 128 406 440 471 326 268 168 385 58 337 101 348
12 17 25
113 388 194 55 409 188 407 18 326 46 287 123 110 87 405 108 294 346 462 150 74 347 301 385 361
2 12 21
388 285 31 283 216 17 469 196 106 137 138 392 148 179 164 255 194 360 382 317 61
11 20 19
140 154 282 74 6 358 208 270 452 78 214 179 252 428 407 57 183 357 53
7 15 13
407 452 190 169 415 14 215 53 198 394 274 482 369
1 11 6
260 474 136 417 480 330
10 4 17
146 122 361 311 356 130 319 291 84 3 412 418 297 467 47 261 65
2 14 6
65 176 316 239 156 40
7 12 23
244 472 316 21 48 300 419 134 37 198 178 361 177 380 418 11 158 450 414 499 252 400 103
4 13 20
63 49 361 74 317 236 291 207 180 122 143 254 356 0 454 104 43 482 226 41
13 6 22
126 383 111 347 22 410 105 12 282 404 184 296 301 378 386 99 130 59 212 239 115 236
6 4 18
37 484 71 419 446 305 186 469 105 294 236 12 348 426 399 417 124 370
5 1 8
107 240 89 286 302 332 422 479
1 15 15
482 114 52 322 128 141 425 151 400 179 331 494 433 134 377
1 20 2
114 104
5 10 9
58 135 173 180 366 57 408 307 311
2 6 4
43 101 463 323
5 19 21
211 417 436 220 355 103 208 266 106 395 139 451 253 311 61 463 107 361 439 233 114
2 10 3
175 398 124
11 10 19
399 354 308 467 235 17 441 494 31 67 330 100 176 496 211 387 63 372 146
1 20 3
294 262 80
13 11 22
255 179 19 15 41 158 47 291 402 457 490 278 152 473 223 0 104 254 395 297 146 489
1 3 12
200 433 154 121 205 239 228 224 254 455 186 175
3 13 7
0 53 359 239 98 89 68
7 6 15
377 154 216 21 276 182 157 375 169 425 353 15 170 408 215
7 10 17
473 222 256 281 360 79 7 358 23 97 373 414 454 106 139 126 64
1 13 8
271 116 317 43 333 233 382 307
4 7 18
378 90 450 492 77 338 149 395 371 5 85 290 125 263 488 88 53 357
6 13 12
315 410 150 9 151 325 188 65 440 441 239 485
1 7 5
205 217 302 263 272
1 9 2
84 44
7 9 25
474 244 128 449 85 36 350 23 262 261 24 187 70 456 491 66 414 137 260 216 197 111 149 345 5
3 8 19
161 210 345 214 342 35 462 58 227 238 9 174 107 293 448 205 34 272 82
2 18 4
237 399 311 78
2 15 10
474 439 181 96 366 331 317 403 479 251
5 2 10
49 458 370 363 421 352 247 325 72 345
3 6 19
19 54 178 298 328 239 35 27 261 97 320 371 481 345 384 323 172 88 41
3 15 8
412 274 306 252 326 92 230 26
1 15 2
403 426
1 7 3
424 216 499
1 6 20
51 384 229 74 294 121 333 244 154 482 195 416 267 69 292 248 18 402 341 110
7 20 19
44 350 22 354 459 185 383 284 334 425 313 491 410 191 149 227 26 243 35
4 10 8
239 338 295 200 145 372 397 391
10 17 25
143 489 240 301 79 175 33 145 357 486 196 470 434 158 221 281 102 223 356 478 199 327 207 487 210
10 17 20
303 342 372 366 371 348 474 363 161 341 455 334 123 257 293 32 368 113 466 359
7 7 12
260 159 318 43 448 165 0 349 295 437 69 93
4 13 6
93 72 385 242 65 274
7 20 14
465 257 43 263 407 258 270 107 412 142 403 23 207 342
5 13 24
64 347 155 176 3 250 99 245 200 237 377 405 388 100 239 125 433 104 204 332 272 41 189 328
9 17 20
158 211 91 394 181 460 323 472 87 58 367 6 273 109 145 25 467 419 95 313
6 15 13
292 361 470 79 368 263 445 197 298 257 69 446 338
3 12 5
48 121 235 10 478
3 2 7
63 354 198 482 366 307 258
2 20 10
438 359 293 37 127 261 337 375 335 50
4 10 6
232 299 386 205 87 330
1 9 3
330 193 8
4 8 18
30 352 348 29 135 344 195 162 174 299 252 211 126 304 285 316 288 335
9 16 15
379 290 205 434 260 263 68 344 266 8 97 309 150 166 347
6 3 10
178 403 158 112 469 34 97 418 325 156
4 6 7
35 291 456 409 480 365 202
4 7 7
84 227 467 405 438 407 341
9 19 24
353 165 299 244 0 230 33 196 25 161 4 387 430 425 44 396 28 458 192 263 233 423 169 467
1 3 2
470 126
11 11 19
46 305 240 278 369 176 131 411 390 395 405 233 335 321 419 54 491 120 99
1 7 8
258 124 338 356 366 429 368 148
12 20 19
133 467 112 7 93 176 43 371 440 128 392 370 42 234 59 461 89 51 432
3 4 21
270 291 459 461 18 243 106 366 271 180 76 251 374 398 413 250 224 162 295 409 233
10 13 16
89 165 262 331 478 278 339 265 172 70 119 357 372 228 259 496
4 1 19
219 269 484 374 32 468 313 55 499 29 106 115 93 433 224 290 464 85 447
4 10 11
47 375 44 61 322 315 198 401 496 100 449
1 17 3
172 335 150
5 20 8
324 119 122 279 179 410 286 425
1 12 2
5 475
3 19 12
346 199 345 28 311 377 217 418 301 352 372 92
4 20 25
272 151 180 141 259 319 451 28 201 308 350 192 128 287 426 120 121 54 43 90 445 7 396 134 214
7 3 18
195 33 123 237 176 332 372 43 331 288 165 82 260 282 254 303 281 448
7 3 13
189 416 281 437 357 161 282 26 55 442 145 447 298
4 18 10
468 409 262 91 442 85 212 87 232 138
5 20 10
232 389 95 90 224 61 364 47 259 102
6 6 22
324 423 295 228 69 293 243 105 238 265 225 123 158 57 287 386 359 112 327 231 329 95
2 9 7
291 274 370 210 154 58 498
2 8 8
82 133 144 35 41 437 42 381
10 19 22
68 477 445 53 300 372 384 82 438 76 15 437 377 253 349 491 161 441 93 9 478 488
3 9 13
297 102 154 261 405 33 216 49 187 254 181 481 292
7 8 13
326 469 402 498 16 87 366 160 113 294 248 179 161
9 11 23
10 99 267 15 483 173 404 232 242 61 475 403 306 393 402 400 459 364 409 368 288 346 479
1 13 15
460 294 169 499 325 440 179 255 373 56 456 495 479 392 59
2 13 4
318 16 149 137
2 3 21
403 267 488 425 138 372 118 225 208 233 299 269 327 345 481 38 340 105 234 408 334
4 18 7
193 20 208 349 74 262 435
7 5 21
276 73 96 404 197 285 280 90 263 346 222 99 411 334 380 121 437 469 255 482 304
1 9 2
73 316
10 3 16
436 422 470 375 428 4 72 244 197 95 3 452 295 415 374 98
1 20 16
37 209 349 114 285 345 161 169 79 469 347 413 462 423 212 455
6 10 19
400 342 384 410 293 378 143 209 465 399 216 245 104 448 304 208 243 262 346
7 18 14
241 42 82 169 426 137 288 382 476 481 464 439 295 182
1 4 2
442 95
2 10 7
56 381 77 438 37 128 78
1 1 6
232 30 149 376 253 366
2 5 9
155 497 229 410 461 179 90 222 231
5 16 17
270 387 5 353 305 294 156 177 434 322 257 395 467 14 129 287 384
4 7 6
307 47 314 455 208 434
7 3 12
472 459 137 90 411 440 305 420 232 193 458 322
1 13 2
334 321
6 1 10
345 139 337 405 31 226 16 339 158 110
1 8 11
112 441 88 131 101 4 115 183 438 145 207
1 15 6
320 148 356 451 93 197
10 12 21
177 357 367 480 492 447 243 463 323 136 84 318 469 43 473 464 155 380 341 302 150
2 16 9
109 263 127 16 336 87 73 176 234
5 11 21
330 336 97 278 424 455 81 368 205 56 437 209 42 286 250 77 300 131 355 22 149
3 15 5
120 462 135 373 178
6 15 15
442 81 27 107 327 279 337 282 389 232 400 440 385 478 117
1 14 8
146 185 491 455 16 364 431 445
4 15 9
325 358 241 425 254 380 281 239 87
9 5 22
466 317 14 411 323 42 424 476 217 51 206 53 349 178 66 257 228 61 22 324 238 87
1 2 3
136 216 196
1 8 8
43 142 161 191 162 109 367 477
7 18 19
97 271 59 283 169 180 391 483 327 343 270 72 143 188 71 341 155 451 355
5 20 21
161 180 257 144 22 482 236 281 194 471 487 164 492 341 109 332 343 185 373 283 155
2 20 3
367 214 300
3 13 17
156 462 187 50 452 112 496 173 381 359 115 158 220 162 59 379 255
14 19 21
423 298 169 409 51 242 306 405 402 206 229 228 303 95 9 187 465 474 280 325 263
6 10 20
141 188 210 391 29 111 364 126 205 118 3 1 455 273 48 112 79 339 194 496
3 9 8
399 412 77 65 391 335 190 447
7 12 25
25 220 349 466 94 273 291 68 69 304 326 191 432 461 434 121 59 381 229 367 480 184 189 470 1
16 1 25
273 396 449 44 131 37 461 434 402 334 446 330 321 20 313 440 390 141 463 69 204 119 439 343 246
1 18 7
258 374 430 19 463 61 287
3 2 11
66 453 268 398 395 258 14 490 278 322 209
2 6 15
249 426 302 203 134 367 279 494 164 425 471 198 81 14 163
5 8 11
415 372 93 50 112 332 91 496 499 152 235
3 14 8
368 415 418 127 440 46 271 204
7 20 17
425 346 418 192 362 213 361 137 479 97 184 462 189 22 166 95 351
1 10 6
475 259 382 48 12 341
6 20 17
69 345 362 399 253 46 292 368 223 225 59 21 27 410 228 197 263
2 4 3
321 496 146
5 6 16
464 315 80 220 227 499 466 336 42 273 209 497 210 470 427 264
1 16 3
393 380 169
11 7 18
489 325 21 326 254 429 484 157 189 188 210 345 64 456 131 481 283 251
7 2 20
285 354 341 13 257 216 392 378 233 211 443 464 209 19 7 77 355 444 452 179
7 10 12
374 454 414 152 19 235 159 478 373 310 330 20
1 7 12
331 154 34 424 432 181 104 16 261 465 109 383
3 2 19
8 250 463 56 224 76 22 197 462 269 14 156 152 264 332 251 266 355 326
2 18 10
477 145 395 62 470 44 260 123 185 91
2 14 20
118 155 236 85 467 405 117 229 256 432 48 42 67 31 473 330 374 243 123 137
4 17 7
233 445 336 391 488 291 87
5 8 9
336 272 325 223 260 131 280 328 308
2 14 3
468 458 435
7 8 11
3 241 15 45 269 342 365 96 111 141 435
11 17 18
38 210 134 384 40 223 233 302 173 447 219 199 93 118 15 70 325 307
5 18 12
86 402 346 140 118 371 53 186 442 251 446 87
2 13 8
437 430 132 192 476 176 203 466
2 10 21
57 451 408 7 200 10 384 428 315 62 437 445 423 499 211 480 362 350 395 179 316
7 13 17
108 153 12 249 487 310 350 241 473 224 358 327 325 29 133 19 235
8 4 22
416 313 208 492 366 376 498 281 405 251 404 249 354 225 17 89 119 176 145 142 87 381
7 1 24
17 337 173 117 241 430 341 138 255 75 498 25 491 464 316 183 90 384 87 53 259 74 352 71
2 18 3
4 495 274
6 12 9
415 424 27 101 114 290 3 136 147
1 5 2
421 213
11 13 19
209 484 462 35 269 13 429 89 448 293 78 118 260 169 36 418 138 64 203
2 7 21
478 309 317 206 124 403 120 46 435 353 461 229 287 452 278 324 233 27 249 243 3
7 2 16
59 42 216 393 262 373 255 416 370 150 62 235 155 169 160 438
1 13 2
55 194
3 20 8
270 348 53 288 86 346 18 145
10 14 16
484 436 42 435 410 349 268 446 56 68 443 274 170 136 157 308
2 10 8
475 328 25 19 329 332 73 55
11 17 18
341 385 480 229 234 141 468 134 180 308 460 306 484 50 459 155 438 319
3 4 10
36 53 382 167 286 191 360 408 14 289
6 16 20
255 346 25 56 31 61 336 236 313 454 303 462 33 349 107 26 302 390 484 385
9 15 14
481 372 249 475 401 386 456 422 69 339 227 446 67 371
5 3 12
409 397 471 463 82 412 347 446 117 154 354 473
6 1 16
223 47 30 333 8 495 330 228 497 328 404 25 312 56 488 163
6 9 13
327 224 381 216 180 478 484 321 197 264 396 147 339
2 9 11
114 187 225 74 202 418 448 63 127 66 131
3 17 7
117 42 339 125 378 475 218
3 19 11
452 27 60 268 57 143 34 119 498 247 266
3 5 6
138 162 88 262 313 137
2 7 12
149 46 104 215 157 47 231 312 479 152 262 82
2 18 14
425 128 247 255 401 389 148 271 465 345 35 306 351 147
6 13 15
31 190 443 345 23 108 54 441 449 175 311 372 104 238 103
1 10 2
425 173
6 1 24
125 420 433 274 186 178 362 460 288 296 498 52 291 400 13 173 163 153 287 472 205 21 254 15
5 16 18
148 201 286 191 158 235 388 19 363 463 207 112 58 319 90 130 430 259
3 18 13
310 118 149 196 197 327 21 141 322 436 106 96 273
6 20 9
282 349 178 171 437 131 487 454 464
2 13 11
301 257 337 408 77 442 52 108 250 151 14
7 4 11
465 387 481 270 255 433 157 350 469 41 372
1 17 3
339 496 393
1 18 14
164 322 35 155 290 450 256 229 294 330 377 496 261 247
2 15 10
197 316 317 176 496 417 424 277 467 230
4 13 12
439 386 295 292 166 255 223 163 44 485 492 188
8 14 22
374 252 271 265 266 439 130 488 109 103 329 145 293 449 124 394 216 204 264 86 491 430
15 17 24
108 268 447 349 448 419 195 7 149 322 468 179 394 73 194 36 466 406 216 74 363 85 122 484
1 18 7
477 270 487 473 478 452 442
1 11 8
98 379 178 244 234 80 350 462
1 18 18
143 42 85 290 416 468 50 88 145 493 113 178 460 49 399 393 31 44
2 6 18
441 13 7 12 100 86 189 435 299 198 298 218 353 175 257 123 122 297
2 16 3
213 134 274
6 3 14
388 496 68 44 393 350 414 249 485 67 160 260 181 209
12 3 19
132 29 47 121 106 463 480 148 448 290 196 130 447 174 445 140 150 134 22
1 20 5
21 232 336 206 466
1 12 24
262 216 351 14 189 211 286 102 277 169 231 492 153 291 267 276 12 20 127 205 149 361 207 35
1 3 17
26 127 382 290 370 260 42 224 253 47 359 173 324 51 250 308 235
2 17 24
86 382 119 6 183 256 433 232 161 466 132 224 173 305 62 226 239 338 303 246 225 93 2 494
2 15 4
113 330 457 205
11 7 18
152 385 438 72 467 461 171 389 495 437 156 277 482 199 47 488 404 165
1 6 5
422 441 1 115 379
10 14 25
197 183 318 228 82 60 240 74 305 110 287 387 328 397 135 285 62 154 72 57 331 488 95 271 175
3 9 15
127 351 1 180 142 160 111 2 345 405 322 237 90 59 426
4 10 7
491 391 112 229 8 12 358
2 3 7
263 155 363 292 439 449 95
10 5 23
132 100 323 480 498 48 467 203 141 94 462 13 54 328 306 419 386 162 110 9 87 227 343
5 11 11
285 384 367 151 337 403 311 376 90 5 284
2 15 17
197 372 285 456 339 370 320 161 69 53 351 231 167 157 465 316 447
3 18 5
291 361 356 156 222
1 14 2
329 118
1 17 4
209 109 196 427
3 1 8
145 413 33 404 488 362 370 24
12 6 23
321 490 48 377 90 228 358 467 0 294 64 212 471 381 292 452 284 147 328 439 150 100 402
3 7 25
275 2 105 118 108 257 449 267 22 330 428 169 270 176 4 54 44 56 68 441 170 152 474 187 227
8 9 22
306 319 316 393 385 301 65 63 468 52 432 162 391 360 160 78 277 290 116 436 49 280
5 9 20
361 461 166 246 46 249 206 342 341 17 135 212 467 494 220 369 62 259 413 384
3 13 5
111 392 88 459 16
1 10 20
386 235 453 382 456 414 7 305 137 41 69 422 10 108 63 324 212 270 263 183
2 3 8
136 138 166 189 250 365 291 22
10 6 18
295 374 453 163 2 430 215 280 214 434 249 127 421 480 33 159 310 286
9 15 14
215 329 314 176 489 68 76 220 499 198 66 364 151 162
5 16 8
96 12 307 5 167 33 35 245
3 3 9
184 308 495 316 346 65 71 426 211
1 5 25
20 442 319 24 297 451 60 355 125 366 257 228 45 313 155 75 130 479 132 144 426 4 26 384 39
3 19 12
103 59 227 346 385 40 469 164 351 120 488 444
1 4 4
478 302 473 216
4 11 19
69 110 232 66 371 406 147 88 463 485 445 494 184 398 283 454 472 181 348
2 20 4
96 270 183 185
10 18 21
74 332 206 212 367 114 336 303 257 17 437 174 359 29 268 415 361 368 424 282 463
2 9 7
427 326 250 70 372 440 445
10 4 17
184 463 52 123 371 381 470 346 54 221 285 99 25 140 72 88 494
2 7 10
397 199 448 308 29 269 410 322 305 28
7 10 16
261 393 306 307 8 61 184 460 122 48 314 77 0 33 92 110
6 11 13
199 75 342 28 282 359 91 249 83 259 94 360 114
2 11 13
442 56 356 314 364 133 141 352 320 86 398 299 243
4 2 7
56 115 454 168 162 378 321
5 12 9
23 456 119 80 265 152 64 197 498
3 7 5
428 90 355 176 384
2 8 16
153 262 116 126 411 424 121 470 498 448 206 15 443 71 312 295
2 4 5
95 479 251 340 318
5 13 21
118 41 462 53 319 335 71 342 62 224 421 137 456 286 69 355 65 322 21 390 113
2 6 3
265 202 483
3 7 7
51 269 245 298 471 18 399
2 4 3
481 345 102
8 14 22
267 401 421 189 411 179 134 240 471 111 317 105 144 107 136 392 459 77 419 360 114 18
5 11 10
122 186 17 386 434 221 100 359 224 185
2 8 16
6 362 102 311 24 479 494 423 162 44 495 397 465 445 372 193
5 11 12
103 248 441 419 214 494 432 321 439 425 97 257
1 12 4
353 171 205 339
4 5 22
199 471 272 237 254 406 41 30 166 196 285 185 45 158 148 22 433 141 258 154 462 413
9 6 22
453 126 161 124 51 346 75 177 37 490 443 423 182 355 128 82 324 44 470 107 21 176
13 12 25
113 184 377 133 472 455 448 201 144 253 364 361 274 0 182 333 7 131 331 444 420 239 92 207 6
16 2 24
434 298 440 308 480 302 221 493 107 173 122 332 112 32 350 275 25 338 291 227 131 379 38 58
1 7 15
428 401 440 7 24 113 91 340 109 36 419 312 309 382 139
2 1 20
264 475 195 400 405 163 132 487 140 119 66 46 182 259 72 173 102 280 321 158
2 10 3
137 366 471
1 13 10
367 175 112 77 107 173 391 346 463 362
7 1 15
338 129 304 172 29 468 213 467 325 479 476 188 371 458 358
1 1 14
0 442 210 475 460 220 29 304 273 360 133 389 474 37
8 7 15
360 418 44 42 480 117 358 201 436 200 212 89 46 269 33
8 13 14
370 86 322 245 414 25 456 100 232 47 10 181 362 392
5 12 25
263 19 26 177 249 210 484 107 12 39 274 192 155 404 392 219 259 231 101 322 57 489 159 476 378
6 16 15
255 208 352 404 270 77 160 35 161 486 125 333 490 212 373
7 19 15
59 326 218 257 365 231 188 153 232 292 137 349 446 123 156
4 20 12
150 86 173 287 202 34 118 139 290 405 198 472
1 4 6
328 355 298 434 116 188
9 19 18
108 355 188 286 283 461 67 487 112 238 306 20 7 373 403 162 120 368
6 15 16
189 205 43 435 399 340 6 448 50 310 355 349 405 38 420 30
1 8 21
14 215 420 202 275 311 219 310 68 188 39 365 99 339 326 33 148 40 140 331 456
5 9 12
11 43 409 90 382 22 21 149 148 155 40 357
1 2 10
497 239 440 279 193 392 217 94 422 86
2 10 5
190 194 335 430 255
2 12 6
313 321 125 82 263 380
1 10 2
463 214
2 2 3
444 18 204
1 5 21
49 378 280 213 190 331 484 87 7 386 422 96 294 461 10 334 209 147 282 259 246
3 15 22
337 34 470 130 310 65 134 426 292 70 53 12 440 282 330 406 212 192 37 214 445 2
2 13 4
260 84 120 183
4 19 25
71 389 459 107 348 390 336 188 395 270 425 56 18 289 129 254 479 465 363 233 431 335 120 114 31
14 11 22
277 281 58 297 210 458 159 286 73 271 390 396 204 262 307 0 120 188 451 26 465 117
1 4 10
118 27 334 179 473 267 158 220 135 407
3 1 8
258 352 312 229 166 492 206 317
7 16 13
347 189 16 416 474 436 17 252 297 266 340 335 55
11 2 22
194 316 472 381 266 185 38 209 479 376 313 284 382 170 11 29 490 290 171 492 419 366
6 11 15
82 393 265 6 406 177 474 287 214 141 302 234 416 36 158
10 2 24
466 258 455 2 24 445 142 355 363 348 498 405 419 486 294 105 359 428 266 162 488 115 263 174
1 7 3
38 241 457
2 12 12
63 419 375 159 209 132 388 144 260 146 180 320
10 16 23
263 207 481 335 303 362 147 253 153 231 144 1 223 341 136 326 439 422 340 66 89 123 235
1 9 2
241 383
11 5 19
266 219 357 492 181 328 420 398 480 239 393 305 282 231 71 451 392 482 374
9 6 25
282 194 492 499 360 428 378 496 406 6 163 135 211 245 108 214 73 373 143 485 201 56 260 43 15
8 10 24
18 300 5 498 237 251 450 274 71 47 464 150 479 181 294 247 323 154 400 191 147 438 139 67
7 4 17
162 198 239 123 34 283 189 170 282 141 220 133 11 424 21 258 473
7 4 12
139 164 177 146 9 47 1 210 349 84 271 363
6 1 9
233 252 255 207 215 274 214 236 18
6 5 16
37 342 211 424 81 406 475 182 309 278 264 229 142 215 274 157
6 8 18
464 255 439 101 201 132 276 361 446 142 345 306 214 35 487 440 22 430
4 9 17
79 337 420 233 373 491 476 251 328 164 43 236 255 18 493 411 281
12 16 20
222 243 8 278 290 105 181 75 493 79 401 310 443 235 347 234 233 481 24 305
1 5 4
69 238 166 177
6 13 24
118 37 413 480 263 105 157 462 192 286 324 387 220 446 17 419 305 59 278 474 124 226 212 328
2 11 11
76 480 217 319 35 214 236 363 102 15 415
5 19 8
158 36 442 35 117 186 417 204
8 14 23
393 376 371 232 33 385 164 45 435 327 197 360 313 379 170 233 89 496 397 51 436 61 205
8 10 14
277 221 438 445 356 218 67 496 289 455 20 331 368 416
11 17 19
391 335 19 126 320 198 325 233 294 304 471 185 33 91 406 128 162 273 280
2 11 3
294 478 106
12 6 18
383 18 42 175 14 405 7 81 356 351 335 316 389 293 181 463 305 20
1 2 7
78 35 321 194 207 274 251
5 17 8
193 454 278 490 403 42 463 469
2 14 7
106 448 161 159 258 439 281
2 16 11
289 175 202 177 233 239 429 78 76 271 130
1 16 3
251 105 110
3 14 9
181 113 320 201 232 258 367 16 13
5 5 15
433 37 262 17 310 183 414 192 308 427 130 229 125 415 234
8 2 22
46 227 451 448 478 470 20 82 50 14 393 493 440 311 93 300 32 43 167 340 255 192
1 2 10
52 417 220 288 126 62 238 301 324 497
3 10 7
160 321 46 388 421 180 370
3 20 12
44 487 365 296 185 461 417 33 223 173 434 291
1 4 2
222 259
1 15 6
144 469 484 321 32 283
2 6 12
101 323 50 1 237 259 421 394 33 494 453 173
2 3 6
241 204 143 39 50 282
5 10 9
217 181 189 158 353 236 136 355 54
3 4 5
381 311 176 150 187
1 7 7
141 320 437 133 286 270 311
8 16 17
272 164 13 93 328 181 474 73 190 387 180 58 156 42 479 472 238
1 1 2
476 2
1 10 3
472 351 139
3 13 5
409 93 45 237 149
6 13 10
97 245 321 472 178 194 74 148 179 448
1 19 5
70 56 470 457 307
1 13 20
316 400 347 120 142 82 287 157 238 472 438 453 135 256 63 12 78 416 408 391
11 2 22
463 338 355 352 411 432 309 11 301 65 358 392 127 370 3 267 85 486 232 359 275 476
4 5 21
27 143 484 106 138 423 211 32 213 194 401 330 258 267 57 495 210 461 70 280 454
3 16 11
374 85 62 3 254 485 179 8 69 197 456
4 2 20
264 53 190 202 284 299 78 277 372 26 111 394 135 347 247 194 233 125 491 43
11 16 20
213 376 4 351 261 336 297 360 488 84 131 182 92 177 498 221 421 301 150 51
2 13 9
74 185 429 47 106 202 225 40 455
1 15 2
85 107
5 5 19
123 297 265 17 442 273 462 106 342 110 289 276 155 234 420 146 381 115 247
2 11 6
21 167 413 258 441 6
12 9 20
200 103 242 13 357 465 334 221 249 151 431 135 106 5 15 396 343 355 441 310
6 9 16
168 429 436 431 305 417 236 60 396 247 448 496 419 25 195 416
2 1 4
365 357 9 455
1 16 2
153 104
2 6 16
369 34 476 39 178 370 201 386 333 360 248 304 340 320 473 138
9 12 25
495 6 41 39 307 155 287 425 157 76 397 419 169 367 465 384 8 341 59 430 162 270 457 441 110
2 13 24
12 274 401 244 435 334 42 162 180 78 284 168 420 491 199 338 256 132 330 303 380 172 347 69
7 13 15
76 416 221 295 421 120 340 245 82 280 104 193 329 310 391
7 16 18
413 157 492 403 490 360 120 92 437 394 224 18 211 277 395 412 334 402
2 20 4
11 184 196 234
2 5 3
318 169 214
7 7 13
10 135 321 414 404 293 125 156 136 335 498 219 94
5 14 16
140 159 403 70 239 406 196 250 463 349 424 46 224 184 115 289
8 10 24
109 40 404 236 339 131 133 383 295 300 485 322 70 260 123 414 136 266 272 92 54 412 44 226
7 5 17
121 19 223 395 409 136 241 203 470 142 382 119 133 469 63 198 28
3 14 19
420 392 271 267 68 89 479 371 199 49 258 252 71 201 431 464 416 113 225
5 9 18
170 350 498 486 19 227 442 294 85 326 222 128 138 272 439 334 264 37
1 16 2
279 81
6 4 9
428 357 23 432 3 148 43 221 339
4 17 15
187 333 173 172 292 70 391 21 12 130 302 342 327 191 400
1 4 20
114 431 205 348 447 145 218 293 77 366 441 469 331 286 102 120 38 220 494 329
2 12 5
49 498 134 453 271
3 3 18
111 195 247 95 7 407 262 257 191 30 2 6 338 218 82 470 217 156
3 13 9
288 253 422 213 361 128 56 158 449
2 20 20
482 343 6 200 287 271 166 471 362 333 61 251 459 499 332 454 77 289 232 282
8 6 19
359 255 9 136 494 483 474 52 300 73 350 244 49 343 344 362 207 125 341
1 5 16
436 69 304 181 296 18 392 484 65 422 17 378 331 223 2 5
3 1 25
331 54 497 126 37 472 47 167 67 212 93 293 191 387 156 70 418 476 101 153 218 461 44 300 137
6 7 11
42 484 497 152 11 196 365 481 122 162 200
1 2 4
178 431 187 43
3 1 22
411 174 149 178 374 92 395 410 99 457 91 370 73 445 491 330 449 404 280 343 187 340
11 1 23
416 347 400 41 171 390 408 266 239 17 475 465 63 442 404 497 488 180 352 166 466 39 383
12 12 18
256 324 102 83 61 275 151 493 450 372 278 314 414 480 488 138 336 201
5 3 17
153 120 146 267 124 138 29 50 352 126 391 451 413 343 25 375 314
2 20 4
157 174 413 252
5 7 10
470 399 371 36 28 113 264 467 296 481
11 1 23
216 275 415 183 17 493 442 355 93 171 412 423 261 28 444 437 285 446 420 277 435 497 143
14 5 23
292 277 368 6 490 374 64 258 133 47 375 156 214 498 449 396 459 412 201 154 434 251 289
4 13 23
441 292 387 32 77 259 229 361 157 388 78 41 478 27 497 237 261 108 188 140 421 222 151
2 20 5
411 311 224 47 135
2 15 9
50 252 180 337 200 232 49 453 353
3 20 24
12 396 240 61 278 272 181 385 331 219 480 172 280 283 182 413 257 251 71 388 360 49 57 301
