500 1500 775
11 14 28 36 34 39 16 21 17 37 35 34 12 39 15 28 33 28 30 17 28 21 25 19 34 40 12 37 28 26 28 38 39 11 13 11 35 17 37 13 33 31 39 12 11 12 34 33 31 36 29 24 11 15 34 36 17 39 20 26 14 30 24 23 40 20 23 27 20 16 38 14 27 30 31 28 29 20 27 14 31 29 14 33 24 27 22 26 38 28 33 31 14 21 35 23 30 22 35 21 39 28 11 33 40 24 19 37 16 23 31 34 38 39 13 24 17 22 36 36 13 25 13 14 22 39 21 21 39 22 22 14 14 21 26 22 40 24 37 28 34 34 13 32 17 39 38 34 12 18 33 19 39 14 36 11 21 25 27 29 22 35 28 16 23 13 35 20 33 12 22 30 25 14 33 13 39 20 20 13 13 11 25 34 19 24 35 33 11 26 21 27 28 38 13 14 29 11 33 21 35 27 40 34 14 19 17 32 18 28 31 19 16 19 26 33 36 20 25 29 24 12 20 37 18 14 32 34 31 21 31 26 23 28 12 25 11 20 32 15 19 27 35 36 32 38 17 33 25 37 17 34 25 22 31 12 31 34 18 13 15 25 19 21 28 29 29 11 40 28 17 37 31 29 18 29 28 33 30 35 22 37 12 13 32 20 12 24 36 35 33 13 28 18 28 29 37 12 11 35 25 16 24 23 16 16 18 37 33 28 31 21 27 26 38 15 22 13 35 18 18 25 40 19 34 18 29 33 13 29 30 40 13 11 33 28 11 20 40 31 11 11 31 40 14 18 40 39 26 24 16 38 38 17 31 18 29 27 37 30 27 18 32 33 36 35 21 25 15 21 11 40 40 31 16 15 38 20 18 32 37 21 24 12 19 29 34 31 38 22 40 26 37 35 11 37 18 27 23 29 23 15 18 39 32 11 29 22 40 25 38 40 38 29 24 35 37 18 16 37 22 28 36 39 18 13 24 27 19 36 40 40 19 24 18 21 13 22 34 27 28 38 19 37 40 35 13 37 32 22 16 33 24 40 12 25 38 40 36 23 34 25 34 32 31 13 20 20 35 39 39 26 19 40 26 33 38 30 18 30 14 13 39 27 36 28 27 12 28 38 23 33 18 11 39 28 24 23 15 18
1 4 18 26 24 29 6 11 7 27 25 24 2 29 5 18 23 18 20 7 18 11 15 9 24 30 2 27 18 16 18 28 29 1 3 1 25 7 27 3 23 21 29 2 1 2 24 23 21 26 19 14 1 5 24 26 7 29 10 16 4 20 14 13 30 10 13 17 10 6 28 4 17 20 21 18 19 10 17 4 21 19 4 23 14 17 12 16 28 18 23 21 4 11 25 13 20 12 25 11 29 18 1 23 30 14 9 27 6 13 21 24 28 29 3 14 7 12 26 26 3 15 3 4 12 29 11 11 29 12 12 4 4 11 16 12 30 14 27 18 24 24 3 22 7 29 28 24 2 8 23 9 29 4 26 1 11 15 17 19 12 25 18 6 13 3 25 10 23 2 12 20 15 4 23 3 29 10 10 3 3 1 15 24 9 14 25 23 1 16 11 17 18 28 3 4 19 1 23 11 25 17 30 24 4 9 7 22 8 18 21 9 6 9 16 23 26 10 15 19 14 2 10 27 8 4 22 24 21 11 21 16 13 18 2 15 1 10 22 5 9 17 25 26 22 28 7 23 15 27 7 24 15 12 21 2 21 24 8 3 5 15 9 11 18 19 19 1 30 18 7 27 21 19 8 19 18 23 20 25 12 27 2 3 22 10 2 14 26 25 23 3 18 8 18 19 27 2 1 25 15 6 14 13 6 6 8 27 23 18 21 11 17 16 28 5 12 3 25 8 8 15 30 9 24 8 19 23 3 19 20 30 3 1 23 18 1 10 30 21 1 1 21 30 4 8 30 29 16 14 6 28 28 7 21 8 19 17 27 20 17 8 22 23 26 25 11 15 5 11 1 30 30 21 6 5 28 10 8 22 27 11 14 2 9 19 24 21 28 12 30 16 27 25 1 27 8 17 13 19 13 5 8 29 22 1 19 12 30 15 28 30 28 19 14 25 27 8 6 27 12 18 26 29 8 3 14 17 9 26 30 30 9 14 8 11 3 12 24 17 18 28 9 27 30 25 3 27 22 12 6 23 14 30 2 15 28 30 26 13 24 15 24 22 21 3 10 10 25 29 29 16 9 30 16 23 28 20 8 20 4 3 29 17 26 18 17 2 18 28 13 23 8 1 29 18 14 13 5 8
1 5 14
309 115 158 445 229 227 381 300 126 27 318 172 15 84
1 11 6
389 264 418 284 32 483
1 3 25
27 235 349 378 86 314 1 69 270 432 199 426 399 181 387 262 103 227 4 330 153 142 205 84 202
1 4 17
492 195 228 62 71 140 254 429 211 485 367 96 338 348 308 187 163
1 3 22
172 385 91 133 21 267 358 144 71 137 283 15 198 339 401 437 391 69 33 375 380 49
1 3 22
488 222 291 244 185 86 390 173 209 210 442 427 133 7 387 302 40 122 300 486 72 69
1 4 17
193 172 340 250 357 38 364 74 154 442 346 132 344 343 347 138 220
1 9 7
126 5 353 201 71 335 414
1 4 17
257 1 230 40 408 44 357 125 129 318 426 195 95 390 109 268 32
1 3 21
116 256 197 238 167 181 218 244 346 221 61 188 309 364 255 204 41 287 71 440 499
1 4 17
438 409 379 269 289 67 406 393 52 171 24 278 318 149 232 98 271
1 4 19
426 128 469 147 3 264 390 492 160 171 483 275 311 299 462 187 291 251 156
1 9 4
132 212 446 420
1 4 16
294 287 161 374 394 337 235 216 214 416 78 141 106 14 63 409
1 13 3
84 368 394
1 3 22
215 350 48 221 113 456 229 89 444 60 340 467 479 63 422 389 70 450 406 313 348 68
1 20 3
399 379 326
1 4 18
426 132 265 244 231 151 353 159 429 209 77 100 364 442 379 424 395 24
1 3 25
209 154 254 389 321 487 435 83 157 34 236 126 308 241 202 449 498 426 201 438 265 385 477 178 156
1 5 15
105 12 72 23 482 26 138 397 21 14 50 0 60 248 52
1 3 23
465 401 419 69 117 164 302 133 79 204 336 218 197 372 345 36 430 174 34 495 258 10 0
1 9 8
38 379 478 498 177 395 325 420
1 3 22
425 143 262 462 133 252 4 491 268 228 295 165 417 397 311 129 348 312 324 126 145 89
1 3 21
366 175 283 338 346 279 295 67 52 203 9 497 466 490 465 239 467 33 255 479 484
1 12 6
441 159 234 393 423 51
1 20 3
290 53 76
1 18 4
380 388 401 167
1 8 9
345 21 270 482 200 92 212 376 295
1 23 3
24 121 118
1 7 11
108 295 202 259 447 469 149 118 387 497 488
1 6 12
389 494 217 41 254 330 152 304 406 430 196 481
1 3 23
403 360 392 299 2 401 351 363 212 119 245 128 494 380 32 396 463 147 60 252 101 65 310
1 4 19
117 73 137 123 287 194 277 12 423 107 407 89 475 92 308 199 88 39 77
1 15 5
154 404 423 447 331
1 4 17
58 186 447 6 128 369 5 32 84 363 345 319 165 298 196 330 12
1 2 25
213 468 130 243 296 142 392 188 189 251 53 339 8 483 477 224 59 454 465 225 36 429 199 78 263
1 3 20
190 225 287 70 273 403 33 377 470 467 158 459 251 474 462 282 331 148 31 175
1 3 20
374 349 233 214 74 377 483 185 235 150 81 451 346 287 336 34 290 418 272 341
1 4 17
39 430 244 232 394 381 472 217 287 234 296 420 488 487 425 489 246
1 4 20
380 423 29 145 217 195 229 337 408 489 315 474 476 344 253 460 415 331 349 88
1 15 3
377 471 148
1 3 25
217 465 95 280 466 391 294 2 19 422 293 287 152 168 185 256 276 365 445 82 448 221 257 286 38
1 34 2
47 422
1 3 25
62 184 394 149 300 156 331 1 448 497 239 469 468 412 338 93 306 299 308 104 201 403 487 148 313
1 5 14
22 200 155 65 313 332 308 299 177 284 82 398 262 414
1 12 5
238 407 350 8 264
1 18 2
478 208
1 10 7
16 374 7 369 176 426 418
1 5 12
295 396 11 157 6 325 44 126 337 174 231 438
1 3 22
100 7 189 178 380 126 468 190 471 378 212 234 255 110 262 403 451 38 331 184 239 489
1 15 4
226 48 286 442
1 3 25
328 447 399 296 390 137 351 450 333 334 292 18 274 67 135 76 372 159 457 347 260 49 254 39 444
1 20 2
286 75
1 3 21
276 481 24 491 363 248 467 192 52 409 8 449 163 55 185 73 439 88 157 61 387
1 9 6
294 123 258 77 361 18
1 3 24
336 62 157 479 28 351 1 123 364 408 185 404 238 199 251 23 72 204 68 155 65 222 428 426
1 3 24
152 50 42 24 114 213 282 280 100 484 305 310 103 169 175 489 211 97 108 345 252 475 441 371
1 9 6
377 424 30 73 486 398
1 5 13
327 412 462 41 20 414 62 238 215 320 370 376 73
1 3 25
433 199 136 288 67 148 475 44 371 341 172 175 305 425 84 348 263 429 100 27 266 79 23 22 278
1 7 10
292 266 214 322 151 111 487 80 62 413
1 23 3
316 392 103
1 7 7
393 239 175 180 305 204 69
1 9 8
360 347 132 237 328 395 496 308
1 3 22
409 175 191 273 256 299 345 346 393 496 212 185 389 199 61 457 318 360 10 408 275 19
1 4 19
22 459 88 340 183 67 344 336 66 386 60 493 231 285 233 342 343 357 134
1 32 2
158 441
1 5 14
285 452 287 97 243 482 170 483 319 262 284 155 459 362
1 3 23
295 85 283 492 366 387 309 303 337 16 491 164 464 284 394 486 364 362 439 311 150 71 319
1 12 6
290 48 372 271 154 157
1 5 15
134 463 275 75 92 431 47 45 382 410 481 279 285 482 467
1 7 9
87 44 263 436 242 180 212 187 305
1 3 25
41 271 297 31 114 358 360 173 288 429 115 147 477 57 324 392 402 489 100 191 247 149 379 357 321
1 8 9
289 93 310 375 175 277 217 38 317
1 4 16
305 345 98 42 378 216 396 119 329 460 276 182 168 397 346 281
1 3 19
218 87 364 310 269 317 262 36 3 465 132 232 201 198 33 312 351 169 265
1 7 10
436 125 14 197 280 158 178 60 372 350
1 26 3
444 170 136
1 17 3
459 264 461
1 3 23
296 172 233 247 438 402 197 33 311 30 466 340 461 240 464 46 73 37 158 134 159 437 415
1 4 17
141 311 349 107 284 172 322 198 388 357 498 393 324 483 286 50 126
1 5 15
85 272 470 242 41 60 140 266 318 315 191 347 283 350 121
1 9 8
149 106 273 71 486 268 216 240
1 10 7
319 467 446 355 207 459 453
1 9 7
339 253 29 105 395 209 155
1 3 24
378 65 125 227 216 400 76 377 221 1 302 420 297 449 333 26 394 349 267 248 446 94 325 32
1 19 3
293 415 449
1 7 9
284 334 401 314 61 23 232 133 363
1 6 12
379 382 228 362 185 393 179 88 19 396 143 284
1 3 24
223 327 13 278 37 449 209 55 309 124 164 363 251 90 266 184 145 345 231 352 150 62 287 493
1 3 23
90 205 141 364 448 79 56 194 385 359 456 155 238 36 323 30 220 294 192 312 117 340 393
1 13 4
35 46 432 153
1 5 14
182 386 232 412 65 190 178 300 296 293 223 259 311 289
1 9 5
499 461 37 175 237
1 3 22
390 55 110 103 445 40 74 466 473 194 21 96 355 18 205 195 327 227 223 124 315 30
1 6 11
433 463 173 275 382 438 421 302 217 443 241
1 14 3
105 213 345
1 4 15
383 135 158 460 379 392 305 320 275 131 203 455 200 493 173
1 5 14
368 132 383 35 409 343 384 259 42 397 221 485 172 321
1 6 10
126 414 144 235 234 496 273 360 419 446
1 3 20
343 461 287 42 292 481 133 373 34 17 269 0 239 392 84 385 151 74 493 427
1 11 6
471 363 498 203 87 468
1 4 17
291 496 334 90 398 479 179 160 495 338 82 466 144 49 15 129 477
1 3 24
263 397 391 420 12 35 322 259 416 201 213 177 155 181 446 240 343 113 385 40 29 238 144 422
1 7 11
64 223 125 246 481 378 35 163 5 170 371
1 3 21
69 26 119 428 495 324 473 398 161 420 309 203 148 259 280 225 93 295 396 257 345
1 7 10
317 69 91 51 248 160 167 122 372 361
1 21 3
57 23 302
1 5 12
92 409 154 20 167 398 278 111 428 451 474 204
1 5 16
368 294 60 330 133 322 356 115 79 141 17 16 103 12 473 162
1 8 8
132 321 326 53 112 487 6 151
1 3 25
428 277 102 72 110 6 117 456 114 383 336 265 193 10 77 80 120 223 306 455 82 454 448 496 86
1 3 25
473 268 86 409 51 185 484 370 84 364 362 99 247 56 460 248 118 416 453 195 37 27 136 319 423
1 12 6
323 383 114 387 47 32
1 21 3
220 469 467
1 3 22
136 189 53 186 191 298 211 34 408 397 428 254 206 17 131 32 261 244 371 58 463 115
1 3 23
426 474 265 380 290 228 345 351 128 17 322 172 360 250 490 395 51 400 212 358 221 178 9
1 24 2
118 255
1 5 14
116 297 298 220 273 431 3 296 44 176 214 402 102 25
1 4 18
393 206 117 3 498 205 155 233 144 152 334 157 278 389 302 381 310 73
1 12 6
403 269 0 180 491 320
1 3 21
286 182 225 100 55 469 346 47 434 319 202 342 116 40 136 367 279 462 326 460 258
1 3 25
499 346 403 85 384 295 157 117 229 194 252 452 382 422 136 56 341 416 324 426 211 339 298 325 302
1 3 20
404 269 179 317 388 161 297 72 237 107 314 92 311 172 63 361 95 198 131 492
1 6 12
176 61 380 387 430 64 72 215 360 217 185 10
1 30 2
318 182
1 36 2
257 441
1 7 11
151 288 350 298 89 482 316 42 367 148 271
1 4 18
322 478 329 114 184 282 231 489 85 338 280 358 143 465 75 19 43 40
1 7 9
491 186 71 94 179 29 22 235 369
1 3 24
401 201 395 415 494 254 284 488 311 232 155 475 182 417 199 267 124 143 15 91 226 387 238 123
1 3 22
353 39 374 15 482 287 35 258 437 155 125 115 420 216 252 311 378 98 487 277 498 467
1 5 15
460 362 140 439 397 213 266 189 450 383 14 168 372 182 392
1 6 10
68 266 246 412 248 280 80 434 17 21
1 3 22
378 55 75 316 476 104 247 172 385 289 339 495 286 189 471 78 160 22 401 397 62 459
1 5 13
285 394 121 231 340 122 275 367 128 356 250 214 290
1 6 11
37 306 102 40 496 363 277 55 431 287 86
1 3 24
356 381 343 499 17 314 139 247 300 182 110 474 146 477 24 4 346 180 100 416 489 175 52 274
1 12 5
291 299 121 156 246
1 4 18
459 296 396 294 111 236 330 138 493 125 242 251 354 369 75 338 486 320
1 5 14
185 64 199 465 146 244 42 54 243 405 474 352 354 454
1 8 9
408 63 95 285 257 338 116 478 198
1 4 19
381 240 16 310 388 60 356 78 486 149 59 314 447 206 58 351 478 148 485
1 4 16
108 272 38 443 248 131 285 404 107 158 439 401 90 159 110 193
1 18 3
143 449 297
1 12 6
152 12 384 447 360 404
1 3 25
367 476 146 156 10 430 438 471 14 448 39 293 310 62 233 243 16 75 443 194 34 63 126 9 406
1 3 20
114 347 462 25 130 465 446 194 32 383 82 467 284 158 84 309 378 449 159 132
1 24 2
105 300
1 3 24
387 199 47 191 116 238 43 484 39 76 226 100 392 176 208 244 207 87 279 354 181 154 321 158
1 3 20
50 342 267 184 134 268 391 140 318 381 197 424 487 137 40 382 51 324 404 62
1 7 7
2 302 86 253 92 360 37
1 4 20
299 194 132 172 403 354 487 358 83 136 473 95 466 185 94 345 22 409 495 408
1 11 6
381 92 380 228 199 420
1 4 19
351 294 263 489 177 178 269 285 133 233 326 148 380 100 349 110 62 32 444
1 3 21
374 447 386 273 85 271 410 421 47 57 97 346 217 466 422 240 137 347 178 293 63
1 3 19
398 223 381 69 119 130 334 228 95 260 341 317 150 140 93 478 325 23 40
1 10 7
365 196 402 495 445 272 189
1 11 5
109 62 304 287 4
1 3 24
142 95 490 455 24 271 61 449 303 100 323 278 163 1 72 33 132 467 26 435 216 256 389 442
1 4 17
346 65 0 262 161 441 14 476 123 414 232 90 294 72 5 253 32
1 3 21
374 337 462 49 251 51 397 479 55 27 364 112 271 190 357 340 144 464 292 387 45
1 3 24
109 12 147 128 257 31 246 328 273 28 18 169 496 295 309 21 59 472 323 120 445 387 373 281
1 6 12
268 299 259 212 109 440 252 345 419 303 191 237
1 9 8
277 158 251 215 229 6 310 412
1 3 20
271 499 425 235 22 373 283 53 162 430 130 98 17 69 198 238 435 354 267 415
1 4 19
387 216 369 96 172 138 136 432 427 386 14 358 312 57 360 254 327 395 288
1 7 10
373 16 165 434 11 155 324 119 338 454
1 5 15
482 405 396 27 198 367 350 406 214 1 266 311 102 100 283
1 7 11
10 199 384 478 286 141 247 417 25 41 352
1 4 18
430 387 278 254 275 37 243 457 279 125 495 70 455 6 382 463 8 473
1 9 8
392 231 426 310 212 443 26 422
1 4 18
293 227 50 400 393 132 271 121 0 124 457 385 206 83 126 79 414 280
1 4 18
330 317 3 246 48 96 320 417 256 199 274 406 335 430 44 18 237 137
1 3 18
481 227 85 62 439 234 264 256 251 204 474 129 132 27 45 175 143 304
1 12 6
210 167 283 448 171 473
1 3 22
62 435 204 54 372 200 340 358 284 171 342 58 153 53 275 165 87 73 154 480 294 432
1 5 12
230 207 8 463 15 462 303 474 396 183 280 325
1 3 23
423 321 469 356 395 63 453 433 153 56 188 487 165 91 252 293 237 322 457 25 449 477 268
1 4 19
42 14 334 325 456 173 84 98 366 222 279 317 5 57 383 294 148 494 327
1 3 24
496 239 266 217 493 427 90 212 254 401 75 268 452 465 146 411 169 485 296 404 458 323 114 417
1 4 17
242 126 176 92 243 24 213 456 189 332 349 70 171 265 390 84 454
1 4 19
376 451 194 458 251 264 169 197 161 445 354 93 435 13 82 127 177 186 428
1 3 25
94 58 185 241 22 458 267 459 233 204 246 146 93 80 385 299 56 170 220 202 311 277 496 117 417
1 8 9
301 434 295 113 274 448 118 399 347
1 8 9
202 18 449 303 91 296 110 61 235
1 5 14
15 203 126 375 388 497 427 263 22 265 437 166 174 440
1 6 11
225 416 46 478 120 172 219 374 187 65 263
1 4 17
450 133 62 449 100 446 236 194 334 108 13 6 174 110 352 131 289
1 4 19
371 452 106 271 204 290 166 223 328 463 129 61 356 235 327 426 295 454 297
1 5 15
297 408 460 215 209 459 344 305 136 243 339 365 429 319 463
1 4 16
120 334 304 422 336 24 263 49 284 447 101 276 94 133 478 499
1 5 14
422 424 171 202 108 236 39 261 439 301 208 109 492 157
1 17 4
479 76 31 180
1 4 17
158 401 170 100 270 106 212 346 421 22 145 85 0 291 168 211 183
1 14 4
208 372 204 108
1 3 22
99 117 134 80 262 317 111 149 314 104 402 64 58 493 418 94 131 272 174 91 257 79
1 18 4
281 83 89 458
1 16 4
36 254 435 267
1 3 23
318 362 126 499 480 94 304 351 18 432 175 30 463 138 125 160 329 350 429 75 472 430 286
1 4 14
222 273 229 90 353 208 53 274 288 260 99 319 7 459
1 4 16
12 16 235 229 124 363 480 195 85 319 74 403 431 401 31 436
1 3 20
304 46 273 131 253 182 316 202 337 149 186 207 334 177 286 461 137 357 163 142
1 11 7
147 419 215 171 494 361 32
1 4 16
162 56 22 218 49 445 280 322 54 146 164 118 71 67 494 463
1 12 6
446 42 305 226 1 16
1 6 13
209 337 145 64 74 212 85 398 340 366 166 157 143
1 4 18
178 153 203 99 470 170 335 1 8 236 48 50 6 93 430 282 495 292
1 7 11
53 23 474 184 146 331 80 361 469 12 311
1 7 9
155 401 312 247 242 73 374 278 121
1 4 18
176 489 100 283 203 97 18 77 336 441 205 290 67 423 473 385 317 482
1 7 11
63 460 43 287 389 397 178 365 25 372 75
1 5 15
362 427 207 258 163 376 216 63 67 27 243 59 345 250 150
1 7 10
73 204 112 317 29 161 1 344 477 256
1 10 6
234 61 283 273 73 486
1 5 16
64 447 166 453 265 130 444 240 329 283 174 197 390 241 233 280
1 3 24
23 312 254 158 48 194 41 278 167 62 290 140 317 465 315 424 68 390 282 458 232 296 409 481
1 3 23
165 157 125 89 448 190 307 274 99 496 177 498 184 456 318 290 179 47 374 226 185 71 403
1 7 10
76 328 471 228 442 439 13 296 7 412
1 3 25
191 471 90 268 25 130 173 103 250 3 468 380 360 256 212 195 401 183 475 283 81 78 467 142 158
1 7 6
450 68 418 22 262 234
1 3 20
130 209 328 377 390 399 333 89 139 262 190 275 281 291 232 469 78 155 10 496
1 11 6
415 37 445 498 175 260
1 3 24
18 316 407 214 380 446 428 131 140 275 439 103 125 163 21 50 492 133 379 92 261 272 15 224
1 3 24
488 294 7 50 289 358 397 101 170 267 97 275 292 420 171 140 263 25 317 315 63 255 31 491
1 5 13
246 433 279 426 121 237 410 412 427 80 19 137 442
1 6 12
162 402 398 236 404 293 208 39 338 30 12 241
1 3 21
382 264 228 325 300 172 74 445 496 226 81 425 369 91 488 204 475 161 44 336 420
1 4 17
444 443 264 240 482 396 139 245 473 255 218 4 490 22 291 33 296
1 4 20
58 230 473 492 303 8 410 29 275 209 132 233 81 113 310 73 238 154 331 287
1 23 2
445 45
1 3 24
498 16 92 29 451 197 136 342 238 172 364 112 54 488 267 441 7 486 437 113 221 385 91 171
1 10 7
274 48 128 187 120 396 266
1 7 10
381 482 34 247 301 82 112 416 114 233
1 3 20
480 379 258 241 427 235 429 301 83 463 400 369 91 7 316 409 360 341 326 306
1 4 16
452 176 112 169 48 90 56 279 339 102 469 171 371 386 435 315
1 10 6
443 180 114 292 82 360
1 4 16
363 417 175 204 492 13 439 96 203 182 301 152 234 465 12 386
1 4 20
329 284 331 80 68 399 387 3 456 412 363 217 171 12 418 473 204 182 345 141
1 9 8
275 173 154 174 414 136 150 63
1 6 12
335 210 487 5 195 269 318 166 312 266 468 71
1 5 14
64 304 324 192 475 205 371 45 57 315 457 222 182 103
1 5 14
46 212 144 233 494 110 59 343 472 196 63 328 12 204
1 12 5
92 468 63 196 285
1 5 15
246 483 38 398 301 315 411 378 286 131 270 139 180 273 351
1 4 16
2 342 306 319 173 167 263 472 222 421 449 106 346 147 143 468
1 12 3
253 163 234
1 4 18
451 3 240 242 68 372 11 308 182 106 126 384 7 394 222 296 98 130
1 8 9
430 335 93 231 121 131 447 452 453
1 4 16
463 155 277 437 261 176 280 12 71 125 471 456 492 320 289 315
1 14 3
164 317 106
1 5 14
497 265 138 211 182 145 389 139 55 70 109 463 226 18
1 3 24
17 375 233 259 412 171 161 388 463 237 383 49 42 352 317 379 64 360 18 30 449 55 414 411
1 8 9
381 358 377 239 259 288 165 77 416
1 4 18
40 334 26 195 403 344 65 477 209 340 236 189 227 489 217 85 228 158
1 39 2
202 441
1 3 23
99 170 461 32 489 307 63 404 69 367 207 377 429 24 2 364 40 152 318 104 499 72 262
1 3 23
469 150 318 16 105 27 35 149 305 41 487 387 91 298 94 200 197 351 359 356 2 486 432
1 9 8
482 399 296 66 309 85 78 210
1 15 4
230 354 315 155
1 3 23
160 216 490 384 291 227 183 378 82 62 339 129 124 142 325 128 5 7 196 81 139 328 445
1 3 20
437 166 312 448 425 77 107 69 317 171 118 255 184 7 26 197 260 1 368 302
1 3 25
179 22 277 428 387 384 27 422 412 215 308 368 392 17 457 61 30 306 35 279 43 237 424 453 124
1 3 21
104 337 108 86 32 381 395 415 252 354 228 429 309 214 480 194 369 155 437 332 291
1 8 8
2 450 213 122 491 147 162 449
1 12 6
143 466 160 138 447 244
1 4 19
390 403 352 102 72 188 287 300 123 477 247 225 196 312 79 221 104 348 248
1 7 10
42 247 379 490 216 43 332 172 80 168
1 4 19
176 27 151 449 123 198 116 349 78 152 243 316 184 478 482 199 74 13 268
1 15 5
223 486 251 390 433
1 5 16
248 143 32 93 399 347 345 163 50 245 413 104 57 390 233 176
1 12 4
414 459 248 132
1 3 20
219 111 117 359 250 138 211 12 133 257 418 55 181 155 469 169 279 96 342 56
1 10 7
290 275 253 314 67 207 248
1 6 10
257 247 446 393 362 12 344 368 71 87
1 13 5
206 318 140 425 7
1 5 14
256 376 149 248 272 273 57 279 354 75 352 190 460 401
1 20 4
368 411 191 444
1 6 12
62 249 365 129 221 125 40 257 160 220 458 68
1 3 25
76 15 110 223 373 431 75 171 462 176 113 203 483 396 371 189 240 277 285 258 468 306 418 187 64
1 3 23
414 429 108 489 399 100 37 39 132 491 421 255 301 368 392 166 469 234 133 482 327 200 427
1 11 7
135 108 296 386 202 89 95
1 3 22
255 197 369 8 97 46 188 19 287 186 265 443 303 52 307 168 328 353 216 391 178 345
1 4 19
480 326 339 210 176 257 253 39 385 29 289 180 447 409 9 478 453 422 318
1 20 3
263 9 185
1 13 3
355 472 21
1 30 2
256 477
1 4 17
62 268 2 17 451 481 327 171 154 181 12 447 190 482 143 152 260
1 11 6
369 246 103 131 317 468
1 12 6
433 447 70 362 77 460
1 7 11
355 4 388 369 222 308 98 126 150 14 338
1 6 12
33 38 444 373 480 192 363 74 313 223 149 271
1 5 15
395 81 14 494 463 65 87 187 278 471 79 123 426 321 435
1 4 15
110 242 97 93 250 265 307 439 71 109 488 344 142 407 384
1 33 2
242 74
1 3 21
290 242 204 108 12 110 68 454 470 276 226 268 194 338 73 47 13 374 277 429 102
1 4 15
412 14 497 108 445 353 217 19 29 383 247 168 357 59 105
1 3 19
361 272 63 203 135 145 499 277 211 65 326 205 480 15 479 96 391 409 2
1 6 12
1 441 476 431 112 412 102 149 297 172 233 5
1 5 12
339 147 344 311 46 401 105 21 158 30 48 477
1 5 15
217 244 152 250 456 366 404 15 63 318 256 199 213 282 313
1 11 6
215 118 198 133 445 17
1 6 13
430 305 290 218 390 499 409 467 59 325 477 132 159
1 4 19
379 366 299 218 315 133 478 84 65 348 5 88 35 211 239 98 146 249 417
1 6 10
28 210 83 26 79 207 401 86 474 254
1 5 15
332 70 88 164 371 467 282 29 448 399 195 405 424 489 181
1 8 8
370 199 450 235 67 428 406 55
1 4 18
198 303 153 93 325 41 224 403 419 330 328 139 211 479 430 246 296 358
1 4 19
3 386 10 249 64 63 260 397 295 159 71 107 236 126 60 312 141 498 214
1 3 25
209 490 429 167 413 303 173 260 414 201 428 146 137 192 365 10 33 152 134 193 37 420 282 1 291
1 3 25
114 209 122 421 371 480 301 415 111 143 59 286 299 335 397 218 305 90 276 48 345 85 476 386 406
1 12 5
390 283 178 496 424
1 9 8
306 449 376 282 230 494 280 191
1 4 16
102 434 323 122 140 170 461 227 273 65 468 330 61 346 3 229
1 5 13
325 8 34 338 311 73 77 47 231 198 294 332 107
1 5 15
401 126 2 281 77 411 397 418 461 254 22 447 439 455 299
1 9 8
251 8 454 213 222 469 79 152
1 15 5
110 145 375 280 113
1 10 6
435 24 326 485 225 124
1 3 22
366 189 334 448 255 453 461 87 358 410 12 80 338 484 165 14 333 49 148 122 193 44
1 5 13
115 65 207 157 270 380 442 158 439 17 488 455 494
1 7 10
7 402 188 212 291 55 310 386 240 247
1 4 16
154 397 216 311 263 321 480 123 475 348 237 270 66 392 36 139
1 29 2
356 18
1 17 2
93 179
1 9 8
423 197 230 329 94 90 86 207
1 8 9
244 78 458 270 5 451 279 42 386
1 4 19
325 348 280 272 419 273 328 457 184 451 66 423 394 326 490 366 204 362 50
1 6 13
20 245 301 359 162 136 450 423 3 74 223 119 354
1 4 16
36 189 173 71 374 413 260 348 336 418 479 434 427 286 79 81
1 8 8
110 256 316 456 483 191 201 463
1 7 11
309 307 37 44 201 19 154 293 151 430 221
1 6 12
359 308 232 106 384 436 490 377 272 119 458 193
1 23 2
320 75
1 8 9
227 50 3 386 296 175 248 94 266
1 4 18
213 152 139 196 74 335 0 127 495 23 150 413 18 496 56 136 197 273
1 4 18
16 287 95 175 210 8 456 485 288 163 359 416 341 100 384 414 276 218
1 3 20
465 112 105 59 376 482 251 425 29 4 445 440 213 477 131 171 489 463 389 244
1 9 5
124 349 493 498 102
1 8 8
175 354 92 475 279 328 409 344
1 15 2
384 35
1 3 21
165 295 197 7 83 382 285 433 217 38 387 108 435 229 457 45 255 91 241 479 129
1 5 14
162 283 366 27 343 229 254 199 169 244 428 239 87 234
1 4 18
35 4 98 102 475 8 16 155 136 219 333 148 9 32 440 20 25 247
1 4 16
91 197 10 370 293 416 238 230 59 398 193 414 242 93 29 56
1 16 5
322 268 261 349 486
1 3 24
0 268 69 217 71 468 5 196 185 459 372 227 367 241 260 453 245 110 440 84 322 88 283 428
1 3 25
96 324 264 335 19 74 402 234 487 91 35 458 288 355 128 430 322 34 387 30 245 474 103 388 414
1 4 17
372 415 250 150 445 174 78 332 308 188 419 448 46 192 154 158 69
1 10 7
212 187 122 277 426 299 422
1 4 18
305 42 302 61 309 456 59 299 60 161 209 333 370 379 34 167 73 269
1 3 23
48 485 128 106 498 287 222 238 393 44 492 323 19 301 284 158 467 79 348 363 17 190 458
1 3 23
51 25 130 392 341 325 336 386 311 205 437 197 79 166 346 244 24 13 497 323 279 289 267
1 4 19
59 427 184 408 33 126 197 394 37 342 198 175 374 195 341 372 47 343 395
1 5 13
188 189 300 475 88 213 360 445 165 38 187 164 237
1 5 12
226 106 445 359 325 400 191 278 221 177 460 150
1 3 24
424 186 110 346 351 402 238 455 369 405 11 412 450 88 82 398 335 1 43 229 439 278 193 320
1 5 15
438 8 119 431 62 77 7 362 75 494 351 436 284 182 181
1 5 15
470 404 166 493 191 286 431 343 250 67 344 472 323 442 386
1 4 18
449 421 432 337 431 372 333 481 294 332 423 358 47 273 44 21 438 90
1 11 6
107 251 229 206 335 356
1 11 6
260 493 295 443 217 439
1 4 17
332 253 39 25 305 11 186 43 271 285 50 357 400 107 98 55 388
1 3 24
442 432 387 129 204 383 219 64 359 492 150 73 121 390 116 231 471 148 486 330 348 147 344 67
1 13 5
90 375 348 389 244
1 19 2
405 360
1 19 4
337 193 161 470
1 3 24
234 120 242 384 98 326 157 65 459 84 333 164 306 246 304 417 76 281 442 314 103 85 482 325
1 3 21
68 238 4 406 119 19 456 273 418 337 341 14 150 199 209 130 51 232 493 84 474
1 3 24
258 169 390 57 368 123 463 91 48 150 437 281 473 244 478 393 313 193 476 300 68 89 204 445
1 6 13
131 309 75 494 298 311 222 1 118 16 68 268 44
1 3 22
25 401 11 427 468 207 321 92 159 40 294 423 319 248 467 96 152 209 384 163 239 203
1 4 16
241 227 276 479 78 103 286 441 262 389 284 217 5 487 402 89
1 3 21
449 295 243 377 292 150 13 303 333 197 100 207 129 324 120 57 352 456 118 187 23
1 10 6
417 422 34 217 292 353
1 4 18
162 318 64 291 460 140 282 327 414 194 443 154 80 453 395 457 268 441
1 5 13
447 260 335 206 427 23 102 60 256 455 227 341 342
1 7 11
146 485 210 15 0 237 275 473 421 98 54
1 3 23
434 43 53 471 162 112 419 181 118 200 96 207 426 260 485 38 213 352 433 408 334 152 418
1 20 3
69 187 101
1 6 12
360 246 11 168 292 37 338 343 406 430 75 56
1 24 3
40 329 469
1 12 5
278 230 428 384 151
1 3 20
336 342 470 422 152 434 237 439 135 163 8 150 414 373 383 468 43 366 172 349
1 8 8
81 55 211 184 355 65 350 186
1 9 7
162 356 378 326 257 142 490
1 6 12
40 134 168 202 290 114 408 493 116 169 129 429
1 15 4
335 437 132 150
1 3 23
117 469 45 24 302 274 277 261 461 20 279 258 376 294 495 98 140 91 216 433 217 215 85
1 3 25
334 255 147 380 88 34 320 44 230 234 69 229 474 493 392 150 414 61 326 5 214 440 208 144 339
1 4 17
70 121 280 149 148 177 342 62 195 460 269 468 161 393 101 396 46
1 3 20
381 347 234 2 94 131 218 299 498 325 297 23 480 240 196 359 253 365 210 41
1 4 20
430 358 285 64 451 60 343 202 194 412 490 227 403 127 37 125 50 463 222 19
1 7 10
497 462 29 297 196 346 89 320 145 46
1 5 15
346 183 233 34 28 447 26 289 293 43 311 30 0 436 340
1 12 6
468 99 376 324 435 167
1 6 9
309 17 231 304 350 363 160 383 461
1 4 17
41 329 466 241 357 289 416 172 167 141 84 40 425 321 204 105 29
1 29 2
103 235
1 9 7
351 349 231 383 341 256 153
1 4 14
114 173 160 459 277 442 478 291 55 405 185 409 91 253
1 4 16
221 276 486 78 245 73 465 242 415 159 136 133 147 35 438 181
1 22 3
230 385 415
1 3 24
69 495 180 116 0 41 411 438 264 170 24 336 158 59 397 194 222 148 81 484 62 369 463 292
1 13 4
117 256 336 14
1 4 15
159 102 210 434 169 110 50 221 91 415 94 289 162 122 468
1 11 6
440 36 16 270 91 422
1 3 21
459 242 375 430 78 219 402 139 47 421 394 12 285 340 389 379 406 392 91 2 38
1 6 11
240 232 74 256 328 289 37 473 295 337 250
1 3 22
282 42 204 458 466 45 217 338 391 190 357 404 298 307 371 274 284 184 257 186 367 200
1 11 6
327 464 148 47 308 406
1 3 24
267 175 317 299 140 92 284 374 134 240 260 493 388 156 53 304 198 296 99 308 357 202 456 10
1 3 20
51 35 389 497 308 319 495 73 297 451 118 421 470 20 404 175 309 434 496 8
1 6 12
7 116 59 185 380 333 291 148 70 484 269 10
1 13 6
397 231 473 71 252 343
1 3 22
306 363 433 132 265 67 458 307 465 103 324 163 5 148 492 10 189 474 75 378 2 442
1 3 23
270 103 156 459 177 189 278 208 227 369 477 70 136 483 40 168 289 141 19 188 329 448 13
1 12 3
262 355 498
1 7 10
350 33 119 458 218 190 296 346 324 351
1 4 19
49 434 70 64 208 325 307 31 3 132 433 409 18 165 384 78 27 362 21
1 4 18
297 445 428 268 317 162 355 225 123 361 231 332 480 8 149 117 274 52
1 6 11
111 379 470 255 23 120 256 356 188 375 288
1 4 17
385 454 56 453 472 432 263 60 430 135 180 342 333 222 368 349 198
1 3 24
2 165 9 168 399 50 196 73 489 62 274 43 10 63 53 454 74 317 15 298 347 314 337 103
1 6 12
93 438 374 455 354 104 95 248 396 246 419 286
1 3 22
221 362 328 294 113 424 423 175 303 459 346 84 280 316 118 443 44 12 60 447 404 441
1 9 7
363 182 487 208 449 341 458
1 4 18
344 185 186 64 109 164 485 332 45 400 259 363 445 497 312 10 224 151
1 34 2
318 198
1 5 12
76 416 435 424 425 18 239 404 96 17 254 269
1 3 23
188 330 138 297 11 123 294 450 215 44 13 420 441 100 226 320 458 386 449 336 202 439 144
1 5 13
123 341 404 415 391 470 232 38 226 410 134 356 433
1 3 24
144 446 71 444 341 159 347 385 285 243 103 400 493 437 83 419 223 345 46 116 458 32 441 361
1 17 4
352 6 373 499
1 4 17
107 326 106 454 405 179 139 214 152 79 280 37 308 459 348 313 233
1 3 25
45 56 132 82 119 379 486 96 335 202 303 451 152 70 211 28 224 348 76 397 480 238 173 431 2
1 15 3
353 335 26
1 5 14
220 269 448 162 245 305 44 436 95 136 478 252 477 381
1 4 16
7 400 26 359 460 413 95 497 326 447 458 364 164 322 345 327
1 5 14
459 335 11 438 330 61 474 281 58 142 225 140 187 367
1 4 17
317 451 466 482 274 74 31 21 419 327 400 392 472 19 36 139 136
1 4 18
49 126 188 172 150 371 401 470 323 382 455 386 441 215 100 260 41 86
1 4 18
343 10 411 145 85 366 305 65 359 69 186 401 221 2 371 74 78 338
1 12 6
13 474 306 436 308 262
1 3 22
302 106 402 238 271 12 323 417 440 295 208 52 35 495 325 145 330 315 434 129 303 363
1 4 17
493 242 140 476 382 204 318 241 232 116 407 341 239 118 436 430 108
1 9 8
458 273 104 446 361 382 464 484
1 3 20
252 184 467 45 407 333 129 258 335 326 183 142 77 487 339 21 389 51 162 395
1 4 19
79 284 403 463 84 16 377 233 6 57 125 110 482 109 88 175 294 76 226
1 11 4
336 436 297 54
1 6 12
282 422 394 132 424 164 140 137 420 41 193 328
1 7 11
104 45 275 132 215 339 84 279 60 25 256
1 18 4
307 407 380 476
1 8 9
147 180 235 300 453 100 290 356 208
1 4 15
255 260 497 105 85 384 437 413 256 311 13 466 276 438 400
1 3 20
329 424 364 474 3 83 367 29 166 104 207 152 134 384 278 290 149 212 86 167
1 5 14
422 482 455 166 45 99 339 174 77 423 233 139 69 494
1 6 12
423 471 79 119 286 280 406 36 371 157 421 91
1 7 10
77 40 464 208 372 39 308 154 330 194
1 27 2
118 428
1 9 8
478 55 307 67 46 295 342 373
1 3 23
295 171 197 195 335 434 336 73 18 267 107 90 441 411 150 402 214 32 14 487 423 43 67
1 3 19
180 102 41 197 491 87 183 313 483 68 402 498 185 206 428 365 241 55 379
1 4 16
94 245 49 275 424 254 139 462 198 444 38 110 303 242 310 300
1 6 11
381 167 48 321 58 409 427 168 410 295 296
1 7 9
246 258 60 243 294 116 153 265 11
1 4 17
361 455 159 215 252 1 407 245 439 306 402 474 154 70 299 441 161
1 4 19
290 34 84 33 143 179 75 145 454 342 452 221 262 476 49 166 487 345 439
1 4 16
475 270 249 35 375 215 62 75 203 113 161 419 450 243 116 345
1 6 11
318 52 487 451 184 174 324 398 413 433 343
1 6 13
95 418 249 13 230 322 46 297 8 175 62 328 237
1 6 13
160 238 58 21 417 233 42 369 403 461 179 97 346
1 4 18
265 442 224 190 380 344 209 479 382 86 458 216 390 476 113 313 114 149
1 6 12
258 171 183 367 219 229 147 242 454 134 249 168
1 4 17
167 57 85 69 313 410 286 265 309 193 180 113 287 49 262 427 311
1 9 8
308 10 481 424 447 125 116 124
1 15 4
495 334 252 126
1 4 18
140 120 229 458 181 93 247 166 98 345 177 298 422 244 375 7 38 381
1 10 7
57 90 399 249 40 67 483
1 13 6
431 48 245 454 460 57
1 4 17
37 2 109 308 167 1 387 289 199 407 145 297 497 157 322 334 464
1 10 7
168 57 237 213 303 394 137
1 4 18
387 22 422 118 43 35 81 97 429 230 26 332 170 397 189 195 193 481
1 3 21
400 210 434 265 308 409 419 293 464 255 209 204 150 72 26 479 180 362 365 460 73
1 11 6
78 75 116 202 8 162
1 4 17
453 409 132 172 67 165 389 203 264 271 49 354 376 466 370 326 251
1 4 16
421 441 62 51 35 145 162 7 401 484 209 239 304 448 103 481
1 5 14
233 223 322 259 491 248 321 486 256 336 409 193 60 251
1 14 5
295 321 277 494 409
1 25 2
140 163
1 3 24
10 215 68 347 440 454 199 304 148 401 462 37 36 377 78 142 20 111 444 255 160 317 281 133
1 3 22
34 378 232 496 390 305 421 68 498 396 299 177 238 173 357 76 96 201 94 391 119 296
1 4 16
496 317 311 351 176 449 321 262 312 424 290 453 123 94 75 82
1 4 16
289 395 454 373 115 111 258 328 361 447 186 100 20 120 151 406
1 3 21
33 187 219 320 289 176 466 460 417 31 84 267 270 265 40 203 383 344 197 239 55
1 5 14
38 31 402 362 397 75 471 279 90 478 456 293 210 65
1 13 4
421 467 483 391
1 6 12
362 207 486 413 424 458 169 292 256 146 349 338
1 18 4
390 363 462 330
1 5 14
84 365 473 72 162 462 483 156 330 423 184 264 197 480
1 4 19
382 288 86 205 50 314 386 445 124 407 266 68 325 447 65 236 482 229 7
1 3 21
17 29 421 445 325 469 138 461 275 280 411 83 223 420 267 209 4 361 386 439 388
1 7 10
464 111 162 134 243 230 21 1 306 405
1 3 21
467 240 230 331 439 267 202 162 187 427 159 404 220 246 372 95 200 326 369 346 13
1 5 13
456 50 116 126 334 289 70 83 477 478 111 466 2
1 3 19
147 204 45 28 354 337 375 327 432 364 143 251 366 306 114 111 70 180 224
1 3 23
178 345 260 422 209 347 243 26 468 235 496 88 394 42 480 125 396 369 453 475 281 137 123
1 5 14
347 110 439 172 410 259 303 70 164 339 361 408 192 237
1 5 13
249 434 72 496 384 486 37 431 110 478 134 149 329
1 9 7
437 427 292 144 498 178 419
1 3 23
347 275 443 407 285 413 338 386 48 402 63 130 363 9 281 117 286 228 188 40 453 124 110
1 9 7
232 194 341 162 65 301 371
1 5 15
157 353 314 368 342 478 192 158 482 5 20 190 407 72 49
1 5 14
59 357 431 480 489 446 100 85 45 93 337 166 241 265
1 7 10
5 138 17 85 233 283 137 26 101 416
1 9 7
316 37 254 370 435 244 59
1 4 19
395 400 173 315 433 197 18 447 382 199 166 388 480 289 83 390 98 185 125
1 6 11
361 459 301 84 147 165 495 191 403 289 99
1 4 17
31 124 484 111 210 305 151 349 164 302 56 108 390 424 443 61 270
1 7 10
203 6 15 426 475 368 447 380 294 8
1 3 20
111 353 17 325 431 307 468 228 330 129 274 92 99 403 299 282 39 215 428 349
1 24 3
423 461 468
1 24 3
302 458 476
1 16 2
239 246
1 4 15
151 65 56 377 197 63 370 221 477 38 24 326 367 265 234
1 4 16
62 351 274 255 484 149 390 436 439 18 170 393 448 293 229 142
1 4 17
261 294 79 425 37 295 383 426 165 211 374 180 89 353 233 443 453
1 4 15
394 65 205 159 256 389 335 246 360 217 53 419 80 133 259
1 4 19
256 373 483 286 115 139 220 83 361 388 101 22 422 183 352 499 239 131 8
1 25 2
297 113
1 4 16
102 429 377 470 137 16 290 293 408 388 391 347 285 95 120 253
1 3 22
311 301 492 411 33 187 309 454 314 387 403 194 176 321 442 274 146 297 474 190 389 482
1 7 8
369 396 154 239 250 149 78 12
1 3 25
30 486 487 145 452 429 9 187 21 289 46 246 119 364 339 384 434 142 100 13 154 428 0 157 340
1 19 4
52 131 5 296
1 4 16
77 447 459 451 151 357 224 449 275 95 306 371 256 225 247 315
1 4 18
156 53 65 130 365 456 344 231 126 161 235 199 28 72 407 419 240 37
1 19 4
331 456 88 279
1 3 23
183 241 344 390 80 94 445 414 106 315 149 245 421 472 137 422 350 146 499 199 264 123 142
1 3 23
293 342 239 162 359 6 337 474 319 60 320 471 291 231 258 181 154 37 70 427 353 65 485
1 7 10
116 0 392 99 300 253 80 365 170 454
1 25 3
338 237 296
1 19 4
457 40 385 113
1 4 19
266 41 424 13 247 239 310 188 181 459 367 446 408 84 341 261 390 240 432
1 6 11
16 108 340 256 22 123 320 250 427 234 242
1 3 22
22 149 67 373 263 173 220 46 360 2 415 17 101 392 426 158 427 358 289 29 175 253
1 9 8
160 304 105 201 14 141 474 100
1 5 14
307 75 34 474 260 318 418 220 187 407 338 370 252 148
1 4 15
491 122 214 385 238 188 234 227 179 258 397 375 474 294 177
1 4 18
398 464 124 100 296 253 125 485 410 457 408 452 391 50 138 160 454 237
1 3 23
401 365 12 92 250 268 325 159 180 71 17 55 442 448 24 164 279 82 387 405 172 409 102
1 13 6
268 73 476 269 289 458
1 5 13
143 43 88 394 490 332 211 279 248 317 418 335 330
1 9 8
6 469 49 468 85 377 296 110
1 22 3
20 173 408
1 17 4
278 104 221 206
1 9 8
277 170 387 371 271 89 426 362
1 8 9
194 343 184 431 319 168 279 53 9
1 3 24
398 117 157 237 377 31 381 286 196 213 193 171 178 215 46 228 15 64 345 88 124 34 277 143
1 5 15
257 271 82 120 414 77 295 2 66 59 410 36 366 422 34
1 8 9
381 102 6 200 347 75 370 140 39
1 7 10
488 291 146 305 445 392 430 119 363 98
1 4 19
488 258 257 253 127 241 323 140 227 291 156 439 231 403 195 41 44 481 388
1 39 2
423 457
1 4 20
91 77 97 262 143 250 390 44 237 449 147 479 357 350 462 281 255 331 351 120
1 11 7
27 473 35 237 348 373 418
1 4 16
419 491 15 301 169 492 463 182 74 132 128 318 393 104 102 312
1 6 12
252 70 427 339 491 64 208 431 179 353 494 138
1 3 23
201 153 290 167 210 468 472 206 13 353 358 327 288 87 26 326 222 323 249 4 369 242 363
1 4 16
310 414 111 195 71 222 325 412 33 299 183 230 484 160 27 11
1 23 2
172 437
1 30 2
372 311
1 4 20
88 165 286 296 164 284 390 406 113 196 27 309 202 408 317 231 124 149 404 424
1 6 12
204 364 214 65 48 282 128 412 250 2 281 100
1 3 21
129 385 246 82 101 316 364 439 423 262 31 28 196 86 313 7 174 227 432 441 234
1 5 14
470 457 107 313 154 299 211 29 389 198 192 463 409 380
1 4 17
111 490 165 293 426 317 439 166 135 29 431 242 319 60 58 446 55
1 4 19
161 448 367 55 316 353 90 162 484 112 125 77 190 31 490 472 218 145 210
1 6 11
4 403 73 319 416 364 196 369 265 119 348
1 4 16
56 13 41 162 37 319 386 115 302 220 440 93 120 123 223 152
1 4 17
273 472 488 373 286 217 244 230 117 101 21 447 93 460 350 423 128
1 4 16
400 109 316 439 260 453 115 485 370 421 60 57 81 380 349 366
1 5 13
481 476 138 248 36 296 76 318 15 436 238 91 261
1 3 22
161 199 137 50 122 143 376 111 86 186 233 370 248 92 54 133 52 136 431 247 24 219
1 3 23
58 107 124 154 268 342 200 465 338 74 3 300 137 303 384 272 418 172 293 90 21 96 121
1 18 4
289 250 481 470
1 13 3
282 189 225
1 6 12
375 395 49 366 14 259 87 228 351 10 419 308
1 3 24
397 128 135 114 265 9 395 454 106 276 293 307 300 63 12 192 238 450 80 112 23 229 326 308
1 12 6
197 40 284 37 104 407
1 20 3
496 475 101
1 20 2
407 417
1 6 12
102 265 276 352 68 185 248 132 393 339 414 224
1 18 4
333 152 243 272
1 29 2
128 167
1 9 8
88 47 446 120 152 127 443 253
1 5 14
207 97 119 152 134 389 402 5 408 339 357 155 374 249
1 6 11
45 154 261 402 71 72 431 266 301 41 294
1 6 11
90 199 200 489 475 135 412 185 31 247 458
1 13 5
43 466 11 83 78
1 3 22
249 67 119 194 318 335 149 308 483 256 214 284 100 268 394 331 13 224 250 17 177 462
1 4 17
88 1 87 439 444 425 194 51 457 142 374 286 49 186 359 284 43
1 5 14
49 499 267 365 79 143 308 256 495 372 107 432 224 75
1 3 21
339 13 440 134 385 393 377 417 35 277 171 278 189 57 40 345 333 247 400 368 56
1 4 19
126 407 260 195 308 275 351 485 74 282 454 97 423 377 382 247 64 164 365
1 4 19
347 447 478 141 375 110 489 443 79 471 31 328 291 260 115 177 252 5 77
1 3 25
422 462 25 441 239 291 380 481 289 329 76 342 282 263 392 350 24 3 64 469 357 65 468 449 424
1 8 10
387 405 473 484 121 71 67 468 64 275
1 14 5
97 133 24 77 470
1 7 10
419 375 185 274 106 34 286 247 74 431
1 3 24
334 435 379 401 256 295 32 453 461 103 264 352 85 451 114 190 384 345 410 390 315 73 444 464
1 17 4
398 161 285 257
1 3 25
208 142 324 56 121 181 256 305 482 371 331 160 310 481 316 319 171 396 24 417 443 25 83 214 159
1 3 24
356 148 54 90 124 32 226 138 467 469 3 28 386 78 276 278 72 177 168 95 257 264 212 83
1 9 8
402 223 139 338 305 170 236 351
1 9 6
282 424 462 84 285 175
1 4 18
247 209 212 7 326 291 41 307 44 38 373 365 162 483 28 214 374 181
1 5 15
342 166 415 42 354 87 329 38 430 32 374 115 288 282 400
1 23 2
179 111
1 9 8
449 100 32 452 267 19 237 356
1 8 9
300 342 174 396 143 152 274 474 109
1 20 3
54 2 349
1 4 18
129 197 95 482 135 126 180 340 166 121 264 276 249 152 242 348 370 373
1 4 19
429 99 141 268 119 7 157 345 336 287 172 418 27 368 483 183 481 306 55
1 3 21
314 217 313 497 452 376 468 160 377 306 410 252 338 176 31 485 177 228 421 106 398
1 3 22
197 128 360 21 290 433 171 392 6 95 90 10 154 111 17 422 440 132 362 348 414 449
1 3 23
488 126 448 115 361 156 141 210 82 108 453 77 421 28 139 476 9 81 348 222 458 123 72
1 3 22
264 424 266 25 217 441 175 136 370 41 13 66 32 33 297 119 40 134 195 29 305 117
1 23 3
379 452 176
1 4 19
54 151 131 101 176 6 301 399 31 213 260 146 23 174 164 252 360 485 456
1 5 15
472 373 318 161 334 448 214 421 397 181 440 294 388 298 476
1 5 15
54 385 135 247 30 260 493 158 79 203 18 338 290 495 422
1 5 13
377 278 291 273 494 216 189 340 447 197 83 466 255
1 15 5
412 195 22 29 107
1 11 6
171 468 254 56 28 122
1 3 22
116 355 446 187 190 22 53 476 274 273 111 479 254 7 325 412 409 212 487 464 304 462
1 4 17
212 204 13 43 412 235 361 285 466 299 401 483 176 145 451 495 160
1 5 14
126 153 323 48 22 149 110 339 325 419 54 237 452 4
1 9 8
42 110 45 360 294 430 436 415
1 7 10
415 363 11 163 102 83 183 279 330 231
1 3 21
460 173 68 482 63 466 67 241 388 461 316 215 380 452 165 221 263 341 378 457 267
1 3 23
257 201 164 103 312 134 288 55 378 302 386 455 120 217 473 417 142 87 56 262 466 298 66
1 4 19
145 33 445 180 148 20 192 266 341 403 131 412 110 440 323 45 428 26 239
1 7 10
432 98 93 78 63 461 484 29 309 350
1 3 22
129 39 367 315 275 430 55 286 89 116 135 341 145 259 112 371 82 214 489 280 380 362
1 6 11
156 86 269 464 254 322 487 94 436 450 406
1 6 12
348 37 454 230 252 362 176 328 419 401 263 30
1 3 22
371 225 400 312 84 212 59 462 226 150 430 163 291 40 67 323 427 44 81 253 174 469
1 15 5
403 441 37 11 272
1 7 11
227 314 311 304 322 496 270 65 48 354 326
1 5 15
355 192 62 354 45 395 5 122 315 392 288 201 21 477 491
1 4 20
5 55 281 472 266 451 398 82 113 485 362 408 444 465 131 405 72 57 53 169
1 3 22
376 31 169 498 178 497 271 8 482 210 382 393 81 183 365 141 282 275 165 129 318 107
1 5 15
232 350 158 336 183 363 119 219 348 168 388 380 280 282 189
1 3 24
370 255 249 344 34 143 319 494 285 317 339 359 109 306 83 76 248 172 5 444 489 363 131 454
1 3 22
17 330 99 51 54 234 495 272 312 327 332 400 414 32 277 133 447 488 180 227 236 169
1 3 19
427 262 454 26 275 208 40 153 426 371 355 350 336 168 418 56 126 318 225
1 17 3
260 249 43
1 3 21
63 3 133 126 328 242 123 403 407 360 103 452 214 464 409 265 366 280 230 235 182
1 13 5
41 115 38 233 258
1 3 22
380 212 118 107 135 341 3 469 310 92 467 94 272 106 187 498 28 205 237 178 152 361
1 5 15
465 394 168 68 346 284 388 205 178 459 106 264 71 277 87
1 33 2
30 31
1 4 18
23 308 373 429 254 245 322 352 67 472 372 495 274 292 158 386 147 325
1 4 19
300 469 172 494 355 277 124 145 407 181 113 71 272 232 293 276 6 498 392
1 7 11
67 271 184 431 383 36 18 357 157 165 195
1 7 10
373 492 231 354 165 422 468 309 477 147
1 7 10
154 280 312 273 72 132 423 282 387 106
1 23 2
397 177
1 3 24
428 69 382 0 498 119 23 340 252 52 460 494 177 480 67 300 348 421 483 479 51 301 306 261
1 3 20
5 496 272 24 474 373 462 248 414 330 430 100 380 229 435 263 145 277 321 266
1 9 7
295 237 211 227 329 232 260
1 4 15
275 222 344 168 488 20 131 455 443 240 194 53 389 462 342
1 3 20
100 72 349 398 255 283 332 375 124 359 235 35 253 113 211 378 244 393 84 93
1 6 12
38 216 266 122 392 10 263 441 237 91 218 427
1 10 7
138 102 106 218 481 98 214
1 5 14
251 149 294 31 413 388 361 135 1 12 425 401 483 325
1 6 11
305 381 487 302 276 290 190 258 223 350 492
1 4 18
242 497 155 396 351 147 458 80 343 279 41 145 49 162 185 157 401 30
1 4 17
24 305 9 219 131 280 368 309 444 236 38 71 385 279 183 72 29
1 3 25
202 187 469 378 337 313 267 442 131 218 345 137 21 24 370 406 94 39 255 416 84 496 30 99 140
1 3 22
373 490 403 388 5 278 303 58 408 54 123 45 444 317 139 100 16 498 148 29 335 226
1 4 18
434 206 422 88 471 496 489 219 108 92 399 331 447 44 437 257 217 340
1 5 13
356 25 393 173 483 91 71 220 474 50 10 404 427
1 4 17
276 391 117 414 142 335 243 267 132 114 367 46 328 397 179 407 364
1 7 10
297 132 358 477 55 66 397 8 86 158
1 6 13
102 74 227 269 236 166 367 462 346 47 451 137 125
1 3 21
409 236 393 373 128 430 360 43 477 179 372 4 3 366 242 144 435 386 392 343 369
1 3 24
49 281 323 414 376 404 442 74 130 167 48 329 342 395 86 460 133 116 243 371 42 467 287 117
1 6 11
292 304 223 498 193 205 96 209 463 222 305
1 4 18
115 470 332 132 377 495 482 454 197 389 173 297 165 257 31 85 261 366
1 3 24
277 440 273 82 118 244 201 446 452 9 29 2 205 238 249 193 3 126 24 58 309 107 480 427
1 7 10
210 144 143 16 270 13 484 216 26 151
1 5 14
329 253 155 432 43 10 330 14 277 21 249 11 123 391
1 5 14
445 137 369 174 222 392 288 334 358 54 426 84 479 325
1 3 20
106 195 459 329 216 358 397 487 190 166 466 200 412 464 107 333 379 374 74 488
1 4 19
383 330 480 494 51 125 278 379 208 209 190 389 127 207 139 358 166 262 311
1 9 5
309 178 383 263 7
1 19 3
87 424 143
1 18 4
307 364 102 151
1 17 4
263 310 214 395
1 3 21
106 174 282 319 283 23 173 251 60 478 461 387 79 356 401 94 474 131 183 272 122
1 7 9
195 477 252 329 158 458 302 114 397
1 3 22
394 390 335 40 218 138 47 347 340 245 361 272 13 451 244 172 109 453 399 328 405 27
1 3 21
243 26 76 188 1 143 110 144 377 293 245 36 251 193 465 468 48 209 98 125 253
1 12 5
134 265 303 214 11
1 4 18
126 66 22 399 434 430 93 483 358 333 19 366 294 275 457 282 237 435
1 5 13
409 248 286 494 22 439 307 450 45 354 137 380 129
1 9 8
13 189 206 74 129 244 411 460
1 5 14
455 458 357 182 198 326 492 9 76 167 99 441 406 63
1 5 15
38 465 75 288 157 448 354 378 186 317 440 431 464 374 162
1 9 8
421 446 171 306 412 147 492 64
1 4 18
350 214 489 201 169 15 13 347 3 160 268 247 178 482 68 217 335 499
1 9 8
262 423 70 298 487 191 498 414
1 8 9
460 155 43 472 237 29 125 77 327
1 6 12
140 203 315 408 129 101 191 486 224 334 11 61
1 13 5
29 219 412 361 225
1 3 21
219 25 53 303 215 180 261 30 495 312 58 339 285 288 371 203 20 17 27 284 455
1 4 18
205 240 430 239 67 125 115 381 428 298 81 346 442 391 452 414 289 3
1 3 23
94 472 444 103 451 316 14 395 61 138 243 162 355 263 190 436 373 15 7 498 302 266 278
1 8 8
99 292 265 40 497 425 80 326
1 6 12
118 281 47 242 46 414 392 354 184 493 356 45
1 11 4
51 459 420 481
1 7 10
330 9 39 279 168 393 353 266 321 115
1 3 19
449 316 210 132 69 187 183 280 17 87 451 20 474 321 83 225 487 437 269
1 9 8
280 391 423 385 291 374 9 2
1 3 22
289 272 187 442 395 214 326 306 43 263 114 323 255 9 374 65 106 32 200 420 495 94
1 9 8
219 438 16 403 275 210 348 468
1 3 22
114 357 308 278 41 292 379 165 209 151 368 79 445 309 468 173 40 255 99 240 336 15
1 3 21
313 190 145 316 151 453 442 478 206 474 260 473 153 22 216 202 362 336 426 13 454
1 7 11
385 478 172 388 199 131 423 85 287 412 32
1 13 6
145 406 302 139 210 100
1 4 16
442 146 148 165 345 51 171 443 412 436 198 494 335 208 77 231
1 4 19
89 58 440 413 448 78 355 151 375 430 318 186 47 308 423 431 205 273 248
1 7 10
178 48 289 115 129 9 204 497 194 175
1 12 6
491 371 99 461 276 178
1 4 18
326 362 153 187 171 469 425 364 218 395 313 300 233 411 298 179 487 333
1 5 13
278 356 35 190 336 45 424 56 137 167 317 393 171
1 5 13
492 405 192 381 15 32 294 279 375 112 141 487 218
1 12 5
357 66 207 160 48
1 6 13
146 247 370 190 437 371 360 43 235 365 67 396 28
1 6 13
453 161 238 162 60 82 70 338 101 475 40 316 306
1 3 22
275 410 440 477 426 91 47 124 271 37 94 167 405 100 452 451 215 220 390 281 80 3
1 7 11
11 36 193 431 443 207 330 31 345 277 307
1 15 5
272 419 494 210 129
1 4 18
178 459 494 184 23 47 215 474 377 258 329 59 445 5 457 323 282 120
1 20 3
461 224 249
1 3 25
211 269 106 358 1 312 476 408 137 33 55 95 460 411 475 429 320 205 83 377 409 69 108 459 471
1 9 6
258 203 217 301 311 109
1 18 2
142 490
1 7 11
21 316 347 69 274 494 338 135 215 269 365
1 4 17
441 416 80 394 189 114 490 118 38 329 156 268 282 0 143 92 497
1 22 2
261 285
1 5 13
150 111 396 209 326 49 162 29 171 73 57 497 310
1 8 10
330 378 449 351 429 326 338 0 83 411
1 4 18
327 258 306 288 131 30 11 283 34 470 38 420 253 174 3 410 375 190
1 5 15
494 224 267 366 138 358 247 350 321 344 17 450 145 238 162
1 5 15
453 278 89 426 373 415 303 159 151 389 323 109 192 209 437
1 4 18
362 423 110 463 180 259 486 139 120 478 22 150 383 432 79 133 252 8
1 3 19
439 437 269 332 254 220 360 84 149 385 95 214 215 387 370 94 315 192 34
1 7 11
260 366 284 282 146 106 127 26 4 47 347
1 25 2
260 200
1 4 16
348 36 230 346 492 226 491 238 154 266 401 380 427 33 70 47
1 3 24
345 73 44 275 54 403 297 347 64 321 285 343 240 122 1 272 470 253 424 174 189 219 65 169
1 23 2
154 102
1 12 5
190 202 165 199 311
1 7 10
237 53 474 477 154 249 3 73 42 28
1 14 5
247 216 105 489 248
1 4 17
267 96 338 3 51 91 244 350 458 491 130 397 120 255 456 154 305
1 5 14
244 71 374 384 442 53 468 92 18 426 410 28 394 88
1 3 24
215 272 247 497 406 179 256 372 242 218 48 143 498 380 427 178 15 345 283 140 322 44 234 53
1 4 17
198 390 274 279 60 424 389 338 360 244 93 109 134 245 288 187 232
1 9 8
463 418 319 363 92 468 250 412
1 6 12
242 476 93 370 371 305 214 175 179 347 449 318
1 5 13
498 112 198 492 281 223 91 151 90 432 304 368 481
1 6 12
351 455 206 15 215 237 307 463 157 435 73 202
1 3 25
414 308 325 193 475 373 462 353 266 358 382 472 105 463 455 155 20 190 19 399 486 466 409 421 356
1 3 20
226 59 471 259 388 90 219 181 275 378 73 121 288 357 191 68 493 12 222 337
1 3 17
483 222 56 192 481 175 60 197 339 127 432 181 391 304 422 219 80
1 5 14
164 400 297 319 363 380 279 397 184 172 47 350 151 428
1 6 12
226 467 211 206 132 248 190 25 69 201 176 50
1 3 24
460 219 395 341 386 182 84 453 313 413 446 90 264 335 359 151 409 327 361 304 236 274 350 0
1 5 14
112 314 364 68 289 237 203 163 175 52 249 246 209 362
1 7 10
213 113 53 114 120 176 325 251 355 123
1 5 13
410 131 324 467 68 252 39 209 332 254 426 313 476
1 4 15
81 440 455 360 40 465 418 4 450 228 177 49 491 118 146
1 3 24
488 225 20 7 246 461 95 237 130 432 303 456 424 453 408 299 67 254 263 476 244 131 171 162
1 8 10
371 367 499 66 31 115 391 202 424 411
1 3 21
345 9 111 64 157 447 460 410 386 32 377 399 419 195 244 446 3 146 347 449 190
1 4 19
45 277 5 426 184 346 138 135 174 344 454 460 126 278 443 209 58 362 147
1 23 3
160 228 457
1 9 8
362 236 226 497 259 489 395 322
1 3 21
246 336 267 431 202 176 300 454 172 435 438 197 218 93 210 162 8 477 219 21 342
1 5 15
160 26 481 238 210 14 352 233 448 83 22 205 143 176 497
1 4 18
49 28 249 258 210 281 440 261 394 431 209 331 55 104 93 68 388 405
1 5 16
464 447 403 300 188 249 431 366 21 117 347 408 486 208 221 105
1 3 18
251 468 248 242 116 465 247 49 18 438 212 446 190 6 47 207 336 312
1 3 24
237 291 453 79 49 331 51 252 421 484 235 343 100 95 378 234 5 32 476 265 325 366 320 74
1 5 15
401 104 116 38 237 27 45 326 131 214 439 458 170 80 420
1 3 21
79 432 397 452 174 469 453 370 245 203 293 140 141 121 28 183 233 18 251 411 103
1 5 15
424 300 267 452 283 186 443 485 483 343 106 236 140 482 479
1 5 13
333 140 152 484 59 27 120 418 319 72 422 472 143
1 4 16
63 489 46 98 182 272 4 116 392 405 157 5 223 164 452 288
1 4 20
238 11 362 258 321 225 150 169 88 168 343 153 408 271 340 372 455 94 263 27
1 3 22
260 468 474 31 92 351 298 425 346 84 331 265 216 479 102 473 396 353 406 179 302 137
1 8 8
465 497 207 357 470 105 337 487
1 4 18
254 238 136 207 34 273 202 181 330 357 395 418 328 358 467 476 470 218
1 13 5
370 52 80 76 9
1 4 20
48 310 64 260 79 97 78 143 288 179 22 195 342 483 28 407 371 473 383 67
1 8 9
49 253 277 272 422 445 56 42 265
1 4 14
433 12 402 45 200 448 357 197 124 349 35 1 481 140
1 9 8
11 464 433 441 231 90 31 325
1 3 23
83 281 476 92 293 256 464 13 233 322 408 182 118 356 102 442 484 154 57 477 217 432 252
1 7 10
123 146 15 374 116 92 83 12 231 468
1 14 4
414 126 298 203
1 20 3
298 357 279
1 11 4
44 366 164 190
1 4 15
279 345 72 319 309 29 99 168 94 364 308 248 270 101 463
1 3 25
393 29 258 204 24 387 498 408 299 454 458 127 235 352 304 345 414 143 478 48 47 401 83 147 448
1 4 19
218 191 163 271 413 388 457 291 134 281 369 205 124 404 215 1 321 326 23
1 7 9
52 337 198 260 165 422 450 340 349
1 5 12
41 326 129 455 378 48 468 35 66 50 306 184
1 10 6
440 90 480 189 357 492
1 7 10
254 241 40 319 275 398 410 30 87 480
1 5 13
493 33 256 208 141 126 160 162 424 181 409 223 203
1 4 16
323 361 76 225 284 171 191 94 252 3 258 418 334 32 117 141
1 3 25
245 498 461 253 160 263 249 197 321 134 39 393 404 164 264 163 394 213 43 214 437 3 231 449 223
1 3 21
386 297 257 274 168 315 238 22 167 461 207 58 450 436 278 195 7 133 174 64 2
1 3 21
356 178 158 270 300 352 265 278 167 457 481 303 264 69 159 468 235 477 92 45 337
1 19 4
145 192 433 473
1 4 17
282 347 444 392 190 342 61 138 401 475 317 377 471 165 6 166 330
1 3 25
70 369 361 371 337 99 63 247 51 327 234 425 336 163 343 406 222 156 47 82 164 9 142 201 264
1 9 8
312 492 221 220 216 358 479 12
1 6 11
27 0 98 319 6 46 175 452 318 44 249
1 3 25
16 386 270 86 21 449 256 170 397 42 439 434 196 381 217 467 350 430 3 275 456 113 46 97 198
1 9 8
12 452 187 381 142 388 118 320
1 16 3
211 158 190
1 21 3
410 142 182
1 20 3
146 66 260
1 5 14
491 406 320 125 303 186 457 17 159 227 145 466 122 43
1 6 11
84 213 275 432 72 404 149 125 427 2 243
1 3 25
183 232 215 378 64 449 338 133 33 151 148 233 19 283 472 47 0 129 188 276 277 351 39 243 357
1 3 20
277 281 191 352 256 385 113 356 212 346 461 353 51 49 310 126 211 240 239 82
1 5 14
493 415 331 378 295 78 494 444 256 80 384 467 495 56
1 5 14
214 160 157 422 8 423 234 303 415 166 372 291 105 462
1 9 8
271 159 450 432 457 485 15 426
1 4 17
386 490 235 387 182 365 360 286 190 43 474 122 366 66 72 64 342
1 5 15
241 426 188 300 199 279 489 427 55 81 59 57 355 110 346
1 4 17
231 491 323 496 43 245 444 378 415 458 118 67 250 277 281 211 306
1 7 10
477 2 318 114 262 391 423 284 277 421
1 4 16
121 282 59 402 285 205 412 106 67 288 353 83 18 120 425 253
1 4 18
194 200 265 176 25 280 181 327 269 112 475 271 478 290 331 448 117 436
1 5 13
344 91 237 491 93 179 183 40 199 47 131 176 194
1 33 2
475 46
1 8 8
224 359 91 235 147 167 475 6
1 5 13
149 134 295 130 92 140 192 475 205 57 228 141 312
1 13 5
464 208 144 471 288
1 6 13
104 482 69 243 56 412 10 121 114 295 431 63 353
1 13 5
254 86 481 288 373
1 4 18
153 234 183 201 310 142 438 409 446 181 99 318 55 419 2 319 211 9
1 2 25
103 51 170 33 261 121 90 332 499 290 35 484 199 4 481 458 43 149 183 264 296 383 295 302 18
1 9 8
241 203 123 369 53 326 128 104
1 6 12
428 248 231 122 31 263 434 297 156 280 162 49
1 28 2
349 226
1 4 19
491 157 164 375 410 136 301 471 185 170 113 198 98 311 47 120 57 429 433
1 6 13
275 362 428 287 7 369 165 328 215 444 135 315 430
1 4 15
230 71 247 109 350 290 397 239 497 413 287 12 442 398 456
1 4 14
211 69 158 170 472 437 181 246 321 428 436 440 215 21
1 20 3
15 460 283
1 4 18
363 268 411 288 111 125 279 128 452 262 160 321 375 335 453 155 165 428
1 7 9
61 36 106 142 282 293 34 226 383
1 6 12
305 341 289 224 142 96 179 456 32 36 48 206
1 3 25
136 146 422 459 287 447 195 476 358 400 226 438 249 397 286 91 333 282 330 458 493 49 90 98 13
1 5 15
408 417 146 244 242 315 454 374 2 336 156 4 296 78 238
1 19 3
277 389 302
1 13 4
472 264 389 357
1 17 4
215 464 310 31
1 3 23
118 269 198 184 76 231 446 449 374 273 391 455 413 115 238 93 358 381 387 364 25 296 34
1 3 24
173 485 96 281 486 288 293 183 493 298 61 344 53 259 132 29 65 122 15 54 383 303 311 200
1 8 8
121 118 63 486 185 168 37 98
1 4 18
6 413 225 313 352 378 405 410 315 390 380 395 133 415 367 69 54 492
1 4 16
49 102 166 78 356 446 206 302 358 485 354 431 483 359 398 360
1 4 16
286 465 255 336 6 95 145 112 364 445 326 205 30 44 49 353
1 4 19
271 162 254 477 294 175 384 283 220 337 431 359 404 27 439 190 148 378 65
1 18 3
360 425 241
1 4 16
110 288 354 277 494 437 172 498 187 419 144 491 12 66 495 160
1 7 11
365 210 337 269 369 351 100 160 138 461 282
1 5 15
354 225 276 427 136 144 252 120 383 319 28 416 281 454 30
1 10 6
474 197 175 230 363 131
1 5 14
312 265 472 227 119 366 86 185 139 354 404 382 281 455
1 8 9
113 138 292 302 242 50 487 184 207
1 8 10
205 346 460 53 475 35 215 194 132 322
1 3 21
117 273 369 132 389 484 266 105 171 277 66 337 467 460 447 25 35 76 414 77 158
1 9 8
456 61 271 391 408 40 270 275
1 10 7
416 106 443 493 110 234 318
1 17 4
39 265 100 342
1 8 9
254 352 451 166 437 424 221 215 245
1 13 5
249 131 225 2 356
1 5 16
237 402 473 353 296 284 245 95 188 331 270 198 121 279 324 39
1 7 10
405 255 495 229 163 132 352 426 241 247
1 3 23
392 367 89 344 264 292 288 140 235 366 311 96 299 458 349 5 36 343 194 256 243 73 176
1 7 9
246 477 269 460 382 44 38 361 177
1 3 21
201 364 286 448 173 243 210 126 430 426 170 465 285 328 241 222 279 203 357 28 205
1 17 4
324 195 382 140
1 5 14
37 333 282 108 452 244 377 304 54 12 297 128 342 156
1 4 16
250 97 171 429 12 33 0 38 78 434 452 284 40 290 301 57
1 5 13
363 146 37 55 300 422 287 256 368 498 36 228 326
1 20 3
271 414 195
1 8 9
104 169 372 182 102 74 216 366 95
1 5 13
121 327 404 394 79 351 355 132 8 223 277 455 211
1 7 11
231 464 433 183 96 370 390 385 268 151 294
1 3 25
219 222 296 90 156 401 148 333 206 119 448 455 430 58 418 32 185 116 142 166 419 492 252 76 12
1 3 24
272 424 0 341 99 68 285 64 283 311 411 62 488 165 84 128 265 254 112 405 183 238 276 93
1 3 22
253 267 129 317 461 330 360 390 159 264 168 21 70 393 238 383 39 134 427 185 451 266
1 6 11
292 130 426 187 274 353 20 390 30 153 205
1 4 16
367 245 56 461 219 326 87 483 17 61 373 77 477 27 55 494
1 12 5
258 237 47 105 41
1 10 8
346 243 25 170 422 443 379 416
1 18 3
335 313 7
1 4 17
36 143 166 112 303 48 258 494 114 183 352 431 233 337 433 381 265
1 6 8
345 10 213 378 353 267 37 259
1 3 23
304 168 357 277 271 339 160 211 84 59 490 204 356 196 270 14 199 16 384 123 427 373 432
1 12 5
199 486 76 168 461
1 3 24
159 452 85 191 388 69 190 200 370 401 163 102 183 242 398 50 180 167 490 400 33 147 43 394
1 3 25
491 278 479 281 105 262 229 103 36 360 38 417 435 462 256 169 463 227 71 460 77 415 267 345 482
1 3 25
242 482 48 382 121 259 489 213 198 310 460 293 86 72 390 286 385 313 13 404 17 480 173 277 466
1 5 15
489 282 454 338 103 191 311 305 107 25 278 10 58 437 27
1 13 5
229 9 427 210 155
1 5 12
48 354 291 406 369 192 108 187 340 158 323 87
1 9 6
248 71 402 354 144 78
1 4 19
92 136 196 187 449 96 166 271 210 248 44 86 200 28 488 82 59 94 146
1 3 22
180 115 256 325 326 343 497 158 160 419 481 412 276 382 168 63 416 87 389 498 281 394
1 6 12
96 277 323 112 443 219 355 352 330 331 111 363
1 5 15
278 146 52 155 401 253 479 74 408 447 407 422 69 359 39
1 9 7
450 386 466 132 165 59 310
1 5 14
326 15 422 176 17 414 225 69 275 371 338 39 387 233
1 6 11
328 47 267 406 25 154 184 142 364 114 255
1 9 7
219 438 478 324 402 51 59
1 10 6
62 413 270 254 324 73
1 3 21
232 463 126 286 72 373 168 138 358 364 227 430 329 99 47 112 487 183 212 200 359
1 7 11
146 166 40 347 350 1 85 456 288 167 159
1 4 18
286 26 461 136 183 383 219 188 180 269 213 227 54 69 222 189 396 362
1 3 25
417 389 131 374 381 373 229 339 488 199 392 469 341 441 376 66 383 114 465 278 453 419 468 43 271
1 4 17
42 206 174 241 250 246 377 273 408 485 392 64 142 344 143 284 265
1 6 12
245 391 32 162 342 149 141 382 195 103 51 133
1 5 13
54 40 225 157 98 292 381 44 305 119 491 231 415
1 11 7
322 441 62 206 13 225 460
1 4 18
76 366 399 211 114 444 23 471 164 320 396 446 277 289 307 40 195 449
1 13 6
211 477 249 268 252 351
1 9 7
301 263 351 409 493 240 29
1 5 14
169 304 41 353 114 336 35 235 415 397 162 388 257 487
1 5 14
169 27 313 202 452 333 209 290 490 314 396 271 454 174
1 7 10
176 207 484 409 353 205 236 275 269 126
1 3 22
388 152 481 370 352 69 117 141 272 110 70 384 260 227 343 265 308 183 182 289 488 461
1 6 12
284 277 328 290 386 202 233 177 165 218 334 71
1 3 20
252 372 73 336 349 207 402 152 286 171 467 465 280 315 324 167 357 461 294 210
1 18 4
85 226 493 453
1 12 5
320 455 381 395 368
1 4 17
257 228 467 89 404 472 338 51 128 108 224 266 259 229 3 99 316
1 23 3
272 202 211
1 17 2
127 39
1 9 8
14 150 335 288 481 250 371 445
1 7 10
344 318 60 191 303 77 257 431 83 137
1 25 3
412 348 469
1 3 24
72 54 387 487 36 75 298 263 257 393 200 9 348 272 55 287 67 245 48 224 294 380 85 437
1 3 25
219 311 264 110 350 89 22 196 410 222 375 333 357 330 44 143 142 280 54 183 352 104 135 347 387
1 5 15
19 146 242 155 176 494 55 251 46 460 260 290 312 418 429
1 5 14
489 198 439 201 156 360 116 315 499 11 306 55 396 74
1 9 8
412 259 127 16 211 3 44 428
1 3 19
487 229 425 24 287 76 204 49 381 421 171 4 374 454 209 57 355 163 459
1 5 16
201 411 433 163 118 349 467 87 268 218 44 43 205 203 319 363
1 10 7
491 164 91 263 412 313 1
1 4 17
310 142 352 372 135 51 378 440 350 308 259 450 390 104 355 210 438
1 4 17
439 272 130 390 478 124 408 77 136 109 110 165 421 180 286 202 358
1 4 19
26 310 192 371 183 0 159 124 240 47 65 246 388 41 136 81 289 338 89
1 4 18
189 327 222 41 50 473 497 323 337 368 109 268 179 303 115 167 496 69
1 5 15
283 112 330 173 80 89 54 455 401 167 423 245 203 216 10
1 3 23
338 364 255 242 408 339 70 285 226 327 217 425 316 44 8 73 186 141 140 433 463 207 83
1 3 25
365 170 401 453 95 150 223 335 435 485 498 486 244 460 108 387 263 398 76 361 287 328 27 265 369
1 3 21
215 189 327 12 74 121 483 364 117 174 429 461 498 432 183 371 115 151 225 178 356
1 3 20
215 174 26 199 32 15 194 293 235 68 430 303 46 209 91 22 255 99 157 377
1 12 6
61 3 122 300 216 82
1 7 9
452 427 373 119 310 162 309 311 205
1 9 8
118 465 144 221 422 23 212 499
1 3 22
171 311 66 495 64 244 296 380 65 46 4 256 155 470 479 287 278 146 352 429 58 183
1 29 2
98 84
1 3 24
168 107 196 213 172 455 205 236 130 240 198 32 245 320 449 75 99 425 20 150 483 232 112 173
1 4 19
462 222 195 74 31 119 130 36 499 239 395 309 422 1 38 400 111 125 300
1 9 8
26 40 16 96 137 448 194 125
1 4 15
7 239 230 301 309 154 342 8 219 69 499 37 45 14 92
1 6 12
276 454 349 41 484 443 26 353 282 21 237 59
1 4 16
242 115 173 89 142 21 144 64 471 17 469 199 477 483 34 20
1 16 3
339 82 224
1 3 18
298 305 438 472 236 378 253 335 46 370 276 488 392 8 328 317 385 66
1 17 4
192 423 196 122
1 13 4
377 2 370 84
1 3 21
306 262 276 470 221 308 437 325 201 463 245 349 123 270 167 1 116 239 393 130 350
1 4 18
349 280 192 153 93 146 102 401 351 356 237 388 276 158 24 149 139 159
1 3 23
93 127 105 445 471 446 223 92 479 360 391 75 206 405 48 180 368 173 53 467 26 487 71
1 3 19
55 144 138 135 259 175 334 181 31 91 226 271 246 28 278 99 65 424 51
1 8 9
408 48 315 369 81 95 460 454 378
1 3 24
452 68 434 330 307 279 317 360 160 153 267 356 55 101 229 44 315 139 50 156 58 146 157 34
1 35 2
90 416
1 3 23
492 152 126 247 114 367 164 54 138 83 331 143 165 447 148 466 291 346 212 252 46 489 316
1 15 2
370 77
1 4 18
120 402 152 30 336 342 433 214 262 415 140 464 208 450 202 62 177 7
1 26 2
156 254
1 3 20
385 391 115 68 99 109 374 231 0 488 290 171 102 123 199 33 352 443 430 394
1 3 23
464 293 107 259 400 316 77 280 60 30 100 309 23 140 315 131 33 426 384 435 423 111 218
1 4 18
468 117 66 278 434 142 248 353 51 472 187 309 440 495 349 395 58 71
1 15 5
347 9 322 170 144
1 6 11
34 437 133 286 475 79 68 341 311 45 166
1 3 23
491 270 88 352 347 406 289 143 224 205 30 460 412 475 137 437 94 21 190 336 490 422 465
1 3 24
121 405 174 243 488 329 200 468 306 157 375 175 262 59 19 452 195 310 26 38 483 241 242 15
1 3 22
379 235 39 240 476 399 308 152 273 404 8 114 45 131 386 126 495 456 453 52 153 222
1 3 21
208 463 488 347 487 41 344 192 120 235 361 25 108 80 378 162 182 379 50 416 223
1 3 23
306 101 345 92 234 117 367 437 480 116 321 88 16 299 208 187 389 200 57 258 270 131 54
1 11 7
75 125 322 105 246 113 436
1 10 6
284 323 310 53 167 370
1 6 9
496 317 109 253 36 153 293 66 300
1 9 7
360 285 173 109 31 51 301
1 11 7
416 371 374 421 171 454 193
1 6 11
479 207 327 456 402 55 199 225 50 36 257
1 5 14
447 478 217 293 477 241 75 380 105 259 34 356 107 108
1 4 17
92 38 288 392 399 303 393 246 232 211 318 29 249 264 396 45 114
1 3 24
123 159 36 156 128 183 293 139 118 187 361 307 395 332 450 248 333 284 476 471 231 79 50 43
1 15 5
411 4 483 29 271
1 5 15
91 456 159 258 430 118 291 376 425 104 142 23 374 269 102
1 8 9
499 168 216 104 478 428 319 335 389
1 4 17
326 395 285 389 322 32 312 483 441 297 345 270 340 130 36 89 426
1 3 23
363 335 277 411 455 377 139 387 28 417 33 259 133 180 126 115 498 88 14 486 452 159 51
1 7 11
68 440 25 262 175 169 376 54 297 284 274
1 11 6
477 461 21 207 49 157
1 5 13
165 343 323 0 110 368 89 236 14 98 445 118 67
1 5 14
297 301 174 253 173 298 19 37 233 461 165 336 416 217
1 3 21
251 333 114 133 17 135 472 380 471 260 331 423 75 468 176 83 258 211 283 347 225
1 7 11
371 64 434 86 152 63 51 193 444 65 447
1 3 24
117 330 99 131 164 172 100 414 380 369 248 355 11 334 301 231 460 300 362 199 116 5 485 262
1 3 25
480 464 195 162 113 170 287 122 413 339 169 119 199 133 390 382 5 174 368 261 0 14 141 331 388
1 7 9
194 450 147 266 320 19 153 395 240
1 13 4
291 142 420 198
1 4 18
241 283 119 398 250 117 139 58 0 10 56 39 62 164 289 176 225 28
1 3 21
340 41 329 285 64 270 114 291 162 309 54 265 473 429 6 215 283 242 235 450 76
1 5 15
491 299 487 4 327 160 485 498 35 284 291 411 351 302 73
1 4 16
299 315 38 149 220 221 263 44 345 158 445 11 242 463 266 399
1 4 18
355 165 352 403 98 248 80 38 23 437 370 89 499 225 300 63 50 101
1 24 3
5 436 16
1 3 21
398 221 50 54 249 150 62 228 300 308 37 345 329 63 389 338 351 299 65 46 436
1 5 14
73 466 163 467 4 397 182 377 171 456 494 366 286 199
1 13 5
295 368 147 258 290
1 6 12
255 441 158 466 221 364 272 481 313 16 183 339
1 6 11
259 386 201 463 155 211 304 48 492 171 107
1 5 7
71 355 34 163 142 148 323
1 3 22
290 273 416 91 343 34 452 87 470 67 70 397 418 417 223 192 448 9 403 101 215 419
1 3 24
36 479 445 112 337 324 168 107 125 253 310 465 53 198 184 261 153 226 453 0 323 247 311 433
1 12 3
205 374 184
1 19 3
377 432 271
1 3 24
27 267 457 272 4 54 17 281 419 403 48 64 238 12 318 450 71 333 49 199 262 179 445 482
1 10 6
323 340 2 169 404 475
1 9 8
447 1 323 464 371 9 459 23
1 7 11
496 456 482 111 434 323 122 216 213 235 463
1 3 24
406 211 68 143 111 87 471 476 91 55 21 319 462 179 153 47 244 256 9 193 370 305 427 356
1 3 20
349 335 47 158 87 365 107 185 4 462 391 69 44 154 143 95 450 17 91 214
1 6 12
315 454 325 91 166 430 445 345 58 36 416 343
1 14 4
345 117 319 203
1 6 11
158 281 481 461 393 111 186 168 388 452 442
1 3 24
115 493 39 473 139 257 13 389 250 341 229 67 281 355 77 315 205 456 145 294 206 409 164 492
1 5 15
434 474 288 151 303 154 382 388 271 67 125 117 239 70 375
1 4 17
180 71 309 161 181 257 118 332 327 318 36 410 325 422 52 209 22
1 5 15
313 276 421 338 71 134 319 370 270 143 304 268 269 350 432
1 6 12
428 319 481 130 369 419 185 490 193 163 388 313
1 5 13
133 144 376 313 197 429 420 173 70 121 351 304 314
1 10 5
123 257 467 370 402
1 7 9
129 210 330 211 320 379 348 311 134
1 3 19
159 175 246 132 362 58 207 206 241 341 460 89 410 253 171 422 355 330 381
1 12 6
297 93 205 145 166 112
1 3 24
235 79 469 307 21 41 243 331 27 411 366 217 174 303 363 171 297 460 167 348 205 228 359 66
1 5 15
295 259 431 178 260 157 376 488 325 135 365 446 169 69 13
1 5 15
183 310 155 374 146 40 284 113 64 210 283 104 160 488 109
1 4 17
196 290 337 192 57 21 80 145 28 301 276 156 174 494 234 41 282
1 4 16
465 237 69 122 26 178 305 229 423 95 203 338 377 141 28 404
1 36 2
243 419
1 8 9
266 311 100 342 0 219 146 293 497
1 3 23
391 32 134 327 300 46 302 286 2 322 138 332 467 197 128 104 145 202 18 319 449 265 497
1 3 25
172 149 17 341 348 291 330 278 35 252 397 126 481 55 38 124 371 23 470 407 243 424 431 293 154
1 6 13
6 477 211 437 471 368 499 248 197 148 301 25 32
1 4 19
412 413 75 62 458 424 228 69 375 498 364 358 73 347 466 85 447 58 484
1 3 21
423 321 392 202 345 174 311 189 34 292 199 468 416 59 433 129 64 218 87 499 186
1 4 19
12 402 375 88 285 322 103 145 214 280 59 305 450 292 356 82 162 251 408
1 10 6
433 121 114 446 393 263
1 3 21
493 193 330 335 341 294 74 21 291 371 333 92 308 11 336 242 206 79 26 5 7
1 3 24
19 153 11 309 94 296 149 468 488 3 83 52 50 301 293 27 482 264 433 232 302 445 235 173
1 3 19
326 112 259 283 240 417 300 398 287 324 225 165 247 366 493 498 0 274 241
1 8 8
311 119 106 175 292 421 10 312
1 5 13
293 369 85 251 243 304 20 122 418 77 487 14 5
1 5 15
101 0 38 494 25 469 435 418 461 347 46 113 442 76 483
1 6 11
8 263 178 238 272 159 205 355 447 466 277
1 3 21
497 436 485 281 469 295 84 11 42 315 186 418 218 287 142 260 146 425 407 256 228
1 6 12
403 95 357 195 199 416 410 320 321 5 363 142
1 4 16
418 59 11 175 279 53 285 38 228 124 70 139 138 2 410 235
1 3 25
307 374 377 396 298 221 237 93 211 264 86 458 437 148 444 490 143 123 311 180 491 58 330 232 313
1 6 11
340 125 399 427 254 212 361 86 455 35 142
1 6 13
12 17 354 101 80 412 64 361 131 112 146 127 147
1 5 14
178 92 273 307 487 261 393 279 255 188 303 429 177 111
1 4 17
90 177 448 338 157 153 472 221 181 13 251 119 189 243 417 235 6
1 4 17
357 404 266 326 106 428 166 498 93 87 156 72 400 330 477 21 410
1 3 25
79 356 191 103 402 30 112 178 370 444 198 488 291 39 199 326 445 274 436 113 337 322 478 300 399
1 4 19
91 472 145 85 432 383 207 59 197 188 9 491 88 463 65 378 406 398 112
1 4 16
170 467 29 40 351 327 293 242 362 460 34 206 253 28 406 415
1 12 6
395 195 452 178 323 118
1 5 14
58 408 322 136 81 158 462 34 441 3 181 221 302 213
1 4 19
42 416 175 138 352 442 389 414 234 200 191 427 168 183 241 480 317 417 164
1 3 24
14 55 58 22 366 318 380 222 349 391 451 185 296 340 429 33 277 128 369 53 147 479 499 410
1 3 24
281 221 100 203 181 263 489 359 258 122 244 84 176 356 459 164 428 496 332 355 120 456 395 334
1 5 13
75 6 255 112 218 80 426 363 312 85 148 328 209
1 4 15
242 416 289 395 397 356 450 208 255 385 179 317 281 137 157
1 8 8
146 63 269 266 463 261 101 228
1 3 21
325 142 329 87 75 121 184 357 463 481 253 197 378 391 137 336 242 365 60 202 409
1 14 5
334 402 412 241 377
1 19 2
263 270
1 11 7
183 122 202 223 319 297 465
1 5 14
327 478 37 55 57 98 471 397 136 274 90 85 448 492
1 3 21
156 70 337 474 344 286 354 213 302 126 92 342 431 271 178 224 188 1 297 432 489
1 4 17
208 260 454 313 346 142 463 428 253 45 29 492 430 269 466 321 65
1 12 5
284 368 312 250 266
1 7 10
33 370 368 481 26 27 346 257 125 199
1 17 2
369 71
1 18 4
429 146 270 356
1 4 16
471 363 166 157 42 252 148 95 170 168 239 422 296 195 0 393
1 3 22
480 495 209 114 334 111 454 300 426 107 468 430 79 456 65 325 247 95 344 100 486 121
1 3 25
108 319 250 415 472 337 97 44 494 219 187 63 134 173 238 306 269 59 340 179 325 254 75 64 344
1 18 3
140 381 353
1 3 20
301 461 326 1 408 398 288 415 121 339 45 51 449 201 111 81 405 236 409 475
1 13 5
45 269 5 82 153
1 6 10
397 204 230 368 244 200 300 164 214 305
1 5 16
458 189 486 385 173 291 346 199 10 11 375 411 186 36 21 99
1 9 7
272 392 18 297 84 207 254
1 8 9
150 440 366 494 384 73 282 385 309
1 13 6
437 91 260 115 32 202
1 17 3
444 194 370
1 3 24
410 206 470 121 216 110 313 80 127 252 288 12 221 203 198 99 230 55 25 262 418 261 402 255
1 5 13
373 399 463 21 12 398 154 304 23 110 206 426 15
1 3 21
36 111 471 257 260 399 285 67 461 174 415 284 300 330 358 113 214 96 368 448 192
1 4 17
29 86 164 308 62 458 357 80 250 423 6 464 53 358 158 284 166
1 5 14
317 159 226 91 174 267 249 400 120 419 497 210 269 60
1 4 16
316 192 15 212 114 460 442 155 459 412 405 447 53 127 361 286
1 3 23
345 376 392 57 233 166 115 197 432 226 266 96 347 103 38 224 32 107 6 228 309 108 83
1 3 24
264 206 186 21 234 5 375 249 360 43 97 393 50 258 214 170 412 443 408 199 45 442 59 54
1 6 13
131 267 170 469 250 53 403 443 201 383 193 242 288
1 5 12
74 257 349 99 67 95 303 181 377 11 306 230
1 6 13
63 43 454 202 385 101 149 47 489 10 384 285 130
1 4 16
109 75 490 176 244 209 406 100 74 487 166 330 449 263 161 435
1 6 11
167 93 387 136 62 11 178 66 76 279 464
1 4 16
27 3 294 317 448 26 320 91 7 469 11 366 346 494 85 409
1 3 25
456 305 491 64 475 270 148 222 431 471 287 375 243 301 82 45 58 193 185 169 405 424 310 212 228
1 17 3
44 53 422
1 6 13
434 180 59 438 381 253 278 473 14 129 373 176 270
1 4 17
481 170 219 204 491 149 96 303 264 11 19 397 207 330 466 453 266
1 17 2
79 435
1 4 16
342 316 114 395 345 20 451 167 179 103 360 41 455 375 313 279
1 6 12
462 459 350 474 155 109 151 69 32 215 354 84
1 7 11
266 431 65 324 135 433 223 468 318 156 142
1 9 8
386 129 229 475 494 349 269 287
1 11 6
463 103 325 168 1 319
1 6 11
484 213 423 355 81 110 90 250 332 30 160
1 11 5
499 184 314 181 65
1 7 9
35 355 401 61 168 354 192 467 77
1 7 10
115 11 450 91 180 117 375 218 169 100
1 5 14
74 23 495 331 157 173 2 229 486 274 366 4 61 378
1 3 25
195 328 449 297 357 394 367 210 468 396 240 206 473 374 161 78 247 203 121 400 330 216 117 125 474
1 6 11
406 144 419 370 495 43 412 295 246 350 228
1 4 16
472 75 278 458 337 456 245 117 74 320 470 471 39 111 424 186
1 5 13
113 160 468 464 185 366 119 109 388 398 111 321 493
1 19 2
286 231
1 5 15
19 376 206 18 185 295 123 309 220 238 445 369 354 78 470
1 9 6
35 205 345 414 350 98
1 3 25
238 226 371 180 33 70 215 104 236 27 310 409 404 99 379 420 470 131 318 4 365 65 177 482 388
1 3 24
304 71 488 20 109 248 224 351 282 443 132 18 56 335 291 370 7 361 483 376 333 263 452 471
1 3 21
187 484 109 209 196 144 244 443 389 386 482 104 155 150 275 36 419 10 438 47 469
1 3 19
336 433 396 157 160 318 110 455 303 267 33 161 123 153 397 89 209 329 475
1 13 4
196 255 391 471
1 8 9
340 306 88 119 104 368 324 395 5
1 3 25
231 427 492 77 265 393 60 277 116 466 196 332 470 322 37 421 25 193 450 234 148 471 70 340 104
1 3 21
287 460 71 377 5 37 157 41 441 47 187 328 389 105 228 142 85 3 358 317 28
1 3 24
469 95 60 394 366 275 434 53 449 424 136 181 106 291 375 480 241 494 249 173 2 42 190 235
1 5 16
235 268 212 444 165 127 292 414 8 308 408 126 267 217 201 187
1 5 14
491 384 73 305 99 325 373 21 477 431 136 207 19 312
1 12 6
107 450 494 493 425 499
1 3 23
450 2 292 241 328 357 288 452 447 443 106 25 276 12 486 385 267 313 234 174 399 325 126
1 5 15
86 178 153 204 169 3 35 31 253 181 252 422 38 67 4
1 4 16
455 323 304 149 365 251 152 180 364 332 154 386 216 335 62 369
1 5 12
130 272 298 404 286 18 126 84 58 121 219 243
1 23 3
193 230 139
1 6 13
365 136 269 4 33 434 252 93 248 353 128 206 30
1 7 10
37 100 23 242 317 432 94 348 437 39
1 8 8
471 277 466 142 74 340 53 485
1 8 9
128 318 386 75 323 356 253 182 48
1 14 5
227 193 354 348 131
1 3 22
13 494 31 28 188 129 266 465 480 178 55 199 429 340 85 66 239 26 349 207 227 60
1 5 15
49 408 44 450 98 114 429 22 205 331 97 42 46 369 421
1 12 6
113 260 357 155 446 118
1 4 16
41 468 419 135 109 46 198 248 457 369 196 315 149 302 304 342
1 4 17
209 11 58 48 343 477 139 302 126 197 397 211 482 41 84 273 359
1 7 10
219 398 476 469 355 132 333 110 374 487
1 8 9
363 8 206 365 63 348 491 379 494
1 5 15
77 320 35 487 85 429 472 478 9 387 367 118 400 364 152
1 9 8
405 443 249 266 247 344 52 407
1 19 4
113 107 277 131
1 11 4
478 37 449 84
1 4 19
280 339 64 295 206 313 113 455 291 80 205 240 331 266 356 329 135 378 398
1 3 23
300 293 90 260 160 10 110 480 401 410 281 434 379 129 286 201 273 408 225 251 154 416 81
1 4 18
192 293 411 329 167 56 427 120 144 482 478 438 428 259 316 211 277 218
1 3 23
305 50 8 362 183 414 321 61 312 135 446 118 424 252 120 145 369 51 0 275 304 464 380
1 2 24
472 254 270 267 224 198 93 467 450 50 143 19 144 59 77 166 189 255 370 406 344 55 361 400
1 9 6
6 397 298 330 369 126
1 6 9
275 237 325 71 273 258 384 2 90
1 13 5
354 325 232 243 178
1 3 22
314 45 433 351 327 186 224 380 270 283 455 320 187 62 265 107 161 357 46 377 68 229
1 10 7
79 269 317 141 245 456 117
1 6 11
337 230 98 48 103 82 102 237 326 11 270
1 7 10
282 477 72 249 415 222 312 349 36 17
1 4 17
122 462 164 236 48 311 447 293 25 455 190 308 113 117 483 140 104
1 3 20
213 186 460 348 322 337 458 275 399 100 73 267 221 312 182 249 63 286 183 418
1 6 11
108 407 269 74 386 105 463 36 130 103 399
1 4 16
94 435 105 454 307 309 364 230 55 282 153 430 145 199 463 405
1 8 9
411 175 432 329 435 430 224 14 53
1 8 9
164 350 102 176 183 149 217 376 354
1 4 17
358 186 75 165 485 218 344 37 412 469 478 208 492 257 92 17 249
1 6 12
216 322 41 295 228 289 137 387 440 365 473 491
1 5 13
164 284 218 325 40 362 4 390 10 281 11 60 497
1 12 5
373 232 6 348 404
1 9 8
499 430 28 345 142 259 107 419
1 8 9
417 100 361 43 419 179 60 213 110
1 11 7
469 252 430 346 56 206 194
1 5 16
26 489 124 393 430 79 187 279 405 377 422 25 325 442 359 238
1 3 22
461 321 52 308 3 136 90 277 475 175 312 458 69 318 490 361 4 469 322 91 276 390
1 6 11
432 76 267 487 486 483 485 476 329 349 216
1 12 5
453 459 274 151 280
1 3 24
174 73 468 71 253 482 213 310 272 108 305 471 5 93 433 29 49 220 168 352 74 122 133 177
1 7 10
291 97 351 301 209 493 110 14 304 308
1 25 2
461 134
1 8 9
95 58 1 209 455 148 458 352 46
1 3 20
186 11 428 94 37 193 195 182 361 115 137 207 108 227 190 360 408 425 159 399
1 14 4
82 12 177 456
1 8 8
307 455 479 157 47 45 133 332
1 8 7
368 129 75 173 451 486 266
1 4 16
436 177 249 363 99 35 150 364 187 7 100 470 211 144 79 27
1 4 19
460 357 386 185 362 246 125 206 436 19 56 44 309 154 307 95 191 110 143
1 5 14
469 61 38 277 104 351 152 231 135 35 438 420 254 387
1 5 13
171 49 312 267 90 6 387 414 86 153 471 53 364
1 4 18
238 474 2 300 6 345 237 35 368 157 19 164 90 274 83 303 311 322
1 4 16
188 15 43 251 383 116 490 0 276 420 108 491 356 131 456 305
1 25 3
113 352 461
1 3 24
103 47 441 354 425 153 400 342 4 105 182 483 295 326 138 444 100 429 408 5 175 362 448 121
1 6 12
148 456 149 324 254 286 217 261 337 475 264 4
1 3 21
450 389 105 293 102 57 395 414 291 455 232 126 75 217 196 22 170 396 265 152 429
1 22 3
463 115 318
1 14 5
392 19 231 187 377
1 12 5
367 94 106 229 114
1 11 7
382 410 472 430 158 422 68
1 11 6
489 19 231 144 240 276
1 36 2
476 289
1 3 24
374 225 185 125 22 25 27 244 409 379 190 422 89 120 415 308 98 260 101 352 189 132 155 159
1 8 9
259 218 338 350 292 143 306 122 304
1 8 9
227 462 95 244 413 105 328 494 305
1 3 24
329 169 471 417 147 156 244 405 449 139 490 187 178 375 24 109 452 336 207 25 345 180 117 150
1 5 15
57 141 395 314 286 426 28 82 245 17 155 216 228 422 1
1 3 23
166 11 149 431 134 80 185 210 392 350 471 94 488 489 262 221 251 82 89 363 364 302 448
1 3 24
324 284 368 151 277 217 366 4 332 451 154 53 28 182 177 183 471 188 325 291 416 33 108 80
1 7 10
324 395 46 292 50 76 221 122 373 403
1 4 16
303 226 81 229 344 30 137 70 399 108 488 156 317 189 346 347
1 21 3
242 262 17
1 5 15
147 405 90 449 481 499 489 102 431 485 416 6 138 49 19
1 4 13
164 382 221 397 363 224 58 15 309 157 367 190 375
1 3 23
263 243 359 416 224 176 488 489 480 346 118 269 457 39 437 255 33 403 266 147 174 44 22
1 3 25
296 357 35 476 5 77 206 241 158 193 199 492 448 318 233 107 495 424 437 232 143 37 274 383 101
1 7 5
1 175 375 222 120
1 6 11
393 34 316 237 234 407 426 74 457 477 449
1 21 2
426 293
1 3 21
124 127 94 212 134 110 366 147 20 15 6 175 205 128 263 275 67 42 32 273 88
1 19 4
239 31 338 274
1 7 10
447 19 258 157 249 242 18 52 230 462
1 4 17
388 460 103 195 143 457 440 273 90 300 190 135 268 167 74 192 115
1 4 15
336 233 112 466 496 159 130 177 467 85 438 197 373 160 349
1 10 6
150 134 425 402 207 320
1 8 8
468 224 418 217 445 200 53 46
1 4 18
185 480 225 444 14 495 188 104 288 82 191 461 66 160 464 471 6 327
1 4 16
186 478 425 100 283 151 260 215 17 422 461 245 347 77 329 125
1 5 14
444 400 451 14 146 347 233 344 369 474 499 51 194 257
1 12 6
315 166 290 165 448 494
1 11 7
65 335 107 408 410 199 170
1 4 19
367 127 195 30 3 141 413 450 343 227 108 174 205 94 427 445 82 177 257
1 4 18
450 314 486 342 96 149 241 364 176 374 33 409 85 35 47 219 261 170
1 3 23
132 439 133 386 457 182 365 467 73 113 479 124 115 143 357 116 375 162 252 46 159 12 327
1 4 16
78 296 435 106 125 465 76 440 12 421 482 18 97 65 300 172
1 6 11
328 480 188 180 265 398 148 276 494 116 241
1 3 22
250 12 253 172 421 305 213 231 235 118 415 171 46 132 471 197 65 381 196 378 498 435
1 6 12
95 489 408 38 218 490 305 477 429 226 15 6
1 3 25
347 124 216 480 131 123 339 412 233 489 113 452 446 391 247 386 284 70 231 494 178 155 363 300 9
1 3 25
142 212 276 318 332 299 435 475 374 103 333 290 281 69 396 467 362 394 403 426 141 282 253 140 280
1 20 2
283 139
1 6 11
196 351 406 137 77 498 262 63 141 271 120
1 6 12
434 380 260 311 473 217 237 291 482 202 207 258
1 4 19
206 321 108 452 106 380 203 191 112 401 325 125 435 140 266 458 300 72 102
1 7 11
277 343 314 138 255 297 235 274 359 336 438
1 3 25
203 20 14 45 398 74 337 212 469 497 307 481 424 405 103 75 172 282 224 77 335 252 407 363 368
1 11 6
101 76 451 162 90 450
1 6 11
92 31 156 221 126 443 254 489 260 38 132
1 4 15
184 400 187 309 55 114 245 39 58 102 397 333 219 98 332
1 9 7
214 160 73 12 201 255 4
1 17 3
44 312 471
1 4 19
423 71 2 148 114 185 39 302 244 375 229 485 180 152 250 168 393 372 354
1 11 6
120 382 344 314 52 310
1 3 24
184 238 17 178 227 237 83 271 301 144 132 66 65 32 471 251 299 452 365 486 443 494 47 202
1 12 6
412 288 409 324 159 451
1 3 23
468 419 494 461 343 262 52 463 291 235 273 124 248 418 264 493 199 370 58 450 180 252 246
1 6 9
461 401 440 163 407 252 6 179 18
1 3 25
322 358 1 51 366 7 251 457 471 332 119 6 459 147 70 296 94 177 90 248 92 168 20 382 443
1 10 7
48 418 52 301 94 10 168
1 3 20
280 442 360 408 79 493 480 22 102 229 368 435 17 173 111 180 148 171 484 159
1 3 23
99 186 240 163 178 38 188 309 101 191 497 247 108 96 388 194 417 199 496 203 85 71 420
1 3 25
350 123 71 246 365 207 16 278 106 226 110 258 134 320 173 100 447 45 319 51 214 481 306 472 24
1 4 17
324 115 376 351 266 109 325 394 267 300 460 353 252 234 89 388 253
1 5 13
339 320 25 284 378 327 278 332 166 275 417 185 242
1 4 15
271 196 222 153 307 395 256 434 348 474 248 349 213 230 258
1 3 21
280 488 345 114 223 229 36 246 471 341 241 217 405 75 406 259 133 305 386 398 318
1 3 21
337 3 246 467 308 365 369 447 169 20 356 302 247 16 387 344 375 185 74 310 259
1 5 15
166 151 368 469 405 415 197 214 494 408 278 349 374 182 152
1 18 4
55 303 137 423
1 3 20
302 176 303 132 131 105 185 330 401 460 472 308 332 26 379 249 358 25 469 98
1 8 9
178 183 457 389 324 244 242 495 381
1 6 11
79 128 404 364 109 233 276 272 344 267 319
1 6 11
227 146 459 158 391 461 121 334 395 18 438
1 6 11
163 439 441 54 92 245 53 156 10 21 399
1 5 14
108 324 277 408 44 411 268 46 68 455 344 299 205 371
1 7 10
449 224 242 142 202 421 93 182 46 35
1 4 17
66 476 118 278 164 388 324 352 235 496 285 268 282 209 414 60 244
1 8 9
113 120 326 238 158 9 242 400 79
1 6 10
12 14 131 175 20 400 199 234 332 200
1 14 4
73 76 68 217
1 3 23
267 156 223 48 414 199 46 275 109 177 89 196 137 338 100 119 263 482 403 378 476 107 158
1 7 11
14 362 124 392 114 104 174 18 340 292 415
1 3 22
18 291 214 25 154 389 208 168 80 359 499 244 94 139 225 231 73 163 123 460 59 44
1 9 8
238 283 111 145 79 224 127 213
1 7 10
320 10 154 175 164 229 400 253 207 498
1 3 23
55 154 333 480 373 138 360 190 376 100 96 483 240 174 432 325 28 265 32 131 310 168 156
1 3 22
4 128 243 419 23 340 266 423 434 192 92 355 204 381 6 457 499 300 498 310 51 441
1 17 4
316 166 288 14
1 5 13
389 339 86 154 22 222 275 101 248 35 158 10 131
1 3 25
47 62 351 431 114 392 494 224 412 176 361 160 346 205 179 318 387 312 405 80 116 241 94 370 54
1 12 5
162 94 353 287 320
1 10 7
269 214 210 152 161 188 90
1 15 4
470 274 293 137
1 3 25
257 173 225 140 231 278 399 66 365 77 176 227 283 184 448 178 206 321 190 401 141 412 207 75 290
1 10 7
408 110 236 360 355 433 123
1 4 18
225 75 407 153 271 353 97 58 320 322 398 140 197 432 148 268 425 102
1 7 11
454 335 135 14 488 234 124 20 431 347 32
1 8 8
309 339 232 169 360 76 390 182
1 5 15
492 443 347 265 11 270 36 103 216 1 250 411 26 412 147
1 3 23
369 256 432 292 371 429 151 303 316 47 192 417 53 77 414 30 480 337 99 344 396 465 106
1 4 18
395 115 223 480 4 378 487 274 144 76 384 32 159 440 132 178 170 358
1 4 16
290 105 391 369 404 48 379 203 66 172 155 496 299 282 36 80
1 4 18
263 373 489 130 254 262 348 13 81 412 483 46 29 215 43 257 443 415
1 3 25
369 342 457 362 80 289 249 358 395 343 23 24 458 383 462 337 436 450 360 288 370 190 286 88 433
1 3 22
495 304 2 434 337 243 139 112 372 312 322 498 241 46 406 136 77 344 28 235 143 329
1 6 13
409 204 20 280 407 216 232 229 233 87 193 104 225
1 10 8
73 178 444 314 373 416 365 371
1 8 9
245 148 2 312 238 408 166 466 267
1 3 22
287 49 217 381 130 257 436 471 74 292 133 15 143 320 201 312 237 8 448 482 277 327
1 23 2
159 8
1 7 9
248 426 481 266 478 43 330 309 140
1 5 15
25 43 214 424 419 306 236 3 48 279 240 167 61 360 20
1 3 20
82 346 299 339 468 228 203 0 100 251 85 427 325 336 418 235 45 387 437 176
1 6 13
137 331 178 184 314 142 450 163 309 183 193 493 73
1 2 25
56 307 34 330 450 393 272 170 30 294 35 165 318 115 127 345 332 149 296 151 33 0 148 334 274
1 15 5
408 296 140 225 113
1 3 21
304 281 87 119 391 160 92 140 174 176 280 295 474 204 249 366 387 168 398 233 263
1 23 2
436 324
1 3 24
44 230 62 337 259 174 378 170 111 214 336 207 453 418 151 20 279 353 294 346 496 163 451 189
1 5 15
435 285 395 303 16 98 486 421 430 189 282 321 224 330 381
1 5 14
157 162 163 3 449 255 67 393 310 378 161 34 158 276
1 6 13
291 206 20 363 473 195 145 27 207 254 75 224 449
1 11 5
348 115 391 451 12
1 27 2
19 223
1 13 6
5 185 296 151 273 457
1 7 10
278 475 303 4 52 458 135 292 364 217
1 5 15
83 64 93 175 30 74 377 61 426 367 18 162 307 155 19
1 4 20
32 189 456 418 167 392 106 385 435 205 240 211 126 38 343 247 387 49 380 25
1 6 13
40 134 200 254 162 269 408 487 343 136 306 427 121
1 3 23
498 61 29 423 0 410 462 135 390 45 463 163 396 389 196 50 306 188 166 468 131 28 208
1 7 10
350 36 395 392 381 60 332 321 18 152
1 4 19
221 113 172 278 198 324 343 190 484 35 428 455 239 257 237 61 108 114 225
1 3 22
72 303 395 15 277 332 183 174 489 286 45 27 69 85 168 31 116 276 274 29 224 334
1 7 10
196 8 224 347 169 92 155 303 157 352
1 5 13
223 131 292 188 67 84 447 377 0 270 464 373 460
1 16 4
193 211 189 483
1 3 20
417 274 362 44 27 361 283 365 45 364 61 211 450 106 251 244 105 451 176 330
1 4 18
413 323 264 450 391 128 48 125 416 195 375 166 23 215 261 71 161 214
1 12 4
97 391 417 79
1 21 2
254 298
1 3 24
95 160 421 137 314 78 460 210 433 106 435 352 280 467 483 269 455 189 52 449 2 31 410 174
1 4 17
413 239 68 113 94 183 39 282 494 331 459 231 130 161 211 17 145
1 6 11
214 210 61 112 488 446 352 255 34 244 487
1 5 14
365 352 53 14 21 126 489 275 299 454 261 426 65 224
1 8 8
219 181 357 57 397 433 323 169
1 4 16
78 194 149 86 160 224 98 481 295 15 136 432 337 71 18 109
1 7 11
411 376 111 63 446 172 347 119 105 202 422
1 10 7
429 488 119 389 99 478 199
1 9 7
468 74 483 124 19 370 440
1 4 17
287 136 487 396 150 264 234 392 118 79 364 129 375 244 107 253 372
1 16 4
380 287 97 191
1 5 14
4 49 153 328 150 410 3 459 222 341 20 18 455 339
1 25 3
354 395 42
1 2 25
40 221 263 295 360 72 108 102 302 86 150 187 126 175 146 24 318 369 65 259 157 401 189 393 246
1 14 4
34 337 382 299
1 7 10
332 472 121 191 369 331 83 363 461 34
1 4 16
55 478 206 222 274 395 243 284 201 495 445 82 68 86 334 257
1 19 4
202 420 380 116
1 17 4
368 288 10 71
1 4 18
12 130 194 262 421 61 74 438 277 158 50 492 96 406 115 197 331 13
1 3 23
278 224 143 180 110 454 199 71 243 95 256 456 417 200 120 192 460 88 43 354 176 443 202
1 4 18
64 382 83 275 212 227 472 407 391 435 188 289 267 387 440 159 348 168
1 3 19
165 84 219 458 88 173 103 239 447 72 116 169 208 148 118 495 53 51 143
1 3 25
302 216 184 346 6 232 191 466 256 383 396 115 424 400 330 473 81 35 416 410 37 378 319 182 44
1 13 5
162 29 30 395 72
1 5 13
403 416 174 365 389 278 86 491 155 259 85 382 380
1 3 23
211 271 139 290 395 22 311 273 180 434 178 131 376 496 158 366 383 168 484 242 430 214 466
1 3 21
394 98 347 198 308 417 462 317 92 87 165 436 412 260 482 38 468 207 458 70 146
1 3 25
148 169 493 114 450 489 425 470 350 289 266 494 401 2 236 181 56 447 300 34 163 75 116 358 250
1 19 3
449 191 210
1 18 2
311 212
1 4 16
485 441 176 45 4 345 7 494 5 416 212 459 90 241 226 185
1 3 22
440 138 248 137 435 350 51 266 336 459 186 274 35 113 331 16 319 131 118 422 72 219
1 10 7
268 69 404 61 217 24 7
1 3 21
29 125 493 171 322 49 340 207 258 256 164 432 202 302 386 65 407 176 82 385 149
1 4 16
426 297 438 68 162 236 66 413 214 180 67 437 166 82 378 339
1 3 23
330 267 290 162 50 89 25 350 159 77 484 306 139 216 382 373 261 298 59 165 427 250 348
1 18 4
473 327 365 240
1 9 8
356 369 440 372 179 232 51 489
1 3 19
292 55 28 327 314 87 129 248 341 321 53 385 36 14 159 158 254 48 79
1 6 10
86 20 391 76 151 88 459 120 286 87
1 3 21
2 401 462 414 348 55 37 1 99 86 253 259 409 11 223 115 25 398 382 34 220
1 3 20
130 128 302 414 146 427 355 168 394 90 310 209 124 290 155 287 296 317 493 235
1 9 6
181 33 407 180 416 190
1 18 3
85 286 265
1 3 21
55 437 492 464 406 483 124 323 90 123 109 237 56 256 449 399 443 440 52 335 145
1 4 17
55 370 311 105 338 27 38 365 369 102 395 238 157 419 372 319 446
1 4 16
347 193 111 451 396 238 477 6 235 297 179 383 466 305 2 49
1 15 2
325 194
1 4 16
215 436 341 61 327 256 472 139 363 493 210 92 339 245 300 458
1 4 16
468 185 115 83 284 270 36 247 232 274 449 56 72 314 490 280
1 4 17
387 488 404 357 62 76 494 406 18 93 440 236 79 147 492 198 464
1 5 15
271 374 205 104 370 404 284 389 360 127 232 197 204 329 308
1 5 15
302 172 101 364 152 49 312 11 301 260 20 320 185 116 40
1 3 23
428 260 59 454 253 476 27 72 340 455 341 49 256 364 79 273 224 186 301 91 43 311 335
1 3 22
483 99 392 37 459 195 156 436 354 92 394 122 193 179 15 124 382 467 470 137 346 182
1 5 13
58 98 418 162 46 427 472 267 259 403 38 185 256
1 6 11
263 381 27 43 110 339 240 94 126 260 189
1 14 3
120 265 225
1 7 10
446 495 263 410 331 162 238 74 366 149
1 4 17
97 67 221 219 472 10 391 8 158 287 393 166 260 442 478 59 470
1 10 7
154 98 177 391 418 150 143
1 4 16
276 124 37 53 164 111 115 317 6 458 36 136 252 352 324 189
1 8 6
148 311 291 492 21 360
1 3 22
457 161 244 69 183 255 392 496 159 360 199 54 406 376 346 10 492 289 171 348 345 226
1 10 6
286 343 58 190 435 108
1 6 12
37 286 280 218 497 392 375 350 492 238 295 216
1 9 8
128 277 19 436 256 177 353 45
1 4 18
403 38 133 442 465 281 164 180 131 147 362 432 146 196 262 28 378 117
1 3 21
329 386 258 361 3 154 450 284 426 130 121 400 0 403 453 257 497 42 195 202 410
1 6 12
124 214 449 386 411 311 256 418 88 28 276 263
1 8 9
321 345 351 496 344 75 70 406 278
1 3 24
37 247 329 98 399 373 35 44 234 18 125 2 167 177 407 171 217 467 289 429 121 259 34 51
1 7 10
447 57 267 244 119 461 271 180 140 295
1 3 23
366 348 10 35 342 71 270 135 137 57 330 345 399 252 477 4 210 419 365 52 468 72 67
1 3 21
457 387 391 96 337 26 220 293 42 390 432 306 402 27 137 263 322 7 119 113 173
1 5 10
129 101 459 218 102 18 169 398 420 492
1 20 3
47 229 295
1 38 2
412 193
1 5 14
9 167 237 404 69 258 34 168 338 201 313 336 211 171
1 8 8
495 382 34 223 238 366 424 232
1 10 3
297 293 114
1 3 23
111 2 89 336 276 168 454 228 116 295 291 439 410 493 446 80 310 475 333 56 451 167 440
1 6 11
228 401 233 161 54 426 452 471 279 461 295
1 4 16
188 245 290 2 276 458 218 282 455 235 261 237 131 460 14 476
1 12 5
418 75 387 17 266
1 4 17
405 448 425 388 481 376 490 100 121 315 202 441 62 382 189 89 485
1 3 25
174 421 194 193 199 434 388 248 15 419 497 336 291 258 53 475 78 482 235 323 459 232 352 495 368
1 4 18
446 17 487 472 270 375 413 129 182 296 2 470 299 478 459 216 449 387
1 4 15
211 28 261 304 324 146 178 459 82 334 353 180 207 26 393
1 18 4
416 429 94 212
1 5 14
252 104 278 213 179 119 328 61 479 446 207 124 108 489
1 8 9
212 1 256 21 3 385 12 443 75
1 10 7
210 114 36 290 24 358 159
1 5 15
368 306 46 145 455 245 1 241 186 491 162 135 435 389 208
1 9 8
485 138 335 417 125 113 412 73
1 3 22
107 157 34 204 310 99 345 212 242 270 447 132 262 438 181 185 398 479 50 229 245 205
1 9 8
411 220 287 296 210 98 194 425
1 4 17
275 276 4 215 198 371 98 368 51 216 49 189 62 386 470 388 85
1 5 15
114 274 261 362 473 475 485 122 313 401 11 15 272 178 136
