500 1500 775
11 26 35 38 36 18 20 40 39 34 30 40 26 23 32 40 32 18 25 30 33 31 32 18 28 34 38 14 23 39 17 27 29 19 13 38 25 29 38 40 14 38 12 33 33 33 17 36 28 14 16 30 22 26 22 35 20 36 32 29 26 29 40 20 13 11 37 15 12 14 13 13 22 12 14 37 36 15 11 25 25 31 26 24 11 27 23 16 34 26 14 36 38 17 26 15 30 15 11 13 11 31 13 19 16 39 28 11 29 13 12 23 32 21 12 20 32 21 18 11 32 35 32 29 16 19 39 15 11 40 40 39 29 27 36 14 38 20 32 18 18 15 17 32 29 17 27 35 26 34 39 37 16 18 35 39 32 15 36 13 38 32 31 13 26 36 38 40 23 31 32 40 22 15 14 40 28 26 25 23 28 32 17 11 12 39 29 13 11 24 15 36 19 26 21 39 14 32 30 25 29 18 17 39 40 34 19 35 28 11 19 29 18 38 19 20 35 38 32 33 35 24 22 40 21 33 39 14 35 21 32 33 38 30 20 16 28 30 38 20 31 27 35 13 28 28 11 38 30 11 20 40 27 26 30 19 14 34 28 33 19 25 31 11 29 29 35 14 25 28 37 27 37 34 33 39 23 13 37 33 19 21 25 24 24 22 26 24 30 12 31 15 40 35 11 27 18 14 21 25 37 36 12 18 22 23 19 33 38 39 22 40 17 26 14 40 19 11 30 12 38 33 29 27 11 23 33 34 40 31 27 39 39 26 26 21 21 17 36 26 14 13 32 21 34 20 26 11 40 38 37 34 32 11 34 32 21 35 37 27 30 25 39 29 34 12 39 11 24 30 38 23 25 24 38 36 35 30 12 13 12 29 35 37 19 26 36 39 15 25 14 35 15 16 21 37 31 13 29 18 33 27 29 16 12 28 37 32 16 25 38 23 23 16 14 34 15 36 26 11 19 35 28 18 31 27 17 29 26 30 14 26 31 29 23 32 11 32 21 20 12 26 11 32 31 19 21 27 29 11 24 39 36 13 15 26 21 38 16 13 23 23 29 11 34 31 18 12 11 17 26 31 29 11 39 12 32 14 20 18 35 20 21 38 29 34 19 13 19 12 22 28 22 18 23 23 18 20 30 17
1 16 25 28 26 8 10 30 29 24 20 30 16 13 22 30 22 8 15 20 23 21 22 8 18 24 28 4 13 29 7 17 19 9 3 28 15 19 28 30 4 28 2 23 23 23 7 26 18 4 6 20 12 16 12 25 10 26 22 19 16 19 30 10 3 1 27 5 2 4 3 3 12 2 4 27 26 5 1 15 15 21 16 14 1 17 13 6 24 16 4 26 28 7 16 5 20 5 1 3 1 21 3 9 6 29 18 1 19 3 2 13 22 11 2 10 22 11 8 1 22 25 22 19 6 9 29 5 1 30 30 29 19 17 26 4 28 10 22 8 8 5 7 22 19 7 17 25 16 24 29 27 6 8 25 29 22 5 26 3 28 22 21 3 16 26 28 30 13 21 22 30 12 5 4 30 18 16 15 13 18 22 7 1 2 29 19 3 1 14 5 26 9 16 11 29 4 22 20 15 19 8 7 29 30 24 9 25 18 1 9 19 8 28 9 10 25 28 22 23 25 14 12 30 11 23 29 4 25 11 22 23 28 20 10 6 18 20 28 10 21 17 25 3 18 18 1 28 20 1 10 30 17 16 20 9 4 24 18 23 9 15 21 1 19 19 25 4 15 18 27 17 27 24 23 29 13 3 27 23 9 11 15 14 14 12 16 14 20 2 21 5 30 25 1 17 8 4 11 15 27 26 2 8 12 13 9 23 28 29 12 30 7 16 4 30 9 1 20 2 28 23 19 17 1 13 23 24 30 21 17 29 29 16 16 11 11 7 26 16 4 3 22 11 24 10 16 1 30 28 27 24 22 1 24 22 11 25 27 17 20 15 29 19 24 2 29 1 14 20 28 13 15 14 28 26 25 20 2 3 2 19 25 27 9 16 26 29 5 15 4 25 5 6 11 27 21 3 19 8 23 17 19 6 2 18 27 22 6 15 28 13 13 6 4 24 5 26 16 1 9 25 18 8 21 17 7 19 16 20 4 16 21 19 13 22 1 22 11 10 2 16 1 22 21 9 11 17 19 1 14 29 26 3 5 16 11 28 6 3 13 13 19 1 24 21 8 2 1 7 16 21 19 1 29 2 22 4 10 8 25 10 11 28 19 24 9 3 9 2 12 18 12 8 13 13 8 10 20 7
1 3 22
117 395 490 135 15 481 277 294 455 209 112 271 73 132 227 223 185 201 468 159 179 6
2 29 3
90 387 464
4 25 6
295 328 208 17 275 49
9 13 25
430 465 116 342 341 418 217 277 213 180 246 417 21 461 182 274 466 451 33 93 250 469 1 321 412
2 10 11
227 53 131 472 29 9 119 339 440 454 457
4 14 7
371 378 77 214 188 469 377
4 8 22
60 493 434 171 407 486 326 8 464 247 48 287 165 35 380 2 334 281 182 209 86 368
2 5 21
469 341 431 461 252 441 249 273 27 57 449 389 38 293 66 217 15 321 214 113 56
7 14 20
165 72 342 101 66 242 245 280 23 24 4 309 33 465 137 112 43 362 370 383
3 12 12
364 252 190 149 222 481 383 350 358 26 441 40
6 11 21
226 127 10 155 316 18 173 444 493 231 20 317 115 477 284 130 425 340 135 283 336
4 9 21
103 152 293 74 369 94 457 486 270 354 193 308 156 33 440 331 36 257 211 39 196
5 10 18
492 291 276 358 227 43 282 367 174 104 325 363 331 448 296 52 163 429
7 13 21
380 415 301 440 133 238 48 447 168 39 355 148 314 264 486 20 66 235 393 204 448
4 24 6
390 129 487 213 450 236
6 11 22
288 479 411 251 17 155 121 203 34 55 82 231 409 484 106 483 141 243 242 194 239 329
2 24 4
462 464 48 154
3 8 19
59 331 416 233 101 134 60 287 142 245 258 320 53 428 468 6 121 348 186
12 19 20
349 450 416 27 51 490 141 358 346 445 257 233 250 121 168 89 226 495 5 400
9 16 19
353 360 323 187 175 210 449 57 384 22 163 270 69 23 124 305 373 171 397
14 20 25
202 464 108 271 487 216 476 5 125 173 330 415 265 341 130 273 9 279 240 161 322 303 112 338 105
3 15 8
271 253 495 279 365 399 147 56
11 19 20
29 186 455 241 113 328 472 260 46 412 74 75 419 323 247 39 389 77 411 463
2 8 14
6 423 410 197 400 167 413 41 306 206 436 388 319 99
4 15 9
337 347 51 190 474 13 379 248 78
6 10 24
398 352 13 274 351 444 305 483 415 60 40 490 130 325 16 271 401 197 106 322 165 42 343 326
6 12 17
213 485 314 145 458 445 387 433 187 351 214 140 263 42 499 336 69
2 13 8
375 377 92 63 52 190 123 47
4 8 22
66 125 49 29 172 377 102 155 79 266 265 332 485 72 286 105 448 313 233 122 392 242
11 20 20
496 456 83 465 189 191 309 148 482 129 444 415 185 12 10 431 78 362 98 9
1 32 2
41 425
1 29 2
39 493
7 19 15
25 83 387 405 354 356 227 173 125 175 218 4 289 151 464
5 9 24
137 24 378 420 355 64 307 31 57 247 422 246 289 462 351 192 61 72 155 248 452 8 163 59
1 23 2
423 208
6 22 9
137 269 91 476 473 144 445 415 426
2 4 23
233 498 430 238 261 463 30 269 214 38 249 462 344 420 208 418 497 316 489 394 236 385 443
3 5 25
198 162 498 468 238 254 433 208 359 326 26 467 211 214 140 44 244 310 42 50 420 14 341 176 67
1 3 22
280 307 295 94 276 59 124 462 246 226 365 97 219 32 423 446 118 117 340 334 5 488
8 13 20
12 28 289 192 369 54 113 48 379 284 419 116 157 236 386 219 72 83 22 114
5 15 14
443 408 263 50 423 473 136 194 232 364 372 318 26 52
5 10 22
483 419 98 205 471 147 69 233 25 109 206 182 99 338 86 119 313 74 480 3 362 414
7 13 20
75 377 253 69 165 418 227 368 170 299 275 490 96 142 454 172 196 197 337 302
9 14 22
324 207 179 105 255 212 156 461 473 141 170 494 114 440 334 136 332 87 127 197 489 120
9 21 15
407 231 323 452 5 95 437 111 409 26 9 85 394 329 334
8 12 25
402 469 31 317 322 354 363 121 243 431 101 351 54 311 408 154 249 349 58 380 220 396 443 84 323
6 13 16
41 449 477 339 487 201 242 482 329 183 86 481 168 464 140 169
7 11 25
244 138 62 73 351 231 486 66 368 275 455 484 281 312 210 456 206 47 287 494 59 35 190 310 82
1 6 10
181 404 57 138 440 5 377 462 343 428
10 16 23
45 449 160 295 436 390 153 119 419 329 396 254 496 158 195 102 481 70 410 351 55 317 90
6 15 15
102 13 323 383 10 308 74 66 46 98 139 280 101 56 12
8 14 17
439 389 285 114 255 290 271 104 380 170 306 379 151 438 193 72 244
1 11 6
347 392 288 441 140 410
5 11 20
226 237 455 435 135 489 292 248 326 168 459 370 467 389 259 289 361 328 179 56
9 20 18
6 41 223 58 217 157 130 173 52 422 476 375 321 175 267 324 364 489
4 7 25
339 431 168 165 101 241 488 158 66 88 382 53 109 173 221 137 391 231 427 409 218 328 440 4 37
14 19 21
217 80 17 94 437 384 256 1 493 355 139 9 272 20 402 287 404 408 454 367 42
7 18 15
270 417 334 292 12 111 117 315 482 423 220 102 196 434 29
1 16 2
46 152
3 6 22
51 443 363 236 129 419 311 91 388 381 32 234 359 433 397 244 338 36 154 42 127 115
13 17 24
137 304 269 293 295 32 263 397 41 17 36 111 426 472 101 117 216 276 341 346 278 478 153 254
15 22 24
485 4 268 285 139 91 196 400 192 46 370 374 155 274 354 300 264 0 377 350 241 415 220 392
6 19 10
170 63 453 235 78 150 383 363 393 168
5 11 17
144 295 235 257 379 414 336 363 135 205 114 146 35 318 365 404 458
7 20 14
366 270 380 18 371 228 191 66 227 181 92 118 31 405
9 16 21
100 225 26 190 445 367 27 362 247 133 12 215 481 171 164 137 363 38 172 119 257
6 11 19
66 473 39 248 67 132 393 199 440 84 324 264 253 186 356 461 96 17 371
1 17 4
122 442 301 390
2 4 24
329 378 495 318 313 128 71 259 170 341 264 16 116 412 480 330 223 294 457 33 452 366 96 5
8 17 18
364 353 206 321 324 300 193 138 401 336 398 292 211 230 228 485 298 395
4 13 14
142 403 32 408 137 345 139 290 285 43 476 29 223 328
13 17 22
141 209 86 382 480 314 282 404 481 142 213 104 194 360 347 12 393 378 395 97 441 82
6 14 15
388 158 391 475 108 110 461 261 228 269 141 276 285 14 135
7 13 21
489 341 415 69 82 109 451 303 73 48 277 86 429 107 405 350 190 373 261 223 366
2 20 3
493 446 13
5 14 11
162 36 49 123 286 397 52 290 298 46 118
10 21 18
213 305 410 374 79 497 121 471 279 244 433 308 468 178 66 102 362 76
1 36 2
328 407
6 17 14
250 369 404 328 204 465 389 165 435 200 240 86 417 371
2 14 7
360 202 277 370 357 13 419
6 14 14
68 405 100 211 285 284 189 490 8 39 179 319 46 187
6 15 10
173 430 314 287 438 68 377 387 196 477
1 3 23
361 39 293 350 178 16 158 371 106 278 177 11 252 356 448 246 258 131 12 228 194 339 342
1 11 6
248 285 442 389 473 338
8 17 17
256 372 435 144 59 168 12 415 154 376 266 491 462 404 76 380 489
5 20 9
481 321 132 124 266 387 187 361 466
6 10 25
404 99 179 191 190 459 240 390 63 96 25 397 380 412 247 136 499 207 440 186 184 369 222 320 84
7 13 20
305 284 492 184 467 128 317 102 115 381 288 282 82 255 274 56 26 400 11 315
2 13 8
251 228 266 314 212 111 382 286
1 3 22
59 155 29 247 444 453 439 192 164 291 463 492 27 177 202 134 383 107 472 438 26 345
10 15 25
211 182 470 456 88 410 275 76 351 210 0 186 460 260 173 13 184 486 421 66 2 96 175 333 284
11 16 17
5 81 249 172 373 118 16 341 340 258 477 463 196 289 395 408 402
5 9 22
297 466 456 261 418 452 159 115 408 416 96 126 219 396 123 457 273 14 353 310 73 188
2 14 5
268 324 492 393 401
1 9 8
53 108 82 356 28 118 457 203
3 6 23
499 34 255 376 221 68 122 90 461 465 264 400 355 164 338 112 415 215 236 383 377 370 490
1 11 6
202 264 236 256 242 4
2 9 11
383 404 256 372 369 376 14 364 318 480 492
15 18 25
319 434 89 389 397 407 312 335 489 484 251 25 473 6 112 476 470 173 268 115 305 223 260 314 62
6 17 13
228 105 225 368 159 398 240 24 367 470 496 489 234
4 7 25
314 493 437 320 406 139 5 29 92 106 397 414 47 146 403 114 196 51 160 411 193 49 269 165 378
4 20 7
323 215 424 50 432 498 456
2 30 3
81 276 66
8 13 23
437 440 142 124 84 391 114 255 115 257 466 190 362 438 448 486 226 402 324 179 185 56 435
5 14 15
171 167 122 297 495 293 119 348 449 288 239 18 9 314 144
7 18 15
8 377 457 108 302 105 392 455 318 312 367 460 171 92 83
5 12 15
436 416 258 377 146 227 242 262 335 363 378 469 127 313 42
8 13 22
19 361 368 428 116 154 56 439 436 250 326 252 123 92 447 372 187 354 14 4 411 257
4 21 6
436 475 389 105 115 262
1 4 17
145 217 211 242 357 429 479 293 247 454 309 159 156 385 384 310 340
2 6 17
490 274 89 198 321 20 147 226 187 496 409 131 243 239 436 430 270
4 12 14
487 289 399 321 201 323 332 325 476 191 66 137 233 156
9 15 21
231 123 153 148 442 444 411 173 137 193 27 38 242 47 185 85 221 493 76 268 388
1 8 6
304 142 439 172 405 492
2 18 6
166 167 352 369 210 224
2 7 15
266 289 131 324 115 384 368 57 222 187 355 161 139 373 41
1 21 3
271 434 232
8 14 20
4 255 328 445 44 180 214 294 63 124 271 447 186 211 248 146 410 164 235 499
1 5 12
390 236 4 442 376 214 438 312 296 114 100 141
1 9 7
314 265 306 125 477 383 74
1 8 9
256 211 154 91 71 158 371 491 104
1 28 2
136 280
8 14 16
88 347 277 460 57 62 367 179 413 302 489 49 439 234 84 53
7 12 24
131 293 21 237 495 272 149 366 394 179 426 220 144 494 213 395 120 452 477 188 448 478 434 299
1 6 12
173 418 250 8 88 183 282 73 442 409 221 16
4 21 7
123 141 86 60 175 347 462
13 18 25
342 225 412 70 198 44 382 477 235 135 153 216 119 318 169 49 375 74 151 478 194 104 308 10 21
14 19 25
129 422 295 147 200 138 192 36 140 433 115 447 76 392 65 72 494 29 89 423 131 478 402 155 84
6 12 19
135 111 274 167 154 179 32 430 193 46 124 291 457 449 140 468 70 27 307
3 11 13
260 169 483 286 292 2 375 264 231 408 216 470 484
2 10 10
65 413 232 261 148 90 155 107 453 482
9 16 21
288 404 395 76 483 64 117 287 7 182 408 269 43 410 154 57 102 141 282 430 440
6 11 18
415 409 30 12 380 72 256 367 24 450 84 373 103 108 122 433 290 436
1 17 4
367 382 47 20
6 17 13
340 251 346 432 155 90 260 194 32 323 64 226 277
6 21 10
141 261 262 206 393 79 386 421 211 16
2 13 6
53 405 373 289 325 343
14 19 22
432 306 394 436 379 24 258 90 249 85 70 299 149 497 45 269 327 268 406 329 248 42
11 20 18
117 72 270 304 38 160 231 229 379 498 21 119 425 108 125 311 148 473
7 21 12
472 427 210 15 280 218 164 407 334 81 281 149
9 15 21
80 177 336 463 383 375 109 164 43 334 271 247 205 469 411 264 92 179 324 100 12
11 21 19
495 198 19 216 136 149 138 115 313 47 412 159 82 485 476 481 14 348 347
7 19 12
216 214 335 372 71 403 240 290 272 312 97 321
2 12 7
306 52 144 490 456 281 480
7 20 13
25 37 110 62 22 345 200 91 34 227 333 220 27
11 19 20
29 185 134 58 439 151 408 50 217 166 420 264 305 319 133 74 325 181 241 399
8 12 21
393 451 461 141 137 360 13 246 466 48 300 250 368 296 369 67 107 319 420 215 381
4 13 8
244 202 411 201 459 182 496 419
10 18 18
340 337 89 154 164 437 436 49 93 457 55 110 408 371 444 207 396 372
1 3 24
322 494 152 1 156 157 461 499 84 299 346 134 93 238 194 27 469 176 37 283 449 290 74 95
8 21 12
301 100 425 163 420 389 241 90 240 322 43 288
1 3 22
204 222 347 276 22 157 112 286 165 235 92 252 98 12 223 108 111 104 239 5 206 83
3 13 11
3 371 165 8 483 291 207 72 157 60 245
2 19 6
232 128 67 270 416 292
10 15 24
462 147 244 222 201 270 11 12 119 224 65 265 380 337 66 26 16 234 441 291 242 368 471 181
1 8 9
229 192 220 150 257 438 102 168 385
4 7 24
57 116 108 387 481 480 253 22 215 317 497 360 302 396 41 425 142 19 344 461 33 133 4 337
3 15 8
82 497 230 135 462 426 397 92
7 15 16
14 157 311 303 86 264 423 74 284 18 262 323 270 499 413 493
1 5 13
286 367 492 472 321 257 97 299 386 94 332 193 76
3 14 10
55 269 246 231 448 219 344 241 197 204
3 19 6
445 197 392 415 85 117
5 12 13
89 461 486 78 332 416 473 478 72 440 215 1 74
5 8 25
369 379 139 404 153 476 213 385 458 23 62 415 229 493 15 382 420 102 124 225 390 356 327 397 72
2 27 3
19 173 57
8 14 21
245 199 487 49 387 360 108 462 391 372 26 17 80 275 353 145 86 213 156 123 486
3 7 21
498 241 245 270 177 495 108 226 292 424 175 394 258 136 218 397 107 451 266 14 336
2 5 20
87 252 290 319 33 352 4 391 295 142 469 256 442 293 318 24 328 438 36 439
5 15 11
244 202 49 21 402 342 127 368 236 33 164
4 7 23
478 245 131 390 141 119 265 125 107 343 472 111 333 249 423 300 169 309 278 467 80 30 281
9 14 24
490 246 209 236 421 41 57 386 38 498 474 252 357 369 463 131 497 493 414 85 188 234 271 479
2 25 4
457 428 337 366
5 10 19
133 314 460 237 157 29 425 115 96 494 74 312 236 289 364 474 6 119 99
7 20 11
295 240 481 127 62 273 297 488 118 211 304
2 19 5
416 464 383 440 491
7 18 11
193 157 230 168 153 425 469 313 101 46 490
5 16 12
132 230 57 42 344 243 126 318 336 359 212 411
2 9 11
440 176 38 371 162 90 71 344 49 307 128
6 17 9
240 409 497 413 194 339 473 302 493
4 7 24
364 426 499 423 316 112 491 71 483 317 347 59 167 249 262 471 391 62 314 439 191 19 432 93
2 6 17
392 443 9 441 425 160 124 397 126 472 252 87 415 320 391 270 224
1 6 12
409 455 330 250 437 391 347 297 213 159 439 348
6 19 9
39 341 419 265 122 450 194 65 408
3 24 6
307 154 284 292 102 191
1 14 4
231 17 325 64
3 12 12
370 465 276 456 254 195 50 331 117 312 369 239
11 18 22
79 159 101 287 386 400 124 490 406 315 120 27 198 234 411 216 256 51 447 38 107 108
6 17 14
436 370 300 56 181 114 379 91 235 398 338 444 157 486
6 12 18
71 61 187 72 413 85 386 47 190 359 253 31 453 388 466 213 263 64
2 9 12
181 38 423 160 252 96 262 340 197 359 271 392
1 9 7
152 220 403 344 106 473 491
6 21 10
27 31 71 175 60 407 224 100 181 257
1 14 4
52 70 151 281
6 13 17
152 486 218 495 296 396 275 455 263 6 410 307 34 333 339 466 174
1 4 16
431 260 42 465 300 67 66 340 354 358 215 191 150 106 217 32
1 19 3
231 450 378
1 4 17
138 276 97 353 153 61 22 268 476 169 106 445 168 362 213 278 307
1 23 3
105 51 466
16 18 24
143 445 99 236 109 316 127 459 177 326 466 436 152 207 306 24 409 180 371 138 333 273 153 176
8 13 24
321 338 41 16 30 481 378 185 107 217 87 318 290 200 267 476 256 347 310 356 384 353 312 155
7 14 19
426 66 21 452 289 451 262 17 42 256 284 239 254 20 200 450 457 174 201
1 19 4
310 38 131 479
6 11 21
398 222 115 397 20 246 175 365 113 446 475 463 432 138 149 192 489 417 119 494 355
1 7 10
331 231 15 264 372 98 438 83 289 422
12 20 22
236 211 102 469 76 34 451 167 85 332 109 266 30 169 418 174 7 265 117 130 271 420
3 9 16
344 69 252 446 33 100 23 300 146 388 447 155 398 204 55 269
1 23 2
149 109
1 8 9
494 51 344 462 112 269 174 132 195
4 13 13
18 205 120 103 246 72 398 427 66 371 471 67 366
2 5 20
192 186 380 443 472 110 72 421 247 169 199 92 42 273 166 43 474 346 45 117
1 18 2
477 285
3 18 8
107 370 85 353 279 167 220 363
10 15 24
17 63 390 269 446 229 477 103 315 124 123 469 460 151 257 4 282 3 185 116 99 479 222 312
4 9 21
242 47 431 41 58 475 86 150 307 454 170 397 252 98 296 326 225 28 226 408 349
7 16 13
403 408 496 61 182 330 271 252 423 347 342 41 440
9 20 15
136 244 434 400 85 79 346 219 246 447 45 296 152 328 378
2 22 5
391 406 309 271 290
6 20 10
316 360 432 46 473 300 153 59 350 49
4 19 7
240 409 207 367 245 135 98
1 7 10
451 268 217 161 454 114 2 146 56 289
3 17 8
268 464 171 310 81 5 160 133
6 10 25
428 296 36 56 95 58 131 316 253 297 228 205 204 448 348 38 93 493 496 264 352 481 167 99 152
6 15 14
43 461 46 392 222 314 310 422 83 37 26 321 483 157
11 21 17
83 296 305 275 181 494 386 370 268 341 168 252 23 94 332 401 398
6 17 13
290 408 320 376 373 161 363 33 346 443 499 456 397
4 7 25
406 64 376 387 102 396 365 192 332 91 403 125 222 458 166 204 241 58 345 74 50 433 428 97 98
1 7 9
34 347 44 345 470 35 496 262 218
12 20 19
236 451 112 326 438 487 472 229 168 184 435 118 2 488 486 454 311 106 202
15 18 25
63 343 442 394 199 440 7 52 269 290 259 108 294 439 327 465 379 268 264 399 229 261 102 191 226
8 25 12
190 354 435 57 292 279 242 192 386 166 13 40
3 11 13
154 131 412 452 106 118 38 187 454 156 482 162 180
1 4 16
71 399 359 253 48 438 171 226 254 256 247 344 109 495 65 196
11 15 23
34 435 261 401 68 19 179 424 416 306 364 488 94 441 37 486 252 119 139 134 295 1 212
1 12 5
99 190 12 4 79
1 26 2
427 461
8 15 20
252 12 190 197 83 451 384 317 8 186 465 333 294 280 161 84 169 417 351 376
2 17 6
166 288 452 161 479 63
4 21 7
310 388 57 220 165 490 113
6 10 25
371 349 22 311 310 35 209 91 464 390 355 2 312 277 481 496 240 68 180 197 410 463 150 453 250
1 15 5
405 352 62 376 240
2 22 5
185 88 459 275 83
5 12 15
154 356 436 278 97 239 104 318 101 189 461 412 250 341 456
7 11 24
400 225 429 208 205 305 16 315 10 489 75 296 136 303 99 361 481 299 224 469 391 57 259 310
2 12 7
271 164 401 258 224 403 200
10 23 15
88 258 296 231 402 81 450 260 75 306 437 123 400 238 420
5 17 10
461 116 16 424 456 241 412 298 430 381
5 11 16
443 191 50 308 250 482 389 467 98 141 346 146 157 373 37 67
6 11 23
437 6 11 205 245 362 140 274 121 191 499 431 439 358 467 111 221 302 311 453 349 188 390
11 15 20
196 82 341 473 102 324 33 116 74 101 17 0 390 55 112 463 59 60 373 224
2 23 4
33 113 232 242
1 4 18
63 240 124 376 485 491 203 470 475 362 494 452 447 453 377 497 81 326
2 5 22
49 198 359 481 368 382 295 79 484 164 87 191 376 328 200 214 397 377 4 38 225 110
6 13 19
21 160 39 435 225 446 379 276 382 452 13 273 412 208 403 130 43 150 216
11 16 24
226 201 317 459 277 169 485 115 337 259 36 483 72 35 428 43 357 359 195 296 90 464 339 438
3 11 13
2 325 171 391 297 215 38 36 229 247 6 80 296
4 20 7
68 482 172 486 198 130 396
3 7 19
384 406 44 116 236 415 484 291 421 267 275 193 189 300 389 257 25 347 109
7 19 13
422 171 282 51 188 390 122 375 81 384 211 299 77
14 18 24
451 168 159 226 17 146 376 6 229 135 102 260 25 241 380 425 165 388 279 68 419 423 174 4
8 18 12
363 286 43 110 229 135 118 459 137 468 180 360
2 11 9
386 379 299 274 349 12 367 52 279
12 20 18
17 256 338 245 362 466 250 28 234 66 193 93 272 488 38 73 120 63
9 20 17
116 198 216 308 451 362 469 107 460 453 329 482 70 269 296 105 311
11 19 18
296 77 475 1 453 314 195 222 432 451 305 193 405 426 242 479 154 230
8 18 13
417 132 476 188 243 170 340 458 125 146 19 34 201
6 26 9
247 197 14 25 443 357 46 386 458
3 10 15
57 424 66 183 233 217 336 452 126 37 197 144 302 408 220
1 24 3
197 129 427
10 18 19
21 256 114 85 426 353 226 160 146 181 219 153 201 367 394 207 121 136 49
1 20 3
307 37 340
3 12 10
145 245 268 333 285 321 431 444 75 252
8 14 23
172 76 347 9 284 344 216 62 197 307 359 301 131 420 223 342 397 155 147 236 229 469 326
6 11 24
48 4 129 408 175 292 224 208 27 435 43 327 232 139 436 13 21 62 399 101 366 447 395 349
1 5 13
399 128 38 370 343 295 356 466 28 255 229 253 32
1 8 9
118 491 240 202 365 314 158 182 232
9 14 19
214 399 246 360 415 83 439 428 359 87 323 192 481 285 47 496 392 69 256
1 5 14
226 150 59 434 146 367 182 43 322 113 456 269 80 81
2 4 25
246 408 168 37 157 326 175 405 278 266 348 381 332 217 179 209 291 97 240 289 194 138 350 245 358
11 21 19
4 292 109 315 361 415 68 86 472 223 262 208 242 412 261 77 62 384 197
2 10 10
95 430 453 254 362 479 118 402 265 136
12 20 18
257 481 402 429 123 17 63 114 198 174 159 12 9 234 227 329 435 295
6 10 25
83 245 141 27 290 28 50 269 111 29 340 334 39 206 309 315 437 232 80 58 74 373 222 451 246
5 14 14
331 169 51 352 203 376 436 237 408 346 347 285 316 440
5 17 10
458 192 156 264 467 419 170 451 172 0
1 4 19
167 457 334 465 249 91 265 365 360 473 158 307 226 432 270 326 175 240 283
7 21 12
72 32 164 199 207 226 350 450 436 353 278 244
1 22 3
369 349 356
12 19 23
3 248 343 159 446 234 106 382 433 251 79 25 431 170 121 177 147 416 357 387 46 351 136
4 8 20
194 109 106 214 310 139 34 420 274 61 364 111 70 465 431 213 67 53 488 18
2 11 7
264 109 306 6 180 34 115
1 20 2
0 198
2 20 5
402 52 275 256 191
2 29 3
387 390 88
10 20 16
89 360 19 393 363 205 194 423 416 298 370 477 372 216 121 90
8 17 17
205 86 201 30 264 292 499 341 186 483 225 79 379 87 124 387 63
5 12 17
346 22 148 335 483 292 327 319 161 378 202 134 130 73 14 425 442
8 20 13
299 205 121 282 479 103 95 104 35 220 305 186 140
1 10 3
174 23 489
3 7 21
44 287 489 78 92 251 216 25 454 87 321 245 353 229 120 191 95 205 430 314 440
4 20 7
106 153 474 17 149 70 470
3 6 23
139 332 137 105 260 124 150 411 459 420 35 315 161 229 269 428 190 49 61 410 377 180 227
10 13 25
75 100 153 222 405 336 84 359 94 327 427 72 455 306 244 23 166 430 154 432 208 298 59 53 368
11 19 18
479 237 122 170 474 127 148 93 40 36 26 235 20 85 172 249 338 206
2 11 9
136 494 324 143 16 452 114 246 225
3 18 6
26 372 316 63 6 369
6 13 18
18 256 486 309 246 90 80 376 324 466 19 366 375 342 320 174 385 296
15 21 24
49 385 491 152 182 115 285 53 108 490 31 131 26 237 261 301 121 413 119 349 387 358 419 11
1 22 2
389 260
15 20 23
355 406 396 495 374 196 86 360 146 469 270 191 208 184 496 343 229 3 286 137 40 172 58
1 4 19
133 300 285 477 337 349 323 60 493 344 272 351 366 401 296 142 46 281 159
15 19 25
189 89 118 253 386 173 312 410 389 473 453 223 114 273 461 465 44 246 259 161 446 134 294 64 95
6 10 25
359 312 160 52 21 321 211 342 197 404 491 192 395 350 69 233 41 420 236 134 268 337 326 496 257
8 19 13
290 85 484 22 94 302 291 110 304 181 182 494 208
2 11 5
1 458 378 152 145
10 22 15
55 20 431 100 239 313 270 493 157 476 77 251 302 354 126
3 9 15
158 336 465 386 34 82 125 120 11 499 172 16 60 192 187
2 15 3
319 250 135
3 13 11
145 227 29 494 118 275 320 159 63 423 134
3 11 14
76 200 171 65 198 432 289 243 275 54 12 348 116 90
4 14 12
163 266 25 409 481 332 337 268 492 291 235 3
13 20 21
340 357 246 234 417 262 123 216 38 353 249 172 146 77 218 491 401 309 335 319 454
5 18 9
181 478 493 418 104 431 246 256 171
2 20 4
120 93 164 461
5 17 10
91 63 74 339 284 187 100 317 253 136
12 18 21
140 126 135 159 318 155 434 30 467 40 151 197 366 170 419 86 299 174 180 493 133
12 21 19
267 326 430 1 471 435 166 112 169 463 376 141 252 316 257 197 498 377 221
3 17 5
89 300 390 365 302
7 22 11
487 3 211 96 29 80 379 52 458 146 417
2 7 16
472 357 92 4 100 15 109 287 200 268 156 30 44 406 324 137
6 12 20
288 315 43 0 28 122 359 492 277 16 264 167 213 448 466 119 389 399 165 98
6 14 13
227 38 473 319 152 15 145 212 163 404 273 353 234
8 13 22
103 18 207 265 465 213 85 413 240 347 89 446 88 55 423 449 215 345 154 162 51 340
8 18 17
312 246 175 282 122 181 371 377 176 158 398 387 396 245 375 103 309
11 20 17
304 13 12 494 360 268 147 401 482 464 451 483 260 16 141 23 187
5 20 9
19 46 135 470 175 142 120 341 417
2 20 5
427 421 200 101 151
16 22 24
286 80 134 167 29 58 208 140 281 235 14 366 169 112 193 183 86 74 430 203 280 455 371 15
8 21 14
31 14 453 117 195 384 11 83 24 205 489 163 301 8
2 7 15
148 95 175 489 404 365 227 192 240 206 83 228 285 77 22
8 12 25
89 29 23 36 279 335 83 451 107 293 165 248 215 434 103 263 1 34 26 86 333 322 127 472 255
12 17 25
499 419 355 366 209 46 309 422 33 156 221 464 114 383 202 445 206 379 176 279 57 150 182 277 421
9 15 21
319 49 261 485 410 375 51 5 63 358 398 132 21 58 156 113 279 74 481 477 361
5 9 23
33 85 393 314 401 377 216 120 359 179 399 86 308 490 366 135 328 126 463 296 361 268 338
2 6 17
499 411 456 363 475 427 214 395 12 255 379 39 413 81 196 186 407
6 21 9
14 389 344 295 286 210 431 324 450
14 19 22
70 342 135 130 237 114 431 278 146 78 201 224 493 487 360 147 184 468 280 185 23 132
4 9 18
408 265 44 372 398 491 177 419 307 475 309 16 388 404 39 86 179 32
7 15 15
321 196 139 418 103 132 322 281 231 487 350 135 466 250 396
1 13 3
110 441 297
14 22 21
154 381 341 173 128 422 480 29 55 174 19 438 51 329 148 4 22 240 188 415 325
3 7 20
354 420 129 63 324 51 364 199 99 336 390 127 73 191 68 222 313 72 274 423
1 19 3
90 261 22
1 8 4
494 263 42 0
8 16 20
205 355 345 62 378 89 47 370 125 185 445 207 83 485 244 118 176 388 7 12
7 23 11
307 229 338 341 146 443 342 247 170 355 127
12 17 25
193 222 138 352 477 362 390 325 497 55 173 420 53 248 130 315 401 425 107 242 206 439 417 108 251
5 11 19
84 53 198 243 396 23 80 365 101 156 214 363 185 410 86 165 435 8 294
4 18 9
303 132 288 436 195 162 222 63 75
1 8 9
121 405 308 324 251 245 196 141 461
8 17 18
220 463 477 102 198 199 22 427 201 285 480 92 340 332 153 113 483 498
1 5 13
11 152 104 293 265 249 53 442 10 27 379 388 134
14 21 23
334 474 345 265 203 390 456 278 241 227 150 480 130 455 404 426 420 347 160 328 452 190 18
10 17 16
2 248 420 282 52 222 239 63 215 397 1 10 190 345 115 264
4 20 8
158 30 155 4 132 319 209 441
1 9 4
188 42 287 183
4 19 8
289 468 10 358 156 445 51 178
1 16 4
5 446 25 435
10 18 20
332 399 193 55 442 53 251 422 65 259 344 396 45 190 16 385 25 481 437 379
2 23 4
52 61 360 207
5 9 22
287 487 78 389 57 366 241 493 428 17 219 120 140 85 394 285 25 280 132 471 95 225
9 14 25
198 462 30 206 348 315 189 238 430 395 276 467 86 78 54 96 151 418 130 423 40 401 150 272 307
15 18 23
161 329 142 211 217 388 111 493 192 455 140 117 127 351 90 100 236 41 144 243 5 40 99
3 14 9
175 125 372 222 328 409 442 40 345
5 13 16
329 104 89 11 48 142 77 211 269 42 72 121 134 308 179 290
2 8 13
263 318 163 248 268 392 282 16 232 307 177 350 443
6 19 10
48 184 5 462 345 359 148 417 282 368
2 9 11
177 124 234 471 114 223 301 363 341 224 491
7 12 23
0 459 207 239 125 311 362 418 142 305 14 152 253 248 436 396 132 167 256 246 78 147 11
3 11 13
460 356 325 120 397 467 286 487 7 309 159 68 207
9 14 23
87 211 372 28 482 358 288 27 249 346 103 223 315 441 289 59 96 139 309 281 458 287 192
7 15 16
393 203 263 103 73 37 430 0 99 428 372 476 390 170 358 310
5 18 10
229 235 159 81 72 481 189 237 364 15
2 23 3
152 265 283
4 20 6
325 162 282 468 287 496
11 20 18
179 88 261 326 495 328 255 123 418 159 456 271 35 465 343 485 99 438
6 10 23
388 360 194 481 474 341 183 348 351 159 157 306 220 359 325 469 401 143 329 432 344 327 459
1 9 8
126 441 315 458 197 357 370 460
4 7 24
178 301 134 177 7 71 316 395 280 34 189 309 91 190 154 415 131 405 144 394 419 63 429 152
16 18 25
169 137 107 314 97 125 329 480 225 86 18 292 111 102 74 384 367 486 104 405 176 461 92 309 404
5 16 13
494 22 150 46 45 293 389 121 225 235 278 445 164
3 13 11
416 95 327 469 383 171 314 317 470 374 462
5 8 25
51 434 110 373 88 46 174 36 338 176 242 376 65 24 489 226 185 284 151 493 211 449 116 427 193
3 9 16
107 387 35 483 48 453 238 146 431 478 104 263 135 417 401 163
6 10 20
37 436 71 63 401 186 362 403 77 356 499 305 319 267 488 120 84 157 192 420
7 14 17
378 459 244 9 220 341 103 140 16 442 61 455 10 453 26 201 1
4 15 11
441 58 159 276 75 135 394 194 83 483 4
8 19 13
63 119 31 497 39 464 159 487 306 347 209 386 8
1 3 21
26 250 257 120 315 220 473 384 163 425 388 66 264 183 350 345 249 37 319 416 165
1 18 4
131 487 25 494
4 8 21
327 80 173 263 350 16 332 304 5 293 0 269 172 195 267 229 476 113 49 53 160
6 16 13
394 294 72 334 447 223 71 138 203 24 100 489 172
1 4 18
214 266 146 5 163 44 92 409 233 438 260 275 436 88 477 498 195 295
13 19 22
470 372 64 375 453 184 360 48 193 422 326 24 419 67 252 335 249 303 308 429 407 156
2 4 23
273 71 158 343 2 149 110 249 376 144 86 247 411 356 121 19 81 150 222 405 418 346 299
5 15 14
375 272 480 94 121 367 465 443 294 145 93 15 293 370
4 11 16
55 225 253 377 13 134 41 133 205 400 383 48 492 413 388 227
3 14 8
268 196 253 146 121 168 496 455
8 15 19
28 463 111 220 379 439 334 232 231 189 365 26 80 67 272 393 132 162 25
2 8 13
392 451 394 117 42 389 486 460 168 431 304 8 445
11 19 22
173 249 346 172 91 0 181 218 251 193 470 372 31 195 319 191 332 150 130 151 211 197
2 24 3
106 494 111
5 22 8
139 144 476 416 91 82 396 299
8 17 17
297 32 397 360 15 247 17 69 430 2 348 118 324 319 111 456 35
1 25 3
334 151 387
1 19 2
146 65
1 11 7
80 398 262 370 167 48 163
7 18 14
478 433 176 260 76 463 24 171 396 70 426 95 448 126
5 9 25
228 403 95 221 155 131 368 471 443 365 271 446 104 100 119 385 386 301 56 63 419 3 207 136 427
2 18 5
330 146 486 350 498
9 22 15
181 119 251 240 171 188 311 89 480 186 338 492 118 465 254
12 19 19
307 481 101 137 145 392 239 458 331 77 470 471 250 255 334 220 273 419 448
4 8 23
343 210 80 220 4 24 379 128 436 55 169 352 69 130 175 90 358 360 113 370 148 387 258
3 11 12
142 456 138 388 249 369 114 147 263 357 482 201
4 20 8
39 27 133 492 43 367 440 217
1 15 4
23 399 273 108
2 6 17
73 393 7 327 9 344 96 14 406 237 284 366 159 57 340 451 45
1 17 4
369 175 475 408
3 10 14
383 61 388 230 415 487 491 131 392 174 110 256 236 11
1 7 9
324 214 250 436 156 79 344 227 452
11 21 18
90 28 311 475 101 296 370 31 366 30 199 225 150 118 387 287 144 89
13 19 23
305 360 358 132 306 126 407 361 48 169 197 1 261 149 127 483 381 339 258 97 13 491 228
2 6 17
209 249 386 413 341 294 99 459 116 453 461 494 282 336 346 121 363
8 13 22
138 201 413 60 445 265 66 75 219 4 466 53 463 378 193 161 306 372 319 180 206 108
11 16 24
77 11 312 302 457 104 427 483 387 288 112 398 479 406 318 144 324 403 464 377 296 243 360 411
1 8 4
69 453 459 118
6 14 15
75 88 59 458 401 248 448 45 494 264 462 442 141 444 95
10 15 21
378 191 334 19 389 265 473 97 411 7 310 324 427 235 463 163 374 68 294 170 341
8 19 15
57 47 183 74 270 292 174 396 297 445 316 223 364 285 115
3 12 11
326 151 231 53 488 459 52 156 276 135 37
12 18 25
160 131 13 259 144 44 421 477 268 234 352 76 457 317 436 155 360 454 86 309 162 205 236 333 151
1 7 10
417 294 225 374 255 483 67 473 198 11
4 24 7
311 146 213 354 285 206 484
5 12 19
379 412 140 105 59 332 64 39 368 119 120 362 418 61 148 308 349 152 377
4 14 11
271 334 135 318 218 67 159 73 395 262 347
1 21 2
440 101
1 4 17
383 447 345 75 442 235 459 293 211 438 261 271 344 62 262 170 444
7 20 12
305 198 239 203 62 323 192 98 138 356 306 259
4 20 8
162 211 64 292 110 344 101 40
2 23 5
203 486 292 350 458
5 14 14
294 90 56 182 471 198 300 306 113 451 427 497 82 435
1 4 18
279 179 18 27 323 371 291 222 95 434 264 85 186 14 223 499 87 286
5 12 17
204 279 323 199 330 87 112 234 287 391 98 202 377 308 66 284 480
4 15 11
271 335 260 377 25 167 10 460 449 11 86
3 10 14
412 332 363 433 44 370 471 279 314 353 464 398 88 115
1 6 13
358 475 59 203 109 30 311 21 6 170 396 377 489
2 27 3
287 472 236
7 16 13
460 458 118 133 85 497 175 191 353 235 139 34 97
1 26 2
395 97
3 16 8
91 165 74 364 402 206 379 441
9 18 19
216 389 266 453 97 344 164 487 184 364 244 452 384 271 290 275 424 131 445
1 20 3
290 21 316
2 16 5
18 360 261 481 114
2 8 14
449 185 456 460 404 305 144 125 315 47 375 304 30 179
2 5 20
422 395 193 347 425 405 375 114 140 251 318 199 214 77 94 410 62 449 44 206
5 23 8
33 280 364 220 328 422 67 198
1 12 6
26 211 461 88 125 475
5 12 18
405 350 267 66 172 185 395 17 85 304 26 315 12 283 490 158 62 147
14 21 21
435 60 414 216 86 240 441 98 94 154 38 241 188 170 135 239 4 260 149 388 330
1 3 20
383 449 339 416 305 51 86 39 151 17 486 153 445 222 244 81 234 360 349 228
6 12 19
143 291 415 25 431 171 114 244 384 488 136 405 281 346 310 399 188 439 35
3 7 18
353 434 23 249 470 391 106 421 37 139 478 99 289 40 92 341 376 244
4 11 15
42 372 123 73 243 50 1 130 135 295 270 432 376 190 269
4 20 7
95 190 67 415 189 290 129
11 15 20
361 400 347 336 93 338 445 79 439 472 442 103 356 334 255 125 230 314 305 246
1 24 2
307 127
2 14 8
477 126 182 279 221 62 376 459
9 16 20
402 234 367 62 329 189 449 213 381 240 336 316 266 177 393 92 14 471 463 475
5 18 11
435 228 317 387 225 227 94 121 379 471 103
11 18 19
248 145 399 467 377 177 464 404 424 366 44 408 426 259 291 437 191 93 449
15 17 24
328 52 332 101 463 419 408 49 186 214 280 68 140 113 77 439 249 481 29 163 405 291 116 396
5 9 22
487 68 253 21 75 106 295 444 370 360 298 401 231 445 451 463 367 160 33 492 427 459
2 18 6
46 406 204 169 443 18
8 13 22
128 269 161 245 153 360 272 391 77 430 350 62 32 277 162 71 33 140 314 116 299 284
3 12 9
416 95 236 394 368 325 125 29 182
2 18 5
464 215 108 48 186
2 22 4
176 193 121 63
10 18 18
35 434 359 340 84 235 200 405 97 224 48 498 454 413 47 10 79 120
7 12 24
223 331 281 49 210 346 11 293 439 273 202 77 170 48 435 358 57 216 84 74 363 4 123 333
13 20 22
247 178 1 261 145 382 387 337 7 240 427 369 155 367 389 472 98 183 424 85 127 323
5 21 9
148 349 236 100 198 281 273 362 345
4 8 20
222 184 418 253 335 235 187 340 227 433 317 431 114 376 374 98 351 127 475 232
2 14 6
24 423 369 101 334 304
12 20 20
71 133 364 306 329 210 291 140 455 12 447 80 348 351 8 17 3 105 453 322
11 19 18
481 164 262 387 98 392 45 318 270 416 358 379 202 326 288 388 346 489
12 18 21
479 88 434 260 267 333 404 336 355 29 2 262 406 71 356 398 422 390 388 132 122
6 11 23
168 380 199 129 10 177 498 414 93 320 35 14 439 139 15 94 188 24 185 85 216 466 257
9 14 21
469 285 302 162 349 396 85 441 414 143 245 300 363 23 499 440 67 398 316 325 6
9 19 15
111 173 439 350 379 273 262 70 135 254 13 393 339 89 328
2 18 6
30 322 320 483 25 139
2 10 11
303 167 46 39 340 139 295 455 211 316 130
1 17 2
179 365
10 16 22
265 440 190 479 287 212 131 236 464 57 451 352 448 102 4 261 84 324 227 397 279 478
1 16 4
108 123 70 358
3 13 10
312 168 59 62 194 104 74 493 462 175
4 10 17
363 198 267 223 66 334 348 164 378 27 41 237 433 484 263 468 353
5 21 9
115 254 123 203 139 75 358 296 54
1 3 23
121 156 479 375 136 351 33 464 140 184 461 327 105 356 432 124 452 104 409 172 278 419 26
1 18 2
179 99
9 18 15
146 180 54 234 157 335 89 191 173 358 489 114 144 450 65
4 14 10
471 99 131 294 198 304 425 110 297 289
3 14 9
252 220 226 356 498 405 61 254 67
2 20 4
429 86 460 19
2 30 3
201 328 400
4 11 16
245 196 270 222 306 280 195 454 384 4 484 125 356 165 246 18
8 16 15
58 282 442 482 325 84 466 237 420 489 307 316 413 327 264
5 9 22
469 233 313 324 127 420 210 67 182 213 449 268 470 316 394 151 152 22 325 126 319 211
5 11 17
237 189 179 190 141 125 85 61 374 123 360 110 402 498 181 368 370
7 16 17
128 283 45 277 29 390 280 57 271 267 181 161 233 93 136 421 323
12 18 25
300 155 315 335 2 160 17 233 139 185 207 329 367 213 144 60 15 94 327 108 482 455 439 253 350
7 14 19
326 38 26 493 9 121 459 173 5 101 394 61 276 124 43 342 440 35 359
11 16 22
178 280 381 184 367 404 174 233 120 475 82 433 340 254 171 459 190 407 156 277 122 397
1 3 22
155 287 28 470 350 29 224 196 451 55 75 190 236 322 94 48 30 16 424 161 187 43
5 10 22
380 83 367 266 75 478 80 141 189 62 209 415 208 425 13 495 259 336 228 148 366 356
3 11 11
34 411 393 316 201 37 263 488 81 465 161
1 27 2
103 207
6 22 10
348 170 328 200 128 479 118 494 327 236
7 16 14
333 239 383 69 96 334 280 181 6 267 115 122 97 355
3 7 19
439 257 461 242 193 470 360 481 444 73 254 336 86 63 261 20 467 271 197
4 9 20
211 303 110 476 149 334 252 63 21 275 13 77 168 15 157 229 449 161 160 322
1 5 15
38 498 429 488 395 376 43 121 234 403 392 406 127 334 284
1 7 7
68 168 63 113 388 342 210
7 20 12
205 18 112 140 94 230 132 376 495 49 325 120
4 22 6
82 441 46 492 470 57
15 19 25
129 402 261 305 450 437 51 220 473 135 283 196 475 223 12 107 217 163 60 193 142 372 169 424 451
7 14 16
120 126 431 310 316 188 56 134 472 109 287 277 288 393 411 159
1 17 4
62 61 404 32
8 17 19
383 303 421 186 150 144 89 4 39 468 269 452 153 263 327 350 386 223 214
7 14 19
329 148 176 285 280 47 425 391 78 488 283 397 44 161 45 15 6 376 375
3 9 13
361 380 33 67 88 371 96 443 284 19 368 326 429
2 5 22
339 3 453 444 390 249 60 208 164 328 84 417 236 165 170 115 251 114 88 146 238 285
1 12 6
165 316 328 299 111 298
4 12 13
442 464 259 138 221 372 359 139 351 449 172 142 389
3 7 20
262 231 288 75 389 112 384 154 474 127 370 98 175 475 441 488 436 38 478 7
9 21 15
190 253 97 223 164 166 450 415 437 47 40 172 55 371 38
4 8 19
397 267 59 83 2 413 51 373 131 428 198 40 239 355 263 116 285 77 138
13 19 25
437 62 338 231 246 192 76 40 303 441 348 65 22 467 278 335 21 319 37 239 129 121 492 213 101
12 20 21
371 243 240 474 136 245 232 133 105 159 196 344 201 268 342 66 58 288 10 291 302
2 16 6
251 68 497 188 95 3
1 34 2
491 315
1 4 19
498 251 9 140 252 431 71 368 460 142 324 249 484 281 51 315 356 37 136
5 12 16
18 37 474 38 389 364 118 359 303 246 429 54 385 137 327 202
4 19 7
394 329 334 412 44 250 222
2 6 19
333 71 409 159 36 313 413 33 412 209 120 366 268 192 206 216 421 251 101
10 18 20
30 488 248 0 2 328 130 53 170 419 284 353 359 4 429 19 79 153 146 311
1 4 17
278 126 462 380 471 440 493 488 346 452 209 487 482 70 175 134 418
11 22 18
328 59 384 461 378 143 62 321 31 209 116 457 427 213 269 184 120 463
1 6 12
197 361 17 185 408 6 473 82 365 386 147 75
5 17 12
62 473 256 129 172 193 338 108 305 375 253 368
3 19 7
165 279 104 465 26 56 498
1 22 3
133 203 269
1 22 2
140 133
6 16 12
404 491 285 150 316 32 301 324 408 52 102 168
10 19 18
41 56 99 235 261 81 63 122 69 171 160 361 64 22 377 208 339 363
12 18 24
74 454 116 8 231 422 326 61 199 57 132 242 107 101 309 211 215 251 339 83 397 189 225 237
7 15 17
435 254 482 375 82 357 147 63 32 209 136 330 269 405 85 222 293
11 18 24
448 386 155 9 471 481 203 304 216 6 230 292 249 243 349 269 434 119 93 338 204 200 374 266
3 26 5
362 289 276 228 4
11 17 22
449 331 319 228 255 299 481 38 124 69 98 453 75 54 174 125 150 76 431 421 0 383
3 7 19
437 433 184 20 227 432 180 303 215 497 299 181 89 168 1 201 347 218 223
2 7 15
91 350 317 11 486 432 157 263 122 200 115 376 495 16 289
6 12 18
108 199 414 97 79 206 397 294 128 185 137 66 285 13 50 264 239 156
6 22 9
4 336 69 186 129 407 139 359 488
7 15 17
298 168 181 435 453 184 177 115 108 207 268 338 147 178 472 94 252
7 18 11
454 123 239 356 325 397 35 403 151 202 98
11 19 20
67 224 193 350 164 405 157 80 300 442 150 457 52 371 1 397 106 155 170 211
3 8 16
493 369 110 191 434 281 37 101 419 12 354 113 466 129 179 479
1 19 4
123 342 7 309
7 20 12
344 486 190 233 192 352 55 409 337 334 251 365
11 19 20
386 214 462 270 153 287 69 213 349 331 99 146 371 333 354 439 393 49 330 19
5 13 15
131 416 358 429 312 418 484 108 262 404 19 340 432 245 455
3 18 8
170 50 29 183 387 91 350 117
3 14 8
124 446 134 212 128 469 391 368
7 13 21
80 424 378 52 40 178 406 296 220 201 478 87 63 358 121 292 190 272 161 109 221
10 18 18
257 281 409 286 111 135 280 468 340 446 315 99 6 410 3 189 269 197
7 18 13
499 344 38 442 329 109 244 217 314 333 73 192 396
2 20 4
388 264 236 221
1 9 8
334 158 410 456 485 164 218 325
4 18 9
435 358 126 159 198 16 459 206 107
5 19 11
155 251 273 257 194 133 184 437 440 350 31
1 22 3
175 422 56
4 19 10
175 294 364 171 439 212 130 464 8 25
13 17 25
229 357 139 433 45 54 242 314 387 235 257 33 69 333 267 224 124 51 298 405 258 226 153 478 53
12 19 23
374 481 433 274 146 248 19 416 39 304 414 413 271 464 22 376 387 312 73 62 52 407 70
2 5 19
205 404 452 453 20 470 96 275 3 211 477 178 49 40 33 127 458 352 107
1 23 3
211 487 129
4 19 8
146 454 9 489 246 299 62 274
6 16 13
443 279 405 85 14 236 180 256 224 467 246 333 478
6 20 11
218 461 482 106 215 441 29 429 483 340 318
7 19 14
312 91 175 180 490 144 280 273 26 346 366 266 133 146
4 19 8
330 142 462 419 452 480 291 156
9 14 24
219 34 157 467 443 326 103 489 145 61 8 491 53 291 356 292 245 399 454 376 360 148 185 363
6 21 11
15 383 385 86 102 424 31 270 480 108 398
7 24 12
185 120 376 292 315 334 383 48 57 424 256 195
2 27 3
385 199 476
2 14 5
453 319 378 422 211
5 13 18
370 118 150 129 356 276 8 422 249 204 482 362 24 135 73 160 391 254
2 10 10
369 490 389 252 205 332 184 176 346 44
1 3 20
490 429 228 444 277 12 211 282 434 182 11 366 347 280 101 321 464 430 216 117
2 6 17
140 241 485 341 271 438 231 338 253 431 399 16 240 266 297 210 196
1 12 6
167 112 335 297 338 467
2 14 6
317 120 422 402 106 34
1 33 2
406 427
2 12 9
149 424 176 108 226 174 7 10 358
6 19 12
162 454 371 136 342 361 150 417 33 128 257 271
1 19 3
303 295 19
1 23 2
234 441
11 19 20
435 323 498 476 455 89 226 32 357 459 61 496 367 464 396 194 489 165 436 187
1 4 17
303 440 241 439 277 235 255 38 360 116 173 285 138 165 297 398 150
1 4 19
343 424 372 35 332 134 48 485 404 200 105 455 350 498 146 20 180 377 113
2 18 6
95 213 158 498 38 287
8 15 21
267 38 422 88 377 232 114 23 498 123 262 167 254 250 367 323 141 134 52 370 25
2 26 3
92 447 64
1 11 5
449 371 360 144 68
2 4 24
391 389 221 445 366 44 383 258 475 43 146 88 290 137 223 217 112 226 99 216 337 464 448 189
4 25 6
30 407 240 495 237 136
9 17 19
4 267 213 53 104 52 495 476 58 317 432 319 381 168 429 330 251 39 106
13 16 20
388 117 33 62 289 455 412 237 267 206 452 184 125 128 307 90 346 188 453 291
2 5 19
417 145 393 237 444 25 128 372 302 117 238 265 277 274 478 304 350 38 354
4 7 21
166 143 91 385 174 379 97 294 114 173 276 233 211 235 490 229 343 493 446 69 497
3 12 11
105 76 124 427 499 224 288 128 208 56 176
1 4 19
431 448 309 134 35 327 439 285 11 255 81 71 212 346 211 182 98 146 6
7 21 11
114 487 311 417 64 477 230 434 406 350 490
3 11 11
265 389 452 50 335 181 49 16 264 146 260
6 12 22
121 423 157 84 103 426 33 8 15 379 346 4 161 347 167 436 76 32 131 130 54 478
2 10 9
498 297 146 333 344 49 467 240 280
1 3 25
370 107 220 464 328 203 473 467 181 39 253 76 187 346 276 331 208 310 247 414 74 445 32 138 56
1 8 9
69 205 292 154 113 405 87 340 460
3 8 17
375 160 24 245 218 350 495 192 56 471 460 106 145 373 264 83 136
1 7 10
163 99 329 177 240 112 89 54 11 353
1 8 8
376 108 493 140 240 89 306 168
5 15 13
298 389 45 341 198 466 148 485 399 241 123 26 55
5 22 9
123 165 488 323 246 327 374 9 493
1 7 10
232 134 63 214 13 90 319 259 122 69
1 3 23
116 371 495 162 227 390 61 130 70 168 491 83 285 422 40 240 11 272 101 204 300 440 334
1 12 6
434 250 228 429 227 105
4 17 9
398 422 158 40 108 314 344 401 373
3 6 24
277 337 2 248 422 324 417 447 225 372 23 43 150 480 322 63 142 272 491 292 234 179 37 250
10 14 23
20 431 289 198 473 185 422 371 85 53 113 326 499 63 183 333 51 435 299 221 177 6 252
1 14 5
105 254 364 234 118
1 13 5
120 241 401 259 60
5 18 8
486 269 459 189 190 493 13 421
8 19 14
224 361 149 95 2 414 112 226 448 117 72 398 368 371
2 30 3
264 401 91
7 16 11
478 473 95 239 285 440 53 157 441 168 290
10 16 24
370 148 160 220 473 448 204 436 167 373 201 157 47 176 314 262 431 378 301 244 233 198 112 60
6 20 9
52 430 256 261 481 11 318 50 381
1 21 2
342 473
12 17 22
192 454 485 402 39 436 252 376 494 439 489 466 391 298 83 106 459 413 450 158 495 153
1 16 3
330 65 490
3 22 5
369 63 264 346 433
1 11 6
294 359 42 240 256 2
16 21 24
417 105 152 280 453 225 483 26 249 125 456 187 477 473 155 31 393 237 261 287 252 43 112 259
2 25 4
444 231 417 205
1 7 10
220 173 494 310 202 457 43 174 434 432
9 16 22
314 5 398 79 460 331 111 69 406 9 49 493 350 286 38 330 136 124 186 421 165 126
3 10 15
154 496 14 209 192 7 349 217 303 314 422 214 61 374 499
1 16 4
302 170 119 216
4 15 10
182 52 387 258 233 494 435 164 336 210
6 22 9
289 401 284 90 232 412 494 24 376
13 19 22
165 402 274 103 189 144 389 424 172 86 388 222 452 185 3 462 176 174 280 433 139 258
1 8 8
153 13 83 311 258 244 128 78
5 10 21
101 258 54 280 207 176 148 416 347 146 485 457 199 358 288 431 61 468 381 227 421
3 6 25
127 83 185 239 269 119 472 395 208 379 125 38 430 176 383 227 454 222 486 15 306 240 302 195 463
1 14 5
49 162 350 266 44
5 8 24
316 54 455 223 6 200 101 50 136 364 98 71 151 296 94 30 72 174 346 17 90 492 156 497
1 9 7
241 231 121 5 122 464 25
16 23 24
391 387 187 275 470 182 373 399 28 232 445 483 268 394 218 155 129 116 297 307 120 196 219 282
2 26 4
263 331 258 185
1 10 7
281 148 29 104 423 81 371
6 15 13
487 227 445 173 330 416 132 53 193 258 80 466 270
4 16 10
45 404 464 50 123 62 78 119 414 106
6 20 11
146 105 56 72 288 166 108 463 480 482 314
1 7 10
433 471 498 497 169 41 198 321 467 174
4 25 6
11 429 75 170 95 319
3 15 9
362 293 141 96 173 146 118 471 464
5 12 17
283 90 27 146 387 413 55 84 332 338 125 50 477 190 170 358 72
2 19 5
199 185 477 197 193
5 14 14
106 37 102 3 211 95 96 376 249 319 174 344 424 403
1 5 14
458 145 467 341 81 200 192 140 74 492 360 165 217 229
3 18 8
315 22 171 158 74 470 168 342
12 21 22
50 239 107 31 38 83 32 421 232 68 35 494 400 480 491 46 309 365 149 483 166 251
1 25 3
3 66 454
6 16 12
269 456 188 169 87 64 246 227 338 308 103 189
1 11 4
384 54 118 178
6 12 20
257 220 290 63 98 9 350 131 340 123 423 391 15 470 97 355 249 279 309 336
2 6 19
30 155 252 450 428 59 217 474 349 180 41 1 479 345 328 339 209 24 350
3 25 5
149 367 115 166 301
2 19 5
117 19 213 245 454
9 17 18
45 189 205 159 287 55 476 256 366 424 28 318 479 202 426 22 230 340
13 17 24
301 152 359 380 271 251 331 215 367 283 48 0 322 15 225 459 97 23 44 255 439 291 108 70
1 23 2
439 455
3 22 6
1 134 266 314 220 244
7 19 14
169 47 172 424 485 31 60 471 200 34 364 204 493 492
7 14 20
76 409 195 266 470 177 99 330 375 479 119 134 175 270 86 1 325 155 121 54
11 18 23
293 206 161 203 274 306 256 438 391 307 361 19 219 326 396 166 485 112 123 308 60 65 440
11 20 19
113 88 277 478 331 292 91 254 1 187 322 168 303 280 457 44 69 217 431
10 17 19
411 98 399 233 477 242 339 121 434 381 128 496 228 353 123 324 274 231 157
2 7 14
32 192 197 447 164 26 464 67 427 252 247 459 116 248
3 15 7
394 54 413 334 431 290 494
6 17 11
298 496 381 366 13 153 497 265 193 306 106
2 5 22
215 41 409 75 45 67 475 335 230 428 19 175 114 281 369 89 376 220 277 15 0 121
4 15 12
138 490 420 287 395 4 374 436 318 217 307 352
2 26 3
28 396 261
1 24 2
403 219
2 7 16
421 217 449 425 173 385 415 437 216 474 394 227 240 79 48 458
12 21 19
246 434 421 238 169 149 170 342 164 458 177 92 111 201 135 362 496 415 31
2 16 7
136 387 497 386 361 205 465
10 16 22
72 251 442 170 133 493 120 169 38 82 469 409 499 208 65 196 376 259 4 21 365 327
2 9 5
128 325 107 442 68
16 21 24
369 272 214 495 127 345 293 478 211 15 391 491 193 294 224 365 137 176 3 31 24 47 459 186
8 18 18
383 438 239 120 244 269 247 443 76 25 221 496 238 252 449 257 311 4
4 22 7
375 495 115 124 321 161 498
3 12 10
92 235 436 471 271 54 399 334 133 394
2 10 6
110 303 246 336 414 409
2 13 8
218 281 392 206 252 339 464 217
8 13 20
339 49 19 463 438 487 219 428 269 405 243 441 299 206 68 79 215 469 69 185
1 3 20
460 459 409 423 361 287 480 431 309 145 419 232 485 156 379 186 255 315 225 108
8 22 12
226 453 252 295 334 480 152 415 340 15 330 445
1 21 2
89 403
2 17 6
495 376 266 122 301 241
2 16 7
367 431 338 186 315 226 89
4 16 9
211 133 222 277 103 329 216 199 461
13 19 20
218 463 339 26 74 346 66 183 391 267 94 164 187 466 431 97 370 14 467 379
2 19 4
169 493 359 210
3 11 14
292 26 44 478 315 493 197 275 42 310 122 256 205 188
1 3 24
267 378 115 6 122 119 56 58 72 499 431 23 95 422 179 331 172 457 365 320 75 327 290 417
8 19 13
59 246 25 340 431 196 49 0 362 495 8 76 260
11 17 23
35 300 390 58 52 80 19 351 67 59 154 103 181 416 217 310 261 408 202 72 68 361 362
3 7 19
153 93 177 111 377 24 58 225 77 49 338 25 265 126 375 275 249 124 53
2 14 8
242 165 150 281 322 179 166 97
7 16 18
311 21 463 376 348 50 158 309 331 49 344 182 90 476 391 494 395 337
1 10 7
58 229 79 2 109 278 404
5 9 23
70 181 183 124 261 426 64 448 180 474 278 287 149 230 223 345 80 145 443 87 417 128 224
4 16 9
197 184 17 196 460 330 230 340 154
7 13 21
476 200 281 65 204 53 275 137 233 429 471 107 441 468 309 14 344 354 253 120 291
5 15 13
495 282 475 201 149 197 284 452 307 43 490 339 362
6 15 14
313 365 23 200 81 299 99 392 121 403 282 356 257 240
1 8 7
329 336 184 178 490 53 488
5 12 18
291 418 130 307 432 171 38 227 138 465 117 75 199 168 498 413 412 391
2 21 4
65 327 113 156
11 20 18
23 354 453 300 188 186 98 465 298 75 162 257 294 245 472 17 436 22
2 34 3
437 126 58
2 6 18
372 228 336 321 179 7 46 111 351 313 31 29 206 201 288 15 166 398
1 14 4
445 362 454 263
6 13 17
468 234 414 299 189 413 51 44 364 99 356 135 181 332 68 312 116
1 22 2
45 209
1 24 2
51 303
3 20 6
90 14 235 417 276 45
5 19 8
127 494 482 425 235 348 252 209
2 17 4
393 174 101 222
2 5 22
21 312 42 34 405 276 234 274 291 253 198 396 181 415 50 89 104 313 311 347 386 30
11 20 19
279 399 152 242 136 350 495 416 238 159 36 417 71 359 59 274 365 347 167
2 15 7
144 454 485 126 489 410 231
6 15 12
95 108 458 460 310 152 246 131 124 420 110 311
13 19 23
159 445 238 389 392 58 492 422 236 410 371 278 134 178 2 113 11 49 174 43 104 253 446
1 27 2
104 203
7 12 23
381 431 204 118 1 479 28 266 20 470 248 286 240 57 397 383 471 483 104 78 344 139 393
1 9 8
44 382 184 32 477 11 48 371
3 7 21
366 96 2 338 55 349 189 204 460 462 26 117 409 61 41 417 311 142 238 56 290
3 20 7
350 71 475 160 262 233 171
8 15 20
282 397 120 67 355 374 395 280 10 101 368 417 317 420 404 453 427 246 219 308
2 4 24
488 410 441 66 388 178 5 335 172 34 368 236 462 428 122 139 314 325 307 162 207 358 18 129
1 14 4
168 268 72 218
2 24 4
228 213 199 140
8 22 12
388 281 327 79 91 496 2 165 101 314 244 186
1 17 4
487 249 236 62
5 16 11
268 363 343 299 325 205 281 409 282 273 26
5 14 13
32 426 85 253 20 214 488 68 172 62 487 355 115
12 21 20
149 437 419 370 326 476 410 429 289 1 150 20 190 228 10 36 299 126 430 60
8 17 18
374 492 184 451 381 334 273 116 69 353 153 348 389 298 120 341 44 326
6 13 17
34 274 23 294 184 383 264 322 466 245 249 356 350 283 96 427 157
12 23 18
368 25 430 402 95 273 161 363 148 193 9 297 382 275 112 134 250 396
2 7 14
305 368 106 467 444 398 252 105 71 93 325 85 354 403
1 21 2
418 202
3 17 8
238 206 116 154 9 82 274 369
1 36 2
357 395
1 13 3
148 267 414
2 20 3
310 206 394
6 9 25
319 174 431 105 87 317 246 124 452 52 263 241 188 60 170 289 295 258 122 53 436 97 484 181 180
3 6 25
121 40 74 447 342 195 52 493 38 288 235 333 12 47 9 354 272 435 334 123 188 133 328 418 105
1 14 4
399 143 152 330
2 7 11
90 190 97 196 243 463 373 46 218 494 392
1 4 17
97 196 350 486 226 402 433 191 203 477 174 347 444 45 81 26 134
1 34 2
131 32
4 15 11
122 52 204 123 235 459 265 199 287 92 141
4 9 21
486 186 39 180 166 178 191 71 1 314 133 351 145 388 490 203 463 318 150 301 382
7 12 17
28 192 400 475 477 309 291 456 482 463 118 168 104 397 45 436 446
10 15 22
35 73 206 469 326 460 341 453 34 452 373 98 42 142 358 499 270 23 65 484 266 345
10 20 18
142 283 77 62 427 359 440 301 42 15 243 276 315 160 79 223 103 261
2 16 7
315 105 75 159 109 472 118
4 11 16
359 457 476 364 481 428 211 316 480 81 140 166 360 9 341 216
9 19 16
356 268 62 366 273 169 394 255 343 182 419 354 395 199 144 456
2 11 10
445 408 471 286 377 315 292 71 152 24
10 22 15
304 375 176 203 454 288 478 83 62 308 49 187 325 149 103
1 27 2
76 125
3 9 16
267 413 486 280 494 232 342 328 485 18 86 316 445 177 153 27
3 9 12
64 475 297 430 111 30 336 125 279 184 420 220
14 19 24
355 294 27 385 174 350 58 463 152 32 332 451 256 17 97 223 461 196 410 467 293 407 466 12
6 12 18
258 420 339 318 184 390 233 335 119 323 275 30 326 13 143 230 70 428
3 8 19
384 278 252 115 285 88 11 475 99 434 132 129 242 367 482 146 426 124 255
2 9 12
186 177 38 206 181 155 136 270 269 61 464 492
7 18 13
429 280 166 303 396 30 134 253 281 282 380 216 420
8 21 12
496 250 488 17 234 11 422 485 222 377 189 220
7 15 19
82 319 483 214 303 474 350 493 288 309 306 166 469 128 346 415 465 90 88
3 7 19
156 220 436 163 455 306 305 135 379 230 224 324 462 143 87 36 415 424 78
2 12 7
183 479 398 212 67 299 465
2 6 17
190 174 424 71 435 491 287 318 450 268 333 65 278 374 142 4 267
1 8 8
284 368 156 415 79 357 446 222
1 19 4
169 69 383 387
1 17 4
20 262 33 220
1 6 11
478 467 490 17 351 453 39 356 89 250 218
1 3 21
123 212 341 332 47 461 390 239 423 144 252 103 250 476 312 356 373 169 425 324 130
2 20 4
426 143 344 173
1 4 19
17 192 269 13 118 104 395 257 294 272 424 487 145 267 284 251 65 156 162
4 11 15
487 446 230 102 26 84 337 231 202 211 458 173 228 313 410
9 16 20
109 322 36 240 345 325 457 122 175 254 328 306 200 467 222 142 489 311 408 297
4 15 11
409 279 267 175 373 447 109 461 180 257 272
9 14 24
201 377 194 397 182 41 465 1 426 410 440 244 355 315 20 101 44 376 112 437 51 288 363 37
1 4 16
179 24 254 139 243 30 290 23 415 367 347 227 268 454 111 66
12 21 19
270 24 173 302 453 495 199 146 231 288 356 246 23 261 131 10 191 11 3
2 11 8
118 481 66 484 109 48 140 482
7 23 11
295 226 61 43 348 183 17 198 492 8 193
7 13 21
401 10 324 221 150 120 277 219 186 152 249 344 35 60 273 233 132 446 206 126 283
7 18 15
229 382 473 388 462 460 220 162 345 205 421 264 406 301 267
7 24 11
302 91 456 233 375 320 88 148 351 443 448
4 9 19
11 35 356 261 384 426 21 250 91 57 361 264 66 179 314 427 152 334 408
4 8 22
161 169 41 130 398 35 353 359 30 466 405 125 376 103 454 447 138 173 99 48 460 11
6 23 10
477 103 126 415 12 357 9 48 257 472
2 16 7
414 167 381 115 228 320 489
1 7 9
281 179 450 372 145 9 373 344 157
4 8 23
35 214 36 399 97 158 242 85 293 32 469 287 382 83 118 413 145 438 334 11 270 52 344
5 9 24
59 361 78 423 96 496 243 403 322 2 468 217 325 55 341 95 375 268 136 33 213 480 11 241
5 12 18
455 236 325 332 465 253 203 108 1 275 361 114 99 364 381 270 147 97
5 12 18
459 119 19 290 174 75 185 359 343 248 29 167 282 432 39 154 114 49
7 13 20
265 13 16 60 395 209 196 431 308 42 198 495 410 97 239 193 430 264 138 277
16 22 25
465 447 3 430 290 438 24 360 244 264 85 217 101 235 406 407 419 338 421 109 242 476 332 193 283
3 12 12
120 240 131 199 287 263 55 115 246 308 84 465
4 22 8
36 231 319 110 204 321 266 171
6 16 14
159 130 241 55 355 496 232 409 390 443 234 330 23 460
3 10 12
466 77 338 488 315 67 99 189 159 52 440 430
2 7 15
102 329 397 247 170 7 450 306 483 127 439 412 95 275 493
1 36 2
275 415
5 9 25
446 84 83 120 195 267 63 140 457 415 156 464 169 34 206 376 270 268 70 355 131 65 380 7 256
3 10 14
99 492 323 346 335 392 282 355 11 309 468 277 329 105
5 14 15
382 481 57 101 226 127 124 220 163 394 183 458 87 422 417
6 17 13
252 34 47 32 286 312 203 313 135 384 355 494 321
3 24 5
363 417 254 487 199
6 10 22
259 183 10 464 249 434 420 164 114 68 402 1 19 480 374 498 149 221 162 34 194 124
3 12 13
187 349 334 169 447 200 85 223 171 256 195 20 324
5 12 19
193 105 333 251 391 359 328 192 119 239 428 115 370 394 92 238 283 9 469
4 16 11
470 8 150 432 147 183 433 251 227 86 138
3 11 13
383 13 106 302 120 321 20 174 386 410 288 11 290
7 22 12
384 132 332 242 189 102 263 231 143 494 204 364
7 13 19
439 424 343 264 408 34 429 375 180 190 349 35 188 368 102 280 124 346 484
3 14 9
164 432 419 112 386 40 436 280 133
5 15 13
313 303 231 235 382 390 9 293 252 148 202 353 464
2 11 6
303 374 174 392 102 157
5 11 18
336 384 102 306 138 183 399 62 254 51 228 57 134 99 153 200 73 197
11 17 20
393 198 330 119 199 49 233 40 447 107 205 176 214 104 227 478 223 283 417 81
13 19 23
426 158 495 254 349 293 264 303 399 248 90 471 273 414 421 277 342 372 337 332 184 177 207
8 12 22
31 37 43 427 323 239 8 360 192 233 12 471 128 470 135 469 319 378 335 164 346 352
6 15 17
490 133 69 105 404 297 275 188 98 35 213 126 21 494 291 79 101
9 15 23
244 368 482 485 183 231 312 309 281 92 98 51 219 311 471 63 470 189 141 257 315 207 346
1 4 16
205 288 428 221 283 93 437 240 497 64 463 183 30 106 391 368
5 11 18
101 369 58 435 224 425 333 191 1 493 117 391 404 480 434 408 135 139
2 4 25
3 229 255 464 197 47 402 451 152 207 2 99 390 5 101 335 491 58 347 378 357 363 53 35 455
3 16 9
124 254 60 137 260 315 328 66 277
2 7 14
204 37 378 24 290 297 73 157 93 301 193 398 326 393
4 15 11
325 61 103 201 26 109 441 296 238 48 158
1 8 9
488 406 180 344 87 195 442 152 58
4 25 7
170 154 311 444 469 33 223
3 21 6
372 232 454 179 451 448
2 6 17
190 36 457 340 400 232 469 479 85 96 98 55 211 176 353 222 235
1 6 11
177 127 255 393 34 237 162 132 4 128 36
1 24 3
91 260 217
7 11 24
261 389 450 147 1 255 220 452 497 402 226 145 280 218 42 482 447 468 115 240 200 35 472 180
6 16 15
314 479 481 271 485 346 381 335 375 398 404 383 333 223 270
14 23 22
349 46 115 205 430 143 473 120 11 426 364 314 88 335 29 105 149 203 443 69 338 233
11 16 22
368 144 297 394 284 464 208 45 409 146 312 162 185 104 296 423 137 189 78 495 331 21
5 18 11
218 184 137 475 51 238 12 441 230 315 55
5 17 11
195 430 20 285 43 407 369 222 302 59 172
3 10 13
17 391 103 232 449 94 50 363 138 284 379 380 10
2 10 10
289 347 273 111 154 279 78 398 254 219
9 19 17
470 63 167 79 111 490 119 275 483 53 49 442 170 374 269 166 389
1 11 5
268 70 222 329 339
3 17 8
55 460 226 316 436 171 71 458
7 14 21
180 185 129 419 348 195 226 381 119 454 316 474 212 174 343 466 90 405 306 229 471
4 25 6
191 164 239 9 309 227
2 7 14
254 454 211 79 298 240 123 55 326 87 92 375 470 444
2 4 23
267 201 153 330 4 478 344 3 80 481 345 39 377 231 63 438 430 124 336 12 43 401 323
10 13 24
227 161 460 495 346 104 162 330 397 110 145 3 316 221 72 125 304 174 303 398 35 414 2 285
1 4 18
473 150 83 191 74 336 355 230 17 411 46 116 136 490 27 233 3 377
1 20 3
29 285 403
1 23 2
390 45
5 14 14
308 499 215 90 191 141 48 249 96 359 493 383 415 240
4 14 12
327 338 360 262 157 341 117 242 334 424 229 29
1 9 8
109 247 473 230 390 274 451 436
4 15 8
125 496 413 216 46 135 122 294
1 36 2
154 238
2 8 12
235 323 189 290 302 462 488 353 71 55 388 357
10 15 23
405 393 339 437 64 125 100 416 425 210 430 298 413 396 349 363 270 220 444 288 115 359 441
5 9 24
269 487 438 186 89 274 130 455 5 197 188 4 381 0 238 165 425 1 110 242 333 373 156 131
2 22 4
286 283 345 223
2 9 11
99 15 74 485 90 343 243 58 178 40 408
7 13 21
19 54 48 98 275 134 489 340 161 34 80 68 496 484 464 103 251 181 468 164 247
11 17 23
52 98 440 431 419 238 121 403 327 304 423 482 105 466 499 497 48 257 201 308 320 315 418
7 20 13
31 386 436 311 474 208 67 270 271 493 491 369 373
9 21 14
184 171 496 411 236 272 174 97 382 96 402 28 350 49
5 10 21
488 26 128 335 463 91 203 218 214 107 360 418 303 350 109 453 314 141 148 365 268
1 18 4
485 105 491 337
1 6 13
275 386 332 483 66 100 371 120 196 221 197 284 303
4 13 12
464 250 359 261 257 314 296 368 453 220 227 149
2 20 3
206 312 418
5 13 13
50 121 107 431 316 104 130 419 81 100 394 324 113
2 5 22
294 10 72 260 36 99 364 189 190 219 482 65 445 124 228 343 258 474 194 300 481 92
11 17 22
430 491 432 417 476 131 484 415 323 393 95 290 208 298 471 121 116 400 1 176 377 40
2 15 7
135 288 6 293 181 223 273
2 5 21
148 144 278 101 42 230 248 349 479 155 312 20 2 94 390 307 416 366 290 365 184
2 11 7
475 449 299 280 63 398 427
1 7 10
376 99 240 67 169 296 78 92 216 229
14 16 25
281 427 43 358 338 459 145 464 367 449 177 478 188 388 432 471 124 329 447 333 453 187 18 30 209
1 3 24
283 405 349 153 446 165 148 315 301 305 161 331 441 250 497 372 198 128 254 300 274 122 286 158
4 9 20
39 134 413 482 476 141 460 41 437 193 409 202 295 147 451 457 414 478 32 88
4 10 18
499 27 462 38 259 139 149 343 184 15 241 491 376 276 314 284 357 489
4 23 7
133 261 92 359 171 58 168
12 16 23
69 353 412 304 73 61 264 99 306 48 282 163 107 305 178 355 364 131 115 472 400 63 226
5 12 17
203 218 373 480 209 34 124 230 400 314 173 436 422 5 459 291 225
11 20 18
211 425 452 241 362 372 313 90 245 323 182 155 312 89 467 88 51 233
4 16 10
74 5 458 19 299 328 391 407 202 71
6 20 12
27 300 47 29 307 106 208 374 499 198 365 163
5 14 12
344 356 118 462 70 107 263 239 170 449 53 112
7 15 19
325 311 366 61 131 59 207 184 161 155 164 135 485 328 157 355 299 339 46
10 19 19
185 416 138 220 315 291 172 242 225 419 363 31 68 399 329 3 321 369 423
2 27 3
464 270 128
2 11 9
150 86 77 230 14 291 477 30 394
2 19 3
246 134 209
3 12 10
199 495 130 30 99 394 438 9 499 168
2 5 21
159 148 229 302 405 352 374 6 76 341 361 239 422 415 176 201 43 108 343 47 13
11 18 19
474 337 478 481 361 347 426 196 148 161 269 215 138 324 298 468 2 170 348
2 6 17
185 17 215 53 449 88 440 37 141 250 254 411 0 365 36 377 436
1 5 12
445 231 111 113 201 381 476 365 303 473 124 422
2 5 18
81 46 496 318 439 201 10 299 25 399 297 449 189 121 403 499 385 143
1 6 12
486 295 62 105 453 366 233 217 82 243 292 112
11 16 20
475 51 118 344 19 277 151 6 356 239 438 380 259 310 298 184 297 468 320 50
7 22 11
160 139 156 250 485 327 355 51 497 184 21
12 20 20
201 311 19 345 106 317 233 173 330 340 410 484 98 335 184 12 207 105 66 134
3 14 9
440 324 77 100 361 298 375 364 366
4 14 12
390 223 187 491 475 217 261 7 169 99 85 19
1 6 11
129 440 71 372 404 462 495 465 445 475 218
2 5 20
255 40 313 395 271 436 294 357 114 21 183 356 481 118 4 140 282 178 358 316
2 5 21
415 366 330 245 255 338 402 361 38 321 72 119 414 60 289 47 69 386 424 494 474
15 22 24
138 158 227 279 186 429 220 253 144 310 66 96 75 65 333 248 435 25 194 131 283 29 358 10
3 13 8
155 99 322 487 356 202 473 152
11 18 23
61 266 432 351 427 161 499 286 406 458 128 277 92 225 457 364 3 90 179 357 474 298 246
1 7 10
86 383 454 252 262 152 207 205 299 374
5 19 9
81 369 370 384 206 307 343 145 142
1 4 18
192 116 145 390 186 418 65 10 61 411 348 497 177 331 72 204 22 428
3 21 5
102 10 298 194 134
13 19 22
409 240 129 430 104 436 357 481 168 351 321 457 186 484 487 27 301 86 471 201 287 323
2 19 6
238 386 56 35 430 370
10 20 18
134 311 205 133 188 382 434 156 390 359 397 256 160 245 431 62 481 480
4 11 15
20 112 414 487 359 246 468 494 261 215 291 242 154 110 58
12 21 19
469 184 218 185 236 315 275 140 350 112 325 55 297 172 233 296 57 70 187
12 17 25
162 6 158 152 14 265 274 102 91 35 33 257 104 7 260 324 465 341 179 87 379 203 239 68 240
1 19 4
134 181 444 62
2 9 11
407 1 99 266 67 310 422 219 30 6 295
4 26 7
38 20 166 131 320 88 460
9 20 14
346 261 376 134 187 24 285 400 65 371 437 197 192 212
9 15 21
242 280 183 15 65 179 96 384 479 470 326 167 490 174 37 413 191 140 481 166 172
1 3 21
160 406 300 324 182 497 74 27 341 17 166 276 133 377 457 303 3 412 373 262 228
2 14 4
306 24 442 78
1 4 18
350 431 189 32 247 402 480 68 30 461 342 392 10 74 38 59 407 33
6 18 13
296 396 485 119 32 381 487 102 350 349 134 45 463
2 20 4
116 13 208 97
2 6 17
250 345 90 219 328 71 292 207 89 452 310 86 493 319 486 121 262
11 20 22
97 241 348 216 39 75 168 308 224 110 226 195 157 232 480 455 442 296 58 17 57 47
9 13 24
394 29 67 301 368 312 64 53 439 443 453 363 9 488 57 477 436 328 42 27 460 12 77 333
1 3 22
417 222 158 115 24 223 444 143 304 283 123 186 483 303 361 253 64 118 22 83 121 220
10 15 25
264 216 358 159 168 20 13 218 41 381 245 480 468 145 104 331 326 470 283 149 307 114 29 489 232
3 15 6
133 347 455 153 173 306
1 23 2
45 90
1 7 10
333 123 76 498 103 398 113 101 367 238
4 11 17
369 121 385 140 448 480 386 25 247 8 95 177 331 249 297 47 248
1 12 6
404 213 326 134 476 408
13 20 22
15 289 308 96 476 193 55 3 341 43 301 184 162 283 411 196 234 312 64 48 156 487
4 12 15
296 485 491 228 203 76 306 464 35 148 94 437 173 436 65
8 13 22
440 491 439 285 452 221 430 10 332 420 170 34 180 73 346 109 385 7 295 177 222 141
4 18 9
433 417 482 276 84 105 410 280 245
4 17 8
370 159 499 452 294 177 467 113
5 20 9
353 89 15 486 393 218 407 362 190
5 9 21
214 440 460 143 87 250 215 481 478 83 125 419 31 365 409 458 301 43 442 39 261
1 20 3
251 419 304
4 12 14
44 374 90 451 36 378 128 267 444 263 94 369 340 207
6 21 10
73 34 166 65 44 338 171 241 443 319
9 16 22
217 58 246 324 352 330 75 326 14 289 421 47 247 62 106 57 422 2 26 301 419 48
1 14 5
485 15 189 45 233
5 13 15
388 330 249 143 50 379 483 102 346 350 283 8 478 32 352
9 17 18
404 334 65 379 459 16 407 356 45 383 498 149 83 72 200 418 330 385
4 23 8
414 321 255 117 417 3 451 167
7 22 12
259 2 384 313 280 194 186 220 130 395 320 18
1 24 2
464 196
12 20 20
102 427 132 208 383 34 292 452 360 283 172 44 204 371 303 478 404 120 363 449
4 17 10
55 313 222 203 289 244 480 261 431 225
2 33 3
410 331 461
2 14 8
232 257 251 303 157 198 446 71
3 8 17
478 71 324 163 280 369 223 80 78 307 65 487 211 44 483 462 447
6 19 10
234 365 468 420 291 237 270 332 267 349
2 11 10
38 118 26 431 338 328 54 346 135 152
3 22 6
377 5 145 38 48 4
4 15 8
71 34 458 68 119 484 203 10
1 36 2
391 66
8 12 23
61 211 125 69 197 94 98 167 114 75 67 144 48 253 6 399 434 222 82 66 5 127 412
8 17 16
115 65 200 337 168 249 272 301 169 146 274 440 313 455 463 16
5 15 14
421 13 7 118 418 263 309 474 150 106 283 419 27 403
3 17 6
157 358 296 295 65 497
3 8 17
246 47 477 198 276 433 472 358 267 234 498 486 431 80 126 89 3
7 15 17
323 441 423 294 473 213 14 241 64 280 379 129 375 398 72 47 498
14 20 23
176 431 94 44 468 410 82 392 272 138 147 445 224 17 132 45 47 417 495 318 227 27 134
10 19 17
89 408 432 219 80 78 5 282 354 264 33 288 7 463 47 53 291
1 28 2
26 493
10 12 24
200 70 312 144 24 69 206 442 73 498 302 106 478 390 286 196 447 25 468 102 140 125 165 284
2 5 19
313 212 53 413 168 467 394 379 300 19 170 142 260 453 112 98 474 80 141
1 11 6
139 114 112 126 394 402
1 20 2
324 59
1 9 7
36 379 194 328 365 419 497
4 22 7
76 470 427 208 324 357 101
7 17 13
159 92 264 415 37 378 196 463 78 94 381 90 52
7 14 18
302 493 208 172 407 230 219 233 385 432 213 373 71 27 156 299 60 135
3 10 13
94 433 483 322 380 297 429 392 372 252 413 284 386
1 3 23
51 137 143 194 404 19 42 54 455 440 176 228 48 178 283 255 237 428 406 346 24 109 93
1 15 3
5 289 61
12 18 20
420 162 123 5 469 346 112 89 455 265 319 178 207 67 23 393 147 467 138 163
1 11 5
121 312 179 497 137
2 14 6
416 137 11 214 208 388
2 9 10
299 259 295 359 87 176 396 344 436 159
1 8 3
99 440 110
1 10 5
0 252 212 33 85
13 17 23
19 119 456 209 286 298 344 228 477 321 284 52 419 460 107 238 109 197 467 441 116 87 54
5 22 8
425 2 221 307 379 495 249 35
9 20 17
355 293 296 344 302 47 19 129 127 100 426 325 171 357 186 238 473
2 24 4
457 231 148 63
1 5 14
466 259 407 38 157 0 106 356 291 450 201 439 319 474
4 13 10
359 54 390 119 290 112 401 304 77 482
7 21 11
96 405 329 328 118 234 65 129 244 17 56
3 9 14
191 444 267 317 13 103 209 4 498 67 284 321 282 364
2 14 6
72 458 322 194 434 156
3 11 12
251 100 294 190 259 125 472 21 448 314 323 409
2 5 20
480 396 78 104 158 225 388 222 100 205 425 108 14 117 66 245 370 256 63 450
10 19 20
309 350 25 119 457 93 243 192 106 362 384 437 281 22 71 20 54 162 279 251
6 13 17
459 57 413 348 197 243 234 298 389 401 2 478 416 35 102 482 499
1 14 2
95 187
3 17 8
200 320 191 135 203 490 427 46
12 17 25
469 115 243 370 462 450 401 387 455 65 254 416 300 252 121 88 49 98 448 468 203 237 24 179 326
2 15 6
232 187 424 418 373 283
7 11 23
206 243 444 341 327 219 101 84 117 427 410 374 492 193 363 464 329 74 458 127 176 428 460
4 12 15
97 327 312 311 204 20 353 429 242 79 337 142 17 30 35
5 10 21
335 179 122 299 20 437 346 348 262 496 10 161 99 136 377 280 226 108 455 375 13
4 10 18
132 75 226 203 390 310 192 177 410 475 209 483 471 393 217 64 106 35
11 15 25
223 94 115 390 88 77 449 280 458 40 355 27 178 330 251 90 285 292 384 244 242 138 492 76 445
6 22 10
463 440 277 37 286 373 213 21 228 350
6 19 9
122 84 46 468 48 77 14 481 476
3 7 20
261 421 214 386 465 433 321 422 2 173 149 317 258 66 245 28 144 481 286 278
2 7 17
270 167 11 289 292 277 485 403 474 370 431 327 150 161 60 131 263
1 37 2
185 76
3 9 14
469 476 55 347 393 231 370 250 90 413 31 419 139 317
9 15 21
394 312 425 411 451 396 430 104 281 131 235 318 327 136 461 419 215 164 240 303 367
2 15 7
471 359 245 9 417 336 213
6 21 9
212 346 292 234 452 467 494 198 249
3 9 16
349 272 339 335 385 207 28 306 441 136 493 350 256 406 449 461
15 18 24
253 261 184 319 27 457 65 343 132 31 399 11 81 209 485 1 89 468 495 466 82 72 60 147
2 21 4
403 26 342 202
3 7 19
490 163 231 106 28 449 134 280 477 91 268 357 176 84 359 425 97 23 440
8 15 17
413 25 382 183 36 148 261 72 59 253 168 433 141 397 123 31 27
3 9 15
5 458 404 281 234 295 8 274 440 256 258 455 370 392 410
1 5 15
169 141 12 232 194 382 298 407 41 226 490 450 19 153 225
1 9 6
255 444 135 6 199 182
1 6 13
265 123 137 134 469 131 474 159 229 420 144 125 275
2 14 5
489 384 94 339 34
1 8 5
470 296 317 100 157
5 11 19
288 28 268 477 90 362 104 471 152 366 5 372 70 93 218 470 165 407 247
3 5 24
58 329 399 267 487 237 350 433 318 359 224 273 119 46 250 89 11 313 323 90 100 495 444 269
11 19 20
119 111 41 123 310 257 477 484 279 339 288 130 189 489 311 269 466 191 442 285
5 16 9
22 196 478 212 283 398 445 298 339
11 16 25
23 223 490 247 70 20 449 89 66 65 259 308 288 370 476 496 154 365 412 72 360 205 46 186 81
4 8 21
121 497 174 316 234 365 376 492 294 313 198 251 103 122 49 299 90 353 13 145 32
13 21 21
153 470 483 487 459 131 82 455 494 49 83 20 300 51 113 429 45 260 462 437 370
3 6 23
438 452 420 117 116 136 186 446 490 445 493 419 2 259 364 349 350 406 471 370 19 400 125
8 16 18
478 262 178 274 409 4 165 480 465 154 475 132 295 319 393 448 452 253
6 21 10
160 302 149 379 72 407 146 418 397 161
2 12 9
377 49 45 482 348 39 314 242 162
3 26 5
140 321 105 13 147
12 17 24
45 339 249 134 390 404 335 499 8 127 380 295 449 492 307 374 458 51 420 84 66 251 362 381
9 20 15
128 179 216 77 220 47 376 194 294 429 326 428 416 45 82
3 11 13
484 378 30 152 34 331 363 162 238 395 12 122 240
13 17 25
214 325 124 427 455 159 5 420 363 2 370 384 1 168 492 183 428 160 109 228 133 367 223 292 245
2 5 22
220 480 454 207 205 292 328 85 476 222 219 213 12 52 39 188 348 208 49 364 182 402
2 20 3
419 167 317
8 20 12
496 69 111 53 424 88 80 348 294 270 365 109
2 17 4
378 324 354 284
2 27 4
387 354 147 364
5 11 18
260 274 50 17 371 437 444 472 69 477 350 57 287 457 364 220 464 458
1 25 3
3 173 75
2 10 9
380 229 289 304 85 131 377 335 164
3 22 5
457 68 417 361 65
16 18 25
293 486 497 124 286 350 454 194 323 239 275 463 156 494 98 61 222 80 355 47 380 418 23 189 163
9 18 14
184 426 90 17 59 64 210 39 153 82 162 100 9 268
1 3 22
237 442 35 326 142 5 43 390 204 27 314 262 448 231 437 436 490 255 324 337 240 152
11 21 19
109 75 339 268 331 237 358 32 293 271 226 378 247 73 46 130 314 43 67
3 17 8
236 415 349 225 376 83 168 154
1 3 21
340 0 76 35 186 38 311 43 6 42 24 158 276 300 160 265 26 446 95 211 338
11 18 21
280 12 375 122 496 155 469 371 424 299 223 163 57 123 92 78 4 235 117 467 288
1 24 2
428 222
13 21 20
117 233 382 499 165 25 18 9 308 398 415 427 356 200 100 290 87 456 371 459
2 30 3
329 203 52
3 14 7
289 378 363 97 495 161 159
2 14 8
295 129 195 307 328 48 33 38
12 19 18
353 477 36 184 146 68 55 344 109 486 77 499 41 329 352 406 391 196
3 14 10
495 305 198 205 84 446 232 376 121 163
4 17 10
352 464 79 323 224 166 327 191 333 53
8 18 15
205 401 33 10 340 437 318 492 242 282 239 440 460 7 448
2 20 5
407 80 328 186 182
5 15 13
113 160 139 491 497 162 441 275 133 34 425 338 44
1 20 3
430 225 61
7 17 14
246 270 428 422 269 72 425 497 93 208 99 20 158 137
4 7 25
176 23 354 385 203 110 427 261 443 394 405 40 112 65 429 435 199 245 331 64 177 114 105 361 89
5 10 22
300 474 371 327 155 77 134 284 227 445 484 373 419 340 215 253 172 283 225 351 437 151
14 20 25
272 415 410 445 128 203 160 269 220 240 270 456 6 92 190 106 455 340 265 197 425 459 498 374 89
3 17 6
468 411 82 268 170 310
2 32 3
147 31 376
2 14 8
151 401 217 204 205 388 355 138
2 16 7
223 123 256 327 26 368 204
9 20 14
498 336 252 71 389 205 153 441 290 304 33 218 68 308
5 11 19
353 55 31 281 454 385 135 450 152 51 368 17 175 73 226 101 282 315 132
4 7 24
21 318 124 495 470 312 454 354 12 70 179 268 358 409 496 232 472 26 78 255 298 285 97 476
1 11 6
206 168 58 125 172 331
2 33 3
307 476 165
5 9 23
346 367 37 9 490 223 299 276 353 141 306 102 419 418 303 274 84 149 233 169 76 432 110
6 11 22
250 453 264 172 69 124 404 75 201 257 166 350 118 34 121 180 472 323 429 146 232 282
3 24 6
11 331 422 311 69 84
1 5 14
229 100 471 293 217 11 45 209 382 440 139 101 83 283
4 13 14
78 240 328 298 451 50 3 235 370 63 163 417 274 189
3 15 9
387 10 390 352 143 199 268 373 204
6 15 15
247 442 441 340 16 133 74 334 443 326 45 312 94 14 362
1 20 2
454 455
1 10 7
194 406 269 495 350 474 103
4 10 18
219 316 297 275 341 317 76 101 264 400 179 86 255 56 223 30 202 238
2 6 17
445 138 102 179 216 416 204 24 71 293 38 104 159 449 393 451 97
7 15 16
76 8 428 46 291 452 328 184 352 450 420 365 124 458 69 408
6 23 9
58 423 23 376 106 283 127 191 457
4 23 7
461 428 238 372 346 451 274
3 14 9
472 360 209 189 463 423 24 163 332
3 14 8
60 253 53 174 61 471 202 255
9 13 25
36 224 381 173 298 194 438 87 282 338 24 81 365 238 252 286 86 346 386 126 180 150 14 232 313
6 13 19
400 320 410 196 337 257 432 286 481 399 79 204 20 404 62 492 462 241 147
14 19 25
366 43 83 131 216 431 193 453 144 345 86 273 374 226 494 277 291 177 436 368 429 1 294 160 496
2 10 9
153 371 407 21 416 252 476 485 113
3 12 12
454 273 50 178 31 91 125 290 230 299 26 15
1 4 18
388 265 240 454 166 129 475 263 466 145 309 266 9 197 414 343 318 237
5 12 16
257 409 89 368 493 475 32 349 177 151 398 47 178 17 113 404
1 7 10
214 321 352 73 302 165 4 243 407 348
13 18 25
183 480 49 176 422 407 193 444 296 391 297 445 244 417 421 130 440 235 324 62 271 262 277 469 0
3 20 5
330 316 222 59 89
2 19 5
47 230 498 176 187
3 21 6
435 286 22 320 486 458
1 5 13
441 426 299 33 220 318 216 71 436 43 144 54 425
9 20 15
488 297 343 20 99 238 28 376 465 19 42 200 300 218 118
2 8 12
462 493 334 393 102 401 481 451 414 266 403 122
9 21 15
181 229 101 351 324 338 250 312 21 43 330 428 406 376 164
3 10 14
19 41 146 303 228 439 469 180 38 213 124 385 296 400
1 15 4
159 461 92 49
3 16 6
268 446 479 263 420 386
13 20 20
145 28 72 151 66 195 33 460 468 463 148 349 2 30 371 415 53 63 488 330
4 7 23
414 358 215 193 88 128 273 401 27 230 372 78 191 115 305 123 169 429 392 37 435 155 462
5 15 14
284 388 240 23 301 71 11 310 141 140 406 120 47 381
3 21 7
156 366 326 428 397 47 131
6 14 16
384 140 80 368 167 316 70 119 7 118 53 4 326 252 176 425
1 7 9
497 127 373 380 225 149 147 367 319
3 7 21
123 480 268 339 34 367 50 314 2 468 439 427 74 359 309 83 355 243 223 404 250
3 14 8
405 46 341 212 106 86 49 131
3 13 11
318 462 106 351 438 315 116 257 452 64 121
13 18 24
392 172 290 18 334 22 65 128 91 239 339 175 268 100 2 326 277 119 58 440 0 232 331 291
2 17 5
73 195 479 249 363
2 20 5
214 292 298 345 175
8 19 16
322 243 363 274 35 429 286 254 406 8 26 366 106 99 298 310
4 13 10
42 26 190 477 119 50 427 16 420 489
7 12 22
339 351 178 212 325 307 340 437 264 175 372 276 385 467 436 358 187 42 34 290 451 72
4 11 15
379 79 193 217 142 163 372 78 413 119 158 336 71 25 451
6 21 11
25 112 351 67 203 393 463 123 290 50 437
12 17 20
262 272 241 499 420 454 20 218 312 255 185 139 227 13 319 50 111 459 3 235
2 23 3
77 220 497
2 17 4
368 341 81 243
6 13 16
232 380 52 46 481 82 281 308 291 123 298 325 265 447 94 377
1 6 12
283 296 197 57 224 48 385 370 185 278 180 198
6 14 16
296 346 299 309 352 433 64 307 235 313 277 441 473 101 131 25
10 15 25
374 394 219 298 34 478 328 412 192 347 436 247 167 341 421 22 267 146 442 9 313 164 154 41 49
1 8 9
187 42 452 316 456 203 445 83 477
8 16 18
391 348 155 133 227 433 164 365 67 411 148 446 184 495 374 22 385 409
1 5 14
370 212 498 297 145 209 226 245 39 413 144 48 442 35
1 5 13
302 463 137 251 186 72 236 388 282 187 228 494 193
1 5 13
206 179 242 222 409 286 433 194 321 264 158 431 208
1 24 3
208 203 415
6 20 11
412 143 375 214 495 366 255 52 101 383 340
2 8 14
152 4 30 390 89 389 478 288 345 201 327 401 150 166
6 22 10
123 355 401 242 365 476 431 259 474 36
3 8 17
329 102 260 56 134 327 158 437 301 170 203 357 247 353 476 257 310
7 12 22
477 111 189 120 37 191 464 266 455 289 446 445 97 172 313 382 21 320 34 81 467 173
4 13 11
234 208 290 461 359 489 342 363 460 378 294
7 12 22
473 82 418 218 44 99 145 11 182 444 118 480 213 2 359 146 159 335 176 38 103 16
2 16 5
123 498 316 495 196
4 9 19
308 162 156 384 434 288 178 341 19 411 416 466 110 305 168 370 91 113 420
2 10 11
256 137 386 356 319 92 415 246 69 286 272
5 13 16
133 303 32 342 497 170 174 418 260 328 431 136 474 197 335 276
5 15 13
227 489 275 403 322 35 53 182 329 185 169 42 18
2 21 5
217 224 331 264 31
4 15 11
411 154 166 76 205 28 470 229 73 188 271
4 9 17
418 148 59 371 314 73 409 435 108 445 273 226 420 260 415 429 119
4 21 6
421 341 458 356 38 466
4 16 10
135 176 75 128 282 417 101 339 433 379
2 7 15
395 252 397 219 18 72 499 377 69 118 350 256 306 132 436
11 18 19
95 175 426 47 228 44 174 69 65 133 456 141 80 77 486 121 155 176 482
2 26 4
120 239 301 35
2 24 4
37 115 112 216
5 15 13
269 449 495 61 200 236 44 43 114 11 419 367 480
6 13 18
396 231 477 130 325 488 41 422 291 374 116 168 139 307 34 219 398 271
2 24 3
40 444 61
1 14 5
91 397 454 53 216
2 5 20
254 201 64 270 10 223 258 304 266 366 439 146 202 178 272 207 96 145 214 361
1 10 7
207 211 256 161 228 172 104
6 21 11
352 28 232 227 457 135 201 465 112 431 154
2 33 3
217 336 348
6 16 14
228 253 49 155 75 120 101 477 47 285 250 401 439 412
1 12 2
347 90
1 5 15
193 51 157 458 452 451 287 35 170 446 47 247 147 498 91
5 13 15
149 88 249 457 467 6 256 221 72 12 400 205 34 158 161
2 21 5
19 293 177 221 204
2 4 25
455 379 206 451 388 367 220 251 375 481 320 303 304 354 382 130 109 154 90 26 239 183 418 493 39
3 15 7
276 122 187 179 284 390 369
3 8 14
430 132 283 290 122 380 477 274 478 398 371 172 72 394
9 21 16
167 273 363 284 497 327 332 405 170 172 148 106 328 159 242 367
10 19 16
411 423 166 20 84 33 258 21 246 381 265 49 42 9 390 240
2 12 9
158 43 55 443 308 378 362 488 178
2 22 3
140 95 147
13 21 20
452 354 328 60 296 292 159 119 173 142 168 405 345 238 197 31 293 85 263 46
1 9 8
300 29 403 319 326 127 63 290
14 19 25
372 51 236 368 299 75 11 69 262 140 106 274 450 243 109 35 244 118 330 429 191 82 483 421 192
2 16 4
243 360 194 99
6 15 16
128 463 91 393 451 167 158 98 479 382 184 334 426 35 178 408
2 13 4
42 440 299 95
1 30 2
490 457
4 26 6
5 47 176 360 292 85
4 10 18
365 107 292 36 467 116 199 485 122 349 452 4 395 170 137 31 125 16
5 18 10
307 456 357 436 82 446 34 475 406 338
5 14 14
444 218 293 485 225 54 35 268 338 343 469 459 335 137
3 13 11
87 402 416 370 349 46 340 292 256 432 49
3 24 5
318 147 423 424 299
4 12 15
46 395 155 102 349 474 63 133 185 267 120 66 454 78 154
10 19 18
105 173 380 287 321 375 247 464 487 110 170 45 183 23 239 80 132 419
10 19 19
474 446 405 461 158 268 433 301 392 304 240 121 11 379 292 306 458 17 266
4 12 11
496 418 302 92 56 465 124 489 214 392 438
11 21 17
270 218 157 272 20 445 416 75 174 135 262 185 73 385 473 286 15
2 4 23
443 308 357 32 150 281 302 428 360 120 164 407 98 329 187 342 398 298 246 94 441 375 158
3 18 5
496 480 345 183 481
1 9 7
177 385 172 390 496 272 419
5 15 14
83 163 437 13 422 226 493 248 77 88 116 377 417 238
11 18 20
278 341 426 182 121 21 217 56 145 133 304 130 460 1 455 439 361 281 267 309
5 23 9
375 307 39 447 143 338 491 365 134
4 13 12
67 44 408 317 412 374 258 313 478 256 242 197
1 4 16
329 110 172 210 388 491 483 100 298 325 441 205 47 314 117 448
2 21 3
23 164 137
6 18 11
360 58 56 125 467 471 435 216 304 494 371
2 14 7
191 289 339 5 197 327 444
2 31 3
308 60 265
5 14 14
300 385 245 354 393 223 137 498 276 415 193 199 307 10
2 25 3
394 309 393
1 31 2
415 123
3 7 19
364 457 255 139 120 388 327 51 157 499 207 183 369 174 4 459 146 480 267
10 17 20
92 246 75 240 428 231 99 43 144 419 368 433 442 244 198 120 427 4 87 159
5 13 16
258 487 68 260 447 259 115 118 232 122 62 400 16 148 350 459
3 14 10
185 22 58 378 354 6 445 71 322 154
1 20 3
295 225 456
5 15 14
347 109 118 211 41 95 16 55 164 171 362 399 25 291
3 6 23
16 332 330 413 305 103 200 191 13 41 35 43 477 347 175 441 262 410 189 141 151 105 484
9 17 21
272 356 396 48 452 263 326 292 199 374 291 4 170 277 270 8 191 463 299 450 364
1 23 2
481 431
7 13 20
135 31 183 30 21 181 316 29 372 5 56 405 54 386 77 460 270 273 176 374
1 26 2
415 493
1 3 21
319 84 228 129 42 389 191 372 464 485 145 398 359 458 268 424 471 213 168 433 466
2 5 22
59 479 404 222 364 240 359 78 200 102 393 394 137 315 486 215 17 342 210 65 35 226
1 3 21
243 353 71 142 338 172 440 161 60 29 167 205 303 258 307 462 470 457 265 427 201
1 3 21
160 260 295 434 408 294 221 246 473 236 440 73 124 489 211 42 436 310 313 69 345
7 19 14
455 121 457 497 24 373 137 453 387 17 311 376 73 146
11 16 23
124 471 57 184 104 466 322 118 292 381 271 262 133 308 353 225 170 99 153 244 390 73 269
3 19 7
451 466 229 452 16 199 180
7 20 12
346 322 373 83 104 194 60 389 247 241 309 485
6 15 14
368 58 275 484 102 35 116 302 6 392 353 141 142 303
10 14 25
219 80 415 224 299 348 492 193 222 435 302 423 360 274 341 336 458 204 142 59 256 467 28 438 47
4 19 8
333 490 351 287 356 213 235 116
5 9 23
276 82 52 352 360 395 151 155 193 301 305 263 264 30 392 231 426 330 141 185 171 290 78
3 17 7
238 68 158 56 343 186 280
11 17 20
349 211 27 484 306 291 102 110 178 21 290 189 401 314 194 462 265 480 164 499
11 20 19
312 439 324 448 141 393 340 52 417 301 55 306 398 251 377 362 36 12 62
1 7 9
198 115 459 35 145 420 381 454 211
3 8 18
109 117 197 112 308 213 208 302 259 350 147 341 64 183 309 391 11 70
2 21 3
249 51 494
1 21 2
218 442
1 16 4
211 395 208 296
9 15 23
296 374 372 476 57 328 86 14 15 94 171 265 269 401 405 272 246 483 43 54 40 306 33
8 14 23
377 259 433 381 96 362 298 411 57 238 436 421 415 39 295 272 312 42 35 331 247 83 122
7 17 14
253 334 404 95 147 366 230 137 337 234 74 377 37 433
7 11 24
485 472 298 336 288 61 450 391 58 161 200 17 268 143 300 351 216 266 156 407 125 98 28 50
15 21 24
417 464 416 233 259 80 323 29 39 229 350 297 489 432 200 188 497 180 60 128 244 10 171 90
1 25 2
343 462
7 12 22
212 228 37 233 140 370 298 302 371 283 226 333 84 358 144 332 484 360 70 116 402 254
11 17 18
12 442 310 235 478 459 228 342 148 51 143 93 194 489 420 380 390 171
2 5 18
216 220 133 196 18 225 73 51 87 438 101 229 134 137 344 478 214 415
11 18 19
194 373 405 161 208 428 418 71 319 2 98 75 276 28 63 464 330 469 456
1 9 6
419 77 344 174 285 302
2 7 15
312 144 169 278 468 436 198 118 430 464 68 58 319 399 417
6 12 17
461 178 305 307 484 229 493 432 1 218 453 334 399 460 19 4 261
3 7 19
239 242 232 335 48 192 112 184 268 386 217 114 389 387 139 377 337 388 81
2 18 6
339 238 273 312 483 369
3 9 15
67 161 278 287 150 429 146 251 468 111 390 289 137 51 314
10 17 22
279 395 307 435 213 155 197 288 267 460 181 41 224 102 448 144 281 278 210 353 125 305
14 19 23
191 334 260 133 340 452 482 222 444 465 95 118 447 67 56 170 456 484 371 491 2 327 278
5 13 15
102 421 93 233 132 117 416 11 64 193 147 2 463 46 168
8 17 18
447 246 280 203 301 449 156 352 275 206 134 11 330 6 186 32 443 192
1 3 24
30 77 423 445 366 240 86 9 447 493 263 166 435 376 281 302 75 215 59 339 216 99 397 414
4 21 8
483 71 300 258 396 89 377 47
2 4 25
270 203 302 436 205 281 163 338 159 287 2 267 488 249 6 21 458 81 184 466 223 454 434 64 89
10 21 18
193 177 26 183 97 113 474 320 350 117 298 149 173 450 452 226 383 162
7 13 23
292 13 128 30 194 315 154 298 161 7 387 185 70 442 110 238 219 311 425 16 61 113 138
1 31 2
148 158
8 18 13
6 476 467 399 23 242 413 38 335 79 210 142 441
1 18 4
66 273 47 325
1 22 2
468 88
12 18 22
67 436 154 276 304 390 401 408 262 189 123 224 211 21 412 447 338 126 357 419 153 92
1 4 16
499 293 346 294 445 161 424 241 480 64 456 165 2 336 286 96
1 12 6
426 163 276 155 228 448
2 8 13
155 102 289 19 304 99 103 357 383 308 350 400 196
4 13 11
273 297 94 67 56 0 464 252 229 433 90
1 3 20
16 242 55 311 174 181 268 261 29 18 161 221 433 108 197 188 164 323 349 369
4 7 25
353 325 312 332 424 435 21 217 385 279 458 124 242 32 53 284 212 484 367 219 286 290 431 352 256
4 29 6
73 462 3 370 7 43
8 20 15
205 16 467 29 276 446 257 329 84 435 391 415 262 250 325
3 6 23
462 263 187 313 212 62 121 393 65 272 8 245 307 244 117 252 154 88 201 4 391 401 442
12 21 18
57 136 445 80 35 463 418 459 17 433 1 337 387 431 332 295 440 103
2 26 3
56 2 368
1 8 7
114 71 78 345 359 411 207
3 11 11
419 190 116 442 271 329 176 124 369 421 59
10 16 24
491 175 383 455 338 290 171 444 254 452 16 11 136 389 425 368 296 116 0 201 427 285 430 40
4 26 6
233 43 192 29 355 490
2 12 9
144 283 82 185 175 106 373 485 235
10 13 25
14 454 125 28 127 105 212 377 57 295 481 258 458 119 67 419 286 71 118 379 100 149 296 409 47
1 23 3
154 161 134
3 11 12
113 461 155 284 348 56 296 385 438 235 312 136
6 11 22
56 183 492 137 287 485 282 57 192 34 4 322 290 135 291 136 235 84 134 267 86 175
10 17 15
227 302 287 493 202 428 210 85 76 393 82 459 163 170 361
10 18 17
17 241 188 418 353 422 397 357 204 473 294 402 298 419 396 247 42
8 15 19
166 324 267 77 301 82 368 275 418 423 399 276 414 257 433 50 101 123 30
11 18 20
228 332 7 445 27 22 23 148 493 121 167 377 123 209 470 141 280 310 119 78
2 18 6
369 315 223 423 461 495
4 12 15
446 171 198 73 146 278 317 235 156 254 444 213 366 384 494
6 17 12
482 351 348 378 459 339 236 119 329 368 449 435
7 14 17
46 60 102 269 45 93 404 396 20 21 249 473 8 99 133 82 487
2 7 14
331 241 70 0 56 188 306 431 140 312 362 31 277 236
3 17 7
210 352 409 128 1 100 11
1 24 3
43 139 167
3 20 6
185 449 382 310 71 271
5 17 11
106 13 453 383 347 234 233 359 448 386 89
2 7 15
38 190 446 337 96 270 307 286 120 377 345 436 109 285 23
4 15 12
146 209 62 322 20 315 132 63 443 242 387 390
5 19 8
81 66 87 440 137 328 404 392
10 17 21
11 210 146 480 64 462 497 424 356 416 114 96 222 180 431 344 144 385 292 406 339
1 4 19
437 483 427 241 465 292 195 56 39 400 178 399 100 9 300 222 470 440 304
3 20 7
350 1 137 427 149 480 308
1 4 19
308 292 361 61 209 219 16 326 369 396 187 127 24 403 288 466 44 384 77
2 7 15
264 67 66 122 141 28 300 432 311 478 366 210 356 344 117
2 11 9
370 492 69 182 80 206 26 95 482
6 25 9
372 395 134 51 433 166 276 465 497
1 11 6
108 388 480 228 283 93
7 23 12
472 134 483 457 45 169 366 325 246 445 383 313
6 14 15
368 376 477 97 9 49 34 360 401 229 381 347 295 121 284
7 12 23
195 45 269 271 365 351 417 177 413 153 290 392 384 337 485 278 40 292 267 265 243 110 263
2 10 10
288 93 450 403 436 280 410 257 114 9
2 16 4
335 418 316 403
7 12 25
311 181 49 255 3 10 91 66 468 385 176 419 114 33 414 132 400 470 232 357 466 158 261 167 19
2 10 11
448 428 47 190 411 257 261 315 204 128 265
4 19 8
282 456 227 158 366 395 63 413
3 15 9
478 25 8 33 406 298 330 50 282
1 24 3
359 344 175
5 22 8
480 194 117 311 401 106 67 16
1 32 2
373 251
4 22 6
72 258 146 81 5 60
2 7 16
212 57 162 457 178 128 146 491 352 316 7 134 29 423 238 188
14 20 23
206 335 282 258 263 24 332 219 339 75 330 223 256 146 131 448 300 58 486 265 359 93 201
13 22 21
31 435 122 15 357 226 197 81 481 436 322 410 359 166 164 431 364 98 453 349 337
6 9 25
48 361 319 286 117 335 298 264 55 18 499 287 233 111 495 403 20 457 151 299 359 202 413 221 442
12 19 19
153 441 45 149 193 440 99 390 84 12 145 244 142 354 265 33 5 421 358
1 3 23
390 24 96 239 307 332 71 333 132 423 105 473 110 460 284 48 256 131 394 389 373 357 387
3 22 6
22 177 192 321 332 81
8 13 24
309 127 171 128 124 390 442 335 125 293 316 259 244 378 373 130 8 485 169 372 281 481 337 120
6 13 19
419 137 191 459 243 62 303 154 5 115 379 16 411 173 44 491 234 181 185
2 20 5
15 43 433 392 448
3 6 19
178 446 269 104 399 277 209 267 478 466 397 144 271 367 260 468 498 143 429
10 18 21
55 471 51 303 275 396 229 33 488 26 326 173 126 208 267 350 480 483 93 385 399
12 16 25
462 384 46 145 75 383 59 467 135 84 398 408 106 282 187 265 93 414 15 478 5 125 211 364 62
1 23 3
193 370 45
8 13 24
152 403 369 435 44 322 8 183 386 225 54 314 359 145 61 308 418 217 198 372 481 300 257 306
1 6 12
240 304 101 165 457 396 320 279 477 72 262 277
3 10 11
243 164 398 176 426 64 497 236 421 481 89
3 8 16
408 10 337 59 463 395 143 313 105 389 298 9 132 475 162 256
6 18 9
437 183 306 93 187 456 10 491 298
3 9 14
189 359 490 240 163 325 369 316 498 475 426 487 121 173
2 7 14
23 482 314 413 82 199 433 372 92 488 219 282 64 149
12 22 20
322 243 66 211 61 166 13 205 323 311 354 247 258 49 449 233 2 248 158 327
1 8 9
380 496 73 57 410 303 388 227 341
4 15 11
370 218 343 154 148 249 284 74 116 44 488
1 21 3
4 180 263
8 12 23
264 456 359 295 409 115 428 283 205 461 12 391 124 103 364 253 198 190 150 326 86 174 46
2 31 3
253 402 131
15 19 24
183 258 322 278 471 316 481 15 457 288 142 380 312 221 317 141 295 211 438 430 304 325 35 362
3 13 11
337 155 383 322 138 38 382 145 331 359 450
6 11 24
188 204 424 191 129 273 364 174 160 429 124 48 300 352 19 382 447 315 359 98 78 346 320 367
1 4 19
344 459 497 412 456 495 428 274 47 127 100 139 373 90 275 471 117 348 168
6 11 24
219 100 250 129 102 338 94 294 244 454 388 404 39 410 216 91 280 215 495 362 164 135 270 212
2 14 6
240 296 134 104 52 93
1 3 23
465 55 47 91 187 478 120 301 82 21 142 39 461 306 105 329 499 456 242 300 395 313 399
5 20 11
117 395 180 350 136 458 47 105 316 160 303
2 22 4
76 352 56 139
3 14 10
350 388 86 8 436 457 477 183 218 312
13 22 20
340 482 275 80 15 190 75 157 455 432 425 292 76 123 287 268 494 125 55 370
2 12 7
431 178 34 185 337 256 492
7 17 13
449 142 490 263 85 399 5 58 381 180 156 235 292
1 11 5
176 469 80 210 24
8 16 13
472 214 187 202 280 314 475 282 186 211 449 499 360
5 10 20
313 241 256 495 352 58 174 2 207 82 291 43 16 300 298 499 90 96 142 359
12 18 21
156 255 145 337 486 79 455 352 148 341 147 497 312 248 407 211 490 64 162 41 294
8 23 12
233 450 321 327 224 128 12 32 499 2 251 176
11 18 19
164 96 85 143 269 20 86 103 371 470 484 132 460 333 240 120 390 216 447
1 5 14
447 379 240 457 97 327 347 67 113 320 392 301 177 124
10 14 25
311 215 23 385 470 42 334 245 219 390 477 423 113 341 267 357 32 488 221 458 464 217 429 374 77
4 12 12
433 355 456 322 438 34 9 479 0 446 384 178
4 21 6
27 165 91 372 77 479
16 21 24
307 301 423 461 397 430 249 428 280 374 126 458 383 488 452 483 98 486 479 211 255 14 415 112
2 17 6
330 367 366 450 107 166
9 22 15
129 214 59 452 131 168 175 357 198 159 493 54 115 211 88
2 7 16
21 328 369 410 113 336 234 408 106 271 341 7 313 258 214 223
7 13 20
480 60 468 288 58 35 410 486 419 205 21 375 54 194 418 200 296 199 9 461
6 14 17
462 235 38 185 495 13 458 415 123 91 238 42 33 31 99 44 434
2 6 16
102 56 336 385 95 377 200 415 133 364 105 440 114 201 300 118
1 7 10
464 103 254 206 201 230 272 31 241 115
11 19 20
496 68 274 242 149 249 320 428 480 397 196 122 386 477 484 479 342 60 370 255
4 19 7
342 455 269 408 404 281 161
2 17 4
6 106 404 411
1 7 10
63 272 276 152 261 253 464 233 101 342
1 7 9
261 399 58 496 453 54 10 88 434
5 9 24
434 352 404 161 65 252 370 93 2 22 274 51 270 419 288 150 109 486 201 216 444 363 494 77
4 26 6
123 47 485 373 88 469
4 13 12
496 499 434 416 156 50 491 75 187 333 485 456
8 14 23
163 219 397 418 164 436 304 358 225 235 448 95 336 160 401 37 400 134 351 258 328 129 497
2 23 4
288 304 498 25
10 15 25
12 204 23 187 203 36 466 61 340 31 231 45 62 89 146 362 214 323 138 158 286 9 324 137 28
4 10 17
204 37 198 465 488 216 194 171 59 370 268 371 295 497 243 432 467
2 11 9
405 71 334 366 120 239 473 180 487
4 24 7
20 103 126 278 368 135 293
8 21 13
216 471 246 199 248 422 19 161 244 420 121 178 72
1 4 16
60 310 184 204 46 279 228 385 441 383 476 236 492 339 56 230
3 11 13
414 390 55 79 74 215 228 0 240 464 39 237 126
3 10 15
424 247 272 255 187 190 98 469 238 385 257 235 308 321 176
1 15 5
366 225 167 192 349
2 4 22
163 305 438 449 178 12 364 474 65 470 393 137 323 49 454 186 389 492 77 256 402 268
1 12 6
2 111 406 170 337 376
10 20 18
499 452 212 253 3 451 300 358 110 128 7 333 456 31 145 269 332 440
1 20 3
7 118 229
3 8 18
390 339 23 301 380 148 476 168 273 93 195 430 216 295 352 495 233 167
2 19 6
434 1 204 442 167 395
4 8 23
126 262 429 375 104 326 281 428 195 303 242 216 473 120 236 329 223 480 476 272 417 116 314
1 14 3
193 235 291
11 15 23
469 382 208 12 269 246 100 417 5 258 257 285 80 196 102 87 313 217 89 10 40 353 310
6 20 10
140 447 459 58 340 193 278 479 171 284
5 9 25
309 464 295 28 120 366 188 457 40 154 200 74 498 296 77 175 38 433 399 189 113 279 249 375 452
2 25 3
237 236 280
4 9 14
154 336 236 371 494 413 365 450 192 497 459 271 305 458
10 15 25
48 262 207 348 337 420 349 152 329 170 164 395 365 11 148 85 288 159 369 236 357 497 126 51 21
9 17 19
94 91 99 103 98 448 421 455 328 172 155 488 324 432 305 332 28 482 337
6 16 13
226 70 192 318 187 23 127 43 4 201 144 336 13
10 19 18
279 124 419 470 358 136 144 433 82 333 218 309 94 319 196 390 369 77
4 11 15
51 454 151 459 425 80 186 57 393 103 167 312 241 441 125
1 17 4
116 158 368 71
2 8 14
300 306 253 107 393 122 391 418 392 308 457 72 420 90
