500 1500 775
11 11 35 13 28 30 29 26 15 15 13 23 13 31 35 16 24 12 40 12 38 37 21 12 39 16 15 31 34 29 14 19 15 17 33 31 14 39 14 40 40 38 24 28 17 24 30 20 37 14 24 26 31 12 18 19 14 38 26 11 40 40 38 24 35 36 24 22 39 40 26 11 15 15 18 23 16 40 19 34 28 15 35 20 31 30 39 23 17 37 14 16 23 28 23 31 15 18 11 38 14 22 32 18 37 25 12 25 11 20 36 19 39 40 38 11 28 32 12 23 33 28 20 21 29 11 33 33 39 20 29 11 11 13 23 15 14 11 34 13 40 38 16 37 11 22 34 33 20 40 35 13 14 12 33 18 13 36 19 11 15 29 24 13 34 32 37 13 27 29 26 31 24 13 14 40 30 15 22 19 18 39 24 35 23 20 28 14 23 12 17 12 33 36 15 18 14 18 20 13 12 13 26 25 19 33 19 18 30 39 33 29 21 30 14 22 30 19 36 24 17 23 34 31 16 29 24 14 33 17 19 39 30 11 15 32 32 39 32 27 32 37 36 15 32 39 32 32 11 31 36 18 20 16 30 19 33 40 39 39 32 36 36 24 37 31 20 37 25 33 18 29 17 36 30 15 21 23 13 24 32 18 30 38 32 39 13 14 30 16 21 30 30 27 31 12 19 13 15 13 26 40 14 18 14 30 17 13 30 33 35 12 40 39 32 16 27 21 23 15 30 16 39 14 25 26 26 14 25 14 39 11 33 15 36 20 21 24 20 37 21 33 26 11 33 29 11 11 13 30 15 22 24 20 29 14 38 12 24 19 29 25 12 39 34 39 14 11 27 34 20 38 16 33 40 37 15 24 39 17 35 31 30 20 40 14 20 36 21 12 15 40 15 14 21 12 12 33 12 15 21 34 12 19 12 34 25 24 38 32 23 15 29 39 14 24 26 20 12 35 32 29 39 17 29 40 37 11 29 18 36 37 28 15 23 22 21 16 27 29 39 37 17 29 15 12 32 27 36 25 15 39 24 39 38 21 11 17 24 34 21 20 25 11 26 20 35 20 26 15 21 11 33 37 19 30 27 35 20 29 31 31 28 25 17 31 17 25 35 17 24 31 26 27 25 18 20 27 24 35
1 1 25 3 18 20 19 16 5 5 3 13 3 21 25 6 14 2 30 2 28 27 11 2 29 6 5 21 24 19 4 9 5 7 23 21 4 29 4 30 30 28 14 18 7 14 20 10 27 4 14 16 21 2 8 9 4 28 16 1 30 30 28 14 25 26 14 12 29 30 16 1 5 5 8 13 6 30 9 24 18 5 25 10 21 20 29 13 7 27 4 6 13 18 13 21 5 8 1 28 4 12 22 8 27 15 2 15 1 10 26 9 29 30 28 1 18 22 2 13 23 18 10 11 19 1 23 23 29 10 19 1 1 3 13 5 4 1 24 3 30 28 6 27 1 12 24 23 10 30 25 3 4 2 23 8 3 26 9 1 5 19 14 3 24 22 27 3 17 19 16 21 14 3 4 30 20 5 12 9 8 29 14 25 13 10 18 4 13 2 7 2 23 26 5 8 4 8 10 3 2 3 16 15 9 23 9 8 20 29 23 19 11 20 4 12 20 9 26 14 7 13 24 21 6 19 14 4 23 7 9 29 20 1 5 22 22 29 22 17 22 27 26 5 22 29 22 22 1 21 26 8 10 6 20 9 23 30 29 29 22 26 26 14 27 21 10 27 15 23 8 19 7 26 20 5 11 13 3 14 22 8 20 28 22 29 3 4 20 6 11 20 20 17 21 2 9 3 5 3 16 30 4 8 4 20 7 3 20 23 25 2 30 29 22 6 17 11 13 5 20 6 29 4 15 16 16 4 15 4 29 1 23 5 26 10 11 14 10 27 11 23 16 1 23 19 1 1 3 20 5 12 14 10 19 4 28 2 14 9 19 15 2 29 24 29 4 1 17 24 10 28 6 23 30 27 5 14 29 7 25 21 20 10 30 4 10 26 11 2 5 30 5 4 11 2 2 23 2 5 11 24 2 9 2 24 15 14 28 22 13 5 19 29 4 14 16 10 2 25 22 19 29 7 19 30 27 1 19 8 26 27 18 5 13 12 11 6 17 19 29 27 7 19 5 2 22 17 26 15 5 29 14 29 28 11 1 7 14 24 11 10 15 1 16 10 25 10 16 5 11 1 23 27 9 20 17 25 10 19 21 21 18 15 7 21 7 15 25 7 14 21 16 17 15 8 10 17 14 25
6 11 22
144 490 491 304 374 4 412 368 160 452 416 120 451 37 21 249 33 168 156 50 66 276
3 10 13
447 200 121 247 490 339 420 470 154 47 227 172 203
2 22 4
46 482 474 373
8 13 23
452 276 164 190 457 412 274 473 61 92 482 401 156 256 263 498 392 216 373 250 293 470 368
3 19 7
244 127 425 211 145 7 338
1 3 23
218 276 103 233 443 239 62 390 36 445 64 416 231 148 480 180 338 425 364 393 382 65 182
3 17 6
390 1 352 195 61 105
4 15 9
372 11 70 333 381 313 152 390 145
8 18 17
35 195 245 312 205 110 352 157 224 269 307 65 238 347 229 34 103
2 6 16
122 124 249 268 27 114 208 386 15 357 49 309 143 78 470 123
3 19 6
290 456 341 271 154 460
3 27 5
340 313 272 430 24
6 14 17
143 84 139 168 136 373 423 437 124 186 375 53 461 436 440 341 428
1 35 2
280 57
8 11 25
358 254 413 3 309 193 33 320 159 307 91 165 336 362 485 162 190 292 75 418 444 475 124 17 10
1 15 5
112 243 161 20 419
1 16 3
220 357 409
4 11 14
142 352 189 408 312 10 90 117 224 217 243 326 87 26
2 8 14
258 140 94 4 423 233 253 426 353 166 387 247 61 370
1 12 6
454 438 352 266 417 422
2 10 10
448 109 150 236 67 227 443 489 442 200
4 14 10
13 35 136 272 214 387 320 389 234 437
13 18 24
329 498 298 20 21 386 145 369 233 34 213 241 239 348 293 110 450 238 319 220 357 177 127 434
2 5 20
238 101 235 47 456 128 102 332 334 62 40 401 417 81 330 425 463 25 122 434
3 6 23
430 475 239 330 199 358 189 93 458 308 123 261 188 227 290 64 309 360 212 35 341 122 273
2 8 13
16 415 212 59 459 323 409 124 126 18 395 446 143
3 14 9
302 328 61 344 164 340 108 207 173
2 18 5
481 342 351 310 111
2 4 21
367 19 240 256 101 84 235 315 199 437 3 114 394 272 45 406 423 493 66 204 124
1 4 17
234 308 260 54 436 472 9 59 372 465 112 146 179 427 79 374 46
1 16 3
83 78 424
4 12 14
151 353 49 289 57 133 426 192 333 282 12 127 130 293
14 19 24
468 387 193 419 485 300 106 456 414 125 377 308 445 440 355 244 159 431 175 80 493 194 215 372
5 18 10
162 482 146 477 148 247 266 2 395 224
2 20 4
311 232 53 312
5 10 21
391 489 344 72 343 339 450 73 285 406 311 102 180 394 46 150 298 392 183 290 54
4 14 12
363 279 350 138 287 26 253 234 314 425 208 220
12 16 22
316 233 80 294 88 173 157 499 382 16 467 287 177 103 415 207 42 219 449 352 461 104
2 22 4
98 250 315 330
1 13 5
449 434 365 305 105
2 16 5
382 217 414 222 153
7 17 11
450 269 230 328 366 325 27 11 227 159 383
5 14 14
61 225 117 402 193 162 46 471 205 124 467 161 42 21
16 19 24
92 205 417 233 250 206 350 197 414 473 69 303 283 214 358 430 327 182 21 170 395 461 252 203
2 14 7
202 287 352 34 285 122 461
6 15 14
158 115 380 459 447 222 482 484 32 394 442 312 252 226
1 31 2
337 57
2 19 3
74 437 410
14 20 22
437 306 336 177 5 217 453 260 285 176 372 113 83 310 158 258 10 16 408 270 225 136
1 6 11
305 244 119 12 415 482 449 437 327 49 82
9 21 16
376 309 480 164 440 242 22 485 432 444 405 499 114 412 293 209
6 14 16
434 342 321 227 195 222 160 234 306 326 203 262 488 20 320 315
5 11 19
260 446 255 21 16 251 278 368 413 315 0 200 248 434 471 317 425 282 177
2 9 12
287 54 179 449 127 259 13 443 99 339 457 129
2 30 3
296 371 310
4 13 11
94 90 335 87 179 76 362 490 294 499 2
7 21 11
27 302 56 437 254 147 387 299 318 68 485
9 17 16
277 68 269 219 134 477 26 328 455 92 191 58 364 383 12 458
10 19 17
88 347 282 457 71 166 475 314 203 435 413 227 334 18 145 399 107
9 13 25
263 55 80 110 109 93 141 128 364 289 407 410 70 282 498 112 22 63 304 17 105 34 151 57 5
1 31 2
64 121
7 18 12
157 225 124 269 201 90 484 96 251 414 374 289
11 18 25
483 312 208 328 417 319 198 257 283 271 77 155 61 175 427 186 113 246 69 344 62 284 360 272 323
3 23 5
80 316 46 482 85
9 23 14
482 179 419 35 388 262 252 13 77 361 329 256 466 208
9 17 20
441 248 193 232 62 495 455 35 363 184 334 23 2 177 361 4 105 209 395 260
8 19 14
345 477 30 487 430 13 311 132 310 6 97 196 316 491
1 14 5
181 415 355 53 28
12 22 18
446 417 335 495 351 358 363 260 445 33 457 249 143 344 77 16 426 120
3 19 7
308 156 481 90 141 488 428
2 5 23
454 20 409 378 201 83 194 258 79 25 317 424 428 101 43 74 52 131 106 339 375 103 84
10 17 18
0 142 209 207 331 372 210 386 150 122 72 469 292 200 58 426 286 267
10 24 15
124 190 422 371 257 387 8 463 476 193 431 435 492 199 292
5 21 8
214 281 182 207 244 371 271 6
1 10 6
166 435 493 402 83 325
4 15 11
245 119 15 191 140 284 136 302 246 108 195
3 9 15
486 14 247 283 290 342 198 41 1 439 174 488 360 269 281
5 22 8
171 174 494 337 428 375 121 223
1 12 5
47 285 462 355 207
8 19 15
211 437 72 360 345 369 424 61 292 293 324 332 266 484 322
1 7 11
364 463 439 24 30 440 432 287 476 16 442
4 10 18
466 40 116 262 136 95 20 160 181 150 151 195 183 256 214 328 91 411
3 22 5
313 43 367 100 282
11 16 19
159 369 239 123 351 470 394 461 106 26 302 444 212 122 40 4 79 83 148
2 11 10
28 197 145 466 154 40 290 455 426 408
2 7 13
376 32 469 197 122 324 432 18 271 106 179 471 478
2 7 15
302 356 381 30 211 20 8 207 190 398 103 476 115 256 345
13 17 22
3 497 220 109 12 344 271 366 94 389 197 496 438 193 82 106 66 348 448 233 228 409
10 22 17
138 7 62 175 339 156 338 262 453 282 377 264 475 333 159 345 37
6 11 21
342 26 462 93 127 447 433 232 5 123 110 9 285 408 263 299 207 32 363 368 196
8 15 19
210 87 453 220 67 149 123 495 168 437 326 388 114 332 479 423 152 498 234
1 20 2
170 393
1 5 12
399 495 172 297 460 131 406 268 331 199 245 275
11 19 19
214 311 332 218 170 105 219 230 475 195 182 487 156 269 422 360 371 390 362
4 10 17
98 100 133 74 438 169 196 233 157 344 15 333 147 99 26 170 259
13 20 23
195 139 257 422 344 469 219 265 264 70 48 425 187 308 131 396 290 275 332 84 206 69 467
6 12 15
219 333 407 453 101 263 23 377 195 401 298 456 129 119 172
4 22 7
415 360 34 223 232 480 208
2 12 9
228 286 406 312 488 115 478 280 267
5 16 11
10 198 225 212 381 466 74 275 309 293 45
8 13 22
324 85 220 486 153 323 234 314 270 15 373 168 105 301 289 188 174 405 157 48 7 280
2 23 3
314 76 87
1 10 4
288 362 53 396
5 14 15
134 30 94 471 495 86 24 28 285 270 105 191 241 188 189
1 7 9
212 480 15 5 268 485 144 344 293
3 15 7
130 1 105 47 321 404 264
8 17 18
164 56 464 237 30 391 209 51 321 212 350 458 265 268 9 285 161 165
1 15 5
363 60 461 394 79
4 23 6
358 269 300 59 75 405
11 15 25
478 250 232 67 483 249 24 383 31 318 38 57 387 181 159 47 97 118 289 349 158 27 30 452 151
5 12 17
284 152 117 488 404 419 226 197 499 289 99 7 428 337 131 393 62
8 15 14
461 200 136 42 318 295 19 347 350 489 27 104 407 487
3 6 23
480 259 20 422 276 366 204 297 464 393 192 294 258 399 9 86 110 335 120 222 360 33 488
1 15 4
185 383 50 21
11 16 23
79 490 195 423 286 443 387 488 432 343 378 188 429 159 414 27 477 402 82 151 347 60 156
9 18 15
52 485 393 458 21 31 457 357 34 128 55 484 476 123 133
8 18 14
294 29 11 44 248 210 352 120 101 214 211 22 422 400
8 20 12
342 286 79 283 441 165 103 333 191 107 407 302
7 21 11
175 493 227 246 302 132 86 439 309 87 9
5 11 17
105 366 179 106 228 277 67 164 197 265 344 141 182 452 476 294 160
7 14 18
480 479 25 173 339 493 23 409 474 124 248 346 394 5 77 127 369 238
1 10 7
99 244 388 239 420 334 109
1 14 3
196 92 129
4 15 11
487 100 481 182 499 218 12 399 335 476 149
1 3 23
482 146 270 123 426 168 462 114 322 15 472 403 26 93 186 298 244 485 135 457 268 41 448
12 15 25
386 50 8 313 480 430 417 347 81 219 388 261 305 2 355 15 435 11 65 47 17 424 167 443 87
1 20 3
358 13 5
3 12 9
192 471 146 496 206 190 152 108 482
8 11 25
320 232 219 125 287 458 388 359 63 147 115 201 10 286 307 293 342 160 14 471 169 256 401 165 12
1 24 2
339 456
1 5 14
154 238 120 87 64 159 378 496 313 104 188 158 336 75
1 19 3
293 487 247
5 14 15
423 69 112 392 4 117 435 279 62 297 311 189 373 405 339
2 10 11
35 120 310 140 206 413 45 430 325 115 122
16 19 25
253 376 247 355 113 229 388 283 129 156 498 115 325 212 236 452 13 438 397 378 146 117 370 470 383
11 16 22
251 439 322 476 45 144 273 394 442 274 4 6 153 395 366 443 470 338 283 343 429 203
4 22 8
378 246 156 265 24 371 204 370
1 9 7
220 126 428 265 180 407 58
1 3 21
118 251 159 392 67 485 186 389 497 254 83 127 10 25 202 195 170 220 103 342 224
3 10 15
28 226 450 128 34 208 294 188 40 123 234 236 275 92 378
1 17 3
317 165 131
9 16 18
317 185 489 94 125 471 51 230 9 400 43 327 244 122 283 58 330 375
1 23 3
180 176 378
9 23 14
428 161 141 411 187 104 183 448 199 287 447 120 179 209
1 15 2
329 306
1 15 3
372 94 279
2 6 15
275 59 265 359 133 169 107 142 492 304 385 83 91 363 25
3 5 24
157 71 154 235 29 420 437 443 389 43 139 268 306 336 111 411 449 346 468 30 279 391 458 109
2 6 19
470 233 473 375 382 386 362 415 377 193 484 435 72 472 300 451 255 269 140
7 18 11
74 30 204 365 189 173 305 437 176 302 283
12 17 25
429 126 154 155 463 482 132 375 11 35 362 40 204 451 403 168 293 391 368 104 329 419 84 460 91
1 3 24
188 147 314 291 227 384 73 175 233 50 448 40 78 154 391 425 379 169 377 358 56 369 273 431
2 8 11
428 385 350 214 158 359 34 373 411 288 317
3 19 7
189 345 273 23 394 48 84
5 14 14
175 334 252 91 43 281 279 494 192 184 415 244 260 447
10 19 20
183 171 45 428 3 146 451 32 0 110 420 224 181 229 156 114 235 143 365 271
5 15 13
392 25 317 220 179 250 181 157 245 361 67 437 109
5 9 23
345 105 112 210 344 456 272 141 378 397 377 104 115 24 304 320 269 48 424 249 124 284 491
7 12 23
262 134 353 402 99 277 202 289 144 259 106 146 177 311 255 191 218 107 332 208 275 70 216
13 20 21
35 119 162 79 247 336 231 2 486 102 154 169 417 303 226 315 142 492 339 43 95
6 13 18
425 340 217 137 256 124 397 231 198 406 473 213 225 482 17 275 209 182
2 27 4
261 451 262 80
2 5 22
12 491 32 283 431 367 64 304 112 36 164 498 253 37 376 325 408 57 362 321 231 396
5 16 13
222 415 497 140 207 198 330 264 302 289 224 193 446
1 4 16
207 120 280 225 372 305 393 260 290 271 403 239 156 223 84 203
4 10 17
91 412 163 136 153 59 181 360 269 46 244 124 318 322 206 416 87
2 13 8
67 57 329 282 272 284 69 288
1 3 19
314 53 202 218 31 442 266 127 138 198 366 491 359 488 146 163 386 332 262
8 13 15
87 215 350 278 495 26 315 55 27 303 126 347 388 343 200
9 14 20
286 479 293 51 13 32 177 396 491 334 484 207 1 427 369 234 186 118 22 17
2 5 20
130 482 115 488 485 373 428 484 231 486 77 275 382 27 357 10 78 300 314 20
11 16 25
399 400 221 344 108 69 349 282 127 408 2 356 97 103 197 295 382 321 132 469 137 358 296 397 68
4 16 11
415 154 407 118 441 289 116 448 41 37 207
5 11 19
117 101 120 159 313 270 322 97 63 127 23 397 292 95 449 304 381 206 252
1 25 3
321 104 259
4 11 14
366 103 265 197 359 100 261 421 185 22 80 178 280 94
1 16 3
385 222 445
2 16 4
321 137 499 156
3 11 10
355 481 362 56 171 16 288 276 134 11
2 4 24
10 238 463 418 330 286 91 424 270 180 193 296 377 376 444 279 31 127 67 332 98 467 417 165
3 5 24
448 414 15 183 82 88 197 201 473 460 215 13 317 266 458 364 467 163 87 427 343 152 117 91
4 12 15
247 397 139 25 179 181 372 461 271 64 85 175 20 293 60
2 10 9
489 148 292 105 63 93 125 392 41
2 24 4
147 416 257 321
7 22 12
457 140 426 267 409 131 294 27 484 227 429 175
7 15 14
392 280 29 402 414 429 344 245 22 203 347 199 123 318
4 7 24
194 26 454 275 240 173 148 441 15 472 426 172 255 458 328 108 471 130 321 49 412 252 291 123
5 16 13
403 422 70 19 412 38 132 35 61 341 411 320 242
3 23 6
249 451 499 295 80 14
4 26 7
448 483 108 143 14 441 378
5 10 21
235 286 161 306 13 55 136 180 141 265 332 227 181 278 408 30 492 1 494 361 340
3 6 21
173 108 477 179 194 298 158 345 241 40 276 458 452 129 226 265 130 5 344 92 93
9 14 22
173 151 352 72 344 211 327 266 360 20 133 80 341 0 113 406 393 413 427 212 120 71
1 5 14
347 394 26 111 41 28 341 252 195 391 7 356 12 496
1 11 7
198 184 0 322 245 22 311
8 18 18
183 40 49 119 370 444 174 259 267 127 460 375 372 301 147 46 415 333
9 17 19
114 412 105 252 491 369 351 83 290 469 267 251 273 12 285 460 436 294 228
12 19 21
361 192 341 314 113 224 178 179 360 399 277 445 249 154 72 354 400 161 170 442 110
3 12 11
266 400 453 497 362 388 182 380 319 305 273
6 12 16
19 46 398 437 406 295 199 187 287 220 186 66 124 85 347 354
6 18 9
99 465 207 298 234 212 333 474 260
9 15 22
112 415 351 246 441 218 270 303 95 163 292 136 212 85 448 165 339 353 87 399 77 5
3 14 8
123 115 269 428 452 206 199 309
1 3 23
286 320 411 95 434 179 438 29 296 460 132 102 206 38 79 373 139 420 6 451 243 20 81
3 7 18
331 277 338 303 200 341 399 90 59 67 247 103 291 196 289 73 222 182
2 29 3
203 268 231
7 18 14
114 471 131 108 1 73 328 363 374 113 47 5 294 276
4 25 6
236 300 391 378 286 272
4 12 11
163 67 54 183 35 266 88 33 351 103 247
4 18 8
386 464 455 210 240 276 258 489
3 11 9
230 411 249 142 132 47 479 135 400
1 3 20
478 239 9 94 457 309 323 333 482 249 462 89 240 353 21 40 337 91 139 86
3 17 8
49 285 476 183 135 369 15 428
2 12 9
58 473 392 310 230 8 435 430 379
1 17 3
226 251 316
6 16 10
281 184 105 318 46 119 263 97 423 296
1 2 25
133 243 216 424 248 32 70 299 268 147 419 483 289 42 182 427 352 80 466 84 142 157 362 271 66
4 11 9
215 155 297 201 307 293 12 386 207
4 22 7
475 305 499 180 103 21 498
5 18 11
272 475 437 262 343 116 310 279 477 57 1
1 3 20
89 496 415 262 490 23 175 138 48 371 437 338 247 493 319 358 453 201 427 67
2 13 9
330 112 313 43 164 364 15 165 159
5 20 8
188 160 393 61 349 381 206 212
5 15 14
74 407 447 322 177 117 147 307 453 337 223 126 377 387
8 14 22
378 186 366 471 297 43 188 492 310 142 140 330 248 376 375 169 254 258 354 30 198 236
12 20 19
397 254 238 142 139 216 422 359 99 479 190 372 411 83 344 406 325 251 341
2 13 8
228 272 499 339 387 139 485 456
14 19 23
326 193 434 457 449 244 254 450 352 297 93 145 190 448 325 455 73 395 239 84 183 246 86
1 24 2
255 271
1 15 4
456 480 182 244
7 12 21
302 275 329 381 53 486 209 186 383 460 349 63 123 231 234 156 337 227 51 10 283
3 7 21
497 165 321 374 66 463 229 244 425 264 58 180 295 307 477 221 284 163 186 138 30
8 13 21
226 357 225 191 369 9 332 432 402 124 51 321 436 186 480 409 81 367 151 94 273
3 8 18
75 255 324 108 58 180 166 245 70 439 402 204 432 262 63 64 320 428
2 6 16
197 237 412 287 401 230 462 151 381 183 54 242 14 296 229 496
4 6 25
121 96 497 403 128 308 51 54 78 481 373 103 130 485 376 278 470 399 185 317 462 93 243 25 271
6 18 10
490 276 339 240 460 197 70 55 299 450
6 22 10
161 300 147 8 353 131 48 69 204 68
2 9 11
390 447 379 127 274 291 432 139 453 346 427
2 8 14
94 192 441 258 250 405 435 300 228 168 283 182 428 26
1 26 2
216 67
1 8 6
80 317 220 303 279 144
10 20 17
472 272 364 86 25 378 252 389 106 260 493 383 29 289 72 425 305
1 5 12
100 329 27 463 12 263 471 18 122 186 412 366
1 7 10
43 467 246 444 19 221 421 37 312 422
4 8 23
446 463 460 112 38 305 429 423 132 346 169 149 421 45 193 364 254 416 145 235 46 47 273
4 7 21
487 42 348 331 98 97 160 321 37 84 148 131 10 336 118 8 302 32 474 275 369
9 17 19
361 52 346 360 192 79 86 148 91 111 149 140 402 19 277 107 279 112 490
5 9 24
4 141 256 261 450 105 81 44 278 189 49 353 68 168 262 441 107 356 477 177 337 179 328 114
2 15 3
348 198 214
3 17 8
231 24 496 124 317 75 336 273
2 29 3
193 209 278
10 17 22
255 391 276 340 180 118 301 168 137 259 490 185 132 69 34 401 13 253 190 216 77 243
2 4 25
283 426 288 354 34 266 312 313 355 82 55 142 123 54 320 335 427 168 498 47 149 208 96 410 46
5 14 13
1 32 440 223 406 272 460 169 198 164 151 17 358
12 17 25
397 31 313 498 66 470 356 60 182 310 83 227 155 392 192 489 460 64 180 108 317 110 139 209 14
1 4 19
355 41 440 198 90 399 320 369 271 459 101 457 299 491 358 350 140 256 97
4 12 9
456 438 72 226 306 327 337 423 12
7 15 18
62 40 462 430 449 397 243 215 25 145 169 345 110 410 73 260 268 157
3 8 15
471 11 347 27 152 105 15 337 19 344 23 345 73 240 155
4 9 20
27 427 469 279 281 445 79 176 309 209 202 415 65 347 53 252 323 280 339 431
14 22 21
322 99 4 225 347 433 14 129 75 325 446 143 282 217 369 279 228 167 315 164 145
8 17 18
303 339 459 447 188 353 206 49 58 217 382 380 28 209 262 362 370 454
4 16 6
96 160 357 43 443 214
1 10 7
451 272 207 278 405 115 473
13 19 21
305 418 76 333 99 31 51 33 230 326 16 260 286 401 158 62 436 261 255 453 466
5 24 8
149 387 490 230 406 140 254 417
1 20 2
195 277
5 20 10
329 51 20 486 285 450 143 473 196 294
4 16 11
235 176 409 481 262 442 9 308 330 57 129
11 19 21
442 89 362 369 7 96 371 123 271 261 221 21 171 321 43 404 322 44 140 310 343
3 7 20
388 170 352 461 487 54 60 254 271 379 441 320 357 118 113 270 334 49 250 101
3 15 8
249 438 275 37 109 360 55 195
1 10 7
207 477 253 481 161 215 264
11 19 17
196 103 186 221 156 301 160 214 70 2 212 286 182 120 248 413 476
8 13 22
422 201 340 213 85 244 23 308 295 2 212 133 52 203 240 104 90 162 322 47 55 12
8 15 22
295 26 77 382 286 114 336 288 233 495 237 454 105 240 441 87 238 283 389 354 86 280
3 16 8
207 310 79 90 300 18 47 158
13 19 24
343 432 69 249 480 349 325 204 257 291 313 35 261 262 402 251 84 468 129 334 372 456 493 292
2 15 5
415 270 173 52 198
4 18 8
373 448 9 135 228 15 173 420
14 16 23
356 272 196 51 417 348 115 104 100 359 406 340 145 118 206 144 242 56 286 136 203 84 207
9 16 20
97 7 64 308 482 21 155 36 107 102 465 499 195 365 233 321 271 103 243 260
14 20 21
464 127 388 96 252 437 90 368 363 481 410 224 19 56 140 78 250 306 213 13 280
7 19 15
213 254 242 69 313 300 160 291 238 18 396 67 60 6 198
13 17 25
273 322 60 325 490 457 147 462 168 382 111 95 402 447 127 210 254 336 203 13 286 217 130 348 148
2 7 12
452 232 329 420 121 317 8 95 239 381 434 352
1 11 6
164 242 103 147 168 386
3 22 5
30 143 482 432 442
5 9 24
236 113 369 56 298 468 108 357 209 231 299 132 34 45 198 274 430 130 471 235 63 94 90 23
1 8 7
399 297 75 20 452 158 12
5 15 14
142 365 357 159 78 397 246 322 422 36 205 166 247 105
2 7 15
201 106 225 476 371 141 148 433 289 7 383 407 499 126 230
6 20 11
214 208 420 407 170 181 314 464 23 58 440
2 14 5
76 226 160 445 288
5 10 21
87 370 302 111 185 117 133 152 454 24 56 223 483 371 196 399 142 392 192 90 418
1 21 3
186 341 102
6 18 9
298 294 317 328 301 295 393 78 411
1 18 3
468 354 474
7 14 20
89 241 46 15 118 43 73 351 470 209 64 161 0 480 488 238 189 110 54 458
10 14 22
7 158 349 303 194 485 180 21 340 123 84 32 30 174 420 492 456 165 346 357 25 337
3 14 9
219 305 272 403 262 298 349 156 2
10 23 15
74 419 361 475 262 205 44 142 40 121 246 157 109 16 283
2 4 25
196 409 443 415 141 341 108 182 372 106 300 7 299 176 472 104 491 74 224 303 345 490 220 170 402
4 16 9
225 455 375 240 144 486 270 205 370
7 16 17
187 253 101 372 37 373 114 406 181 7 213 388 436 244 140 432 142
4 12 14
498 3 147 112 294 127 219 188 347 493 321 262 63 278
1 20 3
368 459 103
6 15 9
358 429 72 97 100 400 45 22 38
5 21 8
276 22 92 357 245 161 104 105
9 14 25
379 183 174 357 184 85 294 479 310 125 312 380 53 265 282 419 192 385 474 109 114 128 349 303 254
12 22 18
487 160 61 150 77 69 357 49 427 265 143 414 329 443 112 56 275 473
7 12 18
150 127 303 416 162 182 92 318 474 483 70 203 207 48 76 8 268 155
5 9 17
208 252 396 461 176 33 273 327 331 131 192 390 302 395 489 437 108
8 17 18
258 118 396 79 218 136 481 488 201 335 236 285 439 389 419 382 143 82
4 7 25
204 434 224 3 229 290 422 248 129 316 431 278 162 211 17 171 449 185 223 341 337 399 348 1 57
1 8 8
154 459 324 218 393 342 171 325
1 29 2
384 403
10 20 18
206 442 40 329 201 488 303 378 364 434 117 481 138 90 161 58 112 281
8 16 19
288 1 330 232 439 470 284 185 399 391 164 203 168 437 347 124 141 188 364
3 18 6
52 337 118 226 302 382
5 17 8
228 51 122 215 10 486 15 16
3 12 12
109 281 80 421 280 105 241 387 451 199 138 84
10 16 19
297 9 396 274 182 41 291 252 293 46 163 405 323 244 289 411 357 236 281
2 21 4
188 475 5 497
1 7 10
236 259 454 214 327 42 118 227 66 34
4 19 7
481 279 396 331 144 65 397
11 17 20
362 381 140 53 160 481 224 244 384 123 414 213 468 416 135 58 444 6 139 328
5 10 20
416 409 323 208 394 141 191 38 275 95 390 445 232 112 6 456 197 96 36 217
8 17 18
279 451 285 139 403 118 222 380 194 349 444 425 35 85 75 192 110 144
10 13 24
131 454 271 417 428 315 300 88 296 111 159 146 230 306 460 316 334 368 491 92 474 495 224 292
3 10 12
474 110 336 303 106 319 232 221 107 499 214 211
7 18 13
328 369 290 343 444 46 40 119 130 108 240 414 397
2 11 9
318 475 412 197 317 313 208 385 427
3 8 18
105 23 209 389 238 146 169 167 8 457 453 428 264 369 139 452 383 345
8 16 19
130 68 269 10 185 15 288 89 245 34 171 335 250 222 120 304 497 104 203
1 11 6
23 171 384 135 172 400
4 25 6
79 313 256 438 467 376
1 3 24
138 367 55 387 449 49 99 257 446 421 462 263 352 208 231 484 194 384 156 237 24 128 428 381
1 10 7
158 425 471 208 406 333 216
2 22 5
164 384 189 149 299
13 19 21
341 428 299 205 144 135 335 239 268 236 57 188 244 70 381 100 1 42 459 311 107
9 17 18
472 337 218 196 453 430 59 359 66 431 278 406 238 298 484 177 485 0
2 16 6
426 87 490 332 170 315
1 21 3
213 318 205
1 18 2
351 136
1 3 25
479 474 41 484 334 73 494 207 145 224 108 50 434 31 26 261 125 51 439 312 171 485 47 186 410
4 16 7
17 470 462 293 306 452 195
1 5 12
457 197 452 34 302 290 109 316 0 145 21 108
5 9 25
336 126 11 457 71 499 252 232 267 171 18 464 103 406 341 138 182 428 42 206 140 128 318 471 210
14 18 25
327 395 183 341 312 335 120 245 25 59 163 136 148 176 162 29 466 325 269 234 9 168 83 161 32
4 10 16
263 276 481 157 93 270 210 202 191 311 421 192 207 393 119 399
10 17 19
351 123 104 5 207 233 142 74 332 218 226 91 67 35 153 475 183 151 146
2 13 9
476 103 259 257 438 269 495 53 365
5 12 16
281 251 273 483 185 375 184 23 348 410 311 276 282 283 10 472
1 22 3
166 109 428
8 13 22
241 211 366 499 297 95 381 74 385 39 26 73 469 416 360 315 192 22 456 451 287 289
5 14 15
363 323 72 9 76 133 155 279 179 21 192 466 181 374 135
1 7 11
8 268 65 40 431 491 289 27 50 121 406
3 12 12
141 177 459 85 349 363 196 280 70 161 14 77
10 15 19
465 403 299 258 15 323 397 314 377 19 71 417 29 80 230 412 286 51 38
3 12 12
9 77 215 312 303 433 152 398 309 334 383 449
7 11 24
460 140 344 468 417 459 267 405 466 142 241 118 144 291 297 198 320 156 333 204 85 192 27 293
2 5 23
253 189 104 433 447 425 329 429 27 128 187 188 20 490 307 110 252 411 277 127 496 320 427
3 14 7
447 386 410 142 486 49 260
2 8 11
307 102 1 177 370 461 7 396 430 367 300
6 15 15
44 222 68 248 95 267 453 398 318 59 36 361 304 496 240
1 6 12
161 94 252 158 141 329 414 359 112 56 333 206
6 11 23
318 497 265 126 279 28 89 213 450 372 95 429 54 52 236 33 69 48 474 242 417 60 100
5 23 8
456 99 65 154 182 169 400 337
5 17 11
202 466 481 421 86 271 207 79 392 12 429
4 12 15
168 160 40 301 355 478 126 284 164 49 378 180 74 424 387
2 21 3
396 201 237
3 13 8
275 156 161 276 390 130 203 187
13 19 20
132 213 284 366 49 18 185 153 58 46 272 45 409 263 8 311 385 340 373 285
3 9 17
216 458 3 407 227 384 149 72 211 414 34 283 42 301 225 486 106
1 18 2
435 187
6 11 22
168 334 218 110 475 15 491 124 350 358 379 24 7 21 300 421 464 438 395 323 13 149
2 6 15
331 159 76 329 442 330 320 251 80 239 154 232 10 216 221
4 21 8
61 234 406 181 159 443 199 128
6 15 16
326 143 448 158 110 483 242 411 146 82 333 40 12 15 439 2
1 11 5
477 272 75 26 442
8 20 15
341 451 126 371 252 483 390 222 7 292 48 446 289 45 493
5 11 18
267 243 411 262 239 114 132 49 495 176 193 294 304 214 93 434 53 373
7 11 24
396 458 445 92 136 363 101 381 403 117 380 73 100 10 332 415 164 43 183 245 154 329 207 85
4 18 10
13 143 431 482 134 317 37 286 3 21
7 16 16
442 270 268 471 111 175 182 315 61 391 117 143 184 203 0 201
2 17 6
252 241 247 157 304 491
7 25 11
61 412 354 330 245 284 472 296 455 409 269
1 4 17
231 250 74 103 475 368 355 7 378 461 53 58 298 397 322 76 388
2 22 3
392 134 428
8 20 13
300 194 7 176 395 272 363 79 157 159 367 206 250
4 11 16
238 455 75 84 167 63 430 20 53 454 425 228 314 134 90 141
1 3 25
296 336 345 187 30 31 436 61 37 139 297 222 104 424 416 489 234 129 480 364 215 191 469 262 134
1 26 2
9 166
2 23 5
431 488 181 269 257
2 20 5
99 382 479 152 380
4 18 8
300 240 348 360 304 446 400 161
9 20 16
9 349 193 313 297 346 363 53 394 45 259 12 48 6 325 185
5 19 10
158 427 444 237 126 260 356 186 447 191
2 15 4
331 98 23 375
5 19 8
485 129 12 203 175 383 10 206
9 21 16
424 458 22 426 149 216 285 483 244 417 39 141 289 254 171 50
7 19 15
491 345 289 426 100 113 60 497 124 453 399 69 88 250 291
7 21 11
210 335 41 438 495 215 379 411 116 82 43
2 18 4
383 488 298 252
4 9 17
78 467 289 233 3 483 4 220 490 83 246 130 380 231 153 230 38
6 16 12
28 490 9 393 73 452 311 261 422 139 498 8
12 16 23
254 73 82 452 244 444 287 334 126 275 204 494 359 483 445 65 467 118 436 332 206 203 286
12 16 25
22 64 12 35 27 52 325 175 269 494 200 230 209 189 296 493 106 19 336 483 218 108 139 30 182
1 17 2
469 83
12 23 19
50 12 172 283 112 42 275 313 480 155 128 332 259 17 104 40 66 411 114
2 4 24
21 395 478 394 499 131 240 101 388 363 344 68 242 447 53 281 99 426 219 209 406 435 90 407
16 16 25
191 50 26 367 378 474 433 205 494 262 278 396 316 333 33 472 139 366 234 276 405 180 388 156 78
3 20 6
120 309 403 396 374 450
1 16 4
299 49 150 260
7 13 19
341 59 335 380 347 32 350 148 338 281 78 365 215 54 179 451 2 42 124
7 21 11
349 235 76 476 249 240 263 317 276 313 190
4 23 6
196 326 268 415 84 269
1 5 13
387 461 12 1 366 363 454 273 2 218 229 161 49
4 16 10
189 16 21 446 108 138 95 97 476 421
1 11 2
71 106
4 10 16
95 293 190 151 474 277 459 225 75 87 128 162 216 388 176 316
4 18 9
37 448 366 342 314 397 377 346 335
1 12 6
235 27 423 257 31 410
10 21 16
4 474 494 192 253 362 409 373 122 125 218 354 268 448 165 166
1 4 19
283 346 297 368 84 296 453 307 289 393 443 409 240 48 45 490 59 19 157
1 27 2
204 150
1 25 2
461 27
9 17 15
423 474 79 235 353 462 97 222 236 296 195 137 167 435 367
2 5 21
153 375 302 442 298 444 178 161 268 131 286 294 253 108 150 378 185 20 143 428 27
6 12 17
65 126 482 410 350 449 319 71 57 498 119 70 234 80 349 297 219
6 20 10
442 160 256 4 99 293 345 382 366 340
13 19 25
135 305 242 107 367 256 403 70 79 420 425 40 217 123 141 69 21 119 58 424 170 295 127 20 333
5 12 17
357 179 132 148 408 63 257 472 454 111 248 83 29 79 34 292 401
9 14 24
374 244 191 423 289 65 118 332 426 306 271 170 354 297 235 410 179 406 94 388 102 198 112 121
13 19 20
366 62 156 163 28 416 499 326 213 23 343 19 289 449 141 177 247 361 392 192
1 35 2
213 425
1 3 20
380 103 337 20 81 294 307 297 324 111 345 461 387 471 136 77 330 156 127 227
2 23 4
470 492 40 354
8 15 18
322 151 16 50 453 205 30 490 115 233 443 127 429 32 167 346 2 51
1 3 20
145 411 381 369 81 144 465 477 223 197 394 175 52 135 419 258 245 122 246 131
1 32 2
48 168
1 6 10
45 132 196 323 246 321 160 54 157 122
1 31 2
237 45
11 19 20
366 66 361 248 171 444 314 176 349 79 468 238 339 196 413 273 76 272 438 205
3 13 8
248 80 263 44 456 394 89 71
1 12 6
63 267 82 336 50 359
2 9 12
369 37 267 255 348 157 166 275 477 183 469 92
4 10 18
46 128 407 340 394 169 212 408 260 257 431 449 455 137 381 333 274 473
1 8 9
70 114 53 238 287 468 143 369 11
1 4 16
427 42 484 152 12 258 281 27 70 124 299 276 477 187 20 96
16 19 25
448 351 461 286 240 174 473 306 315 195 443 226 399 267 92 34 90 124 314 70 348 225 464 307 452
15 20 23
35 293 320 0 180 429 19 1 5 110 64 263 457 446 364 382 148 147 135 371 240 47 433
2 11 9
331 115 55 287 391 257 75 167 195
7 11 23
478 398 232 435 451 254 300 179 203 436 42 81 274 11 185 230 129 494 363 169 159 235 141
12 17 22
12 449 210 67 361 0 121 331 450 311 352 408 191 235 20 439 376 251 81 356 209 158
13 21 20
63 21 425 391 362 213 356 173 395 160 355 2 304 330 482 19 203 349 80 407
6 11 23
16 137 326 134 167 56 66 258 227 327 159 307 57 355 285 430 261 188 343 215 379 60 299
7 17 15
11 433 256 212 443 116 491 261 134 208 383 331 384 464 64
1 5 14
348 397 445 89 365 204 50 326 32 57 206 485 323 153
5 10 21
92 101 80 341 262 232 214 275 129 304 169 439 445 481 40 298 114 297 104 270 336
1 12 5
263 201 53 387 352
1 4 18
74 131 163 211 271 171 470 130 421 62 354 21 422 401 262 101 264 7
1 14 3
243 29 433
6 15 17
346 137 454 269 121 180 366 480 325 41 272 235 427 181 104 50 322
9 15 22
437 261 420 410 217 455 495 366 61 243 168 385 203 75 305 334 489 273 473 415 28 324
2 24 4
268 50 499 68
1 11 7
330 404 7 363 469 442 174
9 19 15
369 131 413 237 132 74 79 410 177 456 108 272 280 251 95
2 16 5
298 13 368 290 221
6 12 20
210 219 431 491 149 138 396 220 289 118 450 119 59 177 116 204 199 451 355 190
6 15 17
351 483 60 172 465 422 353 397 159 354 378 289 299 141 363 303 226
7 22 12
216 5 119 138 117 364 344 123 426 80 203 79
5 10 21
108 439 367 336 172 65 29 387 197 469 103 110 394 17 101 68 280 263 269 94 183
1 16 4
479 300 98 430
4 22 7
18 338 36 264 288 43 458
1 7 9
195 342 397 398 437 21 433 315 383
4 20 7
186 228 50 111 388 304 166
8 18 14
228 464 463 8 391 153 160 189 401 166 39 19 234 286
1 12 4
9 49 58 406
3 6 24
335 19 436 351 222 358 264 90 324 470 342 165 181 422 450 37 79 353 214 111 223 393 266 56
2 7 14
239 402 270 473 116 320 33 212 279 470 154 263 314 271
2 10 11
435 301 371 491 221 166 492 66 405 207 346
14 20 21
303 371 276 7 321 64 387 117 457 336 121 262 167 469 107 476 71 151 149 267 108
4 18 8
315 408 458 173 238 324 345 343
13 20 23
37 97 267 377 410 291 264 355 265 105 85 45 232 359 446 128 398 219 459 297 213 43 62
1 7 10
253 161 193 37 207 300 204 390 23 188
5 16 10
189 436 348 24 414 91 288 190 490 397
9 18 17
111 195 324 417 321 459 109 471 16 84 41 488 338 451 462 199 387
4 7 24
87 419 392 263 416 496 103 303 382 331 206 42 190 250 214 353 423 326 232 176 431 17 75 251
1 12 4
91 138 88 152
2 16 6
458 219 305 146 70 262
6 20 11
434 212 111 453 199 190 438 57 77 488 437
4 18 9
456 204 188 239 99 5 91 387 363
7 13 21
398 242 429 163 197 57 10 426 397 112 357 296 252 255 191 141 52 316 401 405 412
10 16 21
244 366 187 373 460 88 232 28 475 370 173 7 63 447 97 138 432 380 75 473 101
4 14 11
217 359 394 189 472 462 180 428 408 162 453
15 18 25
347 451 377 378 183 327 0 343 35 298 101 361 453 213 406 338 408 232 423 134 444 297 26 29 201
2 33 3
260 264 46
2 7 15
448 388 306 408 289 132 301 77 489 218 323 437 0 455 351
5 20 10
425 325 165 210 84 436 182 284 419 115
2 13 6
413 4 160 144 12 201
2 18 6
288 483 123 354 175 363
1 25 2
441 199
2 4 24
409 438 230 485 312 419 147 101 466 493 427 138 307 384 465 412 208 133 451 177 114 294 496 86
3 12 13
34 61 418 66 59 312 268 158 139 8 245 152 41
1 4 17
150 302 117 254 76 407 420 121 128 480 353 470 204 449 296 447 410
5 11 14
96 418 423 36 111 30 435 214 378 472 407 155 479 359
2 20 5
205 233 146 115 448
7 17 15
388 481 421 52 23 45 35 466 365 432 428 1 351 65 315
3 12 11
49 36 41 196 224 440 488 46 279 399 432
6 12 20
212 175 253 137 467 125 117 398 349 30 239 178 220 165 268 442 166 141 244 135
2 6 19
156 447 192 363 62 71 458 338 159 418 296 57 129 486 224 446 423 243 222
8 16 18
15 124 345 447 180 362 263 295 36 394 375 388 254 373 452 57 380 291
2 14 5
350 226 436 359 438
3 15 9
303 472 375 69 42 59 437 151 6
7 20 12
77 133 202 240 75 444 61 16 407 455 422 198
4 8 22
265 473 228 456 0 161 13 309 342 66 95 78 208 87 114 310 79 450 250 20 323 28
2 9 11
470 218 97 451 136 76 288 277 22 491 326
8 16 20
93 60 361 394 8 455 232 282 310 488 100 309 178 79 463 217 114 71 334 149
3 6 24
92 451 57 498 465 349 273 444 133 202 471 290 105 378 176 345 243 68 325 487 148 364 138 294
7 17 14
423 473 411 84 382 201 432 96 244 184 219 11 37 81
2 28 3
160 274 257
7 11 23
393 346 476 333 437 279 1 23 369 443 171 150 229 483 81 497 349 54 162 70 102 31 128
6 12 18
442 247 163 111 244 199 473 116 8 440 281 189 205 51 72 457 350 145
1 15 5
348 149 422 45 155
6 24 9
161 149 439 95 435 215 70 301 239
2 18 6
231 330 266 93 304 244
13 17 23
310 325 309 435 450 196 155 29 47 95 253 97 231 87 331 311 225 170 199 474 14 126 25
7 18 12
178 77 183 152 144 272 9 439 268 454 115 159
12 23 18
60 441 349 128 453 168 279 118 103 227 166 42 162 241 176 275 426 368
4 8 21
220 92 455 471 72 130 381 111 323 230 9 120 193 396 344 236 480 353 398 56 413
8 13 21
287 330 156 455 120 324 29 73 453 316 201 159 443 350 314 340 366 491 101 479 427
8 17 18
87 277 200 267 425 56 343 409 280 420 477 116 284 86 138 178 381 360
1 10 6
157 90 306 421 80 129
1 17 4
349 456 162 181
3 17 7
171 47 181 155 324 372 16
2 5 22
393 480 102 177 289 268 52 36 49 254 83 314 283 471 494 440 366 89 244 39 414 496
2 4 21
144 73 455 232 38 412 457 278 345 346 74 206 306 107 124 446 7 176 302 360 483
3 11 13
453 91 313 262 70 163 166 360 470 123 397 335 182
2 12 8
270 497 92 305 371 121 310 75
1 25 2
491 122
1 12 6
57 324 311 400 110 452
5 17 9
111 459 406 385 489 430 278 197 105
10 20 18
449 3 239 281 392 295 424 397 401 373 375 102 220 235 181 144 208 440
4 22 6
242 402 404 430 83 205
7 17 15
48 155 484 201 218 211 437 12 184 280 322 1 137 356 235
7 18 13
293 183 346 20 386 133 268 439 87 398 471 145 175
9 14 24
486 490 495 215 82 216 383 67 102 300 39 86 334 123 248 193 44 274 377 160 312 349 168 220
7 23 11
94 64 294 257 224 437 420 109 50 236 99
5 16 9
499 428 274 56 299 74 119 88 243
2 12 8
218 470 483 179 499 308 219 427
1 11 6
485 234 189 400 394 48
8 14 23
238 77 160 297 227 136 448 132 441 420 272 479 422 452 259 223 0 446 214 430 347 212 97
2 27 3
479 470 102
4 11 13
324 84 253 185 377 441 98 406 335 393 179 97 127
1 10 7
180 125 359 26 314 267 114
3 15 10
128 93 242 141 140 59 280 448 488 269
6 14 17
86 219 439 304 141 374 51 285 342 427 483 47 148 230 299 43 240
2 13 9
487 293 18 440 346 141 319 466 402
8 14 21
275 182 436 445 24 160 189 5 44 448 261 209 137 31 380 319 330 107 232 85 186
1 6 13
341 342 384 365 231 408 249 333 210 192 460 498 419
7 19 11
322 146 137 287 173 420 315 318 96 413 357
1 21 3
192 294 265
2 6 17
350 234 479 114 214 360 31 296 491 110 380 267 207 385 317 103 29
7 12 21
458 191 461 369 69 66 468 199 308 484 281 445 38 179 239 10 362 68 297 133 313
8 18 18
440 114 417 138 238 84 44 259 223 473 356 194 426 60 494 178 30 51
6 12 20
380 248 495 235 267 485 213 182 493 400 172 1 2 357 369 33 169 141 407 486
1 6 13
437 384 279 185 51 495 104 134 312 46 340 42 98
7 19 13
361 128 106 229 222 180 21 498 307 151 412 279 322
1 4 16
316 248 464 349 54 25 184 26 253 447 88 428 13 242 228 118
1 15 2
190 348
2 8 13
294 224 330 350 395 346 92 484 31 428 356 232 177
13 18 25
241 80 389 128 219 438 20 482 50 182 248 153 391 390 363 186 294 430 115 200 67 416 249 47 134
5 15 14
96 71 417 199 312 43 242 243 81 418 283 420 237 38
4 12 11
133 163 424 300 246 415 323 206 346 230 438
3 10 15
20 266 182 332 148 269 45 77 498 117 425 259 161 304 1
2 9 12
3 400 85 349 144 65 100 150 6 218 426 446
13 20 21
280 299 254 168 159 180 242 273 293 376 440 211 81 54 31 117 348 93 166 368 86
1 8 8
314 385 160 55 75 430 182 229
9 16 16
430 132 434 156 253 143 459 194 78 302 443 357 397 108 315 449
7 13 21
450 387 18 288 298 210 419 306 223 494 124 194 432 244 420 37 44 24 45 155 313
9 20 14
177 98 48 339 157 18 132 255 335 123 288 388 263 185
2 27 3
320 192 230
15 17 25
315 426 394 241 28 393 95 447 198 210 400 282 467 33 297 290 31 85 100 450 366 392 439 177 335
9 16 17
217 431 211 70 151 124 78 425 460 381 201 327 187 102 199 296 355
4 10 18
246 365 390 256 20 39 366 36 313 254 457 200 439 445 454 161 401 408
14 19 24
159 286 17 99 402 103 108 424 74 28 9 383 110 493 51 454 488 171 20 456 35 81 86 92
5 24 9
489 334 138 405 453 358 431 21 379
7 13 22
462 21 230 396 301 121 272 51 179 259 74 378 181 354 423 270 147 160 388 320 186 486
3 19 6
289 398 221 492 223 68
8 16 18
57 495 25 31 342 416 478 371 417 55 413 314 180 396 476 227 69 166
2 8 14
320 332 409 440 483 110 20 222 356 459 73 133 450 101
3 11 13
444 9 190 273 147 159 62 448 125 440 488 110 317
1 12 4
319 47 308 445
3 17 7
454 118 476 33 317 270 120
1 19 3
264 353 103
10 16 17
21 170 492 148 80 410 456 427 74 263 342 457 467 105 43 290 484
5 17 12
330 389 445 467 475 340 372 426 180 285 322 167
4 15 12
280 461 137 203 464 183 175 101 374 134 480 257
8 13 23
387 475 276 92 305 67 214 70 3 239 218 114 82 462 399 52 53 110 148 448 441 332 137
8 22 13
118 89 108 424 313 261 171 288 197 120 301 296 290
14 22 21
157 356 342 133 499 49 161 87 270 13 443 174 330 448 397 309 182 431 287 394 210
1 15 3
476 207 220
1 3 23
383 485 39 280 51 317 273 212 10 482 356 439 350 173 450 30 260 230 445 371 292 231 45
8 12 22
194 11 252 211 493 298 207 253 335 35 220 155 205 320 69 325 3 257 483 197 476 152
1 38 2
48 77
4 8 18
450 253 102 193 319 0 247 215 202 357 328 211 71 489 271 26 254 403
2 16 5
494 290 221 324 294
3 16 7
92 120 8 270 429 416 387
10 15 23
155 498 336 306 373 261 145 42 88 325 258 115 385 78 141 40 491 337 196 234 369 192 130
4 8 22
170 159 483 127 216 477 34 9 321 202 410 434 275 241 371 407 134 59 491 139 373 42
1 9 8
164 296 218 396 338 22 298 356
2 11 9
246 455 344 379 263 0 55 114 165
14 20 21
194 290 207 91 231 445 266 152 99 439 9 120 192 60 397 245 156 409 351 153 118
2 27 3
185 102 381
2 6 17
313 357 360 190 100 291 198 270 251 280 82 415 426 263 346 239 249
4 20 8
242 107 252 109 493 62 491 93
3 21 6
312 169 88 242 437 460
1 13 6
356 434 254 425 411 291
10 21 15
258 471 269 105 107 482 1 33 274 181 410 395 217 141 168
8 22 13
266 421 438 209 192 329 261 221 360 117 223 102 203
5 13 11
275 289 297 461 459 101 117 139 191 340 362
1 3 24
132 361 118 126 188 455 414 425 94 345 242 486 459 348 297 192 420 178 434 463 428 245 290 83
2 12 8
365 244 407 216 6 367 450 271
5 23 8
332 488 18 131 198 97 312 376
8 17 13
455 327 350 52 100 397 219 16 220 282 109 172 103
12 16 24
210 190 0 375 499 138 23 59 346 432 480 5 497 80 335 297 8 427 101 381 456 73 244 233
2 15 6
495 5 384 395 253 203
5 23 8
403 357 223 7 378 307 222 128
2 21 4
358 49 11 48
14 17 24
100 360 57 340 315 357 353 149 298 476 51 204 52 338 147 58 228 3 137 134 118 241 191 286
4 22 6
174 20 357 267 219 198
1 11 4
38 53 190 46
2 15 6
433 88 70 205 11 183
3 19 7
175 70 95 92 378 268 252
1 8 9
199 275 117 374 258 175 290 322 367
2 12 7
238 55 171 76 202 115 342
3 9 16
225 358 173 82 327 39 195 120 388 212 193 433 145 475 314 223
2 20 4
61 435 303 163
6 10 25
127 222 284 52 437 294 21 175 176 191 226 22 297 307 149 40 72 445 57 459 224 393 189 20 172
1 10 7
117 349 60 158 182 332 11
1 17 4
451 176 115 348
1 23 2
46 253
9 15 23
405 120 136 262 114 163 57 336 222 179 281 394 278 176 358 24 317 362 112 228 292 493 215
5 11 17
151 84 390 320 447 140 380 27 372 198 467 455 153 161 16 65 248
1 14 3
201 303 416
1 13 5
185 490 408 30 223
6 10 25
219 225 430 391 381 295 77 153 137 201 54 245 284 21 161 322 397 24 357 491 324 151 26 156 497
1 7 6
463 354 355 139 243 142
6 10 24
106 199 93 61 141 48 372 126 270 360 39 75 223 108 33 362 395 244 20 303 152 491 132 36
5 10 19
162 163 120 287 281 348 58 29 350 222 301 11 77 475 393 486 111 324 144
8 14 24
499 465 387 165 363 453 156 193 448 250 353 380 462 186 259 421 80 55 40 267 292 82 480 172
8 14 21
323 220 56 225 387 407 393 222 320 421 4 198 485 169 38 60 83 115 299 353 425
1 4 20
46 467 464 41 370 112 2 173 113 390 146 475 489 185 32 486 232 20 61 118
2 11 8
291 85 52 306 388 471 158 178
2 9 12
86 78 112 109 57 135 117 469 156 14 206 242
5 23 9
138 343 191 20 35 79 82 374 340
6 17 14
230 46 470 436 168 448 258 110 403 283 158 339 386 316
4 15 9
233 45 52 314 94 92 325 201 357
1 14 2
495 233
4 17 9
323 322 436 173 20 389 435 45 218
8 16 18
213 254 467 438 256 179 312 224 146 51 138 412 449 197 120 47 407 212
4 10 18
420 86 5 343 324 65 287 120 370 279 316 164 283 482 174 49 205 133
12 18 23
116 301 388 400 26 451 66 462 105 10 76 481 99 53 370 341 306 13 309 184 40 25 147
6 16 15
228 458 100 267 162 368 244 310 202 45 5 388 282 245 68
1 3 24
404 351 143 411 316 280 428 154 394 330 366 153 437 468 311 133 89 155 422 450 416 76 360 363
1 7 10
200 252 242 261 112 417 46 5 331 250
4 21 7
452 179 5 378 321 355 425
2 16 5
457 159 41 471 432
4 11 14
142 177 491 6 220 464 203 153 114 410 353 17 27 63
4 8 22
129 391 59 220 458 427 242 433 354 422 11 161 329 385 428 388 328 237 497 324 192 472
1 6 12
284 108 49 112 165 65 119 66 85 462 28 237
4 10 15
203 184 1 256 370 482 313 428 317 328 159 411 376 319 215
7 19 11
383 8 228 499 176 428 16 230 340 25 142
2 16 5
203 221 240 321 462
6 13 18
496 176 64 77 12 349 184 80 465 73 65 287 273 334 11 134 79 289
1 8 9
83 299 422 499 344 117 45 142 423
6 17 15
351 349 310 346 264 353 363 451 175 446 20 298 6 231 233
1 16 3
123 482 442
7 13 21
222 256 462 118 153 229 31 370 104 434 74 245 75 359 34 262 449 13 425 270 418
14 20 22
167 252 245 379 77 473 234 444 172 235 278 185 181 32 318 284 199 320 147 156 369 448
6 12 19
366 152 165 288 485 157 362 15 156 435 258 80 437 250 1 10 221 336 149
2 5 21
54 208 294 483 96 158 24 422 94 488 353 190 463 156 82 396 308 144 150 247 373
2 9 12
335 387 182 16 176 61 400 403 178 311 2 478
2 24 4
313 318 215 261
1 18 2
321 455
11 19 22
190 440 415 340 369 82 10 364 104 235 252 345 361 301 209 395 321 237 396 426 176 107
2 30 3
491 35 169
4 8 24
317 462 387 105 363 390 486 189 195 474 130 39 60 258 50 57 366 53 0 334 473 186 28 271
2 8 11
395 331 338 203 38 302 72 24 271 447 32
6 11 22
467 459 441 208 174 197 387 1 26 245 456 472 48 364 326 383 356 66 290 83 148 173
8 16 17
191 494 108 467 39 376 94 114 370 223 255 260 204 213 356 145 248
1 15 4
360 44 192 158
11 17 22
253 54 420 78 92 483 130 153 167 331 93 199 485 20 14 360 69 290 476 296 128 164
12 15 23
452 72 464 299 182 355 227 471 102 240 348 338 243 485 394 354 52 340 282 319 306 366 4
5 21 8
388 494 480 191 101 203 369 373
3 11 13
432 69 197 33 49 223 178 285 479 32 324 166 44
6 13 18
0 459 84 143 284 490 110 282 474 331 244 423 228 391 386 317 377 100
9 14 24
47 421 243 351 166 298 467 451 36 269 187 117 189 257 100 222 428 71 113 159 419 206 342 49
5 17 13
363 215 366 430 193 204 468 65 231 455 21 54 256
5 14 15
43 83 126 490 66 257 140 340 361 55 499 128 416 94 246
1 7 9
220 84 271 393 130 442 416 235 53
12 17 23
405 29 416 385 47 239 82 476 23 198 152 351 17 8 190 375 238 19 339 56 381 312 311
1 4 17
134 188 248 91 251 293 133 60 229 70 150 367 57 412 139 43 142
12 17 21
144 138 196 369 149 355 91 268 438 328 260 160 303 162 441 470 417 439 229 304 287
4 10 18
194 112 125 395 183 498 133 120 336 12 68 412 327 241 467 141 27 426
7 12 20
62 132 116 93 223 317 153 405 2 447 208 420 101 297 10 51 402 85 70 270
4 8 23
467 406 199 312 339 80 56 93 413 87 254 472 132 148 327 118 214 420 384 446 304 482 416
2 7 15
175 222 275 78 179 398 203 306 351 346 448 181 457 33 370
6 25 9
444 140 255 242 186 163 477 301 84
1 9 7
369 3 354 107 443 256 407
1 9 3
32 393 346
2 26 3
416 360 452
1 6 13
79 290 427 113 44 476 264 251 283 120 450 425 28
2 30 3
95 223 211
4 10 17
287 256 175 413 206 123 327 299 166 103 247 197 17 474 400 484 470
8 14 17
407 189 243 451 115 276 410 376 148 8 289 360 412 207 369 96 266
1 7 10
417 14 426 440 380 259 333 43 142 223
2 12 9
111 233 302 310 99 253 334 396 94
7 12 22
79 300 389 187 43 432 70 308 68 275 214 457 99 404 488 466 192 2 436 172 208 81
6 11 21
241 366 343 209 337 92 169 308 294 330 197 62 270 315 26 323 111 379 479 358 136
2 26 4
448 65 306 164
11 16 24
218 202 61 334 185 244 490 381 432 297 147 67 76 410 309 94 11 425 460 462 392 50 51 173
8 18 15
343 173 373 237 220 81 166 363 96 147 99 56 156 105 217
7 19 13
382 300 471 244 120 463 405 162 302 154 63 354 176
3 7 19
287 81 427 428 155 459 399 422 70 15 263 137 365 247 332 398 360 475 41
1 4 16
432 484 311 161 241 157 28 65 498 251 392 165 388 191 136 80
3 13 11
453 355 314 258 174 382 70 259 364 135 54
4 9 20
144 451 247 324 487 227 128 434 398 488 14 427 406 162 315 31 455 257 99 228
6 11 24
428 378 375 305 346 106 352 57 264 379 449 175 380 252 86 124 98 472 482 338 328 434 287 105
5 10 22
76 364 74 326 181 113 93 465 62 135 451 21 355 316 467 318 127 214 23 161 409 303
5 10 20
334 63 197 263 420 443 13 415 367 331 203 397 108 209 79 417 486 410 224 176
2 33 3
213 408 420
9 16 20
30 127 196 298 370 301 118 257 238 129 113 332 157 216 230 275 137 152 229 335
4 19 8
198 57 342 432 475 73 486 380
9 15 18
317 388 109 126 486 248 320 142 148 67 386 405 323 166 316 42 292 195
3 6 22
61 446 387 269 394 299 121 198 129 492 88 111 335 66 259 366 163 94 455 306 124 122
1 3 21
488 463 249 179 415 284 361 115 123 217 165 430 343 79 6 394 301 357 21 122 310
4 16 10
199 88 18 389 398 312 408 125 76 70
4 17 9
134 257 142 15 203 411 334 171 395
7 12 20
333 4 268 360 412 14 439 352 81 440 457 271 194 130 103 205 337 239 169 202
1 7 9
240 192 464 150 291 108 247 438 129
2 7 14
95 182 174 96 21 173 171 339 19 193 270 66 300 370
7 19 11
162 385 330 291 262 185 278 394 318 437 219
11 16 19
219 324 198 217 292 362 456 85 328 1 139 164 71 87 441 318 255 437 389
3 10 14
369 417 36 60 97 198 32 228 448 261 491 334 467 176
12 21 18
387 78 305 355 4 255 188 262 204 199 33 274 55 259 161 455 373 440
3 14 10
235 171 436 155 41 300 258 116 485 216
14 16 25
117 465 123 347 31 377 98 331 341 455 392 50 2 107 17 474 46 7 204 271 208 466 47 382 423
7 17 15
205 237 185 263 426 22 5 376 339 134 266 291 461 419 463
2 8 13
150 204 439 302 415 191 193 467 437 23 322 153 118
8 15 20
253 93 283 413 118 386 242 489 412 362 160 444 429 85 256 136 301 438 285 131
7 15 16
412 81 152 469 23 297 371 375 300 191 419 112 90 490 442 447
10 18 21
291 159 279 99 256 382 314 241 250 455 438 200 431 252 248 446 175 205 110 160 345
2 28 3
325 394 258
1 6 11
110 195 289 456 215 208 182 490 219 278 31
12 17 24
393 4 41 399 163 180 449 395 436 413 106 6 379 371 94 200 250 317 64 264 173 494 309 260
1 3 25
485 80 300 156 131 403 238 344 298 158 139 77 312 147 381 299 145 292 286 10 472 329 469 478 278
3 18 6
319 92 51 60 296 15
1 19 2
498 304
1 39 2
453 322
3 14 9
33 381 375 242 458 93 226 452 311
1 26 3
150 60 61
5 14 13
432 98 42 12 469 233 473 143 361 370 71 11 39
1 13 5
124 238 222 300 216
1 3 24
283 147 373 467 408 38 422 161 370 453 486 125 236 21 127 193 9 229 371 73 131 171 211 33
2 8 11
197 180 227 253 434 302 66 459 22 469 34
5 19 10
120 297 140 372 123 377 375 41 10 266
2 6 16
152 177 25 11 496 202 437 57 408 362 105 207 489 28 432 236
3 13 11
479 120 474 115 295 490 61 271 243 165 140
11 18 23
241 43 115 28 466 385 365 413 138 397 271 394 330 232 199 257 323 404 218 481 47 32 20
1 6 12
354 347 70 497 259 229 163 139 407 36 167 57
4 21 6
439 393 4 430 15 486
12 19 25
401 365 89 374 128 341 322 226 384 494 124 406 21 317 370 266 448 339 422 178 444 220 491 203 368
1 29 2
394 62
4 10 16
103 340 62 90 272 255 186 492 56 35 211 352 151 321 284 20
2 4 23
206 71 0 4 318 474 112 195 197 407 242 400 66 365 7 399 278 213 269 2 82 179 90
9 19 14
190 207 318 353 213 384 212 489 5 437 21 475 144 429
11 22 17
222 363 32 2 82 213 66 364 233 367 193 295 35 415 323 92 242
3 21 6
379 436 278 488 259 228
9 16 18
331 72 461 322 408 345 240 83 196 389 463 402 241 117 71 336 387 329
7 16 16
409 324 31 486 157 427 158 33 24 218 6 385 56 432 105 37
3 10 13
338 471 472 191 93 174 279 406 367 441 348 420 175
10 18 16
97 198 489 241 7 409 425 469 343 485 399 293 294 304 367 63
2 10 10
480 300 402 153 441 346 238 320 476 28
2 5 21
446 348 95 467 419 398 490 166 410 113 468 499 265 435 111 489 399 440 316 480 491
6 13 14
92 438 63 385 122 306 230 74 81 316 307 299 349 244
14 20 21
32 200 259 109 30 25 239 472 482 396 185 279 153 242 288 177 57 229 272 113 440
2 24 3
133 150 107
3 8 17
321 116 165 431 17 458 393 331 407 268 90 197 127 14 6 59 226
6 10 25
397 53 237 271 38 392 105 324 177 17 389 55 153 35 42 399 335 156 24 305 15 255 372 140 371
1 17 2
445 178
3 7 20
239 159 72 17 455 21 170 289 249 84 295 179 443 257 55 410 477 498 383 335
4 17 10
21 120 290 174 35 69 437 403 99 456
15 21 24
311 477 337 272 219 167 291 157 46 360 89 124 174 438 153 83 413 387 140 426 243 351 404 99
4 10 16
272 386 246 17 250 212 478 144 461 26 235 214 414 475 349 209
1 11 4
347 159 421 15
12 18 24
222 44 45 161 251 337 41 32 146 110 199 2 211 381 62 134 209 269 315 285 80 447 373 107
13 19 22
279 396 84 343 186 362 248 286 3 18 21 79 406 297 498 166 213 356 55 348 496 259
1 6 12
134 358 395 126 493 312 175 485 102 112 202 51
9 17 19
468 288 198 416 286 179 324 282 301 192 10 72 490 102 85 350 264 325 69
2 15 3
263 343 357
13 19 20
119 476 305 98 298 229 12 384 73 375 393 189 239 106 264 91 228 493 466 210
8 21 13
231 102 234 258 484 359 192 81 146 497 274 370 457
1 3 21
125 275 268 93 17 12 368 335 410 152 159 319 360 489 81 346 294 151 438 389 193
7 16 14
410 170 230 278 79 497 179 480 120 439 12 67 15 443
12 18 21
393 354 487 349 344 275 115 61 43 237 433 72 93 415 179 341 146 23 185 306 15
1 4 19
180 289 356 16 375 233 433 301 121 350 193 41 488 127 152 462 482 237 168
2 17 5
364 5 350 81 328
7 11 25
491 86 177 404 456 340 401 91 82 292 30 351 210 341 83 225 72 122 184 2 108 299 167 258 179
2 6 17
336 108 455 484 50 86 107 459 238 382 93 460 126 61 123 393 22
6 16 12
326 229 66 111 465 171 294 84 217 417 262 54
2 8 13
455 102 164 214 283 426 343 172 35 114 490 157 336
3 16 6
26 79 78 272 277 22
4 29 6
175 58 283 292 5 57
10 17 20
186 34 309 35 318 461 288 358 396 350 5 287 455 452 432 356 305 319 125 114
8 14 18
30 398 13 81 65 8 353 321 473 10 200 27 207 437 388 454 421 9
1 16 2
97 174
3 6 25
221 230 397 243 334 463 226 285 58 255 216 144 283 185 31 57 16 372 88 327 484 441 85 152 366
1 4 18
260 277 47 278 140 72 388 103 436 58 107 338 240 197 181 11 348 354
2 26 4
165 269 39 163
7 11 25
410 218 151 87 340 150 158 395 347 216 121 93 166 343 125 103 403 379 345 210 86 374 364 138 200
3 8 17
467 454 280 418 182 189 448 470 256 211 96 165 476 122 377 301 379
5 17 10
109 1 300 446 457 406 434 150 34 323
5 9 21
275 156 99 90 484 471 461 276 310 100 65 33 249 474 136 486 254 489 467 11 237
5 12 18
357 123 162 417 71 419 20 94 23 373 9 203 481 266 237 144 193 60
12 17 20
443 359 175 315 197 343 331 78 265 51 144 250 141 402 383 420 92 32 204 59
11 19 20
388 66 394 316 307 20 213 164 278 284 35 18 473 70 45 129 169 240 97 465
7 18 15
4 249 200 114 194 126 23 28 476 38 293 408 452 420 113
5 19 11
21 172 108 207 66 452 490 149 237 259 397
10 17 18
31 484 148 302 120 418 405 489 441 131 138 41 407 12 310 129 279 32
1 17 4
79 254 107 218
8 17 17
442 324 459 391 266 411 149 439 244 270 499 461 148 452 230 136 46
2 7 11
276 147 415 355 10 321 370 495 306 462 162
13 19 23
239 193 313 30 191 460 480 47 160 147 228 274 452 245 232 143 458 334 265 33 54 163 76
4 17 8
414 145 445 366 260 430 194 339
6 10 25
488 281 168 268 283 22 332 250 343 229 112 230 212 341 127 190 420 71 101 485 179 40 466 192 242
2 23 3
265 342 404
3 18 6
397 396 276 488 411 122
1 9 7
416 414 67 157 398 485 156
4 12 12
161 266 211 318 290 450 223 42 372 341 208 93
13 20 24
206 288 291 362 357 20 175 317 61 283 412 152 257 24 63 352 6 17 241 490 330 347 269 235
5 22 9
498 454 208 120 19 258 342 349 405
1 17 2
56 383
10 21 17
151 490 13 338 431 281 249 440 220 309 419 56 473 231 498 127 35
5 11 18
409 116 14 217 103 83 421 305 465 264 122 183 496 184 487 25 333 275
5 14 11
315 214 467 113 229 199 485 355 343 165 323
8 17 18
382 499 327 493 181 337 210 363 220 180 497 438 175 488 126 244 158 76
7 20 12
24 272 445 238 158 448 99 45 456 212 337 373
4 15 10
23 31 161 318 480 456 446 466 345 16
3 9 14
95 491 361 71 186 200 60 63 318 377 343 444 185 290
1 35 2
28 267
10 20 17
243 437 464 105 436 107 84 378 82 43 381 278 411 430 334 449 356
13 19 22
304 463 221 310 317 443 405 123 61 227 114 164 449 173 353 379 390 244 149 307 397 377
3 7 20
465 268 211 389 206 56 482 373 453 277 130 34 238 347 250 225 74 221 184 13
6 18 13
104 192 98 200 284 196 65 273 342 388 133 392 259
1 17 3
168 203 417
14 17 22
387 434 196 347 112 343 404 137 337 106 460 346 368 290 322 11 85 30 480 463 478 327
7 20 13
499 226 453 106 485 171 119 338 482 250 467 48 468
13 19 22
204 413 366 221 442 488 417 288 493 90 410 372 45 117 309 195 449 456 29 262 39 326
2 8 12
320 376 116 85 329 221 448 74 274 472 427 35
1 3 20
97 272 445 358 231 204 437 46 292 334 9 52 371 195 13 471 401 19 367 7
7 13 18
452 274 161 146 429 484 485 134 456 162 23 179 309 310 187 263 335 403
4 7 23
397 269 459 280 15 213 188 190 164 278 99 366 289 379 324 237 222 424 67 236 44 2 179
2 6 15
297 385 394 404 436 309 145 429 179 122 439 154 227 450 296
8 12 23
115 458 206 81 430 52 453 73 155 257 467 55 171 385 220 484 47 372 442 14 476 146 45
2 28 3
446 314 470
3 20 5
253 19 425 310 471
4 12 13
413 19 0 392 39 251 398 155 183 103 120 315 115
2 13 8
435 24 401 144 67 139 62 392
4 20 7
107 152 16 109 330 174 21
2 33 3
313 110 105
3 14 7
71 239 338 404 156 417 491
5 16 13
121 291 249 412 487 114 175 245 44 103 353 34 203
2 15 5
44 21 0 340 155
11 16 23
483 49 364 286 260 180 218 29 357 442 478 240 409 171 390 374 78 366 435 214 60 111 84
1 9 4
98 132 494 187
14 17 25
255 290 55 402 53 234 279 385 490 341 493 18 162 7 282 319 51 432 102 428 301 338 285 483 489
2 6 17
446 121 217 262 477 402 16 251 222 470 120 283 31 394 471 250 377
9 16 20
25 128 389 152 486 426 313 138 198 239 46 115 135 73 155 328 409 118 391 292
11 16 23
477 199 339 169 159 186 227 109 1 268 180 277 329 171 350 421 56 195 499 240 113 232 479
8 19 13
20 384 372 376 204 350 456 99 345 228 45 445 1
5 11 19
285 204 231 187 274 28 253 277 357 40 39 460 201 489 278 499 219 491 131
1 36 2
371 369
2 15 7
452 295 93 475 242 413 134
12 18 24
394 122 258 286 475 485 432 247 175 205 254 294 170 373 426 229 114 51 180 53 238 251 103 312
2 31 3
425 146 47
1 17 2
461 152
8 13 20
407 193 331 287 154 303 148 19 344 74 384 156 467 82 36 31 26 214 34 396
1 23 3
41 228 474
5 11 18
130 71 432 361 109 227 341 59 257 158 464 79 401 38 148 473 3 167
2 20 3
120 136 32
13 18 21
173 401 487 266 318 218 439 89 274 72 53 27 96 261 372 153 177 217 234 188 493
3 16 9
83 101 242 291 157 468 375 42 143
9 16 19
282 453 288 404 389 366 158 338 160 55 16 439 417 52 99 385 406 290 374
2 13 7
12 258 410 295 75 225 63
7 8 24
318 319 439 307 460 242 15 87 386 383 151 36 109 108 107 163 217 135 139 103 369 9 270 31
6 11 21
178 54 470 72 385 137 96 453 128 430 58 181 135 84 437 342 318 314 490 415 484
3 12 12
310 31 252 22 61 102 371 326 331 98 119 79
5 18 12
21 6 68 218 326 343 350 146 35 228 175 18
3 6 24
439 387 272 6 223 438 465 312 454 299 122 120 171 160 149 59 21 176 136 406 158 97 76 85
8 13 24
388 253 167 75 214 262 360 5 290 175 69 188 84 190 146 276 498 483 28 152 138 230 405 431
1 12 3
71 300 427
6 14 17
223 431 455 66 218 409 419 426 155 197 303 228 396 404 340 28 152
4 13 12
490 92 269 206 349 312 56 489 147 32 111 286
8 17 19
497 3 422 453 441 280 469 103 425 284 275 112 463 327 74 225 367 87 241
10 15 24
367 320 440 354 183 418 155 228 257 82 219 304 224 270 14 324 65 274 326 294 206 408 467 172
5 9 24
71 484 374 114 262 197 37 449 164 14 356 74 347 343 341 479 79 1 134 224 5 76 70 13
1 17 4
479 456 426 165
2 27 3
99 418 381
3 10 15
287 24 365 207 431 493 326 108 267 337 253 141 152 238 245
1 4 16
310 402 170 89 207 108 370 307 79 148 160 122 100 306 318 95
4 17 11
451 398 0 47 269 24 149 62 227 128 432
14 18 22
238 2 94 423 43 418 210 427 366 470 194 357 382 280 383 464 200 305 338 153 451 207
3 15 9
87 409 253 491 68 272 499 473 294
2 21 5
73 466 475 301 58
11 15 21
234 165 133 239 290 67 358 95 425 321 432 248 251 209 195 91 271 410 174 201 1
10 14 25
213 177 310 442 73 68 111 376 355 243 32 53 444 40 83 46 458 70 467 374 203 196 138 485 115
9 17 17
76 348 131 303 383 137 291 64 290 233 266 268 24 337 61 439 493
2 22 4
494 468 126 208
1 5 15
80 232 439 305 8 370 454 347 202 175 378 12 28 97 416
9 13 25
187 460 111 29 344 10 314 490 400 138 253 49 46 471 175 433 374 78 137 268 53 86 245 366 165
1 4 16
354 468 418 308 38 406 475 175 244 378 428 188 348 75 325 24
1 4 20
56 92 267 341 376 387 53 69 315 300 423 342 190 364 130 309 354 200 369 77
7 25 11
196 146 330 30 132 241 120 336 371 408 285
3 27 5
378 232 80 258 73
2 16 6
70 461 2 473 101 327
4 18 7
123 377 302 319 80 354 211
6 21 10
259 112 174 101 376 158 496 222 493 369
11 14 24
307 71 306 494 238 179 298 178 96 194 90 107 188 400 365 228 28 200 1 183 362 299 132 84
2 11 6
496 74 36 396 320 298
1 10 6
236 442 286 213 455 480
6 9 24
434 145 228 271 355 308 344 170 437 242 93 226 6 96 306 339 245 54 342 329 478 265 389 144
5 16 12
207 135 83 172 374 175 226 464 447 360 418 86
2 28 3
25 292 113
2 4 24
491 269 492 411 92 107 439 377 429 489 135 332 222 324 382 30 490 475 116 32 81 303 277 473
12 15 25
250 277 410 202 199 489 321 130 245 473 167 252 399 333 330 455 305 432 310 91 186 73 377 347 469
11 20 17
173 215 436 284 433 162 56 15 232 221 32 85 314 39 89 197 322
4 8 22
42 447 26 156 31 499 298 473 145 347 414 379 10 17 497 130 202 354 418 111 62 258
7 20 12
98 331 65 149 421 107 131 349 169 234 493 186
1 19 2
42 390
6 20 10
387 33 213 19 305 98 21 281 403 37
1 9 8
41 205 333 31 335 244 57 6
14 21 22
296 208 479 23 160 44 372 288 243 464 365 413 15 310 387 470 437 293 475 112 267 446
5 8 23
155 296 289 463 393 142 252 166 452 49 3 350 464 336 482 315 257 66 470 274 303 459 28
5 17 10
15 132 193 146 93 399 165 94 92 229
5 20 9
193 149 71 220 356 150 266 224 23
5 8 23
362 307 421 429 143 402 95 0 260 385 200 484 92 466 78 290 255 70 240 373 299 210 297
8 18 14
301 126 260 81 386 333 148 62 403 217 155 194 499 58
5 21 9
10 229 2 403 124 384 364 66 228
3 9 15
4 230 6 486 116 205 139 292 62 336 477 70 496 115 393
2 5 18
278 145 405 358 436 338 265 323 230 206 427 424 246 394 349 100 126 150
4 20 8
444 2 484 259 228 344 10 377
5 11 19
146 123 122 176 22 313 310 53 35 28 157 341 192 474 88 55 396 259 373
4 19 7
66 177 439 482 341 352 357
8 18 14
83 355 102 397 460 184 122 147 2 148 54 434 62 98
10 17 19
130 35 26 261 359 485 223 478 492 330 207 418 31 106 303 452 171 219 291
12 16 24
424 225 385 167 122 285 319 178 92 310 81 107 118 152 481 278 98 160 201 271 61 57 220 210
4 13 10
316 369 395 331 320 32 296 435 33 390
2 14 7
366 386 466 330 307 423 424
4 9 19
234 55 419 62 296 177 238 377 93 82 424 214 290 374 127 420 239 267 304
2 15 5
291 79 36 108 427
4 15 11
381 68 396 452 353 459 200 342 99 196 115
1 4 17
421 498 230 325 72 112 198 335 492 376 275 122 262 430 136 394 381
11 17 22
28 377 191 181 67 498 465 485 263 267 271 339 31 444 89 416 65 409 8 309 53 486
7 16 17
309 331 259 320 210 113 272 476 91 247 233 228 437 168 324 45 413
4 21 8
165 446 196 18 46 66 266 310
3 22 5
130 80 486 328 491
1 4 16
272 276 363 235 408 163 179 125 203 73 334 152 446 481 144 260
9 25 15
451 312 375 341 432 37 257 175 314 170 279 206 166 384 450
1 17 4
127 41 434 354
11 18 22
366 442 114 436 147 405 331 492 197 374 164 460 90 415 313 406 425 349 408 285 398 59
5 20 8
484 70 337 333 496 449 65 280
7 19 13
280 485 50 211 60 366 347 244 373 73 319 314 121
11 17 22
433 335 330 230 319 183 271 306 334 43 211 149 107 197 435 156 401 64 268 305 394 147
4 26 6
270 175 405 182 40 379
4 7 24
299 403 333 456 147 67 90 236 206 180 351 362 166 250 304 290 91 446 41 120 339 49 422 143
12 14 24
115 81 133 368 339 90 25 103 179 160 116 67 483 239 450 482 386 452 92 451 76 230 5 10
7 15 18
10 7 331 52 338 425 315 479 39 121 88 13 452 20 136 424 79 85
1 9 4
297 194 72 277
4 10 17
148 200 169 400 172 302 18 224 209 238 368 73 319 233 348 40 398
16 21 24
490 5 355 379 171 387 328 350 48 256 416 226 403 210 41 37 314 113 108 229 368 396 49 481
11 14 22
78 148 463 347 38 288 249 307 325 369 460 236 133 321 432 43 109 429 424 74 253 414
4 17 9
368 351 206 193 468 299 369 263 14
7 20 11
265 431 50 367 221 335 29 177 462 302 192
10 17 19
202 388 358 413 15 438 197 466 400 386 278 76 310 222 374 160 414 8 64
1 7 10
194 282 96 458 159 195 387 378 361 482
3 8 18
57 213 210 174 143 157 162 76 351 233 479 490 223 408 307 285 12 215
10 17 17
159 232 40 156 139 100 4 8 364 195 447 490 154 377 293 180 251
6 14 14
296 465 375 92 386 180 341 342 72 165 263 108 468 298
2 13 3
433 414 456
8 15 21
21 197 241 349 281 237 314 231 69 404 275 445 83 466 146 339 458 288 499 362 435
1 18 4
38 69 122 205
1 3 23
360 456 329 222 341 209 452 324 65 362 162 393 219 424 257 5 189 191 299 26 312 2 136
2 13 8
346 193 491 23 54 396 9 20
7 13 18
211 72 202 465 220 233 498 89 352 302 78 97 167 332 480 163 244 419
6 12 21
451 342 217 411 239 228 283 52 295 392 407 147 272 339 458 95 426 223 41 20 230
2 12 8
293 90 162 206 102 34 253 193
7 14 19
41 362 122 28 217 495 136 479 35 453 305 153 52 446 466 277 487 343 292
1 4 19
306 134 477 264 418 226 381 251 128 178 465 439 405 213 115 285 460 171 160
7 13 18
423 236 11 492 205 113 153 333 350 451 461 294 75 119 78 1 59 182
2 8 10
84 111 460 345 286 107 191 155 353 42
3 8 19
463 163 132 205 283 276 258 79 135 375 197 17 391 166 445 349 100 106 312
1 10 7
469 300 218 66 166 275 74
1 8 9
293 479 261 8 308 128 475 490 41
16 20 24
460 334 236 297 71 488 381 107 312 91 47 26 125 87 63 76 166 69 335 372 181 7 43 122
3 14 7
469 282 383 170 335 239 411
13 20 20
238 292 351 487 308 458 268 492 341 396 62 486 372 157 235 132 168 411 94 390
1 18 3
30 93 51
9 12 24
16 19 284 300 105 142 286 108 67 332 129 320 404 493 407 371 125 347 73 230 159 46 14 158
6 13 14
347 224 253 341 91 424 261 362 117 115 272 22 474 198
2 7 15
191 411 395 401 265 442 16 198 415 420 422 471 459 226 357
10 15 20
1 21 360 20 319 72 298 130 93 54 3 133 204 331 156 162 446 168 189 458
2 29 3
57 461 308
9 18 16
74 70 488 101 277 296 171 331 407 245 313 55 335 29 499 303
1 6 10
211 73 152 93 253 136 331 135 237 109
4 9 21
95 434 278 22 268 447 332 60 297 102 10 121 257 496 19 264 155 171 475 453 66
6 15 14
385 342 133 90 48 171 337 294 182 221 126 409 252 383
1 15 4
386 415 17 141
11 17 23
13 339 418 43 469 421 142 86 332 99 404 481 108 251 441 140 188 499 14 497 311 15 172
4 22 6
289 166 414 105 16 84
3 10 13
238 370 111 129 210 142 26 7 237 100 418 335 309
5 8 22
190 144 42 383 410 127 80 252 317 474 264 281 189 249 492 6 2 71 393 70 402 280
8 12 19
452 219 55 26 436 406 229 191 53 109 10 76 118 468 244 102 100 85 415
12 18 22
325 227 157 394 55 51 176 413 467 175 100 151 311 343 79 128 238 148 324 123 120 460
2 14 7
79 139 485 252 89 3 32
4 13 12
262 7 203 385 410 335 44 315 466 120 360 435
3 7 20
422 313 321 495 290 385 368 328 413 391 460 95 490 416 171 372 443 249 261 274
10 17 20
308 146 319 102 346 420 314 47 371 354 134 487 240 359 58 89 275 10 332 358
1 18 3
303 392 48
11 20 19
250 48 335 496 300 293 281 434 318 216 31 39 217 393 337 205 114 236 477
2 10 8
421 12 377 299 337 364 331 139
2 16 5
273 282 106 224 163
1 3 23
476 19 156 138 190 103 93 161 66 345 142 167 152 94 39 178 280 123 34 315 420 112 227
7 22 11
81 341 45 423 253 271 286 440 313 263 413
5 11 19
495 380 367 286 311 283 344 499 386 331 42 113 121 222 198 50 306 365 211
1 17 3
483 234 70
1 19 2
239 418
7 16 17
266 36 481 85 49 395 328 55 422 15 240 257 478 301 495 350 181
6 18 10
116 92 494 188 100 274 386 361 168 220
1 14 5
454 75 214 117 152
5 12 17
354 249 332 50 254 196 398 240 82 99 418 322 17 156 65 184 137
8 12 24
401 313 379 332 329 215 284 92 477 436 30 266 362 35 443 414 10 52 2 303 337 174 73 465
14 18 24
296 199 432 168 299 291 441 391 38 378 481 44 449 180 326 435 395 119 370 169 281 251 131 140
6 14 17
453 234 340 443 177 405 486 256 202 348 313 28 243 123 193 187 373
9 22 15
62 42 184 271 128 482 310 409 231 474 273 55 399 319 157
5 18 8
173 388 270 360 404 77 94 243
8 15 21
301 272 355 361 252 388 480 114 158 458 359 259 143 136 178 117 247 87 439 68 7
7 22 13
197 283 391 393 317 46 345 339 128 488 249 90 261
3 7 20
160 13 222 409 144 28 211 83 77 25 420 494 309 140 354 234 114 473 486 384
3 15 9
17 99 416 189 305 451 9 393 35
13 17 23
396 253 123 166 414 347 43 138 478 345 392 77 273 254 11 155 191 190 361 463 276 317 104
6 21 9
127 469 93 83 497 462 182 32 247
2 6 13
401 187 233 318 287 434 215 498 106 203 85 395 468
14 18 22
200 92 443 142 269 18 253 39 383 290 87 395 71 91 151 257 171 412 370 94 90 160
1 15 2
289 90
1 28 2
77 372
5 9 24
156 306 61 0 172 486 382 218 400 125 235 223 208 220 310 375 239 483 492 327 405 373 143 275
5 11 19
312 225 444 86 120 226 200 494 109 408 4 53 255 291 442 153 129 463 434
1 8 8
232 334 159 460 379 292 419 342
11 15 25
225 335 207 1 69 460 301 46 368 362 312 410 142 32 206 251 411 209 114 98 0 179 29 174 420
6 11 22
237 366 104 257 433 365 307 296 473 12 493 375 189 368 350 120 116 394 103 190 168 185
8 14 16
411 377 296 281 278 92 437 48 28 333 198 30 457 44 265 468
10 16 22
104 226 439 414 137 150 176 303 63 90 82 186 125 163 313 21 422 3 290 35 92 72
6 21 11
488 404 54 220 213 419 147 458 408 448 421
4 23 6
113 148 195 242 83 226
5 20 8
443 480 303 488 123 25 42 63
13 19 23
247 342 482 274 125 283 123 136 158 60 190 314 447 104 17 388 161 91 409 168 320 95 395
1 4 17
200 458 237 81 485 328 463 211 101 271 165 319 362 373 316 67 270
5 18 11
252 241 37 436 19 47 56 314 134 454 320
11 17 21
375 247 307 350 323 440 428 158 379 113 100 253 483 177 150 438 112 94 297 412 429
4 8 20
65 365 176 49 217 318 431 468 460 204 239 411 155 163 449 96 243 461 455 424
1 9 6
239 243 496 232 162 185
10 20 16
44 37 42 266 239 49 200 59 454 136 260 186 55 164 267 468
7 12 22
370 243 3 29 105 230 393 449 352 350 491 89 413 332 301 326 95 427 8 147 298 331
9 17 20
113 38 305 371 89 70 65 167 247 257 262 476 252 433 208 97 49 311 368 64
9 17 16
210 202 308 14 423 339 139 341 255 248 278 177 38 17 97 328
1 12 5
142 336 95 182 341
2 14 7
204 222 424 119 18 360 197
14 19 23
91 391 200 373 34 377 419 424 63 427 334 208 249 436 136 437 435 83 472 359 42 361 178
9 13 25
494 122 53 203 137 414 367 340 138 386 320 254 73 313 33 466 206 426 95 479 49 120 146 236 351
12 19 18
433 144 483 55 408 218 316 163 456 465 268 434 149 472 174 286 389 37
9 14 23
462 122 139 369 29 443 115 150 188 373 45 481 445 110 93 308 106 137 432 407 406 453 296
1 19 2
403 359
1 21 2
115 171
3 9 14
58 22 379 40 263 282 110 235 31 84 338 345 202 393
1 23 3
77 4 360
1 11 7
209 391 479 19 86 117 328
3 9 15
136 58 103 414 367 164 279 365 431 350 498 329 335 333 341
9 12 24
53 268 390 119 130 494 29 88 145 72 42 371 362 438 311 66 274 306 177 204 194 384 318 447
1 8 9
291 417 75 326 86 402 431 444 457
1 16 3
450 52 190
1 3 25
154 195 305 402 327 397 288 149 153 368 361 230 447 185 49 183 90 333 79 348 9 23 329 356 359
1 8 7
121 351 122 361 345 187 240
5 12 17
3 193 367 89 146 421 122 222 128 123 373 17 280 162 243 164 254
4 12 14
344 217 318 330 369 341 326 27 328 438 411 296 224 398
5 19 10
449 108 146 44 342 417 437 39 294 86
7 14 15
115 450 53 362 483 474 351 451 236 101 385 27 84 90 189
2 10 11
253 418 473 285 305 259 281 475 223 378 210
5 17 8
450 414 29 50 129 194 461 405
12 20 19
241 449 38 70 377 418 322 103 343 13 55 89 446 275 213 375 235 1 470
3 16 8
97 392 40 218 156 391 125 217
8 15 20
422 197 396 288 245 27 352 199 435 434 234 375 400 211 220 79 130 100 40 403
2 25 3
125 408 316
1 11 6
242 25 76 292 457 34
6 18 11
104 45 135 464 300 346 216 448 306 358 385
8 14 17
307 358 317 362 366 450 390 212 78 151 364 217 300 422 221 82 316
3 10 14
159 433 119 296 80 107 216 34 368 114 326 403 109 209
1 11 7
261 149 69 262 324 45 356
5 9 18
297 66 428 445 410 442 293 471 396 173 281 27 366 171 102 212 479 50
4 7 25
438 349 459 494 328 304 362 59 454 106 339 353 57 182 165 239 190 120 108 266 193 98 92 127 300
6 16 15
385 306 433 375 395 447 61 126 266 138 204 39 181 171 67
5 16 8
152 398 106 295 426 67 255 35
3 15 9
294 378 455 176 224 269 5 448 31
9 17 21
461 100 271 499 136 447 397 28 239 86 61 402 101 473 391 490 346 56 247 466 341
2 18 5
313 16 167 480 275
8 19 14
463 339 0 130 4 182 478 461 150 116 474 84 471 61
15 18 25
347 187 384 350 147 39 133 84 127 486 404 484 452 444 274 51 278 26 216 436 401 304 328 359 491
1 3 24
461 259 458 486 231 47 344 212 334 429 164 260 393 68 131 416 321 11 474 375 253 247 343 169
1 22 2
152 265
7 18 15
301 65 78 38 429 388 455 352 278 210 447 330 130 34 205
2 7 14
42 156 493 227 447 468 333 217 301 319 291 244 313 194
2 10 10
491 9 205 173 298 488 318 329 417 283
6 9 25
203 267 397 181 382 170 480 198 420 54 224 449 272 82 83 476 148 496 308 1 439 230 161 406 214
4 9 20
370 70 230 78 73 351 9 35 12 322 65 319 266 82 258 314 105 217 16 382
6 11 22
286 198 77 103 73 55 459 189 108 494 211 406 463 269 346 498 144 425 59 405 210 287
4 8 23
261 195 169 231 118 437 105 374 102 466 325 285 316 142 431 312 392 454 256 449 44 57 446
5 10 20
21 441 428 262 273 159 256 190 215 47 97 84 497 179 116 451 331 416 444 25
5 15 9
492 9 110 17 173 331 207 401 366
10 18 19
368 458 436 380 456 5 124 159 203 15 476 413 412 167 466 440 223 221 331
1 3 20
437 133 352 151 216 90 225 155 314 137 7 11 166 407 111 56 402 59 282 301
4 18 9
430 2 389 306 24 71 22 227 339
2 18 6
115 111 206 256 267 258
2 6 19
311 233 234 317 210 408 272 452 363 416 107 427 64 406 397 464 141 213 38
7 24 11
182 255 390 127 381 293 295 237 419 375 391
2 21 5
281 425 128 51 122
2 27 4
205 261 247 313
3 26 5
122 258 60 364 19
4 11 16
170 112 102 23 1 0 181 151 302 7 226 290 133 163 94 257
7 22 12
424 188 369 105 433 355 487 443 244 312 422 391
6 11 21
100 111 353 356 417 276 53 246 194 41 91 219 271 295 289 355 64 48 171 196 357
3 14 10
149 113 121 370 48 117 167 219 54 178
6 13 17
266 30 12 322 274 64 343 44 346 323 331 17 426 464 143 147 172
10 16 16
350 33 346 30 308 208 38 319 207 294 1 498 235 151 238 290
3 12 7
133 132 495 150 156 437 253
1 22 2
282 136
3 13 10
388 181 350 134 414 408 368 336 165 392
1 7 10
441 79 169 261 368 19 358 149 325 112
3 16 8
456 420 26 41 410 122 255 267
1 3 25
19 23 147 398 351 340 498 252 219 403 346 7 10 226 92 167 140 496 151 212 279 379 390 363 30
2 9 12
231 41 454 353 184 374 271 85 458 282 4 175
2 5 18
34 347 37 307 277 399 80 45 106 270 284 394 445 293 55 176 88 8
2 20 4
191 460 244 382
1 24 3
426 448 309
2 22 3
412 159 70
3 5 25
286 336 318 158 330 203 58 198 457 452 111 273 92 304 372 107 67 443 472 303 152 24 315 186 56
8 18 13
391 145 160 47 447 180 296 124 53 364 372 426 152
2 6 17
144 448 148 464 125 357 31 431 353 143 223 241 219 359 55 334 209
6 14 16
287 244 400 379 397 424 411 355 328 473 114 95 399 381 96 430
2 7 15
113 159 290 45 67 326 119 157 313 494 127 91 478 203 112
5 10 21
453 490 393 404 82 365 224 162 87 32 403 131 167 348 408 14 125 412 222 479 237
1 23 3
154 387 344
2 14 7
28 72 266 205 344 300 272
2 13 8
355 494 403 463 378 285 120 123
1 7 9
42 124 133 479 468 165 470 298 246
2 9 8
123 95 275 296 168 103 370 207
1 9 8
456 172 264 174 166 113 122 322
2 19 4
95 388 394 70
1 16 4
168 78 267 229
6 18 12
275 117 284 34 388 237 323 316 471 271 247 350
5 13 12
444 21 320 279 383 179 167 116 78 281 414 327
2 22 4
194 67 121 378
4 18 10
317 135 120 158 258 459 89 108 187 181
9 15 21
435 315 306 355 461 386 376 457 85 76 231 488 357 332 102 44 250 278 453 426 215
8 13 25
387 162 291 405 170 411 261 338 295 22 208 432 69 128 12 231 202 37 107 487 88 475 350 280 230
8 11 25
394 105 277 92 163 229 268 45 254 140 349 262 148 484 330 433 485 410 124 122 325 444 342 441 275
1 10 4
252 198 390 204
3 6 23
192 45 198 84 488 135 376 77 455 175 61 405 479 121 108 357 145 116 168 271 422 436 75
12 19 23
43 114 84 449 103 142 355 435 346 285 475 222 391 11 153 18 446 35 110 483 67 291 259
2 7 15
266 229 470 288 263 62 302 246 56 187 110 133 105 188 228
7 16 17
117 310 46 372 496 419 133 116 55 140 392 261 408 442 364 434 277
3 10 13
430 227 360 303 278 247 165 217 43 24 400 0 316
1 17 4
236 455 462 21
6 16 15
66 320 400 159 378 173 449 231 308 175 432 254 247 322 316
8 12 23
87 346 406 79 212 100 249 355 264 71 119 18 255 83 473 278 27 465 452 160 88 165 187
1 3 21
178 253 379 425 200 117 483 125 486 490 174 240 498 314 4 183 289 139 205 296 450
8 14 19
423 392 464 7 99 469 118 109 149 89 151 227 307 189 226 20 407 350 12
14 22 21
381 191 427 29 448 305 149 93 26 194 5 438 50 373 479 165 179 476 309 231 162
2 7 15
463 467 209 240 263 73 111 48 345 468 279 200 179 7 387
14 21 21
71 230 368 261 279 438 123 216 358 462 49 134 11 335 140 109 338 481 95 384 322
1 4 18
62 416 362 163 255 426 275 189 444 243 249 82 221 187 38 47 276 311
5 20 9
417 116 369 7 56 439 265 284 232
4 18 9
267 216 34 404 480 409 317 197 428
8 19 15
51 1 232 116 139 70 34 62 286 96 36 454 282 463 374
12 16 18
159 389 88 225 280 107 131 238 461 233 17 200 76 229 127 400 142 281
8 14 23
259 136 326 54 340 101 7 41 242 464 263 163 361 194 138 462 35 257 77 293 258 78 438
4 10 13
357 224 118 142 443 178 177 3 433 302 180 435 257
2 19 4
219 452 71 381
3 12 10
162 345 362 76 323 477 353 40 483 306
9 21 14
45 78 449 497 334 419 86 173 127 366 228 229 58 277
9 20 16
297 204 346 268 406 60 218 70 248 453 460 445 339 332 191 283
1 6 12
157 358 100 430 220 191 52 21 434 241 45 283
9 16 19
158 5 447 55 323 126 47 344 260 490 43 251 450 215 116 136 48 451 311
2 18 5
158 310 248 0 18
4 15 12
144 143 34 432 258 19 10 83 393 391 170 309
8 17 18
89 13 376 147 126 132 187 335 484 363 115 1 280 244 481 75 86 346
6 26 9
374 222 89 299 459 209 111 260 162
5 14 12
102 396 25 126 197 22 16 304 124 353 130 123
2 4 25
476 29 203 135 426 39 129 142 244 246 180 89 260 470 446 220 206 425 368 447 329 208 243 112 105
1 5 11
465 389 274 385 491 226 348 192 239 101 204
1 4 19
259 227 453 372 255 128 184 415 79 18 186 181 494 69 472 284 299 391 231
5 18 9
262 417 412 462 96 7 432 148 255
4 9 20
148 90 415 101 142 162 266 450 276 427 485 347 428 367 89 166 113 114 212 235
1 21 3
131 219 209
4 10 11
163 270 103 407 168 414 345 329 129 31 333
1 10 6
205 377 244 161 29 319
3 16 7
73 102 488 46 286 135 187
5 12 16
365 79 196 344 243 432 66 354 407 277 465 102 160 55 177 166
9 15 22
51 493 265 88 345 296 47 364 127 468 239 339 26 166 408 435 463 118 281 23 280 34
7 19 13
487 46 483 248 87 273 162 214 355 447 380 238 68
1 13 4
309 275 359 217
1 12 6
183 58 48 33 198 420
4 16 10
337 231 271 334 227 488 483 94 135 478
1 37 2
375 441
2 22 3
47 311 364
11 19 17
26 484 243 389 33 164 221 102 302 462 446 6 178 301 223 190 485
8 20 14
224 373 351 154 395 191 187 209 161 301 421 335 480 479
1 21 3
90 29 2
1 20 2
303 318
5 14 14
274 315 93 146 398 365 216 135 230 220 46 187 34 156
2 8 12
38 309 153 73 435 133 305 491 399 421 459 156
3 7 18
241 279 428 370 345 199 233 117 455 148 38 78 184 226 65 320 50 238
2 13 7
280 270 16 282 318 254 462
14 21 23
153 75 189 231 396 99 256 303 494 305 129 175 492 19 299 454 356 27 387 166 206 176 363
10 20 16
430 292 326 456 213 245 331 362 61 317 169 238 125 296 97 278
13 17 24
233 409 283 31 437 451 342 167 121 109 489 163 292 430 432 423 191 64 5 361 311 417 77 317
9 18 19
114 121 487 86 143 53 491 255 8 56 1 109 95 285 438 320 415 117 391
2 20 3
402 51 434
2 7 16
264 8 245 230 485 437 95 240 453 150 65 449 378 76 392 120
7 18 12
416 391 336 493 438 66 281 361 72 117 272 103
2 5 17
279 291 499 403 296 126 249 445 303 229 281 388 295 191 49 211 31
6 10 23
300 173 437 7 485 123 84 451 277 369 130 234 375 146 199 387 275 214 444 230 168 313 206
4 11 15
409 101 246 381 272 255 436 397 11 230 152 425 27 79 342
1 14 2
155 132
3 6 23
328 227 161 55 110 479 484 194 254 42 221 148 258 299 201 187 379 68 337 375 79 311 116
2 28 3
156 235 422
16 19 25
445 378 434 31 403 113 56 490 368 23 492 282 89 413 408 467 474 461 494 108 124 486 303 452 118
1 10 7
283 58 20 480 370 70 30
3 8 19
384 111 150 236 42 330 432 396 415 493 429 100 39 151 63 348 164 50 362
4 17 9
427 482 74 403 21 4 265 147 8
7 12 23
88 344 166 314 138 326 73 131 487 448 57 298 164 466 456 478 95 50 87 469 224 396 111
9 19 16
286 310 190 340 94 186 457 157 282 235 50 49 73 4 269 112
14 17 23
141 421 75 22 239 139 165 405 308 46 355 248 180 174 185 129 243 412 264 458 418 44 484
6 10 25
2 480 39 297 5 47 403 60 311 391 53 291 24 164 50 292 235 423 357 238 439 20 309 231 63
1 30 2
420 130
2 21 4
377 410 29 154
2 11 9
215 239 473 83 111 229 466 353 287
2 12 9
62 261 217 283 38 27 117 349 311
5 15 14
177 322 259 379 208 11 352 285 160 458 124 493 320 269
14 20 23
349 402 405 337 262 356 41 226 487 10 2 361 468 75 281 46 438 5 499 305 333 474 427
4 8 21
82 490 355 149 92 268 296 273 260 447 94 356 201 427 179 182 22 220 432 236 243
2 6 18
73 38 261 414 5 244 308 241 70 330 360 17 489 154 82 135 313 98
5 15 11
133 488 367 43 262 88 462 132 4 159 456
7 13 18
490 13 163 41 204 191 376 367 354 164 296 84 33 147 361 155 352 123
1 16 4
412 286 14 46
1 17 3
432 336 184
10 19 18
267 252 485 250 369 245 291 385 130 45 430 105 8 73 195 265 381 66
3 10 14
233 476 440 399 12 123 392 428 226 422 174 218 458 67
6 13 14
104 299 173 3 172 43 262 298 286 23 152 410 212 159
4 12 14
180 393 57 154 256 260 478 439 285 126 197 461 291 399
2 9 12
202 485 320 114 496 102 19 82 142 385 20 167
4 11 13
20 19 103 159 45 350 304 407 491 224 341 253 186
3 9 15
475 395 432 24 105 106 270 61 146 27 218 372 462 235 47
5 16 12
150 416 305 313 434 300 351 145 288 391 233 296
1 4 19
86 485 298 456 261 173 141 135 237 209 440 354 271 479 184 431 6 115 406
1 18 3
38 78 499
12 19 22
66 253 232 72 142 34 404 271 189 465 89 263 451 201 334 264 186 425 345 312 129 195
6 12 22
170 406 300 154 135 147 330 315 57 225 367 254 129 375 13 37 425 212 5 228 422 2
9 18 16
146 435 389 220 155 28 47 464 226 116 263 481 413 375 78 487
6 23 9
249 208 16 318 498 331 217 488 61
1 19 2
434 160
6 10 25
372 316 496 297 146 326 309 201 195 208 486 108 61 291 347 73 27 86 95 89 111 214 458 46 374
13 18 25
454 266 197 397 283 35 99 52 259 254 256 428 239 422 376 296 159 22 387 102 105 170 132 467 286
1 9 8
463 330 134 388 450 376 205 143
1 14 5
438 436 267 426 200
9 18 16
274 290 195 190 4 223 480 277 492 183 308 22 43 107 498 221
1 24 2
296 130
2 14 5
105 205 297 286 471
9 18 16
148 257 464 163 195 190 496 494 348 65 170 395 417 113 39 277
1 6 9
136 458 493 19 479 352 437 324 71
4 14 12
208 401 426 249 415 440 195 353 382 386 72 439
2 4 25
158 33 91 176 373 375 449 489 77 485 215 301 165 129 205 89 231 217 498 333 147 338 453 346 432
3 6 25
86 16 72 378 409 298 4 276 75 440 250 257 315 228 9 406 319 167 95 495 474 37 425 121 478
3 16 9
385 206 69 162 429 142 375 244 143
4 14 11
476 191 424 337 419 13 17 160 347 282 249
1 11 6
11 214 200 104 212 424
5 11 19
478 462 229 363 176 414 447 438 402 193 419 154 375 337 316 481 148 128 133
3 12 10
428 299 74 39 153 379 33 75 282 255
4 15 11
48 404 469 407 200 354 461 348 198 40 473
1 3 23
116 89 158 308 44 425 126 225 43 463 319 454 232 408 315 60 37 497 342 155 399 490 486
9 15 23
40 230 286 433 153 293 490 363 447 186 152 101 413 327 347 237 466 371 214 8 231 42 264
1 15 3
406 266 450
9 20 14
110 282 333 339 5 410 341 436 9 51 423 22 150 336
6 11 19
61 359 317 297 251 278 171 337 490 27 234 243 174 70 489 477 95 284 67
5 15 10
108 403 359 450 101 410 169 387 462 279
1 11 3
437 137 195
2 5 20
294 339 377 286 487 59 386 292 161 300 190 252 69 424 368 320 373 282 220 287
1 29 2
16 459
9 13 20
219 458 243 475 121 281 92 460 76 333 156 354 343 367 238 270 331 228 476 252
4 15 9
299 400 463 22 150 416 169 131 85
1 33 2
373 147
4 23 6
130 373 468 215 332 22
1 5 13
341 227 180 12 76 129 358 477 382 153 321 50 21
16 19 24
279 354 322 307 418 53 292 259 445 496 149 357 444 201 182 372 415 356 197 16 93 144 277 481
7 15 18
101 134 347 285 295 262 355 140 409 159 442 64 420 324 482 410 320 8
3 22 6
405 366 64 451 186 19
8 13 25
306 105 147 412 421 149 11 112 82 250 309 353 340 495 89 486 211 246 9 262 371 15 473 326 255
8 13 23
43 291 180 382 416 449 455 282 346 164 210 330 288 26 331 414 88 403 125 113 339 279 100
5 15 12
64 484 121 472 473 490 438 251 463 361 359 370
11 15 25
49 435 470 361 284 222 320 307 1 449 387 56 294 397 485 215 234 243 473 347 7 391 161 270 444
4 11 16
215 91 495 60 402 368 183 175 310 445 286 277 398 346 199 174
2 5 22
428 145 458 172 420 371 453 106 121 242 377 120 372 255 51 485 297 357 100 9 19 204
14 21 24
431 41 394 454 368 314 140 225 470 272 184 31 55 166 12 144 216 386 27 160 21 241 246 453
5 16 12
247 200 113 350 235 452 78 46 414 260 233 308
3 14 9
277 120 133 354 13 289 48 396 151
1 7 9
374 393 480 362 161 202 252 180 38
6 17 9
416 429 465 372 297 326 277 145 74
1 3 23
466 400 389 72 468 145 393 307 481 183 24 248 336 388 428 238 82 261 357 61 271 317 70
1 4 16
432 362 291 361 302 406 447 59 477 283 195 458 97 267 409 231
2 14 5
363 49 437 137 224
2 4 24
133 247 89 495 157 372 317 338 383 435 312 337 265 30 29 441 57 397 364 58 176 45 56 314
1 4 18
297 71 145 3 322 430 24 226 76 78 459 107 34 286 324 221 317 391
1 4 16
354 301 468 315 47 35 93 437 157 367 288 443 63 363 223 51
2 9 11
261 238 228 64 284 82 416 486 437 97 379
3 8 18
449 335 99 321 291 309 387 466 273 119 172 16 282 22 455 391 214 35
2 5 19
132 291 445 168 462 98 17 339 232 54 411 38 477 435 307 330 247 361 70
1 12 6
455 147 307 290 261 473
1 20 3
395 232 475
11 20 19
488 428 141 486 274 175 321 269 444 137 473 394 153 480 392 301 221 164 482
3 21 6
272 144 342 360 267 356
3 19 6
17 295 195 231 256 124
5 14 14
497 76 365 377 413 205 118 246 351 93 251 277 49 225
8 22 13
374 330 259 162 31 233 79 208 448 97 137 252 293
2 7 16
254 482 131 101 54 224 126 407 312 369 12 60 339 213 66 427
1 5 12
28 219 173 248 162 97 309 75 213 223 377 336
1 4 15
92 484 147 3 442 127 157 131 152 333 125 93 254 239 51
1 10 7
139 364 71 12 196 172 175
12 21 18
274 349 284 407 106 28 488 333 466 212 210 127 266 222 347 13 134 474
1 4 16
319 470 240 430 202 401 145 466 420 227 406 490 262 2 434 447
14 18 25
354 384 284 326 166 69 434 246 50 196 64 3 202 118 110 297 485 486 215 467 183 49 352 368 100
2 5 22
402 421 487 175 137 417 332 204 29 429 396 390 474 8 403 154 306 413 381 54 380 231
9 16 22
60 198 338 48 491 382 276 466 188 41 381 53 442 472 123 82 391 435 321 265 245 495
3 24 5
444 277 314 292 451
2 22 4
476 488 468 19
4 7 24
287 292 327 20 123 95 247 244 477 330 144 289 438 222 9 309 36 487 225 296 44 417 81 485
2 5 18
483 172 26 289 433 442 369 202 58 123 292 220 59 331 265 344 322 326
1 15 4
173 53 193 449
13 21 21
466 374 451 441 24 390 25 114 38 369 326 346 211 280 357 170 353 66 406 153 488
6 9 25
304 498 287 86 356 78 349 233 139 417 40 131 420 130 121 327 272 487 125 150 216 368 379 256 217
8 18 14
157 419 287 195 314 352 359 83 363 25 474 492 276 17
3 15 8
325 286 327 416 300 364 315 77
8 12 25
158 441 330 192 270 199 66 21 95 388 149 498 167 357 337 42 133 159 402 329 2 349 15 408 417
9 21 14
165 115 294 446 176 67 191 304 186 46 218 265 147 277
12 17 21
493 107 93 415 440 318 294 3 390 488 481 442 34 30 125 187 219 271 299 450 12
12 17 19
292 263 178 80 275 107 213 229 393 396 94 314 116 491 47 357 350 55 197
14 18 22
236 39 102 196 360 116 450 312 164 117 299 348 471 327 427 418 11 276 462 103 73 216
5 13 15
341 391 139 372 335 388 353 125 229 484 405 61 337 470 213
1 20 3
116 457 269
10 19 20
324 255 331 69 494 473 350 332 39 397 222 38 335 363 449 310 86 438 84 130
5 12 16
199 357 287 214 316 134 324 62 50 375 452 107 420 285 474 184
9 18 15
189 484 21 388 98 341 457 245 362 155 336 54 364 181 217
2 12 9
443 39 4 221 127 283 197 122 199
16 20 25
387 279 321 0 21 386 301 201 345 262 159 403 342 124 89 78 126 285 37 134 410 8 233 229 216
1 3 20
383 461 299 220 132 254 13 386 94 465 260 64 170 171 443 262 236 318 354 244
2 6 18
231 288 267 358 451 375 434 191 72 11 373 261 110 102 120 285 80 23
5 20 8
416 324 52 382 139 87 316 162
1 15 4
372 361 430 131
1 4 19
375 283 422 254 195 484 229 139 385 497 144 494 162 487 48 294 164 103 198
6 10 25
68 466 173 231 54 149 213 118 2 271 265 25 206 58 398 76 9 168 24 61 408 462 464 345 161
10 21 17
251 314 167 6 428 464 242 224 278 396 365 256 4 52 413 273 303
14 16 25
470 199 224 195 485 410 360 282 409 118 238 54 144 22 375 487 396 449 75 218 329 468 390 191 72
4 18 6
30 405 139 34 297 474
5 9 21
87 446 271 99 253 483 355 476 17 412 252 195 143 168 416 488 396 33 303 91 456
6 14 16
90 140 6 114 236 185 120 345 442 81 327 66 101 82 54 280
9 18 21
37 250 313 287 98 218 128 67 108 201 41 424 85 133 125 402 180 387 231 451 425
1 14 5
4 250 369 141 78
1 34 2
477 138
11 16 20
140 115 362 135 3 71 179 211 298 451 160 493 304 83 276 205 418 176 263 349
1 8 8
87 460 103 377 18 208 421 252
1 28 2
150 394
9 16 16
492 170 321 360 436 322 55 175 153 446 122 366 49 433 281 81
5 15 12
48 460 180 497 123 398 347 412 454 401 173 263
8 16 16
26 224 89 31 144 350 281 499 376 34 244 75 462 2 170 435
3 16 6
411 215 331 111 77 350
2 10 11
58 440 104 80 252 342 386 448 377 389 486
5 12 12
489 326 381 307 281 59 372 379 164 298 497 196
1 18 3
186 7 139
6 18 10
206 120 229 67 253 16 95 314 167 116
9 17 17
443 459 411 273 391 367 137 125 109 84 68 393 89 96 366 392 333
1 3 21
436 177 17 340 44 408 474 389 212 360 62 279 232 4 433 42 132 175 230 456 170
10 17 21
151 367 68 238 145 147 148 246 354 485 138 206 94 133 110 350 232 222 337 101 13
5 15 14
475 233 210 472 56 335 291 64 160 99 341 128 138 32
1 15 3
362 486 121
2 5 23
195 315 338 294 57 372 322 245 281 82 271 12 468 212 20 304 188 141 259 142 55 421 133
2 5 21
423 329 12 199 386 13 336 476 158 335 155 300 64 354 80 388 222 440 76 405 475
7 12 24
221 465 175 139 83 110 1 227 374 118 243 237 7 115 331 136 373 434 430 28 485 119 86 19
5 10 18
82 107 437 287 316 109 55 308 476 207 106 389 21 352 94 202 5 168
6 17 14
188 388 190 259 153 237 432 447 30 397 430 58 422 370
7 13 20
463 218 465 275 41 403 160 255 469 138 70 125 309 409 494 475 83 471 144 473
4 9 19
432 431 84 180 337 340 403 308 151 22 213 255 425 496 136 32 369 433 413
7 13 22
37 13 167 446 82 162 378 430 76 442 384 381 104 377 397 242 229 495 320 118 141 324
2 14 6
434 325 355 223 293 318
2 12 8
68 490 412 156 54 236 319 121
1 24 2
87 342
2 5 22
492 433 469 466 180 317 77 426 76 163 323 192 468 269 212 328 481 198 300 210 244 419
8 21 13
457 201 241 268 378 477 118 67 300 97 336 28 283
9 14 22
489 55 325 349 15 462 420 79 272 81 91 324 34 428 435 359 443 238 18 83 381 305
13 21 20
169 93 324 382 463 14 459 375 482 150 251 411 402 74 273 352 77 392 398 453
8 19 14
88 215 324 374 132 432 128 63 144 256 262 201 293 42
10 18 20
372 210 104 50 241 332 36 274 150 31 353 5 251 153 26 480 140 249 399 23
6 14 15
412 469 10 140 444 142 496 299 276 101 280 223 62 131 396
2 20 3
166 414 248
5 16 10
486 361 372 439 359 51 323 480 327 57
10 15 24
97 471 247 429 325 79 93 216 349 218 421 237 449 393 355 425 489 164 493 273 260 151 396 27
10 20 16
71 242 196 482 94 254 312 480 315 448 190 187 408 186 3 185
5 20 8
420 379 167 326 325 292 223 131
9 19 15
353 204 45 232 293 40 101 408 18 395 73 248 63 194 406
5 15 13
101 63 363 359 472 349 216 420 465 185 458 401 159
1 14 4
359 426 194 299
6 22 10
61 345 46 355 458 92 270 164 99 401
15 19 23
122 464 84 235 389 305 345 440 36 91 423 138 411 360 296 359 61 490 132 85 292 32 207
5 11 19
435 226 395 215 231 137 131 308 473 452 367 439 145 429 456 401 324 378 150
14 20 24
114 467 256 166 157 326 42 385 220 409 324 316 83 476 413 253 373 94 457 117 431 463 440 227
8 20 12
155 94 248 201 175 42 70 383 372 231 267 122
3 10 12
369 478 282 489 38 27 74 455 307 412 461 194
1 5 14
221 179 415 471 57 162 148 342 240 112 424 9 277 288
7 12 22
278 17 135 190 314 179 353 142 160 15 36 451 37 208 431 326 88 70 184 428 65 21
7 13 19
22 463 198 49 227 468 453 86 472 170 180 196 72 446 442 473 290 167 105
4 8 22
468 3 488 249 493 128 202 300 49 433 333 87 97 234 157 288 352 472 24 37 88 62
11 15 25
261 184 94 98 174 376 259 311 31 271 73 164 282 320 105 47 359 256 126 204 302 337 41 80 361
10 15 24
114 211 38 486 90 206 166 310 27 180 257 142 373 94 46 268 298 64 463 458 471 62 250 278
1 30 2
358 448
9 19 15
488 41 404 32 310 370 284 214 474 465 196 184 111 464 86
2 11 9
430 248 59 92 406 274 320 166 343
4 17 7
489 19 83 293 416 13 204
13 20 23
145 236 117 189 29 397 304 456 313 480 157 82 158 65 21 169 191 306 149 277 11 202 438
1 4 18
12 269 227 321 143 126 339 228 181 412 156 192 160 364 276 396 305 391
10 17 15
395 79 125 52 159 6 214 323 337 8 156 179 261 42 319
3 7 22
295 311 47 22 363 199 413 215 479 234 446 235 382 225 37 385 71 243 491 268 92 259
10 15 19
159 339 393 249 345 135 479 369 81 456 271 304 465 137 396 429 144 245 442
5 13 16
28 32 231 105 328 330 468 107 287 96 84 75 341 18 56 412
7 12 21
218 401 38 196 193 213 377 203 290 138 428 195 261 368 65 337 215 51 129 316 469
10 14 21
191 72 390 319 220 346 41 383 331 15 289 476 418 58 255 199 493 168 213 459 35
1 26 2
458 421
5 17 10
69 7 416 207 455 358 318 376 379 409
3 14 10
301 268 254 477 163 261 433 145 160 216
2 17 5
189 391 208 243 367
5 18 12
435 373 104 190 391 306 270 81 277 339 181 143
3 6 23
158 308 95 239 327 324 147 452 407 119 368 361 405 440 9 294 70 40 50 2 64 247 65
10 19 16
114 389 316 115 461 415 14 411 163 189 105 50 146 171 149 333
1 8 4
3 303 76 1
3 15 9
407 351 332 138 405 176 416 410 310
4 29 6
316 371 57 322 289 238
3 6 21
401 459 230 121 51 329 96 289 35 395 57 262 383 408 72 449 343 308 288 434 324
4 12 15
167 30 183 323 81 313 59 0 35 252 61 410 87 193 426
10 19 15
432 132 424 262 254 458 289 71 396 271 8 134 483 37 144
6 20 9
315 421 135 239 173 240 204 285 75
5 16 12
18 179 51 192 251 233 63 20 98 307 454 287
4 15 9
92 470 490 116 9 163 129 95 430
8 24 12
378 93 210 198 126 258 28 438 255 333 123 440
4 16 11
375 184 210 58 376 142 387 378 454 138 444
10 20 16
25 318 481 119 264 374 353 118 311 447 261 45 446 137 267 201
12 17 22
340 424 47 31 137 278 460 167 285 236 441 58 332 23 317 146 9 2 132 222 182 327
4 17 10
92 213 39 432 325 104 358 161 113 487
7 22 12
405 21 16 439 139 489 181 353 473 427 264 360
9 13 25
97 370 115 57 79 318 499 483 400 429 406 5 189 410 248 247 0 461 104 441 368 416 495 397 481
4 12 9
418 92 313 486 148 323 463 76 12
3 7 20
293 102 213 253 65 55 60 463 222 339 49 93 234 423 475 449 473 239 237 246
2 13 8
335 472 78 37 190 235 253 170
1 7 11
176 77 451 189 52 433 475 434 74 302 136
3 11 12
423 497 269 222 278 156 424 419 104 221 305 212
4 17 9
79 300 179 315 21 220 147 226 225
2 9 11
193 412 148 11 379 17 274 366 164 453 279
2 22 3
73 438 483
2 5 22
375 438 96 172 471 265 82 487 97 192 383 234 16 158 347 425 58 402 170 450 53 131
2 9 13
313 48 125 109 383 113 40 370 212 181 54 315 70
1 5 12
130 296 282 484 51 103 358 235 16 460 163 159
3 21 6
77 210 414 97 116 176
3 7 20
479 33 341 37 32 230 281 409 359 123 102 316 216 185 184 194 196 47 431 167
7 18 15
356 481 400 278 257 53 84 200 43 414 159 339 89 17 422
2 36 3
192 374 334
10 18 16
145 302 492 115 354 464 343 429 146 468 319 188 81 20 293 238
11 22 17
261 304 177 198 80 13 384 476 230 346 238 117 477 36 440 359 380
9 13 25
408 173 381 332 91 423 416 395 488 323 266 391 46 334 284 345 401 214 148 211 16 96 437 382 275
6 16 14
312 458 20 462 120 408 303 235 400 15 203 98 467 335
3 23 6
354 153 90 86 475 175
1 3 20
103 353 273 282 122 454 447 138 323 418 216 82 218 435 331 289 369 60 408 87
1 22 2
194 130
