500 1500 775
11 18 13 33 36 18 25 18 11 32 34 37 23 13 11 21 22 35 29 12 35 24 35 12 32 21 16 24 15 21 39 38 21 18 11 26 17 26 38 15 31 30 37 11 14 27 23 39 34 34 29 11 12 32 18 12 34 16 39 34 33 14 18 40 11 16 40 39 16 24 19 38 30 17 23 15 40 39 31 19 33 15 25 24 22 30 18 36 11 37 35 15 23 36 30 22 13 21 31 12 40 22 36 19 13 31 14 21 37 19 35 39 11 33 17 20 39 14 29 18 23 15 22 13 19 36 24 37 37 20 12 13 11 31 38 21 27 40 28 30 36 38 36 13 11 15 32 27 35 22 22 14 21 33 22 16 28 30 24 20 14 31 17 12 39 23 40 13 31 38 29 29 27 20 29 15 25 30 27 32 33 20 36 19 21 28 27 23 17 14 22 31 20 21 25 16 30 22 12 15 23 15 38 14 37 29 17 38 34 28 34 20 20 29 16 19 13 39 14 19 20 37 14 13 20 15 15 39 23 19 14 25 38 40 35 37 13 12 12 20 16 33 31 33 35 37 23 37 21 39 13 28 39 19 18 17 33 19 30 17 17 21 35 35 15 32 13 26 28 20 13 34 16 26 15 14 18 35 33 33 21 20 26 37 20 17 13 12 23 31 32 19 21 37 27 27 12 39 11 23 24 19 24 30 22 22 32 26 38 38 28 38 35 11 13 28 38 22 30 39 29 13 18 27 12 19 13 18 25 35 37 38 36 28 32 27 29 27 12 12 26 26 11 28 25 34 23 26 26 39 34 34 31 32 33 14 25 25 38 39 20 36 25 34 36 24 36 19 14 34 24 26 26 30 32 31 18 17 11 13 34 24 11 39 24 30 18 26 37 20 18 12 35 22 19 16 12 12 39 29 36 36 30 39 24 22 23 39 18 12 34 23 30 25 21 19 36 36 37 24 37 15 12 37 37 39 27 19 21 31 22 34 17 24 15 40 32 32 13 23 35 16 13 15 38 11 15 15 40 40 19 16 39 24 12 17 33 16 33 14 18 30 19 13 39 26 24 18 21 22 15 22 38 12 24 32 16 28 12 35 12 14 17 20 30 38 26 19 39 20 38 30 33 19 15 20 14 14 23 14
1 8 3 23 26 8 15 8 1 22 24 27 13 3 1 11 12 25 19 2 25 14 25 2 22 11 6 14 5 11 29 28 11 8 1 16 7 16 28 5 21 20 27 1 4 17 13 29 24 24 19 1 2 22 8 2 24 6 29 24 23 4 8 30 1 6 30 29 6 14 9 28 20 7 13 5 30 29 21 9 23 5 15 14 12 20 8 26 1 27 25 5 13 26 20 12 3 11 21 2 30 12 26 9 3 21 4 11 27 9 25 29 1 23 7 10 29 4 19 8 13 5 12 3 9 26 14 27 27 10 2 3 1 21 28 11 17 30 18 20 26 28 26 3 1 5 22 17 25 12 12 4 11 23 12 6 18 20 14 10 4 21 7 2 29 13 30 3 21 28 19 19 17 10 19 5 15 20 17 22 23 10 26 9 11 18 17 13 7 4 12 21 10 11 15 6 20 12 2 5 13 5 28 4 27 19 7 28 24 18 24 10 10 19 6 9 3 29 4 9 10 27 4 3 10 5 5 29 13 9 4 15 28 30 25 27 3 2 2 10 6 23 21 23 25 27 13 27 11 29 3 18 29 9 8 7 23 9 20 7 7 11 25 25 5 22 3 16 18 10 3 24 6 16 5 4 8 25 23 23 11 10 16 27 10 7 3 2 13 21 22 9 11 27 17 17 2 29 1 13 14 9 14 20 12 12 22 16 28 28 18 28 25 1 3 18 28 12 20 29 19 3 8 17 2 9 3 8 15 25 27 28 26 18 22 17 19 17 2 2 16 16 1 18 15 24 13 16 16 29 24 24 21 22 23 4 15 15 28 29 10 26 15 24 26 14 26 9 4 24 14 16 16 20 22 21 8 7 1 3 24 14 1 29 14 20 8 16 27 10 8 2 25 12 9 6 2 2 29 19 26 26 20 29 14 12 13 29 8 2 24 13 20 15 11 9 26 26 27 14 27 5 2 27 27 29 17 9 11 21 12 24 7 14 5 30 22 22 3 13 25 6 3 5 28 1 5 5 30 30 9 6 29 14 2 7 23 6 23 4 8 20 9 3 29 16 14 8 11 12 5 12 28 2 14 22 6 18 2 25 2 4 7 10 20 28 16 9 29 10 28 20 23 9 5 10 4 4 13 4
8 13 21
202 184 292 126 152 324 454 143 168 427 34 426 392 311 21 257 432 155 187 459 181
11 13 19
340 43 118 82 139 326 62 250 339 157 120 163 337 253 38 193 365 85 277
3 17 10
254 62 54 113 471 73 13 169 210 257
8 5 15
306 228 192 311 108 344 338 275 349 245 365 5 82 64 52
8 14 15
383 420 173 4 333 112 87 105 413 372 439 349 110 412 480
5 16 10
12 466 446 313 496 162 342 237 57 462
11 3 18
211 325 1 293 72 311 32 139 439 174 23 433 284 181 317 203 195 42
4 6 12
457 7 456 180 117 327 406 274 90 146 228 54
11 17 24
265 112 211 398 123 269 214 372 105 471 459 439 480 440 201 231 136 62 405 346 215 338 353 339
3 12 10
337 495 76 485 493 18 163 220 277 84
1 17 8
359 30 259 330 469 192 488 13
5 17 8
302 210 159 498 165 114 398 423
2 13 7
135 476 24 372 263 111 141
13 20 21
482 461 5 317 350 19 55 408 263 100 65 421 224 281 142 235 296 312 368 27 146
10 6 15
75 416 234 212 146 288 25 50 98 238 441 119 107 328 471
3 15 17
0 218 96 296 463 110 410 280 6 193 395 304 277 252 91 258 247
1 1 3
203 36 471
4 20 7
497 363 291 459 133 170 267
4 3 7
71 263 354 273 250 411 122
6 11 10
435 398 149 454 324 157 414 109 215 397
6 13 14
258 359 242 131 1 463 429 145 168 438 163 497 202 252
8 7 24
386 247 34 369 270 183 314 402 132 356 403 388 191 204 198 125 17 33 251 116 326 146 184 267
2 2 4
479 124 93 483
7 10 19
190 18 154 283 371 496 230 84 96 202 79 56 49 42 438 453 220 474 8
1 11 2
115 114
14 7 24
55 254 442 271 111 345 240 87 451 15 8 16 389 431 101 445 213 46 385 376 183 99 314 458
5 16 8
162 484 29 115 466 224 287 155
12 12 18
76 362 98 438 29 401 177 398 459 42 148 405 112 341 79 251 419 263
2 2 3
277 300 77
14 7 25
258 447 234 132 345 269 23 299 295 477 94 17 362 311 440 81 305 143 467 368 204 497 294 446 370
10 9 24
225 35 436 214 394 366 58 83 15 339 293 376 116 174 438 65 47 52 365 171 335 354 455 105
14 14 22
70 347 196 287 123 168 116 130 285 400 307 393 165 132 387 494 136 197 62 14 51 297
13 5 22
4 296 81 315 150 268 222 450 441 90 110 386 348 151 41 191 248 126 136 415 11 195
2 6 12
313 142 494 433 205 25 86 263 68 57 47 223
2 11 11
111 434 147 34 112 289 261 345 304 332 397
1 6 4
184 83 309 385
2 9 8
326 431 245 84 301 142 183 58
7 8 23
477 387 478 469 213 461 185 349 1 392 241 367 90 338 233 347 109 391 225 331 471 81 262
1 3 2
219 8
2 4 14
114 225 28 449 182 43 134 330 12 186 87 406 384 347
1 11 19
482 146 359 185 52 119 24 472 50 415 134 55 477 378 276 235 445 232 58
6 17 10
281 327 225 82 167 313 250 173 292 351
11 10 19
378 111 368 184 224 366 234 19 309 413 338 407 488 57 6 326 197 259 318
5 8 22
422 444 474 58 304 115 205 428 286 455 206 96 376 229 408 36 192 253 121 486 175 57
2 18 6
442 462 44 367 331 124
5 3 9
405 356 403 281 62 88 294 129 141
1 5 2
153 17
1 1 20
60 361 35 15 330 405 90 419 363 307 371 33 404 475 177 344 25 64 70 485
1 13 3
475 304 290
8 12 16
104 238 477 111 387 148 360 296 347 281 100 234 145 140 433 404
2 13 7
408 131 392 31 188 30 82
7 4 19
326 413 414 191 44 205 488 38 229 107 241 452 168 40 228 475 427 247 160
2 3 12
488 205 129 12 439 414 441 361 476 217 291 290
2 6 13
140 219 167 46 123 63 348 115 103 434 321 443 304
8 10 16
306 8 35 214 245 472 260 117 17 365 21 493 140 489 106 113
6 1 9
311 31 328 211 273 441 308 36 191
8 6 14
194 493 392 339 302 336 121 295 112 269 430 215 389 378
4 15 8
457 110 386 280 144 154 176 217
13 9 23
139 87 343 34 319 132 158 311 211 227 452 67 69 364 492 302 12 377 174 309 360 435 298
7 3 21
117 239 97 202 162 420 387 221 181 88 15 345 111 336 156 418 169 325 465 57 170
2 6 7
479 19 144 472 163 360 170
12 19 20
305 178 386 395 296 436 226 55 199 473 389 77 314 132 392 440 441 280 169 335
1 8 2
96 380
5 18 9
49 264 492 186 420 150 47 32 85
9 15 25
408 456 112 343 428 282 176 222 401 86 258 89 126 227 481 434 18 67 74 320 421 496 185 147 369
1 19 4
466 377 37 478
7 19 14
294 154 183 74 85 217 398 273 138 405 224 497 237 80
11 11 17
408 351 464 330 252 9 460 484 108 146 286 159 442 386 44 43 317
13 13 23
372 382 84 119 379 406 158 56 178 433 313 5 155 317 258 265 287 75 447 360 206 383 12
3 12 10
462 235 211 14 393 432 2 212 66 296
5 4 15
392 263 400 148 119 280 6 177 431 279 290 15 36 59 415
3 12 14
106 273 306 347 17 492 350 210 490 378 486 58 334 456
1 10 4
135 99 428 54
6 11 17
146 344 410 333 353 25 287 193 386 76 172 72 130 113 342 198 300
2 5 12
330 385 153 229 51 437 101 402 483 284 8 473
12 9 18
36 430 134 83 281 226 493 157 127 405 66 327 313 255 125 440 459 356
1 8 2
336 492
3 18 24
87 4 269 192 455 482 414 473 209 493 210 471 247 410 230 237 416 292 18 200 458 180 261 339
5 12 11
69 12 75 25 38 5 314 36 262 415 104
4 11 8
171 354 219 445 175 462 103 178
6 8 14
431 424 221 293 215 238 390 224 196 441 148 485 217 358
4 8 16
247 431 181 177 38 335 478 482 441 178 36 249 119 327 116 386
3 18 16
229 222 394 192 73 385 305 5 244 70 19 436 492 432 349 138
2 14 9
180 161 129 36 360 57 87 105 397
2 15 8
56 375 129 11 155 441 398 163
6 2 18
280 8 123 432 108 56 382 264 311 340 491 211 498 167 16 442 288 439
3 13 20
181 163 183 435 352 2 152 291 89 272 101 273 436 468 439 313 242 259 278 457
8 20 12
435 149 455 298 207 203 391 477 39 345 123 496
7 6 18
245 35 96 311 140 498 91 131 212 262 418 309 157 229 203 483 143 114
1 12 7
498 51 147 160 390 279 239
7 4 16
284 7 409 269 429 422 203 493 488 389 391 117 494 439 190 498
8 5 19
207 36 390 152 283 270 303 145 31 345 164 302 393 455 150 240 448 143 124
6 3 20
193 239 111 383 291 144 131 373 164 481 221 262 28 41 158 470 483 109 216 456
12 7 19
292 129 403 250 32 249 274 462 424 86 73 59 28 227 361 120 282 209 95
13 16 24
292 28 249 297 248 305 130 401 278 385 413 224 384 439 405 407 325 25 134 108 131 347 279 79
2 6 6
475 88 298 210 396 437
9 12 14
475 141 370 384 26 452 27 190 461 75 117 486 97 371
9 1 25
484 372 425 386 307 11 90 323 83 264 207 448 113 174 309 435 278 223 238 197 442 314 178 404 42
2 2 8
407 432 364 15 227 479 27 212
1 12 15
395 483 367 208 214 163 329 173 154 441 234 86 321 258 188
3 11 10
250 136 134 221 489 451 331 366 231 72
6 3 11
390 57 136 280 336 205 125 112 424 60 20
2 5 24
186 85 362 237 241 56 322 106 16 365 201 177 292 225 271 95 355 143 183 372 12 429 74 199
11 8 22
437 477 453 439 396 334 9 418 359 371 328 451 433 461 251 402 153 15 356 169 399 343
4 4 9
289 206 238 317 409 213 400 407 268
4 6 7
47 94 236 268 1 44 62
4 9 7
110 200 294 134 100 286 262
3 4 12
363 213 269 91 393 468 175 435 344 247 192 194
6 5 19
71 400 112 226 408 427 467 472 266 35 392 405 494 295 292 120 197 39 235
1 3 9
443 31 73 50 356 264 153 169 106
7 2 14
439 408 319 195 363 416 159 2 181 307 87 431 462 414
5 6 16
275 175 491 464 62 189 64 346 110 373 430 465 152 117 57 3
2 18 13
137 302 429 77 382 310 227 444 413 118 80 328 231
4 10 18
497 332 161 296 94 286 305 485 95 289 359 425 230 107 378 112 245 14
1 3 15
47 18 6 456 193 66 138 312 16 159 387 441 195 201 160
5 5 10
28 256 385 27 13 85 176 282 20 433
1 17 11
27 63 463 410 234 490 258 495 353 357 343
2 8 3
288 93 409
2 2 12
211 459 177 176 430 375 102 412 455 226 71 87
4 7 8
335 38 351 120 246 305 228 442
4 3 20
285 121 167 112 102 493 74 46 190 289 61 162 212 28 274 366 306 34 468 38
1 9 21
267 137 68 94 69 143 436 145 356 400 117 427 214 10 415 434 232 115 370 174 412
2 14 14
122 227 359 3 121 182 71 244 463 418 63 370 340 38
3 10 6
255 227 111 376 431 204
5 19 9
44 432 120 100 443 427 439 211 262
8 6 16
269 97 333 446 319 307 63 127 88 421 464 125 24 480 316 59
1 12 20
322 187 354 50 91 222 61 321 228 243 438 301 161 100 49 152 349 424 338 288
5 17 17
479 473 439 293 70 295 407 197 474 162 389 381 192 221 201 497 297
1 15 8
135 457 444 373 361 251 197 175
2 10 10
484 100 368 135 404 207 37 17 360 191
4 15 7
427 426 107 98 273 252 50
13 15 25
292 439 91 74 376 281 436 470 4 282 374 458 178 311 229 243 405 488 384 221 95 360 234 246 353
5 4 13
99 299 495 305 141 356 286 202 115 33 55 103 471
8 16 12
159 424 218 200 133 237 254 282 176 466 227 239
10 13 24
110 40 16 173 341 324 108 23 220 371 383 467 401 92 169 119 264 18 136 234 315 221 46 382
6 4 23
54 63 342 196 437 69 169 247 44 26 133 246 21 341 166 399 482 119 439 73 419 367 351
1 10 23
482 238 135 371 258 204 94 176 441 488 15 427 145 17 436 420 121 84 295 313 435 449 360
12 4 20
332 316 223 338 365 236 420 483 196 26 194 235 16 294 295 88 417 471 185 362
1 10 10
245 408 316 192 326 497 253 451 344 164
11 17 18
481 443 142 263 485 472 289 160 365 154 431 40 267 112 366 283 332 209
5 6 10
135 13 361 162 126 0 238 52 465 232
9 6 19
444 252 477 29 410 194 388 228 70 443 130 321 103 197 351 265 11 327 339
3 15 7
455 492 337 163 104 480 159
10 11 21
103 344 25 339 122 16 411 359 329 145 106 458 495 229 4 472 441 245 138 26 251
2 14 7
161 152 80 42 4 126 448
8 11 25
29 463 414 320 366 133 454 68 105 314 152 27 150 411 111 93 262 107 169 270 125 13 131 58 316
15 9 24
28 142 159 209 18 128 495 336 448 256 42 226 352 345 317 326 204 398 107 121 376 441 235 423
1 14 6
433 213 18 211 342 425
4 2 18
237 258 214 133 358 29 254 120 135 171 367 89 44 266 320 402 108 457
10 15 17
291 302 47 285 277 420 158 432 168 284 463 101 77 22 210 438 206
1 9 3
322 270 95
3 9 13
424 259 436 289 29 41 387 51 58 495 70 417 290
6 18 14
174 343 9 349 137 85 429 251 87 450 427 285 391 480
10 11 20
80 75 475 437 194 428 329 175 78 448 476 163 316 454 364 31 192 20 156 265
3 18 20
77 13 382 363 371 492 242 86 459 449 260 54 110 177 476 301 164 71 155 317
13 17 24
437 492 418 319 446 345 279 178 111 133 152 429 469 79 126 127 84 344 58 248 57 171 43 266
2 12 13
367 459 369 141 138 75 463 460 323 199 215 372 174
4 6 9
1 21 354 159 167 29 456 344 408
2 15 22
433 474 188 193 59 293 65 416 417 85 98 150 383 244 89 202 404 103 210 135 233 272
1 9 4
383 273 419 484
5 1 11
424 367 185 66 25 203 164 458 65 62 499
4 4 6
139 462 431 490 353 206
14 17 25
290 276 70 187 289 192 473 168 280 319 257 212 467 163 186 451 303 117 359 31 459 150 498 116 125
3 19 23
297 167 448 366 430 31 464 228 127 278 239 155 387 13 188 14 445 179 319 87 359 25 247
4 18 10
310 456 213 63 151 390 230 491 450 414
7 4 24
3 173 124 470 241 89 345 297 444 186 328 33 268 215 197 320 331 294 90 298 368 321 96 274
10 19 20
414 7 227 261 66 11 105 286 73 124 444 425 128 405 39 142 103 146 83 326
2 10 4
377 468 260 106
1 20 17
312 284 348 45 327 428 474 466 363 445 385 392 108 251 12 242 126
12 6 19
82 339 83 276 188 426 37 160 154 258 223 134 59 470 117 373 356 274 65
3 20 15
189 488 251 236 374 127 423 139 64 44 376 385 81 69 290
5 18 8
359 195 365 453 269 304 103 86
15 17 24
155 234 85 249 484 185 383 431 68 89 287 8 180 344 326 432 25 26 237 199 338 241 11 31
1 9 12
494 440 261 238 294 57 80 126 302 463 379 99
1 3 14
109 316 494 483 112 220 215 269 412 57 51 33 450 102
1 11 8
493 78 131 354 228 119 408 329
2 2 22
495 253 47 274 78 300 89 268 476 233 28 413 329 215 448 37 467 366 401 378 173 362
1 18 2
178 57
12 6 20
424 176 26 218 48 275 374 273 23 6 17 180 98 342 461 406 119 412 206 299
3 18 5
36 378 488 320 113
1 11 4
4 310 453 318
5 9 11
280 407 301 434 263 15 73 150 384 429 312
4 15 9
6 247 227 20 55 135 102 78 278
5 5 10
373 209 381 73 213 251 439 158 324 74
3 13 8
79 330 345 421 439 183 16 435
7 18 24
457 397 115 487 233 71 271 492 317 66 282 39 461 327 109 31 490 345 258 376 98 446 6 140
2 5 12
437 145 64 394 353 56 351 19 41 387 465 252
3 20 7
303 108 337 255 498 385 296
15 18 25
90 128 7 382 151 178 448 311 172 104 487 82 313 404 110 341 123 471 186 430 144 94 67 101 153
6 3 13
172 358 185 140 173 365 67 363 329 424 378 201 108
11 1 19
233 84 446 107 364 421 44 305 338 183 86 200 168 388 25 294 245 66 176
1 19 10
413 333 383 279 202 337 85 270 275 57
1 4 3
148 362 441
1 15 7
198 136 49 172 124 401 76
1 8 2
448 244
3 7 22
168 165 265 105 129 241 221 249 283 266 275 494 179 405 112 22 389 341 36 167 237 447
3 9 6
126 448 363 108 308 392
2 20 20
14 104 98 142 466 17 300 450 109 454 338 7 138 156 321 23 248 386 497 421
13 19 20
451 279 248 168 137 370 234 478 373 15 484 31 443 335 154 132 37 181 404 497
2 18 7
279 246 469 446 435 259 48
4 17 6
145 305 140 51 101 124
8 15 15
460 100 420 457 219 365 435 255 399 231 287 456 184 251 153
13 8 23
353 72 385 142 6 1 456 415 384 278 165 264 183 266 249 97 440 254 279 0 189 67 255
1 4 15
490 11 349 480 135 459 46 331 399 449 439 33 483 465 298
6 20 25
471 335 239 234 293 179 467 63 302 112 204 309 162 285 7 190 238 69 101 393 336 54 453 106 39
3 3 5
274 363 39 386 411
8 16 20
101 280 346 453 339 278 89 233 49 325 211 408 447 421 484 204 250 379 99 203
6 4 13
82 149 96 119 491 73 214 466 286 16 423 283 23
2 4 14
151 143 412 278 288 339 158 137 432 323 430 223 324 327
6 11 23
130 382 265 318 460 480 156 29 210 122 13 400 216 375 40 1 341 493 434 270 6 10 417
8 12 20
275 137 365 494 225 407 68 69 270 215 254 428 115 99 28 193 142 101 59 323
2 2 6
474 0 93 415 167 36
1 10 3
25 86 360
2 15 5
441 473 400 217 23
1 3 10
171 279 92 347 101 231 33 296 493 283
2 5 8
237 216 246 441 192 435 269 198
7 6 14
230 419 87 459 433 305 142 183 217 324 470 201 465 263
1 10 22
422 136 343 465 280 123 259 491 389 214 282 454 406 23 369 42 457 425 336 134 241 33
1 14 16
208 43 285 419 268 36 491 168 317 382 3 345 248 454 70 25
1 7 4
220 47 224 199
1 18 18
296 50 272 64 131 340 277 205 285 89 189 88 213 5 391 466 282 165
2 11 3
133 55 31
4 17 21
22 472 499 295 325 223 437 290 47 63 248 490 244 266 425 267 461 449 57 213 416
5 1 8
70 394 189 419 246 373 492 285
8 10 24
382 102 191 475 11 499 464 51 280 339 405 257 110 386 186 318 470 119 90 476 394 233 463 155
5 5 18
248 428 249 219 172 188 211 320 438 82 69 297 446 148 78 72 227 143
6 17 10
258 8 25 254 233 436 479 184 188 265
1 8 7
275 414 172 6 168 117 388
4 12 6
123 345 177 285 491 455
4 20 18
2 279 393 89 125 182 118 312 42 176 465 87 282 201 257 9 306 243
7 20 21
335 201 490 282 153 10 253 78 404 36 349 6 498 87 323 451 415 277 283 83 246
1 19 16
50 203 185 8 37 448 363 326 251 74 271 418 334 66 294 113
9 3 24
71 421 111 175 125 122 189 465 110 439 56 268 300 226 18 429 420 50 16 304 65 230 0 428
7 3 19
426 64 333 454 302 308 193 449 108 312 460 435 350 269 51 90 131 182 172
4 17 10
47 417 16 404 439 444 79 50 389 493
3 16 9
393 361 226 481 23 433 413 494 114
6 6 11
26 284 29 65 278 110 185 149 297 115 228
2 18 18
87 64 466 242 464 413 481 175 101 163 123 252 443 197 316 297 478 495
11 2 19
306 403 192 418 335 110 57 172 325 413 431 362 10 466 11 233 246 111 234
2 7 4
186 453 36 156
7 12 16
109 367 125 407 211 298 89 290 47 245 403 473 412 273 41 58
4 20 10
143 50 238 412 336 124 351 173 88 283
5 19 25
94 373 3 168 26 80 455 149 5 304 420 62 426 434 112 15 324 92 193 477 254 236 111 121 376
3 4 20
297 444 435 180 393 120 382 467 98 496 169 471 462 236 252 128 318 396 366 167
3 7 16
489 248 134 331 142 240 226 307 386 274 312 51 362 461 351 87
3 16 10
420 236 1 73 430 29 367 498 210 411
2 1 4
277 388 212 351
1 6 14
103 413 488 461 367 279 343 73 195 482 178 56 470 377
6 12 15
254 96 23 475 295 83 51 99 233 224 464 487 314 247 213
4 3 9
366 286 475 76 255 368 94 372 477
1 20 15
431 360 5 229 411 214 147 300 493 268 453 103 358 464 285
2 2 7
286 314 165 247 14 114 30
1 4 3
441 420 286
5 4 11
410 494 33 425 380 171 256 139 107 143 496
9 20 17
97 72 342 75 406 478 58 258 168 71 306 341 95 130 245 150 392
8 13 20
225 101 342 88 397 199 494 381 320 167 81 370 452 153 435 391 411 83 415 428
11 5 24
422 31 84 464 456 229 370 474 252 360 273 313 232 146 224 316 0 258 303 289 484 205 402 118
11 15 17
93 274 148 401 46 74 375 430 206 193 87 273 137 194 338 460 414
6 12 17
412 181 46 224 39 210 94 204 25 239 252 380 308 121 19 271 268
9 3 25
98 43 41 399 475 418 243 304 360 81 82 42 179 469 431 462 392 445 381 142 425 291 173 379 331
1 1 8
47 401 264 37 498 476 390 105
11 15 23
212 183 276 354 164 380 497 296 146 302 291 452 97 445 107 253 22 230 187 373 111 184 129
3 14 6
459 129 141 10 475 291
1 14 8
5 63 496 85 247 211 398 108
1 9 4
310 442 317 128
4 7 23
24 189 85 423 17 372 311 488 2 328 141 430 138 346 370 132 57 89 499 180 340 6 4
9 1 20
80 194 454 196 263 182 157 137 415 82 199 77 353 441 35 494 311 419 214 201
4 12 6
372 410 297 14 391 381
1 9 12
176 87 330 290 69 41 489 177 421 163 71 374
2 2 4
475 377 447 197
10 2 18
314 234 466 31 197 443 465 172 419 294 385 258 252 313 367 70 289 130
4 19 16
117 5 278 378 392 298 340 218 96 136 272 154 379 268 430 456
2 20 3
71 122 363
1 9 4
481 367 450 236
5 2 15
329 84 490 434 257 342 75 357 360 12 63 367 98 186 429
1 2 2
266 20
2 17 12
103 386 155 313 9 253 305 69 65 140 115 456
8 4 18
65 480 171 130 124 351 403 192 439 451 107 384 280 154 188 117 9 105
2 2 4
466 61 429 262
2 4 3
114 207 7
10 20 24
233 323 406 220 378 208 435 259 70 427 449 116 341 54 92 401 324 75 313 418 38 403 253 23
3 7 5
345 80 477 438 393
12 10 22
356 291 498 169 253 209 265 376 347 299 44 424 390 457 120 53 122 272 257 144 341 146
16 1 25
378 397 373 6 235 408 448 183 140 329 345 420 244 361 105 185 246 376 388 133 321 81 167 497 199
2 15 13
280 212 355 124 173 7 80 488 91 110 0 460 359
11 6 17
165 206 389 275 48 216 124 297 4 66 371 117 400 54 28 457 125
1 5 4
142 468 439 455
13 5 23
58 273 223 348 28 210 269 349 296 161 80 5 159 297 394 343 391 467 190 360 433 332 450
12 7 25
105 103 373 58 485 432 389 403 343 186 251 35 197 416 350 393 73 137 202 212 267 479 372 471 156
4 6 7
52 66 338 357 329 343 242
2 17 11
127 317 131 110 42 106 259 1 111 209 484
4 14 20
412 41 400 295 188 265 166 428 298 409 197 423 138 495 493 172 395 368 459 441
1 9 8
166 86 375 465 38 287 251 398
8 15 13
263 449 67 380 441 129 211 286 18 134 270 260 391
9 14 14
21 321 277 233 316 297 355 168 64 270 241 147 319 209
3 8 6
188 209 179 402 344 439
4 11 12
495 269 402 467 410 249 257 185 143 19 8 306
1 19 2
497 269
1 12 6
303 416 56 189 81 283
2 5 4
251 145 221 11
12 15 21
366 243 107 39 427 225 238 264 69 255 304 355 497 303 27 260 333 263 423 479 216
3 11 22
376 95 384 210 323 372 106 101 490 258 65 69 209 55 149 62 148 160 85 485 433 339
9 1 22
183 122 59 0 365 66 117 23 420 319 84 124 90 50 300 164 217 241 344 460 337 491
6 1 23
253 454 324 370 62 301 190 69 288 474 156 392 343 220 341 132 476 7 462 210 347 53 217
2 2 6
392 468 441 211 142 92
13 2 21
119 227 344 276 154 341 266 90 54 88 108 107 184 84 3 167 359 492 441 141 198
6 15 15
202 244 37 246 17 280 69 353 226 310 273 459 314 86 264
9 19 23
433 360 211 380 483 304 36 42 124 1 228 266 455 366 47 489 115 388 200 370 386 437 33
3 3 9
102 161 159 458 12 291 308 420 251
4 19 16
450 317 53 288 407 241 60 127 416 411 99 310 124 366 392 251
4 2 25
297 239 323 309 496 253 178 272 111 110 190 394 480 216 141 69 312 451 123 172 258 287 456 314 21
6 9 10
416 19 449 463 115 55 208 369 70 426
7 19 24
434 417 316 241 112 75 450 356 489 239 373 421 423 408 16 277 415 404 82 177 261 461 24 83
2 15 7
10 199 296 64 74 125 372
1 8 17
103 156 13 118 485 51 304 431 353 199 255 117 88 357 471 291 66
6 10 11
387 150 377 75 435 393 298 440 326 96 159
9 13 24
394 84 406 486 39 63 242 405 78 71 218 226 353 438 185 155 470 385 314 293 497 91 496 492
5 20 23
173 36 64 35 442 304 255 350 295 452 370 368 80 301 285 451 78 337 119 299 287 373 300
1 1 2
42 448
2 10 4
249 491 279 471
5 13 21
61 41 462 299 347 199 215 282 180 204 408 388 338 217 427 78 460 137 436 188 458
12 2 19
217 253 206 276 28 496 120 139 234 420 259 464 83 482 40 105 60 313 353
3 5 22
37 54 172 410 451 294 268 300 418 62 486 194 175 150 438 226 274 271 190 374 405 322
1 6 2
6 467
5 15 11
96 153 401 30 60 166 99 482 421 353 123
1 20 2
476 350
5 19 11
148 196 454 482 209 231 73 401 281 215 278
6 6 12
447 142 474 362 204 480 467 193 316 181 144 134
4 15 6
9 97 1 223 486 125
3 20 19
387 385 430 478 37 388 234 313 39 206 285 403 101 297 405 49 452 213 1
2 12 10
6 7 170 358 95 498 262 268 437 343
5 14 17
84 493 373 486 112 428 232 98 282 157 58 454 469 297 490 234 332
2 19 14
193 343 129 278 354 120 239 364 451 210 484 259 138 238
12 18 25
335 473 391 486 161 137 433 74 79 382 3 163 227 416 471 198 108 270 468 35 4 201 289 138 247
8 8 15
341 434 439 359 193 180 459 272 485 332 130 156 358 188 479
11 12 25
148 329 281 272 288 380 438 395 162 403 211 177 228 318 411 63 30 417 455 399 58 489 209 61 314
12 17 20
386 298 442 114 130 238 407 22 340 433 289 299 455 203 61 52 243 166 205 315
1 16 11
364 184 413 187 200 30 202 490 163 122 159
3 3 5
129 482 125 335 341
6 5 10
27 185 53 293 422 111 356 41 124 77
4 13 20
391 142 333 471 363 432 288 290 499 240 217 101 488 3 134 164 282 398 365 66
5 3 11
100 273 298 145 436 63 258 394 390 336 489
9 8 19
261 159 483 248 348 151 153 57 429 367 207 11 147 101 166 442 425 0 410
1 9 16
459 192 229 334 185 486 98 91 196 445 331 147 270 456 146 296
4 1 12
24 320 452 285 156 108 292 304 476 183 280 459
9 14 17
457 50 92 400 52 211 145 32 432 330 253 81 109 424 294 359 90
2 3 25
493 315 263 109 356 29 218 77 393 71 257 428 389 61 345 404 94 328 69 135 418 434 24 477 395
6 6 16
176 220 173 375 471 422 206 180 431 402 136 17 222 297 429 410
8 19 13
250 409 444 238 316 277 485 138 236 27 186 173 184
3 12 7
222 237 400 144 279 446 437
11 4 21
283 183 133 69 37 197 122 185 333 405 409 231 457 341 345 115 224 403 492 199 182
6 14 23
445 455 248 44 391 73 199 217 186 268 155 488 294 443 474 328 62 388 148 493 13 134 133
5 8 11
97 354 116 102 364 294 366 404 41 210 476
1 12 21
126 1 430 459 305 197 268 365 262 166 417 200 388 143 205 249 274 67 470 77 299
10 9 22
430 100 413 213 19 109 372 238 381 80 169 190 364 398 481 272 453 493 462 292 115 302
1 13 7
312 365 443 432 339 474 128
11 16 23
309 470 184 102 350 248 159 43 316 431 310 105 378 267 448 232 437 130 452 290 414 439 145
10 2 19
111 423 16 370 42 126 129 77 282 367 420 283 292 1 331 43 25 174 356
3 8 17
399 4 160 434 196 323 364 104 248 319 440 126 130 431 22 168 334
6 9 18
212 445 310 237 414 27 188 430 280 334 59 249 136 328 242 226 451 268
9 15 21
471 198 332 287 311 317 348 399 480 123 10 499 370 96 254 382 494 292 188 221 341
8 7 15
148 395 421 13 431 495 48 307 289 225 206 339 324 393 154
5 3 8
400 218 277 420 472 45 61 417
1 17 2
83 184
1 19 2
417 71
1 1 6
117 140 424 95 124 393
1 7 15
499 439 224 145 53 141 273 431 90 223 341 382 155 366 281
9 16 23
60 138 304 350 29 333 340 31 190 302 406 453 336 99 232 68 21 131 401 245 19 372 322
3 14 23
240 204 246 218 47 329 411 244 202 418 298 206 58 62 124 117 64 196 210 68 169 243 454
4 13 7
236 351 402 104 232 377 329
5 8 8
276 169 403 190 371 196 354 207
2 20 6
457 152 375 231 55 190
5 3 19
402 108 104 373 338 339 384 436 149 259 347 337 285 482 8 292 323 219 261
11 11 21
330 19 433 357 155 435 151 96 174 291 300 89 187 365 61 163 106 344 65 166 127
10 12 24
77 260 9 225 3 492 475 96 329 32 30 34 483 288 478 198 60 351 272 22 126 451 350 25
4 4 24
322 238 202 17 425 438 133 368 403 366 16 359 58 476 396 154 398 111 21 271 216 131 102 5
2 1 22
223 197 47 26 22 461 108 479 273 127 397 284 110 56 136 363 94 29 371 201 352 378
1 17 14
42 9 312 161 333 453 253 369 74 387 67 412 325 166
2 12 3
455 463 13
2 18 16
371 118 336 337 11 416 436 390 454 445 469 358 322 367 31 154
7 17 11
131 367 359 196 283 370 107 133 418 233 193
2 18 18
159 404 457 45 29 422 189 358 413 201 298 418 6 265 97 52 144 400
3 1 10
375 323 238 291 194 344 200 322 227 142
3 20 23
144 330 483 398 373 492 401 248 264 187 125 212 153 425 36 272 407 498 489 228 165 452 226
11 8 24
212 277 8 399 467 133 172 302 417 333 402 62 468 300 88 52 258 27 2 329 322 64 59 457
9 3 15
240 241 208 108 99 236 64 374 321 193 225 102 381 153 35
4 7 7
447 82 30 454 229 139 25
1 18 2
255 24
6 9 18
413 179 351 362 18 247 348 376 266 96 474 440 71 248 476 164 364 109
2 3 5
235 36 341 180 111
4 4 17
152 148 375 259 401 183 230 441 280 226 245 283 455 414 36 452 73
13 9 22
414 238 222 172 468 490 308 56 288 0 225 298 255 452 93 351 496 366 354 268 133 96
13 7 23
249 82 6 481 327 285 102 135 198 348 318 70 284 55 119 203 324 438 244 432 207 498 268
4 19 6
314 149 457 371 173 453
4 12 25
119 185 269 225 480 497 221 113 19 159 433 66 22 318 99 74 206 364 214 409 381 65 356 346 392
3 5 22
91 203 87 49 246 51 250 342 444 14 391 426 325 452 358 424 402 456 448 422 48 311
1 10 12
91 397 112 89 209 10 8 328 354 409 451 195
15 12 24
415 499 293 97 369 337 168 304 331 142 274 325 326 277 320 382 236 264 367 421 222 12 105 376
7 1 15
414 87 462 97 333 116 180 169 409 410 14 229 332 198 373
9 17 24
32 42 352 340 301 118 87 323 111 417 278 251 426 317 266 218 196 100 466 361 225 184 232 329
3 13 12
75 197 186 286 63 182 378 300 74 460 360 135
2 10 4
41 291 252 10
1 15 5
356 131 316 100 426
15 19 23
345 266 472 210 319 36 193 268 49 26 370 446 46 109 307 102 116 9 215 170 55 383 371
1 1 16
420 326 226 117 22 284 195 493 181 395 474 458 156 193 273 101
13 17 20
371 419 186 408 326 157 486 390 475 434 259 80 106 455 489 162 307 67 424 73
2 10 16
47 159 105 432 393 131 101 346 305 166 381 207 412 138 295 304
10 11 19
59 24 376 66 314 297 239 181 229 381 232 481 331 133 8 379 338 324 168
1 6 2
470 32
1 4 14
318 170 210 315 203 452 492 386 340 282 273 205 158 215
6 20 10
141 414 399 379 483 344 100 337 144 8
3 13 7
239 465 132 104 219 467 266
10 5 25
375 181 332 80 64 243 405 418 136 208 175 499 493 447 191 46 297 267 294 281 48 260 295 486 371
4 12 9
265 220 206 71 112 363 179 95 2
13 16 24
153 217 411 40 0 495 469 92 330 209 308 300 311 368 67 152 293 259 38 239 438 362 448 207
8 13 16
467 92 367 5 341 126 436 206 217 77 351 428 457 383 71 399
2 6 19
487 225 450 290 367 291 30 215 1 126 286 249 318 296 463 131 208 343 24
1 19 2
19 224
10 17 19
24 387 78 384 316 466 34 360 62 313 427 129 187 490 239 399 51 11 138
2 19 22
44 228 170 363 444 33 94 89 96 283 399 492 233 114 127 472 20 229 75 304 310 217
10 1 17
145 337 49 187 315 496 384 258 282 486 148 179 63 107 102 160 364
16 18 25
314 256 373 335 227 331 68 339 211 431 125 222 62 358 6 109 104 142 433 456 163 31 386 122 146
4 3 18
437 343 229 314 68 317 451 171 367 306 370 476 31 401 29 37 460 238
4 3 7
447 38 355 0 295 422 9
2 16 9
51 491 288 421 198 403 101 139 361
3 10 11
166 416 57 33 266 287 95 458 380 486 220
2 16 22
482 287 39 374 476 105 178 394 64 209 127 441 399 26 391 272 114 121 244 193 457 419
2 15 18
402 42 392 300 98 340 307 246 89 262 376 319 269 128 23 310 79 282
1 11 6
15 79 107 215 256 392
2 4 6
70 22 220 173 275 326
1 10 9
122 411 187 371 40 185 431 244 36
5 12 12
189 151 171 129 64 444 329 351 93 38 244 461
3 13 11
28 91 410 376 156 67 27 128 323 45 136
2 10 3
150 333 341
3 11 21
219 291 299 491 45 313 469 263 102 426 253 396 286 315 265 406 431 443 328 132 343
12 1 18
140 389 323 412 132 92 24 404 42 127 289 22 489 216 490 419 206 300
1 14 2
20 297
1 10 7
291 3 67 341 98 193 46
6 8 24
98 297 388 255 415 244 467 106 487 193 386 43 234 462 75 178 372 361 365 194 367 61 486 136
14 3 22
328 270 294 403 323 263 8 462 63 246 405 437 44 162 120 133 392 247 301 118 433 177
2 1 3
45 407 294
12 1 23
325 173 233 254 12 64 386 449 189 270 255 351 149 352 332 51 480 161 123 418 50 464 400
12 3 18
236 321 89 480 205 472 412 190 357 497 36 48 49 178 495 150 308 46
14 10 21
425 47 287 470 233 486 431 11 131 39 419 123 227 244 462 177 120 344 82 391 369
1 3 3
204 148 9
12 8 23
238 140 363 262 275 89 113 495 323 150 484 267 386 444 243 443 292 344 138 277 161 367 407
6 17 22
136 45 359 185 173 392 80 498 385 340 87 64 65 58 357 235 114 307 60 265 100 212
5 16 24
369 386 4 499 88 139 123 368 364 449 284 95 233 66 279 64 33 342 104 217 375 91 179 173
8 8 15
389 303 172 264 371 237 319 190 195 199 20 365 475 65 127
11 10 23
238 229 87 332 139 468 465 16 169 296 108 129 40 367 77 30 194 205 230 176 208 306 167
2 9 5
445 154 177 282 47
1 12 5
472 242 220 375 60
12 14 24
266 310 355 306 264 265 192 99 38 333 60 235 290 91 222 253 96 97 453 445 120 8 455 387
7 6 19
153 171 177 375 184 350 418 229 363 381 142 274 178 1 278 5 97 366 200
12 15 18
369 45 497 424 201 274 204 413 492 311 471 290 356 53 264 57 476 485
2 18 5
328 341 274 92 205
3 5 6
441 230 189 290 239 461
11 9 22
425 418 80 114 139 327 455 127 167 390 450 10 492 457 116 182 40 65 156 76 5 142
2 17 8
83 196 269 85 0 230 454 372
2 5 25
243 473 370 180 56 383 445 61 292 220 55 149 384 395 233 239 138 332 231 475 150 63 250 340 232
4 8 21
493 368 337 260 494 358 490 294 276 437 50 152 313 482 162 455 287 348 42 416 63
9 10 19
451 212 145 153 278 407 131 336 223 41 261 121 232 321 475 308 388 262 92
3 18 8
107 354 310 176 496 82 221 180
2 15 7
159 240 215 287 243 144 46
7 19 11
474 158 240 230 320 101 161 17 192 84 270
12 13 21
399 432 78 497 308 14 260 293 133 33 175 155 309 484 190 441 428 325 108 473 203
7 5 15
357 462 131 418 48 370 398 195 399 303 384 103 374 228 149
5 19 9
164 263 255 81 191 319 369 42 45
4 8 11
67 473 400 106 103 457 10 170 216 487 296
3 16 8
287 93 221 194 408 183 38 335
16 14 25
343 449 180 108 368 248 89 392 376 288 274 481 124 54 50 380 140 98 299 406 34 260 42 272 144
7 2 17
343 499 233 166 145 267 417 376 315 316 370 485 289 158 474 134 62
1 2 4
293 160 456 219
6 17 22
157 234 0 282 126 83 460 332 260 291 288 217 221 133 137 108 155 139 237 292 264 227
2 11 17
224 142 307 313 185 343 262 389 349 384 83 421 123 420 418 292 50
2 18 12
129 264 198 36 19 269 332 448 219 189 402 13
7 20 24
395 267 78 226 126 174 105 368 490 104 424 210 486 419 463 468 241 203 357 102 236 259 209 43
3 2 7
235 497 113 475 238 115 47
15 15 23
480 429 312 206 151 156 331 327 65 448 87 441 279 259 362 249 266 366 346 329 96 110 406
5 12 11
305 7 485 463 460 39 479 338 356 481 129
1 14 2
145 475
6 1 18
288 320 329 106 421 473 24 29 183 139 459 67 40 252 189 345 228 157
10 20 15
499 298 141 200 373 89 183 301 190 453 477 265 269 442 30
1 17 23
22 250 420 440 179 123 332 369 100 466 330 142 63 70 256 144 344 304 474 74 381 342 407
1 11 6
52 87 373 152 469 418
5 8 23
191 230 37 160 204 471 368 236 445 86 27 486 98 243 150 18 309 207 44 428 229 470 245
2 17 19
150 256 339 486 182 243 86 121 451 89 225 258 367 297 136 179 159 322 387
1 18 2
287 42
11 17 22
434 214 19 341 355 171 114 235 119 164 9 380 59 347 116 63 366 368 279 37 205 324
1 6 2
332 282
1 5 4
30 218 227 421
5 2 14
9 35 164 188 240 484 269 229 455 143 252 400 131 488
3 8 16
145 392 244 3 154 159 260 177 355 263 373 377 217 472 322 280
12 17 19
286 354 318 328 3 0 381 418 150 299 204 231 235 73 112 365 258 312 259
4 18 18
225 124 347 207 123 439 25 40 34 117 214 405 359 320 252 197 186 146
4 16 18
210 316 330 394 364 483 156 85 363 47 494 440 346 356 221 314 103 137
1 11 2
218 280
4 19 12
249 77 283 100 372 261 149 156 37 388 18 6
4 2 22
241 122 201 477 56 229 5 150 348 436 443 460 79 38 390 301 64 54 111 294 259 411
14 17 22
241 485 351 183 187 262 293 92 0 283 165 214 491 6 60 346 225 303 430 248 243 428
3 20 23
155 353 387 31 381 394 267 402 292 322 73 237 465 426 154 251 33 29 129 477 119 169 220
2 8 4
284 197 192 330
1 11 6
106 97 153 85 341 39
3 4 10
281 330 291 299 28 120 274 407 95 388
6 15 14
235 249 456 15 342 441 461 146 287 75 307 280 413 483
9 17 15
106 454 18 190 359 58 474 315 265 38 172 451 446 92 338
1 10 19
156 232 152 378 267 129 405 354 236 186 355 435 456 481 482 105 7 215 30
7 18 23
443 429 38 259 305 81 357 33 416 156 354 67 20 133 327 460 279 140 495 14 285 139 115
5 7 20
183 467 247 445 397 405 251 448 317 401 144 285 367 293 244 156 55 370 40 57
6 12 18
397 31 386 332 488 338 113 370 79 25 117 367 251 411 258 89 214 76
14 16 22
464 151 442 435 382 126 54 201 458 81 96 337 52 176 43 482 167 348 355 224 457 309
1 4 13
260 166 177 30 54 250 7 138 332 122 193 285 117
1 6 3
66 401 183
1 13 3
356 454 417
1 11 2
380 303
8 4 23
102 295 446 190 93 98 406 42 74 203 370 15 488 422 245 172 477 283 45 411 138 70 217
1 8 2
371 173
9 7 22
417 471 131 160 363 402 204 465 469 433 206 168 122 493 421 94 392 378 36 110 117 299
9 5 19
322 47 409 21 174 12 188 459 39 111 310 476 495 354 441 332 277 260 240
14 18 25
97 28 439 464 95 460 483 490 332 445 163 230 393 336 190 407 379 457 254 438 261 401 419 495 61
11 6 25
68 258 368 409 185 464 229 136 152 348 491 125 11 63 249 184 360 448 390 98 2 141 62 57 339
1 13 5
337 109 460 454 448
9 7 21
77 151 237 114 332 130 462 267 433 379 489 234 293 397 147 24 129 33 68 11 497
2 9 4
281 251 214 260
1 10 8
439 73 363 357 410 27 70 239
2 2 3
134 250 104
8 4 24
466 201 452 281 340 196 46 271 495 222 101 307 275 161 206 186 116 18 432 7 5 324 136 191
3 6 5
401 27 350 457 11
1 11 7
322 135 306 160 99 337 266
8 4 23
198 494 264 490 263 282 453 456 87 63 62 129 416 305 297 200 60 307 105 14 362 421 230
5 7 10
293 275 446 276 388 497 431 480 467 79
5 2 21
242 409 272 418 234 103 62 458 422 316 449 139 412 92 270 30 70 85 59 288 298
2 16 7
331 434 164 237 70 152 338
2 9 6
187 53 399 491 169 258
7 19 20
259 440 30 169 11 316 197 64 371 335 138 398 242 498 433 389 112 72 406 84
3 9 12
142 64 398 56 16 130 206 62 407 297 436 230
7 5 14
251 138 185 482 243 262 457 378 235 136 365 145 263 180
2 15 11
57 125 75 107 102 11 203 214 70 407 171
3 15 16
168 197 391 353 189 17 304 5 220 313 15 206 415 378 45 447
10 10 15
107 222 137 456 468 441 190 192 292 79 197 465 336 185 23
3 4 5
490 443 163 149 57
2 20 13
45 19 443 478 343 44 100 268 416 292 105 455 88
2 9 3
484 394 136
8 4 25
15 322 83 233 150 243 253 144 379 212 259 194 396 12 7 78 48 405 117 403 492 112 176 298 348
7 8 18
449 27 206 309 434 130 288 354 36 240 11 64 220 274 77 471 341 295
2 6 11
123 29 371 131 127 478 43 87 488 437 53
4 1 6
36 234 42 435 29 263
4 10 24
315 405 415 310 409 253 83 344 136 433 206 194 231 447 154 169 325 234 461 19 400 242 342 204
4 15 8
122 200 208 363 15 166 344 115
2 12 15
90 379 201 279 297 78 374 391 433 160 184 422 302 203 212
6 12 23
393 310 235 118 101 325 421 54 268 226 139 4 294 380 50 486 131 499 97 239 210 90 61
11 16 24
33 167 494 150 229 444 259 327 435 97 133 169 277 358 410 198 441 416 238 390 221 267 227 414
2 4 10
102 310 274 322 307 40 186 493 193 192
2 10 9
125 65 381 473 136 118 226 395 194
7 11 20
271 489 491 473 178 443 411 362 469 148 106 257 465 229 305 380 330 96 393 259
5 14 12
376 67 160 91 479 231 271 37 141 117 4 213
4 6 25
320 183 331 496 398 442 283 318 394 4 120 388 42 419 255 36 96 228 119 71 106 121 107 304 455
1 3 2
206 27
6 1 17
472 63 184 75 481 473 61 312 391 387 347 182 98 197 392 185 402
2 19 16
82 187 193 362 423 426 475 331 316 456 264 436 28 476 199 119
1 6 2
40 480
1 2 2
495 174
2 19 22
1 474 129 177 102 278 96 118 107 268 281 235 47 288 480 308 283 316 262 257 78 81
14 4 24
179 319 213 201 248 111 73 10 259 343 61 469 218 216 285 337 336 346 342 273 75 165 488 175
16 20 24
347 492 336 241 164 101 226 231 129 114 246 119 343 396 108 154 243 499 482 98 265 196 299 392
2 11 21
175 85 129 218 27 374 277 346 274 23 406 136 340 144 403 64 84 254 95 109 323
1 6 4
421 108 209 160
3 19 23
456 252 286 41 260 407 38 280 122 370 90 440 483 195 434 393 311 295 28 463 323 164 65
4 8 12
417 385 157 139 243 137 390 332 377 357 284 348
7 8 15
30 20 250 421 426 22 341 492 409 154 298 460 264 433 31
8 19 17
154 261 48 290 317 299 127 395 206 104 335 20 445 387 209 441 453
5 3 9
412 207 238 342 390 314 144 267 279
5 8 9
147 179 353 187 445 128 434 223 91
1 7 3
243 178 136
1 12 4
412 264 372 465
4 5 8
161 86 242 83 74 267 185 105
4 15 14
173 343 20 473 102 490 32 351 145 457 211 413 200 197
4 16 23
207 340 465 193 329 464 164 124 21 397 4 123 252 218 194 87 93 297 306 484 32 176 160
8 12 14
274 252 361 145 309 73 491 154 490 445 294 425 448 182
2 3 4
384 415 240 492
1 8 4
115 435 262 90
13 13 22
109 166 257 213 253 334 434 227 70 211 451 112 346 187 270 138 238 428 50 3 324 418
4 1 8
329 476 222 194 378 196 350 351
7 1 13
26 193 386 5 459 245 429 317 100 275 359 70 380
6 3 23
78 288 229 405 12 180 280 408 269 336 247 84 207 20 76 388 291 233 190 129 465 143 157
5 19 8
412 174 398 27 261 444 131 265
3 1 8
337 34 475 146 306 470 15 340
13 9 23
125 456 448 265 317 480 481 342 55 236 167 122 383 299 91 353 241 458 250 276 248 11 20
3 3 17
473 196 123 67 82 56 154 482 220 252 262 301 333 384 52 332 160
1 9 11
25 315 37 444 288 305 463 230 155 64 103
9 11 20
362 111 476 188 367 486 57 98 441 211 24 348 381 50 267 247 376 470 159 418
3 2 16
352 389 71 280 246 191 399 265 338 272 309 253 172 104 392 236
2 2 12
225 234 40 185 352 471 418 167 283 446 187 183
3 6 6
479 384 496 414 40 96
10 4 16
201 294 51 285 479 221 409 12 347 469 356 321 396 48 217 122
9 11 19
392 185 454 328 196 10 220 20 338 425 85 391 384 318 92 173 332 26 95
1 15 15
362 142 34 174 414 374 348 328 58 43 274 440 140 197 136
1 5 14
103 443 411 409 198 294 329 209 354 184 341 56 267 400
4 17 10
346 314 37 142 327 16 341 241 7 259
8 19 24
48 55 449 93 13 458 469 243 118 406 236 219 58 148 395 171 389 450 144 316 364 51 134 480
3 15 12
465 338 405 152 182 253 60 36 91 155 413 187
13 20 23
274 42 244 149 138 40 447 363 450 317 462 94 397 481 320 380 11 230 9 424 144 114 341
8 13 24
264 247 351 288 307 188 287 362 214 230 280 313 174 490 282 424 352 128 105 290 325 126 428 26
1 18 5
360 498 256 277 274
4 19 14
345 361 388 496 331 273 13 379 181 247 319 460 214 86
15 18 23
273 408 225 4 51 384 400 496 198 391 195 83 385 73 378 66 410 492 477 344 207 26 257
1 18 8
349 417 480 56 135 458 177 137
10 14 22
382 219 127 121 408 42 68 231 98 146 247 183 203 357 320 470 90 108 399 70 227 429
1 3 14
97 494 270 294 101 432 446 418 162 205 220 462 181 273
5 5 16
399 100 442 298 122 233 325 356 464 487 39 96 172 385 396 27
2 9 22
47 302 274 399 197 66 391 313 114 471 222 193 257 276 451 86 311 415 480 164 90 37
10 16 15
201 421 78 361 214 152 212 123 178 159 20 368 147 461 25
4 17 11
214 176 150 42 152 335 32 146 415 446 302
10 7 19
106 43 34 471 428 253 59 186 440 372 169 434 176 47 32 408 265 250 97
2 19 19
454 343 347 282 33 193 306 91 307 482 365 97 203 92 410 302 418 333 59
4 3 11
241 163 92 157 253 191 186 233 256 350 488
12 11 24
230 369 258 122 175 334 460 396 411 240 101 287 120 371 244 14 250 91 241 386 112 312 434 39
1 13 4
359 306 350 368
1 7 4
436 245 50 8
5 17 9
144 495 183 428 448 14 361 141 360
3 7 17
96 393 206 32 412 176 437 53 377 443 320 254 288 95 161 307 179
1 8 3
150 478 404
5 19 15
69 473 84 413 198 240 249 309 346 116 275 140 363 223 106
5 16 9
357 124 406 70 216 121 229 1 292
2 17 19
171 493 99 272 488 135 2 206 305 290 495 402 268 473 36 175 306 329 33
9 19 16
151 234 410 352 81 41 491 337 67 33 240 362 85 320 459 131
10 20 25
191 100 475 75 229 77 462 411 359 120 217 287 225 181 70 270 432 464 261 416 482 122 419 160 477
8 8 14
160 133 168 367 200 377 1 220 404 290 245 107 171 429
1 17 17
378 286 174 481 119 126 289 323 101 195 466 239 329 95 0 215 339
3 13 9
144 489 357 139 461 153 486 254 398
1 6 2
115 426
3 13 13
393 205 120 420 483 328 141 142 233 287 330 9 182
2 14 3
176 287 270
1 19 11
74 246 352 337 199 169 341 225 0 417 85
4 6 9
425 368 262 462 404 418 463 233 410
1 19 12
217 103 372 488 101 309 131 260 284 156 468 339
6 3 10
416 146 452 98 39 492 217 300 477 231
12 17 23
245 193 383 172 175 4 150 339 470 82 400 167 154 217 342 499 270 402 24 247 104 229 184
7 8 16
85 270 5 62 2 137 334 177 413 155 160 44 88 384 101 116
5 18 14
183 179 483 344 119 233 346 67 234 417 497 254 409 416
5 17 23
316 329 431 332 333 186 267 331 350 373 277 475 138 161 25 203 63 328 107 279 371 71 289
1 8 19
30 252 378 303 119 452 492 54 485 187 437 390 100 493 358 470 75 334 363
5 9 14
208 112 385 142 67 416 158 423 304 121 280 374 329 244
3 2 8
394 399 374 26 182 321 387 267
10 15 19
351 405 458 408 84 204 35 324 72 193 486 54 283 345 119 354 253 436 139
5 13 18
134 426 151 86 429 23 179 93 257 272 240 455 59 96 82 186 377 224
6 20 21
252 167 251 137 195 211 88 144 18 413 34 317 4 142 91 441 335 3 475 471 319
3 17 6
83 292 305 474 250 394
4 18 24
222 196 240 91 357 379 439 482 167 410 62 90 367 172 44 229 424 150 118 389 432 404 353 38
8 15 12
212 386 377 234 14 256 28 10 364 71 5 25
6 15 22
107 121 408 59 192 134 181 301 372 377 236 171 41 422 188 288 406 439 66 7 38 30
4 10 6
355 202 155 37 101 419
5 19 14
66 353 417 82 422 321 244 404 291 397 36 145 37 215
4 1 15
36 378 353 266 244 250 384 38 343 146 234 176 71 336 382
3 9 17
229 334 283 7 380 281 236 437 312 72 196 320 135 350 364 250 309
1 6 4
340 184 422 478
1 10 25
247 123 392 434 56 376 65 471 318 266 18 365 5 467 403 248 159 404 295 125 200 342 187 283 20
1 13 5
493 223 402 289 137
2 4 6
43 299 120 124 62 471
3 9 12
310 238 382 73 181 29 108 378 396 54 263 475
16 10 25
202 127 225 328 152 261 260 62 306 68 217 414 342 5 38 297 139 339 401 231 178 468 27 444 285
1 19 2
52 223
13 12 22
254 147 427 184 38 110 9 81 375 227 245 127 32 203 404 288 141 494 411 355 450 273
6 20 19
435 117 36 487 9 147 431 123 294 359 271 301 227 102 64 272 320 444 410
1 1 12
422 478 279 462 230 166 425 188 487 273 20 319
7 14 25
58 472 1 124 249 294 331 312 247 302 240 146 290 406 457 136 115 445 244 380 46 248 69 161 202
9 10 14
177 329 347 104 31 275 42 105 284 286 310 218 70 413
4 10 11
189 235 331 89 113 48 361 50 478 313 196
2 11 12
395 249 262 194 311 267 436 118 320 74 292 405
2 16 8
227 265 83 275 424 457 388 393
2 18 9
196 228 216 191 436 457 430 383 456
3 11 19
156 27 216 44 159 475 267 17 71 243 301 449 323 210 106 390 206 198 298
4 15 8
361 185 26 52 63 36 29 348
4 14 7
409 186 343 290 164 465 107
2 5 10
206 402 217 73 106 466 476 34 166 414
1 20 4
475 43 225 0
2 12 8
496 190 287 350 263 164 383 191
5 5 22
278 315 389 443 101 121 78 241 186 213 53 322 170 126 103 491 260 463 459 317 46 281
1 4 2
225 301
6 2 16
476 302 322 405 466 306 3 361 415 70 272 132 170 205 316 365
3 1 15
406 197 6 44 491 154 88 139 302 436 288 347 83 387 124
4 20 23
359 141 103 253 437 312 17 0 252 491 162 172 182 207 364 480 64 139 498 28 118 349 127
4 10 14
84 404 318 3 182 206 161 368 46 263 390 36 415 98
1 15 11
24 159 400 75 356 176 121 46 217 283 250
4 2 6
409 265 496 408 59 335
1 20 7
396 28 220 416 308 384 183
12 12 23
379 371 167 276 479 208 376 395 308 22 115 382 291 352 373 432 32 254 470 67 282 422 338
6 19 9
175 68 81 288 150 377 497 117 252
4 11 13
356 218 55 8 279 129 193 41 290 268 328 285 199
11 16 19
326 16 232 248 438 222 243 417 100 414 3 349 208 112 238 151 77 101 173
5 5 19
197 160 409 495 71 238 80 223 43 333 87 465 19 435 214 286 69 95 91
11 16 25
302 248 119 392 238 188 91 94 151 161 136 329 187 139 78 31 0 225 93 166 325 300 385 497 406
1 19 25
479 383 375 362 450 23 9 218 372 459 149 410 146 445 313 382 370 89 444 74 298 275 78 263 152
11 9 17
386 394 395 479 248 54 142 443 9 465 314 134 326 492 282 219 275
4 10 8
10 306 392 37 302 497 374 178
1 6 8
277 288 356 275 304 268 34 318
6 5 20
147 348 97 131 90 248 32 287 252 367 377 324 16 122 408 444 68 351 310 319
10 4 18
191 3 75 221 108 62 289 230 441 74 214 337 52 76 363 204 335 454
6 19 12
489 221 497 393 155 136 110 144 351 290 181 215
3 7 10
69 338 223 379 365 213 371 334 477 381
8 3 22
285 87 190 348 26 245 27 286 108 173 391 251 141 164 83 301 299 43 463 278 34 48
9 18 15
193 13 215 367 479 391 149 451 482 394 239 402 346 58 63
5 15 22
334 332 80 201 153 398 76 23 28 462 400 167 134 421 186 338 355 320 483 269 103 441
1 10 21
57 207 155 356 104 221 28 310 358 16 268 143 381 319 415 386 366 361 402 471 392
2 7 21
221 105 176 67 272 378 68 120 76 310 277 261 455 112 124 250 257 286 116 295 422
2 5 20
447 126 355 175 205 369 433 217 284 74 86 9 122 70 459 389 347 155 258 229
1 15 8
33 60 65 74 6 120 447 321
10 16 20
40 284 260 68 241 436 315 459 339 270 426 21 52 279 64 375 280 366 23 53
5 11 13
397 68 365 454 107 169 468 362 202 431 393 52 152
9 3 24
323 113 475 327 121 169 375 457 432 371 468 186 274 189 276 133 374 222 253 309 304 256 90 249
5 8 18
200 71 473 39 89 61 381 353 478 278 339 156 417 74 40 92 225 287
5 14 10
39 138 491 13 483 27 62 31 479 277
3 4 7
374 94 402 288 483 352 120
7 3 13
227 438 126 116 398 470 129 226 281 305 237 266 413
1 3 5
442 391 342 99 396
2 11 13
0 137 115 489 393 298 44 476 45 78 482 156 86
4 11 19
411 118 148 172 209 442 106 341 67 114 327 336 320 82 330 259 1 303 271
8 3 24
331 321 395 89 320 298 107 131 325 181 451 304 68 61 455 355 193 59 130 430 283 373 216 449
5 7 21
422 321 486 498 218 41 13 402 336 87 474 32 475 304 112 103 193 341 346 316 257
4 13 9
366 385 390 148 102 432 84 380 314
5 20 17
264 382 374 393 175 380 23 60 212 350 408 262 414 87 267 426 367
9 16 15
17 56 271 190 14 91 77 417 251 210 194 174 224 127 98
1 6 8
382 452 311 269 440 377 252 496
4 2 8
67 159 13 345 283 172 438 389
3 17 6
256 16 66 7 405 356
6 8 10
272 21 104 145 326 277 77 289 171 64
7 9 12
209 339 324 303 33 330 484 482 458 267 55 22
2 13 7
361 164 454 144 171 495 10
3 13 6
402 371 401 232 251 463
10 13 25
364 198 75 130 119 146 64 344 428 13 136 359 148 98 393 55 230 101 103 258 127 110 271 449 31
2 11 16
388 396 408 48 394 23 425 13 160 405 483 445 340 36 147 383
7 10 17
94 395 185 77 370 198 460 51 497 334 265 313 147 103 167 203 447
2 7 5
391 130 215 334 71
8 5 19
86 293 336 426 306 410 71 352 56 298 76 54 349 450 90 269 243 223 267
6 4 18
1 299 392 172 471 484 259 114 214 248 209 202 268 239 101 322 72 344
1 17 5
481 95 454 358 289
11 8 18
402 267 168 71 315 188 374 10 432 99 420 251 437 226 65 321 69 172
12 2 23
363 372 481 27 486 51 21 369 179 46 37 170 178 345 210 303 424 57 315 116 376 83 104
9 5 25
251 461 109 356 74 401 195 32 146 395 437 240 352 231 108 456 16 232 147 63 164 390 358 280 79
7 17 18
39 155 125 445 467 415 75 336 280 62 108 232 337 408 307 448 41 314
3 20 13
345 215 67 54 390 393 380 89 109 273 246 208 369
14 16 24
452 145 191 184 401 488 377 459 160 390 83 247 274 309 299 268 304 51 183 324 148 402 269 399
1 14 10
306 418 380 373 56 420 309 430 61 74
2 14 21
484 168 157 391 263 44 433 178 456 417 411 8 488 421 261 447 124 123 245 483 29
11 1 19
389 258 424 283 390 62 407 273 370 375 36 342 226 338 490 378 377 301 486
3 8 25
349 358 177 410 1 143 47 49 455 124 216 499 468 175 84 245 214 318 71 460 326 0 146 357 123
1 10 18
356 429 471 322 118 69 426 450 427 25 360 187 94 52 39 205 192 41
5 7 8
170 266 288 361 102 253 247 235
2 5 6
477 276 330 290 272 197
10 8 17
267 15 441 121 457 325 318 101 183 97 26 322 341 405 272 233 465
14 17 24
344 82 491 469 460 381 312 190 184 94 326 166 415 167 387 153 120 295 37 479 209 470 93 452
6 4 12
145 314 173 80 52 420 319 57 419 178 113 13
5 2 9
114 314 36 31 190 79 480 49 499
9 17 17
468 450 446 228 471 326 70 89 239 252 290 8 156 187 103 136 493
5 7 9
267 475 264 167 407 188 127 238 128
7 19 21
234 95 361 1 426 390 270 370 359 37 362 249 161 35 240 445 139 266 487 108 261
3 6 11
269 423 325 117 352 140 187 99 34 465 438
6 7 25
96 153 300 454 274 239 130 303 485 159 413 273 489 138 338 473 189 457 391 42 348 325 205 328 83
2 1 10
354 53 1 242 258 319 139 480 385 239
6 11 17
119 434 89 168 474 268 95 33 486 190 406 170 277 349 473 403 350
1 16 15
202 97 57 210 321 201 103 343 106 84 111 480 462 408 75
5 2 17
88 90 64 363 484 485 400 444 178 496 23 479 174 334 216 327 438
3 12 17
333 485 228 456 57 421 188 469 86 400 238 449 185 146 399 312 173
4 5 23
93 87 77 125 474 180 367 124 103 1 482 105 243 310 465 400 406 333 63 352 39 184 267
6 18 14
483 214 78 191 331 231 429 340 328 138 417 371 232 475
10 11 18
456 6 378 487 363 433 254 233 351 454 84 73 349 207 202 183 489 422
2 18 8
392 345 301 279 449 170 475 98
3 14 5
354 316 130 155 371
1 11 2
141 415
6 14 19
79 257 2 265 223 448 289 31 3 375 429 170 315 339 404 130 80 313 421
1 9 15
497 204 245 413 489 483 363 496 391 182 404 330 183 203 313
10 10 21
394 347 250 289 4 249 314 270 326 215 122 98 261 155 302 459 483 477 61 197 48
3 17 5
36 289 389 228 14
8 20 23
27 80 102 313 458 410 367 457 129 172 8 107 183 464 320 182 354 204 298 327 232 263 214
1 19 2
135 198
2 1 11
262 449 482 413 36 433 233 41 1 373 469
2 6 4
165 311 182 468
2 17 11
404 25 472 269 134 280 159 418 339 212 74
3 19 18
468 230 54 307 405 321 194 486 105 408 1 73 483 318 209 313 325 99
1 19 3
23 262 208
7 19 17
196 214 413 207 321 365 403 326 446 334 394 344 80 473 109 67 386
3 13 8
232 136 57 413 241 394 322 54
7 11 12
392 190 231 478 425 225 279 369 145 72 133 338
1 17 12
210 272 467 238 126 132 216 64 313 4 100 153
4 13 7
296 335 474 105 286 18 430
2 10 23
308 151 319 316 149 458 120 128 157 288 476 290 381 30 83 430 281 485 344 192 320 173 46
2 10 24
42 230 289 218 130 418 487 323 136 333 123 22 105 27 351 385 446 386 498 422 413 256 121 192
14 5 24
396 376 496 213 430 491 468 34 397 394 10 340 3 25 499 244 305 154 438 372 158 46 338 240
9 2 21
474 57 160 400 396 408 79 373 358 219 410 324 432 122 164 332 216 465 84 446 335
7 9 11
373 33 212 38 238 145 308 334 227 181 230
2 9 3
450 477 360
14 4 23
102 336 367 184 225 283 157 444 411 11 333 85 254 10 156 383 23 275 381 47 46 294 239
5 6 24
146 462 267 212 57 433 78 325 228 17 408 96 208 253 328 422 495 283 324 410 481 149 16 233
6 20 23
262 40 409 397 322 424 287 364 94 26 51 317 98 100 143 111 251 238 273 18 450 458 141
4 20 15
214 374 42 171 320 470 16 226 402 25 448 160 30 15 192
1 9 3
427 128 310
5 10 13
67 88 62 229 363 33 167 485 494 243 64 29 132
9 5 21
182 232 216 117 364 355 404 23 96 163 400 488 200 17 433 300 3 174 385 214 252
6 1 17
249 408 219 117 195 411 103 106 239 498 463 145 207 197 84 461 80
3 11 9
139 375 314 336 41 250 72 127 183
12 13 22
361 419 173 3 237 363 428 398 440 76 409 354 263 314 485 421 338 480 73 268 360 312
6 1 9
265 105 111 331 314 377 108 430 180
1 10 23
464 139 40 50 381 325 201 71 230 77 298 121 331 31 59 280 90 256 147 196 242 387 449
6 7 9
278 19 81 2 318 493 465 175 159
6 12 13
170 143 48 217 22 344 100 450 240 386 190 206 131
2 19 14
396 353 389 455 29 63 57 366 213 388 82 469 290 121
3 20 9
207 341 132 92 396 163 402 371 297
3 10 15
147 232 50 378 455 390 482 420 462 334 460 495 343 496 0
6 4 19
271 268 322 226 93 323 432 211 392 38 147 314 262 173 245 145 460 64 381
6 15 19
335 463 182 48 126 72 186 218 70 435 444 140 119 181 95 382 334 336 36
2 13 10
242 387 400 67 210 35 390 319 426 3
14 8 22
239 389 348 18 336 114 279 396 497 269 103 286 310 19 433 314 238 119 113 4 296 487
5 13 9
242 34 50 366 239 74 348 461 489
2 15 21
96 313 69 223 316 204 138 221 400 284 178 306 36 285 91 490 163 457 275 183 338
6 9 17
260 229 176 453 228 206 311 483 39 101 374 227 478 309 325 30 152
1 3 6
408 62 208 307 166 29
1 6 9
441 203 62 385 221 90 155 213 205
5 1 9
143 155 388 357 235 396 172 112 256
5 20 19
380 188 74 90 278 165 46 499 412 334 174 7 290 131 293 225 144 167 404
1 12 5
24 340 336 159 493
15 4 24
270 155 280 153 85 441 154 110 51 104 119 453 278 2 49 269 266 302 84 0 301 142 477 363
5 12 13
257 227 459 94 462 485 85 491 494 426 233 30 92
4 12 11
175 222 478 436 282 467 15 368 39 319 310
10 8 20
445 276 308 354 194 230 331 240 377 234 491 280 401 469 138 297 78 15 285 476
3 12 22
5 355 362 23 28 85 82 404 325 356 247 138 389 363 289 397 219 128 461 264 295 408
2 15 18
349 472 295 477 33 334 95 327 186 125 450 39 19 120 168 366 227 393
2 20 14
168 146 462 177 147 81 247 137 412 290 148 367 365 60
2 4 3
488 374 189
3 3 5
472 118 10 326 279
1 16 4
40 75 46 478
8 17 14
351 315 330 185 49 258 421 470 305 169 340 118 69 111
1 2 2
430 394
4 4 6
66 220 147 255 454 287
1 5 7
54 178 340 361 291 2 200
11 9 24
164 422 449 66 144 406 137 244 63 205 81 356 279 317 283 260 257 347 421 456 136 210 209 398
4 17 21
343 52 134 203 456 406 59 163 349 404 412 317 99 42 184 442 338 451 339 394 189
4 7 6
242 66 281 53 117 309
1 6 17
434 203 307 215 148 482 421 201 139 280 0 340 175 114 497 234 354
12 11 20
5 421 211 478 428 293 82 48 330 205 154 165 193 371 458 468 369 245 134 271
7 4 20
373 72 4 204 48 105 277 235 270 272 82 99 127 377 106 193 51 418 27 250
5 9 8
499 227 482 369 28 36 41 26
1 12 2
295 289
6 13 14
152 365 117 187 81 430 481 60 417 90 161 373 472 192
7 3 19
137 306 313 3 244 31 89 361 180 69 35 266 379 280 175 133 250 370 479
2 1 10
264 419 457 210 133 343 120 75 391 217
9 11 19
451 183 191 334 132 206 18 473 381 7 247 75 390 457 9 240 365 470 44
3 8 6
226 203 98 403 305 178
6 3 17
30 450 291 87 95 309 31 170 111 205 207 364 341 444 242 438 446
13 15 22
446 481 235 458 302 137 418 107 238 29 8 335 370 486 61 60 239 455 222 23 21 160
8 5 23
453 347 87 152 271 54 164 198 95 331 17 239 391 385 448 288 61 62 433 120 222 7 442
12 8 23
360 336 475 256 74 363 492 354 75 382 390 251 236 35 208 93 220 495 344 418 444 433 4
10 2 24
196 152 192 18 34 0 119 410 106 467 46 474 132 181 437 272 198 159 139 321 390 397 329 495
4 10 7
292 56 327 399 160 145 309
4 4 11
209 368 222 488 464 157 213 194 51 129 327
3 13 7
341 44 226 130 365 338 304
1 3 10
92 344 23 111 70 456 143 35 275 180
10 7 19
302 160 252 81 489 119 134 478 121 86 34 288 108 332 190 458 131 72 474
8 9 15
109 483 495 25 291 442 96 358 377 278 454 147 6 475 36
8 9 21
87 190 14 280 141 3 124 229 306 189 351 44 133 353 394 144 69 29 32 439 154
3 10 5
48 6 261 458 356
1 4 4
76 336 400 106
8 12 15
447 152 71 423 472 66 91 109 264 197 338 489 484 173 391
4 6 9
340 466 205 106 188 301 237 107 309
10 18 19
94 231 309 75 216 428 275 406 107 449 64 423 238 357 242 482 363 189 209
4 14 14
353 291 486 184 48 147 431 364 68 141 76 390 180 95
4 19 6
131 336 495 403 197 56
5 3 24
54 163 487 4 189 295 404 309 127 340 253 248 134 7 221 423 229 446 492 116 294 107 108 34
7 18 20
342 116 162 129 71 146 474 472 443 451 417 456 69 464 487 82 221 365 220 358
1 18 2
372 497
1 10 3
471 406 197
3 17 16
467 106 4 15 280 164 333 251 246 141 416 244 56 401 341 192
1 13 8
444 490 227 477 275 334 72 101
12 3 25
88 136 127 114 384 165 393 313 24 466 308 479 395 300 151 432 381 426 133 291 382 258 441 265 145
3 12 8
112 213 19 240 396 233 390 484
3 4 7
41 136 205 470 24 78 209
2 10 5
305 24 146 187 465
16 12 25
397 404 34 84 417 129 408 65 418 241 296 56 290 370 335 268 109 362 38 300 445 52 364 90 487
8 12 17
350 366 169 61 121 174 288 346 477 132 154 351 355 427 159 43 225
6 15 12
171 118 344 52 266 455 71 85 20 131 466 395
8 15 17
398 46 408 165 330 497 78 272 414 481 153 456 439 363 357 332 493
2 14 4
119 496 67 203
1 16 2
81 234
6 7 14
118 321 485 214 386 273 175 401 74 263 219 499 245 352
3 2 14
422 283 363 352 449 114 91 415 202 329 482 320 181 156
1 19 13
481 160 411 25 372 369 473 2 162 1 34 380 437
9 1 17
261 276 371 428 46 33 209 110 39 298 215 330 237 11 135 113 160
1 14 22
190 271 414 475 345 113 377 462 400 461 111 248 407 212 148 288 216 158 253 24 396 170
7 8 12
90 460 201 66 343 145 276 14 109 381 65 263
7 14 12
481 393 187 262 15 496 78 273 236 72 180 293
10 10 15
262 449 5 296 375 485 70 246 136 183 154 52 311 331 198
2 16 9
374 59 317 209 301 126 62 354 303
2 8 21
57 486 202 367 117 207 476 237 435 128 190 77 312 210 56 184 320 133 139 258 122
3 15 11
157 419 377 146 375 177 152 314 47 83 357
6 8 11
349 371 257 492 268 44 273 198 499 423 450
2 16 18
217 265 95 237 368 330 106 228 179 472 372 443 198 150 391 430 417 23
6 16 10
293 239 485 346 224 400 475 77 343 162
8 1 21
154 74 330 309 19 176 15 420 139 152 221 376 240 459 111 12 324 122 421 389 396
6 13 16
154 15 423 46 38 231 30 52 340 344 180 239 201 282 183 64
14 9 22
95 404 354 50 378 211 77 220 447 300 382 256 262 457 83 222 69 483 36 488 397 76
2 3 6
416 313 143 366 190 365
1 8 4
153 305 44 222
7 8 11
460 173 62 236 31 225 279 45 64 310 283
13 7 25
107 58 327 76 276 182 306 152 141 294 128 370 493 282 48 26 172 412 136 403 187 302 440 55 95
2 12 11
125 420 109 41 325 314 14 17 327 82 456
9 10 22
151 432 261 344 105 16 349 413 227 159 336 307 341 404 498 415 242 468 355 144 496 75
7 11 14
355 473 437 427 177 156 210 426 280 71 393 239 18 478
5 3 8
243 442 94 384 117 100 129 320
8 19 19
93 181 114 235 424 4 104 288 190 68 293 344 266 484 103 19 474 295 441
3 1 25
461 316 6 233 169 214 160 105 228 69 364 187 263 399 147 4 339 480 243 260 357 448 201 436 301
14 12 24
297 183 21 48 390 160 381 422 368 327 253 364 367 179 101 407 467 474 121 135 16 329 11 100
5 8 25
213 180 56 285 383 454 393 62 296 388 109 315 232 499 480 218 415 422 450 200 44 498 185 243 10
15 14 23
49 419 56 480 434 373 399 303 109 282 52 292 204 29 14 331 394 138 274 124 499 46 107
1 10 17
93 427 308 371 55 151 444 69 372 64 261 46 101 288 111 328 284
9 20 24
141 204 13 471 29 316 30 163 257 87 145 291 352 11 244 397 161 484 435 497 50 486 273 136
5 19 19
227 316 74 306 335 222 387 250 439 366 330 443 45 61 59 295 276 308 101
3 14 5
302 252 432 172 276
8 19 12
175 271 124 474 56 350 284 377 255 129 99 352
6 11 17
373 154 267 174 322 448 115 6 221 404 109 163 131 194 256 92 439
3 20 18
463 302 431 96 236 113 346 42 486 202 408 255 290 142 480 266 310 314
3 3 6
478 243 226 494 147 169
3 4 16
149 26 437 379 146 270 298 473 266 82 281 156 182 70 10 246
2 17 6
393 419 484 322 425 209
1 1 18
336 455 270 160 211 67 87 249 253 248 31 456 189 324 391 328 213 279
10 12 15
42 26 317 22 87 176 306 400 144 421 415 223 405 71 28
2 11 4
349 275 355 323
1 11 4
166 226 347 181
5 1 18
407 435 114 307 57 140 119 105 61 149 145 6 433 452 286 218 355 44
2 9 14
126 27 255 395 185 450 489 35 382 389 94 39 494 307
6 17 13
319 265 498 412 16 157 237 115 316 188 286 138 196
2 12 12
28 388 233 495 350 88 117 307 487 439 56 97
3 7 15
172 447 16 67 253 71 131 324 453 313 391 251 137 222 12
7 20 17
271 224 465 379 475 244 231 347 63 428 165 80 99 348 275 5 10
2 15 3
377 305 175
4 8 17
413 74 395 119 469 138 191 218 380 233 497 197 215 301 360 157 186
6 5 24
355 421 400 320 488 388 436 208 335 35 102 232 367 222 392 109 96 476 43 247 279 402 491 77
7 10 13
128 409 36 477 412 388 58 71 269 49 329 123 307
8 1 14
451 396 236 137 302 233 2 336 117 462 381 28 470 319
3 12 20
218 83 260 209 150 317 463 65 487 143 11 395 84 115 233 292 45 196 430 195
9 14 23
158 32 148 372 85 101 232 238 161 81 274 418 213 390 91 413 461 304 356 334 179 472 412
1 14 6
204 457 252 311 258 88
12 15 22
126 406 35 177 153 315 468 245 336 434 389 160 184 465 5 207 374 29 428 93 15 491
8 18 20
56 17 44 6 84 369 169 104 170 241 315 408 171 401 454 151 123 96 207 482
1 20 22
290 163 386 439 81 179 444 390 148 233 96 305 359 203 28 205 457 308 210 318 85 27
12 19 18
289 183 311 113 178 189 411 461 307 89 465 21 274 237 310 15 148 270
7 3 14
278 196 113 249 61 183 222 26 38 148 452 448 154 331
9 7 19
427 411 128 134 47 242 111 102 221 271 499 28 488 12 83 132 173 319 381
7 15 23
28 327 17 94 146 224 354 188 445 331 281 483 163 53 370 475 100 128 225 15 131 414 299
9 7 22
252 383 351 204 242 0 223 24 419 368 470 340 56 279 17 456 213 190 333 319 476 427
6 15 15
475 239 78 459 42 409 196 234 156 385 180 467 416 453 392
6 18 12
205 418 128 246 72 85 101 109 463 153 369 390
14 2 24
265 101 426 301 106 293 415 96 437 374 469 324 205 84 471 280 255 254 193 41 48 481 110 440
3 12 9
483 111 366 361 464 107 199 22 226
5 9 8
100 407 280 165 419 415 443 76
1 4 6
330 260 131 79 279 262
8 7 16
181 242 16 456 13 488 204 124 30 230 91 148 94 268 241 138
2 2 6
322 95 99 192 269 119
5 17 11
360 34 166 194 475 78 147 477 383 245 214
11 10 22
166 5 216 138 12 299 294 214 424 38 290 333 272 226 311 228 153 13 156 16 69 201
5 13 20
39 108 405 398 274 148 111 180 255 35 314 34 428 283 185 263 322 337 91 422
8 8 15
114 32 171 51 468 240 418 39 209 175 58 119 244 85 197
4 4 10
119 338 436 16 391 180 480 456 239 138
6 5 16
86 496 169 119 28 487 428 417 457 243 479 215 275 303 306 482
1 9 18
12 364 378 122 282 347 43 308 200 11 41 473 298 291 159 322 216 369
7 17 17
439 98 120 17 444 318 72 73 275 198 253 45 295 287 350 363 80
6 7 25
406 377 30 7 417 225 266 242 450 293 133 54 493 443 495 403 498 221 269 278 449 87 170 254 267
5 6 25
385 97 311 188 306 304 198 424 102 200 460 339 224 151 391 181 40 122 121 400 217 9 266 404 147
5 6 16
434 138 77 73 440 178 8 247 282 144 101 392 410 72 146 341
8 6 22
148 29 273 416 112 453 460 97 1 129 471 337 162 126 138 156 377 230 254 164 213 23
4 5 7
27 248 177 88 386 34 249
2 9 19
52 274 278 10 210 61 296 35 121 107 342 144 365 298 363 435 279 131 384
10 16 22
56 229 428 72 169 312 200 360 10 137 261 403 131 47 224 155 21 487 280 235 83 206
6 5 12
247 189 318 33 77 39 2 435 311 35 47 199
1 16 7
212 242 470 441 89 195 239
10 9 24
251 40 268 178 28 250 110 247 194 22 469 120 333 23 33 451 198 229 184 237 11 134 224 306
10 9 15
263 88 447 4 215 309 190 454 5 345 467 381 461 417 452
1 4 2
429 402
10 2 22
436 75 342 42 428 226 234 227 273 38 176 170 46 43 427 425 219 496 492 313 285 327
4 18 12
285 165 72 229 255 100 402 18 454 385 59 481
7 17 13
188 31 409 255 204 189 344 386 136 485 173 81 140
2 20 10
43 58 175 31 391 219 497 366 320 133
15 2 24
335 195 241 344 302 141 389 12 76 233 380 20 237 345 73 63 482 169 192 14 3 376 404 487
2 10 3
111 282 249
12 3 25
323 277 402 9 327 178 332 222 100 354 182 336 437 270 319 238 491 163 26 267 422 329 292 331 37
6 12 12
286 456 115 313 254 264 57 102 328 48 96 465
1 4 21
270 368 491 289 392 2 429 46 354 470 58 56 472 231 428 301 329 225 260 153 489
5 3 19
157 149 234 193 260 84 185 131 479 8 102 331 156 284 336 82 447 40 109
5 3 13
369 295 484 322 390 471 43 186 400 499 262 321 387
6 5 13
408 383 211 6 326 337 441 349 95 187 133 78 329
6 19 9
96 186 196 222 394 412 25 416 348
7 4 15
9 111 320 364 419 385 272 146 183 406 311 464 15 77 267
8 12 15
212 436 438 188 335 29 17 374 153 474 137 486 400 108 416
4 7 13
323 306 482 429 348 84 42 257 407 452 325 426 338
7 5 11
87 109 498 104 427 433 116 37 110 475 255
1 17 13
53 224 99 239 365 377 352 165 361 374 345 220 71
4 9 16
464 164 21 71 439 493 445 466 177 249 107 222 337 375 259 491
1 6 9
368 121 316 441 499 394 491 66 45
5 2 12
22 284 160 177 335 312 145 65 264 183 73 128
1 16 2
371 286
1 12 7
121 263 268 301 112 186 231
12 16 21
175 79 413 124 396 101 284 366 83 220 157 106 480 493 212 361 127 69 418 140 6
4 16 13
302 499 0 91 270 326 109 79 442 360 206 24 397
1 13 5
45 52 201 165 481
4 18 14
405 284 261 421 447 305 95 41 377 61 313 102 175 68
7 2 25
207 118 310 200 199 456 10 158 467 289 499 377 95 119 42 270 99 24 185 165 336 347 212 105 191
1 6 3
340 49 276
1 3 24
480 265 105 254 290 493 454 352 359 274 319 285 81 400 74 343 45 368 85 411 310 333 473 337
8 4 15
91 84 431 397 173 396 235 245 482 297 72 232 64 222 138
3 18 6
402 26 42 292 52 386
1 16 16
233 380 318 149 496 288 132 207 361 72 134 90 18 408 453 214
2 8 9
273 378 284 71 446 178 332 407 43
1 16 13
72 133 486 27 304 154 336 363 478 132 449 427 137
5 3 10
240 152 323 209 283 56 162 3 498 464
1 19 20
206 167 368 149 125 316 324 464 263 117 217 394 116 272 451 36 196 221 300 307
2 20 15
75 417 303 24 252 325 182 74 81 448 179 146 377 351 66
8 1 20
113 308 160 125 18 237 149 277 80 270 437 418 168 427 107 450 246 8 95 394
1 1 12
60 102 31 266 226 487 301 228 440 156 443 141
5 7 15
10 48 57 242 125 367 7 188 480 102 44 338 45 228 142
1 3 3
233 215 219
1 9 4
177 256 308 219
1 1 16
402 52 468 97 243 216 497 157 89 206 338 471 449 45 143 268
1 7 21
68 354 53 201 489 62 122 326 366 84 235 47 422 411 97 487 140 98 333 204 222
2 2 11
43 216 84 298 329 175 489 255 81 71 69
3 10 11
422 12 172 189 115 113 453 233 163 317 394
4 3 18
265 229 459 396 380 436 305 165 150 335 299 13 3 494 181 476 14 100
13 10 22
329 219 297 211 150 176 159 106 311 461 492 415 206 247 408 491 263 132 215 275 270 202
1 19 2
202 421
5 7 12
325 34 321 155 53 125 282 97 360 322 329 105
14 12 22
355 33 144 286 164 185 236 188 400 213 341 480 330 43 116 208 39 281 350 77 143 121
2 4 3
448 19 495
3 1 9
436 373 480 323 111 336 54 451 498
4 16 18
140 154 371 231 298 200 109 114 100 167 108 334 364 286 374 37 136 289
6 5 12
370 293 464 66 259 239 309 492 475 315 330 20
5 12 9
39 180 133 284 109 434 280 325 386
3 9 18
164 69 97 218 355 389 130 325 170 148 253 68 42 0 64 276 436 205
10 19 21
276 222 66 347 325 34 427 186 206 220 210 77 167 385 337 44 460 364 403 413 464
12 8 25
350 4 61 115 221 440 422 317 18 104 491 58 402 91 246 498 79 204 486 479 409 392 15 97 218
8 3 18
281 64 349 268 99 202 156 361 11 476 448 309 7 101 267 186 176 305
4 6 7
190 464 406 105 35 351 121
3 13 19
93 377 433 473 461 323 221 306 492 160 466 188 347 28 39 6 289 276 491
12 2 25
339 62 484 230 2 456 431 382 177 358 135 341 489 57 378 122 221 354 352 336 189 59 184 276 474
3 20 18
288 471 85 5 64 156 326 416 250 354 218 96 498 119 11 231 10 477
2 20 6
492 252 233 276 250 457
1 3 13
136 303 446 432 132 112 122 22 166 278 228 474 427
4 3 16
26 231 463 262 166 269 396 339 58 144 349 64 265 195 3 319
5 3 9
91 401 95 382 442 385 244 299 116
10 3 21
229 339 327 227 405 95 46 213 66 2 459 96 399 309 155 332 428 406 330 289 391
8 10 24
216 18 64 65 98 416 319 173 232 394 60 161 255 225 160 459 28 312 5 266 49 358 360 97
5 7 23
145 253 376 59 430 58 348 228 326 295 349 160 341 438 486 180 292 330 316 397 334 192 128
3 13 5
136 482 5 35 45
2 17 8
378 406 466 334 163 215 376 233
2 2 6
141 332 463 153 358 87
4 15 12
17 325 314 279 316 256 270 43 121 147 496 1
6 9 9
233 118 154 382 416 472 267 193 32
4 5 22
324 471 261 34 113 37 43 343 363 200 354 295 294 430 146 276 260 438 76 83 382 2
2 20 6
276 468 154 267 10 308
5 14 23
228 461 219 405 269 35 292 209 317 232 57 429 49 58 116 140 438 424 172 134 464 79 385
8 18 14
499 490 121 171 404 141 65 423 180 313 57 71 493 142
2 9 12
120 368 484 297 277 348 163 188 268 215 482 257
1 1 10
256 320 105 195 433 176 434 368 408 452
8 4 19
216 92 425 495 4 56 140 402 240 110 149 381 351 124 3 226 250 232 117
2 17 3
346 262 240
2 2 19
36 11 488 74 26 335 45 59 115 426 230 452 458 166 246 472 409 465 44
8 19 22
455 487 111 299 147 175 496 23 30 47 362 379 166 425 438 283 0 14 484 372 39 210
1 20 3
270 418 239
2 11 5
441 87 41 104 171
3 1 5
200 67 262 321 463
3 5 10
163 148 443 365 492 206 29 100 218 7
3 13 5
110 62 304 349 354
1 13 5
472 63 180 6 285
3 20 6
48 45 411 257 445 429
13 7 24
122 291 173 241 432 214 366 123 344 12 126 374 236 435 406 229 117 296 308 319 47 127 378 411
2 11 6
82 202 497 386 180 294
1 4 5
298 259 358 38 187
4 5 6
27 477 405 270 348 263
5 15 11
451 460 328 245 499 325 170 331 308 231 441
3 4 15
398 491 83 269 313 434 134 343 492 115 326 202 211 379 139
6 7 9
148 284 457 221 429 431 193 70 57
7 1 22
169 144 154 269 80 95 282 175 418 96 430 137 192 321 465 332 249 60 258 211 81 153
1 15 7
327 288 169 178 289 344 77
1 2 8
418 369 394 278 359 1 310 254
3 15 5
127 454 426 375 68
4 18 7
89 466 30 292 131 395 426
1 20 10
485 229 75 341 378 246 316 96 322 426
8 20 12
485 200 413 383 422 57 107 180 198 213 141 398
2 16 19
481 216 83 153 55 451 132 379 197 456 162 264 318 361 8 128 173 377 421
3 11 21
371 5 337 298 435 401 163 84 7 346 419 72 426 170 161 289 28 261 102 49 290
5 14 8
45 299 170 137 190 65 72 476
11 17 19
171 150 458 36 159 100 388 348 465 83 289 196 371 282 467 127 95 108 455
14 18 22
10 20 485 137 246 409 170 198 184 239 427 310 116 283 341 13 325 363 375 148 178 339
8 14 12
418 195 367 349 348 56 41 208 25 416 76 493
13 5 20
337 276 241 240 69 15 359 484 301 172 38 396 173 19 308 454 398 419 166 491
2 9 4
429 242 464 224
4 2 20
143 396 125 168 14 343 112 144 117 233 10 407 214 467 248 300 489 155 48 448
3 6 7
413 214 470 126 162 105 92
7 3 15
488 119 11 173 212 317 283 444 18 101 147 443 387 227 218
6 5 16
176 306 412 456 368 309 379 135 0 358 344 137 475 29 365 329
10 17 16
254 131 282 383 9 401 323 259 382 453 423 149 198 467 400 1
1 3 14
398 161 57 9 72 240 291 93 129 322 410 33 348 362
3 8 19
405 15 268 202 332 68 307 156 71 321 74 290 70 358 433 378 133 155 148
3 18 23
137 58 439 459 415 102 189 489 225 474 198 333 344 211 424 366 5 289 245 360 327 143 440
5 9 23
301 219 225 404 45 193 227 331 79 82 86 278 297 494 209 171 433 220 261 70 380 239 55
3 17 8
55 408 474 273 146 61 31 150
2 5 5
55 7 446 62 323
1 6 19
382 68 38 124 403 331 235 490 156 457 291 41 444 401 103 483 449 200 275
7 6 20
484 417 383 446 171 84 354 184 141 83 161 50 85 370 78 405 38 401 433 460
12 12 19
275 372 442 453 482 401 440 377 331 406 229 255 91 12 151 84 240 307 114
1 18 22
143 345 49 333 124 494 373 10 381 136 196 371 316 43 110 328 256 252 250 279 22 444
10 17 16
72 265 135 458 318 112 94 199 125 382 252 37 205 180 353 187
2 9 25
255 29 295 226 140 130 163 492 46 353 55 284 360 458 175 484 211 193 275 33 486 103 302 462 139
5 12 19
465 331 189 288 484 352 294 128 466 75 324 363 292 277 351 381 67 246 298
4 8 13
321 71 283 223 227 342 79 313 322 109 136 120 67
4 15 11
101 265 352 339 412 240 163 274 141 49 488
13 13 23
140 391 443 432 415 206 51 466 410 170 293 264 123 188 193 229 182 151 231 259 195 260 320
3 6 5
21 4 26 280 196
7 13 17
149 442 439 465 212 415 157 359 206 134 167 218 183 493 27 438 349
2 8 3
64 111 199
7 13 14
150 427 286 266 308 450 465 198 19 29 384 499 303 254
7 8 13
270 258 393 28 472 369 447 499 260 134 498 252 327
4 14 25
114 193 260 118 165 194 271 482 6 244 370 220 352 13 65 338 351 111 82 479 158 286 437 256 57
12 11 25
410 429 184 131 114 436 17 453 478 369 108 157 334 230 188 494 42 27 48 412 165 216 286 353 350
1 19 24
48 39 233 19 143 308 419 309 313 360 27 55 293 369 71 320 61 116 358 281 81 70 489 435
6 5 24
195 326 79 235 387 263 203 438 193 139 408 153 420 337 478 204 82 274 297 344 248 25 71 194
5 17 20
441 10 244 42 328 272 98 492 331 213 240 102 167 39 180 84 319 480 231 482
1 7 4
319 455 37 164
6 7 25
110 97 330 376 420 463 44 401 206 482 458 493 140 478 467 394 288 298 83 328 243 315 303 485 101
2 20 20
407 6 247 2 285 363 471 366 80 154 302 241 168 268 40 59 123 35 267 381
4 12 6
281 454 18 49 207 316
1 10 4
396 7 8 350
2 1 6
168 439 463 81 141 266
10 2 24
63 58 150 287 396 210 478 2 71 405 340 168 152 231 247 378 3 108 209 153 276 482 401 177
9 2 20
352 10 449 212 494 328 171 143 88 236 111 121 394 63 278 257 176 378 386 464
6 10 20
413 431 69 92 387 41 47 304 191 117 326 233 274 174 28 169 207 20 371 223
1 9 6
89 400 372 36 440 343
2 7 9
30 251 463 258 499 113 252 126 156
3 5 10
468 256 281 32 401 288 382 349 398 114
7 19 21
0 181 212 38 333 217 394 441 256 272 133 114 32 362 457 20 400 452 153 177 440
6 19 9
493 9 394 332 499 478 37 135 38
7 18 13
178 176 430 131 401 41 13 422 447 90 317 370 79
1 1 6
259 2 349 144 406 265
11 17 20
418 104 113 237 308 48 197 222 190 300 218 54 304 315 291 321 341 286 191 352
2 17 3
31 226 348
1 2 2
311 425
7 10 16
123 440 192 129 287 167 460 140 234 65 404 222 465 414 213 407
4 4 22
234 268 408 40 302 438 119 131 397 457 291 415 166 195 395 191 213 439 466 346 188 74
1 12 20
493 319 31 135 187 44 299 203 248 439 294 56 469 350 351 451 94 170 433 11
4 5 25
465 10 202 410 187 238 453 189 456 40 145 472 135 257 419 313 31 212 291 129 156 30 221 373 437
7 10 17
400 481 179 380 431 135 471 296 266 212 317 418 443 37 374 437 280
3 9 9
443 364 414 46 77 289 122 365 172
3 20 11
166 393 6 128 3 289 38 203 34 72 114
3 16 15
184 55 43 484 266 155 467 228 411 282 29 461 111 8 64
9 7 20
199 158 376 404 366 333 389 138 345 357 484 135 41 276 173 108 167 157 451 344
1 14 8
447 57 303 451 175 73 389 370
1 15 8
166 91 244 73 344 251 331 94
1 5 2
192 243
2 19 7
378 371 498 34 170 158 461
3 1 16
372 226 283 87 139 253 162 267 190 137 178 214 168 454 181 295
1 20 2
48 248
2 3 15
387 449 411 231 35 364 339 205 495 235 424 194 360 327 2
6 18 23
370 258 51 485 18 198 192 9 401 223 472 417 414 323 405 121 351 190 486 311 114 467 468
1 11 8
418 100 450 235 71 157 480 407
10 15 20
77 59 164 235 70 93 226 499 264 54 245 306 177 261 362 395 229 89 348 449
1 6 2
7 80
1 12 2
423 72
13 14 25
61 428 427 48 322 415 175 367 305 364 308 272 330 482 38 239 237 386 300 15 297 197 32 335 233
1 20 9
221 212 392 152 400 317 208 209 77
1 18 8
30 451 180 271 295 314 467 10
1 16 2
498 28
1 1 9
427 389 266 388 95 222 464 80 257
2 2 22
149 294 243 302 121 308 296 16 158 68 321 258 299 462 490 291 18 474 47 177 487 364
10 5 19
183 155 417 83 475 93 285 472 179 210 399 160 495 56 299 414 151 139 342
4 10 11
320 457 39 42 19 385 495 227 390 92 163
1 1 8
434 140 315 145 212 220 26 274
1 8 4
161 140 33 305
1 18 22
80 248 275 136 446 475 242 98 226 358 301 488 419 223 447 218 83 32 91 350 96 224
2 1 6
91 468 130 401 480 50
1 1 6
46 411 450 29 283 261
1 12 2
69 128
3 12 6
290 485 284 258 74 230
8 13 24
288 401 111 42 499 256 408 484 241 38 114 228 92 421 253 406 108 361 218 374 472 45 481 453
8 13 14
346 33 472 290 160 453 430 2 474 136 115 340 153 329
2 10 3
314 168 7
5 15 10
17 411 104 40 159 7 255 491 323 362
5 5 21
331 351 277 146 141 382 152 20 159 486 96 138 373 40 227 443 76 424 344 399 426
4 9 9
76 281 406 368 396 110 455 68 172
2 17 4
417 274 95 278
3 1 8
88 102 460 185 311 335 363 16
1 15 9
483 336 174 70 495 217 485 303 178
4 17 9
490 260 433 228 182 12 471 359 394
13 9 23
9 87 41 32 288 485 225 151 59 245 323 156 17 450 213 360 26 218 165 20 144 447 380
1 6 3
437 268 264
1 17 5
479 324 236 18 442
6 17 17
248 425 311 465 124 100 400 310 44 339 306 186 24 215 269 452 234
7 12 20
359 391 194 258 368 450 294 123 442 233 403 398 454 379 6 279 462 473 74 303
5 4 10
360 397 97 448 323 436 223 222 290 439
4 5 7
203 332 468 185 169 406 21
2 7 23
94 30 188 179 418 190 216 264 31 248 102 69 302 489 28 374 341 77 23 348 351 335 32
2 20 7
481 248 149 143 407 369 496
5 16 17
420 57 59 268 192 284 138 20 245 356 480 43 215 345 33 323 309
10 13 20
230 443 25 48 369 393 171 149 197 161 330 353 374 470 217 447 55 11 472 52
10 3 20
310 88 443 447 427 437 166 331 68 498 61 337 208 85 15 402 473 184 362 60
10 11 25
223 271 189 32 237 349 362 476 144 351 77 30 70 394 431 498 449 196 485 219 247 11 217 450 381
15 15 24
61 195 17 451 284 158 171 432 98 239 83 178 445 40 139 123 244 271 371 270 222 302 170 36
2 16 11
328 160 405 93 400 394 17 36 311 280 238
1 6 9
446 134 60 26 114 161 135 95 224
14 13 22
240 93 282 480 60 248 283 324 196 369 66 360 465 487 252 409 139 241 125 330 396 377
2 9 7
18 483 83 379 64 34 355
7 3 20
205 430 21 201 26 93 307 119 92 386 250 35 309 418 30 165 1 243 210 34
7 4 15
385 471 215 417 99 56 455 273 135 302 466 361 4 248 394
4 16 9
431 183 377 127 264 217 445 193 493
3 15 13
39 44 72 35 167 29 8 494 408 247 236 269 113
2 20 4
339 211 281 268
1 3 2
272 238
14 3 22
114 204 307 70 470 374 212 182 301 240 269 360 462 196 487 289 94 366 220 20 338 143
7 4 14
46 493 288 83 459 334 117 273 42 434 23 254 93 113
2 16 17
401 379 207 159 141 428 130 362 487 339 140 267 143 32 53 192 250
10 14 20
63 92 319 65 433 195 190 64 278 288 342 33 409 210 118 429 474 439 20 200
10 12 21
117 192 328 384 128 168 193 273 13 387 459 82 412 233 476 223 78 81 398 185 110
4 8 25
136 486 52 254 402 83 74 180 327 428 403 368 389 140 168 1 287 330 264 105 311 224 54 244 342
5 1 23
32 411 251 106 101 452 327 243 84 134 466 168 254 440 335 5 331 214 105 424 236 224 371
7 13 24
8 62 121 286 376 492 106 379 439 219 317 354 171 341 316 488 35 78 336 184 300 77 150 65
8 11 20
308 377 215 100 29 424 419 64 119 469 160 36 26 83 423 182 23 7 137 117
4 16 20
321 320 6 382 196 33 88 324 110 227 404 85 148 37 373 181 171 229 477 422
2 1 3
464 368 92
1 14 2
186 279
11 19 23
206 427 449 385 361 271 370 170 154 181 316 89 467 188 109 215 11 488 367 284 465 105 125
1 8 14
198 122 135 206 69 202 147 44 155 429 82 342 485 41
1 9 13
388 191 115 285 148 137 315 193 233 100 130 221 423
5 11 8
283 49 114 493 89 151 77 303
1 16 3
32 221 161
3 11 24
6 126 143 266 80 332 118 471 287 277 269 78 333 320 101 233 76 449 483 257 137 232 241 280
11 7 24
316 414 346 453 446 239 169 6 9 79 186 175 11 495 404 401 240 206 474 370 114 333 52 158
10 19 15
50 247 221 371 416 8 443 169 387 417 436 39 474 227 496
6 8 15
93 245 241 81 332 86 288 147 328 95 122 57 251 209 264
1 17 15
164 124 158 267 495 131 435 282 462 401 406 161 370 245 98
1 3 3
328 144 443
1 12 3
175 494 113
11 14 21
394 295 8 420 368 353 479 221 174 96 445 50 268 442 187 486 433 198 348 293 107
1 7 20
421 22 173 6 283 312 36 397 272 137 307 313 426 83 417 166 414 99 171 367
1 6 19
40 5 61 434 475 366 360 480 495 463 12 444 191 435 329 371 417 80 347
5 3 10
351 207 92 26 41 457 393 421 75 166
14 1 23
327 485 491 477 420 206 267 380 323 473 384 405 99 376 228 251 83 290 105 452 296 238 493
6 16 22
63 64 84 435 165 405 362 395 76 358 44 410 416 360 140 169 174 211 409 157 192 283
2 8 4
386 235 296 245
1 9 9
324 136 483 327 358 207 53 262 331
2 11 3
253 134 85
8 10 24
140 164 365 103 59 13 8 344 92 266 380 79 254 250 165 141 488 247 152 325 138 411 148 449
7 15 22
39 411 331 44 207 140 76 75 306 213 286 484 304 6 18 381 322 297 77 289 448 463
1 17 9
96 298 410 485 496 133 401 191 439
2 19 21
342 462 484 123 10 119 5 289 175 355 389 97 209 219 91 107 171 61 206 434 84
1 10 7
410 23 283 130 149 21 216
1 9 9
445 144 32 497 324 150 390 439 31
4 6 14
291 37 28 499 391 247 211 366 174 336 147 477 120 2
6 16 20
214 465 83 65 491 192 265 399 358 307 15 404 282 167 299 165 255 349 356 146
7 16 17
371 395 64 40 24 232 392 302 472 418 319 328 100 27 449 309 322
2 13 4
363 130 52 84
3 1 21
21 412 420 164 230 79 26 91 13 107 119 118 279 353 376 303 34 25 181 180 490
6 2 14
85 402 188 464 351 159 170 137 379 138 422 119 451 189
2 13 11
161 219 493 467 198 6 136 339 474 18 311
9 17 14
331 19 194 262 379 350 175 498 251 214 275 490 312 310
2 16 7
283 90 428 325 367 479 369
3 11 20
103 393 216 66 164 280 374 391 493 33 465 254 325 382 366 489 338 34 141 173
4 5 16
492 183 395 278 299 116 454 159 477 184 152 96 350 70 231 459
4 1 6
318 331 165 388 9 145
6 13 10
98 141 235 177 62 368 174 194 270 155
6 4 17
51 338 411 134 261 319 457 343 364 68 448 254 118 193 44 264 111
1 11 4
269 407 289 190
14 5 22
41 160 29 478 275 440 172 224 283 202 45 165 90 411 195 81 348 80 16 74 133 189
12 10 18
336 172 44 37 4 399 231 269 329 77 132 113 57 390 224 222 387 299
6 5 23
436 232 41 482 111 71 188 190 82 89 268 158 367 486 42 217 225 127 358 102 481 418 473
2 15 22
489 459 410 220 190 22 100 230 437 275 283 474 86 415 363 143 147 340 366 110 467 9
7 10 25
145 140 32 74 149 178 399 395 90 273 141 259 99 42 201 103 358 352 492 479 314 473 418 405 484
2 9 6
55 470 193 394 123 383
1 3 10
125 34 206 242 328 50 357 499 204 381
2 15 10
275 357 136 305 280 314 372 49 274 313
4 18 11
496 385 437 369 292 455 106 120 319 141 58
6 4 11
325 296 312 198 430 78 384 112 380 271 42
5 18 8
38 441 274 371 248 69 360 147
1 7 9
425 217 250 485 489 164 494 326 474
2 9 4
474 50 262 245
1 16 2
144 494
2 4 11
140 335 268 280 198 45 63 439 225 239 434
3 4 12
466 302 184 109 221 98 53 325 488 36 412 499
1 7 6
242 12 497 158 454 302
7 10 21
8 90 228 488 270 448 115 288 478 351 86 344 69 355 256 82 430 266 346 454 424
5 10 22
287 316 319 19 469 97 445 91 7 396 143 101 487 427 196 447 401 460 172 317 238 60
2 4 7
211 353 332 192 376 51 172
5 3 19
435 172 335 209 472 400 182 339 131 40 422 464 462 218 402 459 323 51 469
12 12 19
368 195 404 22 338 158 273 221 361 442 109 308 64 437 379 349 378 43 20
2 10 17
407 18 88 130 194 94 220 355 272 382 71 26 76 42 489 307 2
4 15 10
400 314 236 144 310 219 25 359 214 370
2 19 11
462 143 134 444 465 195 168 20 441 128 430
9 4 14
316 26 194 29 297 399 448 164 81 27 10 386 0 95
1 18 2
248 30
1 4 7
135 380 132 487 494 155 498
2 14 4
295 3 422 309
7 6 22
405 94 388 67 97 464 392 163 361 69 324 308 4 337 35 106 292 137 31 195 366 326
5 7 10
307 321 151 359 463 385 181 263 84 408
6 9 10
387 99 144 352 145 486 55 252 325 359
1 8 6
163 38 169 241 475 463
2 19 14
272 277 491 43 471 91 258 313 81 149 413 356 337 230
2 19 5
104 67 328 224 94
9 13 18
226 497 348 344 234 324 148 458 25 410 479 96 357 181 316 390 210 308
14 20 23
419 487 96 49 225 381 434 133 276 14 35 390 202 162 431 463 149 161 101 11 253 495 9
4 9 7
127 323 385 309 42 215 216
1 18 3
17 35 431
7 12 11
208 230 13 318 396 309 410 145 23 29 311
1 18 2
349 42
10 14 20
243 225 400 423 140 433 177 427 41 254 178 409 231 487 396 151 319 189 158 250
2 14 11
71 238 466 395 498 61 26 448 277 4 291
4 19 14
43 58 303 110 412 120 210 38 135 491 55 114 393 162
3 11 19
50 51 275 226 278 340 277 178 163 182 449 487 388 448 179 452 125 102 54
3 15 12
234 296 245 299 441 487 424 259 213 373 337 428
1 2 4
81 226 121 69
10 9 17
364 314 130 97 0 406 134 285 265 135 392 282 409 304 318 283 391
2 5 13
172 46 311 58 278 314 200 136 99 125 199 418 228
2 11 5
98 1 478 498 382
1 1 3
466 415 146
8 1 25
211 218 98 430 132 188 87 122 437 347 178 193 297 72 279 307 46 35 128 364 350 100 405 240 236
2 16 19
325 187 155 42 313 291 154 445 102 210 28 178 137 9 349 218 268 345 380
4 10 9
333 208 95 413 474 457 460 253 344
3 7 5
288 271 433 389 279
1 1 3
198 262 309
6 20 13
192 390 499 17 26 235 426 282 160 476 0 178 494
12 15 24
498 460 408 305 297 90 306 312 229 120 210 18 304 290 207 458 406 213 455 41 197 156 86 423
2 13 7
48 11 136 424 8 173 183
1 3 11
241 90 102 44 94 143 32 209 218 459 69
13 6 25
156 294 175 147 13 251 11 407 121 44 441 297 338 232 161 208 158 375 58 240 236 29 120 250 140
4 12 16
269 478 346 454 338 190 309 168 165 273 153 398 177 373 113 92
1 3 8
330 440 345 35 16 278 344 40
1 3 3
95 246 166
4 13 13
299 90 213 133 445 6 268 88 215 280 397 186 365
1 16 3
425 242 0
2 18 5
497 487 394 68 360
5 4 8
113 298 225 395 206 448 317 358
3 8 14
372 236 450 115 208 344 113 39 17 239 112 352 271 1
5 9 8
498 473 103 226 214 321 81 484
1 8 8
395 40 370 418 449 167 261 394
13 15 22
360 138 404 150 303 391 193 121 342 126 419 236 477 480 361 87 251 46 256 292 6 37
2 16 7
297 309 195 347 12 369 226
1 6 12
216 130 134 109 210 238 351 488 247 223 355 235
7 6 13
264 92 285 67 2 293 177 346 369 205 461 348 321
4 18 15
107 201 74 205 212 226 260 265 143 418 60 225 337 290 314
6 7 10
451 489 330 478 251 456 259 181 113 443
9 8 15
291 258 432 182 353 112 339 285 220 14 332 41 406 482 84
7 20 16
390 97 42 11 325 412 327 438 473 217 154 159 247 268 100 296
1 2 9
456 430 449 137 356 188 466 307 6
1 8 8
425 206 474 196 199 44 7 181
1 3 6
442 98 103 448 33 175
2 13 3
138 339 69
2 15 7
300 50 390 4 370 239 154
1 14 2
255 343
8 16 12
300 302 165 416 29 270 199 172 316 495 400 348
5 14 12
430 130 396 30 139 106 202 17 318 393 239 11
1 13 2
53 110
14 1 21
173 424 137 383 304 390 155 446 468 323 68 224 18 300 84 491 29 24 411 295 487
4 1 9
368 109 255 286 317 354 403 73 358
3 8 10
102 349 357 92 383 331 228 234 443 282
7 3 21
196 169 438 297 376 11 233 7 102 261 499 53 422 410 156 434 116 498 387 136 326
3 2 13
46 84 140 97 300 174 38 89 382 212 364 168 39
3 9 6
147 286 299 145 291 273
1 12 21
309 216 128 251 381 403 345 493 425 31 274 35 443 2 157 120 347 323 205 375 295
1 15 3
221 329 12
3 9 7
43 198 53 441 35 262 325
2 15 16
409 276 341 193 342 369 372 496 89 8 74 360 477 271 163 211
12 14 18
181 107 336 290 108 438 271 411 320 65 335 455 235 368 155 282 494 316
16 18 25
174 301 302 462 255 201 294 397 277 147 44 101 162 64 274 353 401 51 362 451 110 374 309 357 168
6 13 10
329 481 104 308 390 304 23 7 188 207
1 20 8
318 483 199 281 331 188 496 479
1 10 2
39 346
12 6 18
131 138 361 324 448 153 346 491 225 250 479 335 330 55 186 86 477 469
1 4 4
345 74 140 229
3 7 14
223 234 176 441 479 144 140 378 202 464 360 112 204 311
10 20 19
121 358 143 448 6 7 333 176 309 164 234 393 343 390 116 405 357 379 492
7 4 15
359 218 420 337 186 216 18 122 107 231 443 193 149 316 103
1 4 21
495 408 350 474 57 93 107 76 316 59 70 344 376 364 324 35 470 78 58 388 62
8 1 25
461 280 82 197 17 6 442 199 371 55 337 183 340 310 468 163 60 382 419 458 121 192 233 265 444
1 4 2
177 354
2 11 16
121 303 326 318 108 120 380 459 139 409 287 369 376 143 235 452
7 2 16
226 95 494 72 486 205 157 441 102 366 128 265 381 467 182 371
11 4 22
194 488 83 246 12 127 209 481 222 96 231 347 93 405 95 78 446 26 256 337 263 18
2 13 4
129 265 446 460
12 7 22
52 310 66 287 442 153 295 1 361 445 27 332 240 64 282 254 378 313 114 335 202 113
16 1 24
355 122 57 159 356 434 314 3 110 496 344 222 446 125 363 106 310 251 28 490 433 411 279 20
11 13 21
415 401 419 431 308 377 441 282 392 79 381 354 458 469 63 404 37 32 270 124 140
2 16 17
313 352 185 170 31 104 134 377 276 273 178 71 301 72 147 164 349
1 12 3
176 342 8
2 16 4
103 391 302 470
8 7 14
19 30 427 385 236 273 227 425 316 317 221 351 289 69
10 16 16
145 11 308 108 115 489 382 277 126 440 397 175 471 58 112 167
6 15 9
78 86 2 399 431 154 153 18 342
1 17 6
205 87 203 408 74 185
1 4 18
412 243 165 234 229 382 114 346 365 362 388 193 51 465 321 396 103 422
5 8 15
408 317 358 434 51 279 208 88 175 32 457 265 221 128 117
2 8 7
481 178 275 158 349 428 370
7 7 13
367 226 408 114 413 42 250 329 462 458 302 304 239
2 10 3
392 51 295
2 8 22
398 102 80 91 410 75 499 41 32 99 166 427 5 63 208 377 100 162 110 428 406 347
2 8 10
261 154 465 171 253 473 72 492 114 212
4 17 6
120 115 197 302 449 265
1 13 4
233 435 462 271
2 19 4
448 18 359 248
4 11 25
19 489 143 10 322 147 66 290 284 428 107 74 172 252 298 261 59 391 223 468 283 104 237 404 466
4 19 11
332 401 112 250 34 364 486 244 38 326 156
8 16 23
475 218 142 271 386 324 186 138 352 448 328 273 467 82 367 426 400 31 173 165 139 20 18
1 7 9
116 318 165 279 208 33 141 395 365
5 9 22
380 472 391 142 202 165 116 448 3 399 5 386 4 422 249 487 39 363 53 252 345 261
10 13 25
467 152 108 457 280 171 286 402 53 345 433 298 148 440 218 332 132 250 387 101 420 170 261 80 400
10 14 25
89 24 410 74 133 95 232 115 92 434 129 290 385 411 171 420 288 121 241 478 64 412 77 450 30
2 10 20
369 304 480 139 432 52 191 189 77 125 365 250 334 138 174 378 310 129 217 151
1 5 3
361 283 295
15 1 25
403 12 2 413 23 385 157 71 56 225 485 276 424 113 274 39 128 140 346 69 122 18 462 425 389
9 7 22
258 317 199 16 62 400 150 180 9 336 385 139 411 194 15 293 195 149 123 3 207 80
4 6 15
399 430 279 101 35 68 470 474 234 392 366 443 79 481 147
4 17 16
256 111 227 418 38 226 116 153 454 108 61 103 107 162 252 25
4 10 13
497 148 321 296 175 344 105 5 106 338 19 75 23
3 16 12
335 85 161 13 260 238 461 256 454 375 166 223
1 5 2
166 82
1 11 3
117 444 493
3 4 6
455 231 118 289 186 69
2 5 11
191 64 62 232 9 166 85 411 186 69 165
7 2 11
218 357 87 438 443 100 213 327 173 206 283
1 13 2
155 93
3 13 25
344 257 182 241 347 411 290 358 333 35 292 454 104 255 59 217 66 420 189 331 238 258 70 233 95
6 2 23
452 235 494 477 270 56 237 259 81 43 112 451 120 13 283 405 115 18 245 21 36 479 65
2 18 4
114 36 204 86
3 13 5
214 172 387 411 301
2 6 4
189 82 308 78
5 19 21
110 213 175 88 269 188 33 483 399 321 285 457 80 180 469 272 410 252 219 212 346
2 5 23
375 455 438 207 29 34 487 110 283 85 449 260 108 338 292 358 140 466 20 191 69 269 348
7 19 11
79 98 282 436 91 380 395 199 104 283 118
7 18 23
217 19 195 471 12 454 236 169 15 278 152 210 487 456 32 297 329 396 296 291 293 376 111
12 9 23
498 392 81 377 266 138 333 220 356 56 96 146 294 317 136 270 140 1 152 316 87 401 302
5 12 10
139 405 408 414 279 300 407 83 113 223
6 5 11
494 274 184 329 249 251 152 332 435 371 21
11 16 17
35 178 48 314 270 383 94 292 44 457 214 9 129 337 73 177 273
3 12 13
479 128 362 271 208 483 462 293 397 246 95 106 353
3 2 15
45 135 362 82 35 290 495 165 19 33 230 411 37 90 97
3 18 12
311 14 286 449 410 144 56 143 252 330 12 104
3 2 8
303 284 324 153 247 59 299 152
1 9 3
397 271 392
11 3 19
184 167 85 373 73 469 430 252 298 33 128 449 111 285 427 234 488 186 307
2 13 5
458 296 481 316 164
2 5 20
137 411 397 209 82 317 448 312 246 352 419 162 403 14 169 5 25 338 35 61
7 10 16
238 197 483 24 9 209 425 112 323 105 212 205 226 168 266 303
2 4 6
29 419 493 61 252 277
2 17 13
304 474 254 343 395 44 92 437 241 321 386 67 433
10 6 24
301 369 437 478 480 356 440 464 309 2 269 253 197 294 145 135 342 435 150 272 204 141 471 402
1 5 16
461 233 307 106 280 238 239 436 160 271 348 484 334 315 486 176
3 14 16
450 135 278 161 342 289 350 336 182 353 366 394 274 222 356 72
2 2 5
242 176 361 46 205
6 15 11
286 359 274 180 64 146 37 397 100 140 111
11 9 22
488 315 142 122 285 123 493 221 254 10 353 151 365 29 447 240 199 140 336 73 466 172
1 4 8
215 133 197 185 43 188 207 349
1 18 15
331 271 212 497 123 199 158 214 230 17 236 106 206 432 333
8 12 16
449 26 27 402 332 314 184 248 347 171 112 230 440 91 151 416
5 12 14
338 210 180 405 109 290 345 360 34 92 386 443 148 276
1 9 2
493 197
7 12 19
484 325 323 89 380 214 8 240 308 400 372 438 10 86 333 124 327 189 481
4 8 6
195 190 298 496 145 81
2 10 9
176 241 482 215 457 191 139 112 270
1 2 2
29 413
1 6 6
260 338 125 316 259 383
16 9 25
103 76 223 196 156 137 460 51 395 433 411 8 396 61 47 305 201 38 283 221 16 73 5 234 167
1 3 10
138 93 319 372 432 445 194 365 296 404
1 16 19
293 55 149 262 440 483 447 128 211 180 427 210 394 179 295 304 258 187 359
4 8 7
457 281 177 315 225 487 313
1 7 2
367 339
3 5 13
311 18 91 154 348 28 394 419 349 127 185 53 462
3 3 5
422 10 361 191 182
10 16 16
62 81 141 138 378 3 219 38 320 196 321 132 51 428 335 228
1 12 13
280 266 293 89 211 438 186 58 314 250 475 31 123
3 4 9
356 309 80 298 405 324 327 266 261
1 13 12
50 407 279 171 120 418 212 426 49 423 45 395
13 17 20
118 86 168 49 271 190 237 240 32 243 266 85 11 439 228 380 175 141 499 465
4 15 13
474 305 328 237 176 286 290 264 361 296 283 367 18
6 14 9
378 403 238 443 362 162 372 79 218
6 9 17
72 274 107 184 423 196 49 436 399 310 350 296 232 460 223 79 462
4 13 7
342 66 486 299 176 95 62
1 8 2
125 113
2 4 5
28 321 140 103 139
6 9 14
354 106 380 470 378 457 322 73 56 340 168 100 269 184
5 8 23
428 495 11 2 191 482 17 18 107 317 463 54 430 312 418 415 15 62 498 227 95 272 322
3 10 5
227 340 197 330 193
6 1 19
213 72 24 149 173 17 313 426 129 103 97 242 64 288 248 390 392 174 469
2 2 7
245 144 372 225 314 40 53
4 11 17
228 215 232 103 272 133 348 321 184 83 467 60 192 11 186 207 328
4 2 10
105 289 416 9 126 52 301 389 311 48
5 1 11
253 97 109 236 46 52 43 316 95 472 82
2 14 24
276 37 422 413 194 433 203 277 173 281 14 417 300 470 499 187 81 453 148 446 107 189 449 459
1 18 4
116 109 375 30
11 10 23
229 184 93 347 466 427 163 278 383 159 412 398 457 239 21 10 65 179 459 378 447 313 300
13 15 21
173 225 488 53 152 160 404 432 61 20 451 319 158 381 283 94 287 232 492 87 207
3 4 6
463 269 60 99 374 29
8 5 15
276 208 492 493 171 301 122 299 445 472 72 217 118 482 242
1 3 6
191 479 324 75 109 155
10 15 22
149 152 84 402 484 207 197 177 397 454 104 113 30 255 317 96 59 68 155 342 48 279
10 8 17
52 102 231 332 94 369 50 224 476 370 497 487 483 414 243 278 359
9 6 14
189 78 263 434 326 75 135 287 456 400 448 467 104 161
11 8 19
472 93 404 446 239 366 157 205 478 49 415 267 72 289 194 228 58 312 224
6 4 18
417 150 398 172 131 203 26 222 165 47 201 428 483 436 368 476 53 406
