500 1500 775
11 14 29 26 25 16 28 38 12 29 38 18 33 29 11 29 15 32 31 20 11 16 27 32 32 26 32 40 17 15 15 26 31 30 28 18 24 31 11 21 15 19 16 36 36 19 37 26 39 26 26 23 23 28 34 33 39 31 20 17 29 13 18 31 33 12 14 27 14 11 20 27 15 14 33 22 32 21 33 12 31 20 31 26 20 26 39 17 29 23 31 14 30 26 11 18 15 34 18 30 14 19 14 12 40 15 27 32 34 29 28 37 22 39 25 15 25 19 35 19 17 34 31 36 37 19 35 37 30 36 21 17 20 19 36 33 36 14 39 17 24 32 23 32 17 31 25 36 16 12 20 19 11 40 18 35 33 15 18 19 17 13 35 38 32 40 14 40 23 29 18 38 18 32 15 21 28 19 17 39 35 18 20 37 16 31 34 28 13 22 36 33 35 23 17 33 21 32 11 31 36 33 12 15 35 26 23 25 14 15 14 30 35 21 38 16 18 36 11 39 37 27 25 13 26 15 18 13 24 20 18 14 15 33 18 33 23 15 17 13 19 11 19 24 38 14 33 31 39 32 26 18 14 15 12 29 17 19 13 33 39 40 20 25 15 28 14 20 33 27 22 27 16 40 11 40 14 12 33 15 15 11 30 12 26 39 33 24 22 21 13 18 13 14 32 25 21 34 37 40 25 34 40 25 30 17 35 11 31 40 25 24 31 11 39 33 29 23 37 33 23 16 12 38 36 31 23 21 36 18 23 37 20 20 32 11 35 28 30 35 34 16 17 23 20 23 34 30 15 13 24 12 37 18 23 24 24 17 23 39 21 20 34 39 33 24 20 20 22 14 34 13 17 29 40 38 15 14 33 29 19 11 22 15 32 38 24 35 40 15 35 33 27 18 35 36 21 20 37 15 32 30 15 40 28 22 18 17 25 39 39 11 17 28 29 31 12 34 11 19 31 29 32 32 21 18 37 32 38 36 35 35 20 22 15 18 23 18 30 40 32 39 14 24 17 40 32 27 23 11 20 33 40 16 34 12 11 36 30 28 36 21 37 24 38 13 30 31 34 14 21 37 28 11 15 40 24 36 38 16 37 31 39 39 33 13 38 15 35 18 22 20 13 14 29 17 39 15 39 31
1 4 19 16 15 6 18 28 2 19 28 8 23 19 1 19 5 22 21 10 1 6 17 22 22 16 22 30 7 5 5 16 21 20 18 8 14 21 1 11 5 9 6 26 26 9 27 16 29 16 16 13 13 18 24 23 29 21 10 7 19 3 8 21 23 2 4 17 4 1 10 17 5 4 23 12 22 11 23 2 21 10 21 16 10 16 29 7 19 13 21 4 20 16 1 8 5 24 8 20 4 9 4 2 30 5 17 22 24 19 18 27 12 29 15 5 15 9 25 9 7 24 21 26 27 9 25 27 20 26 11 7 10 9 26 23 26 4 29 7 14 22 13 22 7 21 15 26 6 2 10 9 1 30 8 25 23 5 8 9 7 3 25 28 22 30 4 30 13 19 8 28 8 22 5 11 18 9 7 29 25 8 10 27 6 21 24 18 3 12 26 23 25 13 7 23 11 22 1 21 26 23 2 5 25 16 13 15 4 5 4 20 25 11 28 6 8 26 1 29 27 17 15 3 16 5 8 3 14 10 8 4 5 23 8 23 13 5 7 3 9 1 9 14 28 4 23 21 29 22 16 8 4 5 2 19 7 9 3 23 29 30 10 15 5 18 4 10 23 17 12 17 6 30 1 30 4 2 23 5 5 1 20 2 16 29 23 14 12 11 3 8 3 4 22 15 11 24 27 30 15 24 30 15 20 7 25 1 21 30 15 14 21 1 29 23 19 13 27 23 13 6 2 28 26 21 13 11 26 8 13 27 10 10 22 1 25 18 20 25 24 6 7 13 10 13 24 20 5 3 14 2 27 8 13 14 14 7 13 29 11 10 24 29 23 14 10 10 12 4 24 3 7 19 30 28 5 4 23 19 9 1 12 5 22 28 14 25 30 5 25 23 17 8 25 26 11 10 27 5 22 20 5 30 18 12 8 7 15 29 29 1 7 18 19 21 2 24 1 9 21 19 22 22 11 8 27 22 28 26 25 25 10 12 5 8 13 8 20 30 22 29 4 14 7 30 22 17 13 1 10 23 30 6 24 2 1 26 20 18 26 11 27 14 28 3 20 21 24 4 11 27 18 1 5 30 14 26 28 6 27 21 29 29 23 3 28 5 25 8 12 10 3 4 19 7 29 5 29 21
15 20 23
165 370 415 157 97 215 174 39 263 134 7 261 461 294 211 151 467 207 8 218 489 30 448
3 12 11
57 18 176 326 186 390 191 133 36 107 37
1 24 2
222 168
16 22 25
365 321 369 75 339 221 415 457 285 233 381 441 44 132 200 451 336 418 340 211 83 36 475 241 388
8 17 18
199 339 262 212 446 388 252 269 203 73 448 46 411 326 55 306 282 371
13 20 21
384 71 93 479 357 9 417 472 217 55 310 156 207 105 196 245 449 367 468 153 187
6 13 17
182 280 356 64 458 419 272 387 448 347 178 79 392 482 141 221 163
1 4 17
453 65 69 383 263 83 497 207 354 395 256 420 297 381 43 288 110
16 21 25
299 187 152 284 157 280 176 57 376 333 26 489 358 108 46 426 468 346 82 388 18 186 178 351 381
3 15 10
486 302 286 223 413 314 275 160 68 45
5 15 14
6 242 17 232 13 24 284 452 163 214 353 183 444 276
8 19 12
435 464 305 4 405 193 233 446 357 353 317 130
3 10 15
287 320 362 165 459 220 186 299 168 493 56 398 178 58 340
1 16 4
4 158 410 181
6 23 11
323 388 10 258 337 150 445 276 2 214 467
2 11 9
256 301 180 126 192 268 175 106 481
2 22 4
325 342 288 328
12 19 20
177 43 292 107 164 441 23 248 214 178 114 157 251 402 321 130 279 92 361 494
5 14 13
126 229 116 388 392 193 83 346 474 305 29 88 382
1 29 2
401 6
1 23 3
180 454 191
6 11 18
130 438 377 406 237 93 25 415 329 182 98 216 85 29 486 318 470 154
2 6 16
347 474 330 349 310 262 84 493 428 172 368 150 55 174 264 302
3 9 15
448 254 137 37 118 356 485 208 377 472 104 351 392 296 486
2 7 12
198 491 60 381 292 459 300 183 4 266 393 493
3 17 7
462 83 305 453 54 181 221
5 19 11
98 332 225 463 285 394 352 134 127 21 122
6 11 18
123 320 194 451 68 80 383 143 142 463 281 442 65 335 118 453 131 100
1 22 3
209 331 37
3 12 10
38 341 75 205 437 475 266 40 404 265
1 5 12
373 98 184 358 158 14 106 349 291 279 80 49
1 13 5
392 299 265 310 114
3 17 8
252 27 147 272 226 397 246 64
2 6 17
35 343 132 91 204 363 115 15 428 119 168 191 345 106 496 217 302
4 11 15
467 39 316 210 394 147 235 346 188 277 206 232 368 144 353
6 11 21
115 107 41 437 357 370 488 106 164 80 376 46 71 23 122 53 25 186 209 356 63
1 4 16
77 19 144 117 151 337 310 105 192 276 478 499 204 228 66 196
14 20 22
20 343 273 172 57 481 25 53 137 106 139 397 168 331 460 35 274 289 63 243 113 204
8 15 19
307 400 175 422 141 195 480 496 185 329 412 448 71 419 92 116 267 346 172
1 9 7
255 470 195 52 438 344 481
8 14 19
350 163 489 492 19 483 109 4 245 300 469 25 242 47 399 46 447 51 383
5 11 17
473 169 366 85 318 117 210 3 245 115 195 497 234 355 247 314 140
4 8 22
87 439 480 451 106 269 110 241 126 330 310 429 315 142 277 434 250 130 388 150 156 311
2 6 18
44 463 124 47 103 473 420 423 384 14 150 496 174 118 43 204 11 112
4 10 17
311 440 186 432 465 304 125 446 379 84 154 408 466 75 236 10 318
2 13 8
20 487 325 214 22 49 464 110
7 18 13
193 19 11 85 138 484 208 275 419 418 317 337 490
2 13 5
412 313 51 310 289
4 16 7
184 480 351 137 210 413 345
6 19 12
497 449 409 454 235 423 363 307 342 124 139 288
6 12 19
127 425 172 322 469 324 340 377 455 118 368 85 467 9 335 63 351 410 251
2 17 5
206 197 258 288 76
15 20 23
314 138 163 389 253 440 222 193 52 24 89 358 95 363 20 425 384 8 277 464 170 219 449
3 17 7
195 313 19 133 12 269 420
11 15 25
475 202 24 402 189 158 33 293 86 100 450 281 31 336 5 101 109 416 55 35 410 120 112 368 413
8 22 13
82 175 464 3 83 378 448 360 429 308 68 331 23
1 12 5
96 14 304 208 197
10 21 16
195 242 196 270 286 6 406 250 432 426 28 278 171 469 12 314
9 15 22
487 314 219 429 300 58 366 95 320 385 133 397 189 168 395 23 347 106 310 43 85 110
5 12 16
496 312 320 337 216 143 154 197 291 33 247 163 99 30 255 488
5 18 10
270 347 442 197 456 0 220 261 240 208
3 7 19
39 94 217 475 324 116 370 135 201 84 286 425 463 427 199 390 216 34 485
2 7 14
418 280 170 345 185 65 134 108 478 429 131 324 63 401
4 18 8
174 84 310 98 426 294 24 262
1 27 2
200 151
4 12 13
42 234 242 177 16 472 193 464 485 397 286 21 190
1 8 9
420 303 496 36 26 383 94 441 416
6 14 12
276 110 14 16 328 100 215 43 230 437 251 20
4 12 14
34 62 256 446 206 285 349 23 193 488 459 181 164 457
3 13 11
138 498 87 358 495 166 191 115 416 51 248
2 9 12
428 213 305 139 298 486 268 356 200 365 219 333
3 23 5
87 447 285 116 140
7 20 11
177 387 389 396 422 382 274 317 126 484 209
2 22 4
307 159 306 394
4 8 21
130 367 46 25 232 116 431 220 332 85 316 41 488 186 0 28 263 172 170 176 192
2 10 11
431 483 225 108 231 354 203 355 294 384 395
7 16 17
246 83 27 489 71 398 421 205 372 442 374 375 74 220 77 303 0
1 24 2
325 226
7 14 19
108 323 32 91 398 152 470 439 386 96 233 125 251 340 193 367 103 247 217
3 19 6
406 384 366 221 1 430
2 5 21
348 495 56 431 126 191 403 77 484 329 472 102 377 294 400 0 387 334 155 98 492
5 11 15
479 172 242 216 460 223 307 200 301 449 61 276 87 122 407
10 18 20
250 366 459 26 385 373 218 74 337 344 273 145 215 46 478 341 186 19 430 438
1 13 5
23 317 454 162 242
4 20 8
137 262 324 375 190 81 207 265
5 21 9
392 261 433 142 294 248 340 344 485
9 15 23
48 219 146 138 463 469 185 61 166 284 76 236 191 94 425 35 285 268 429 204 4 286 52
1 21 2
112 70
2 22 3
492 165 253
7 14 20
94 27 97 57 346 370 274 454 90 191 78 1 246 476 374 201 162 265 169 93
4 10 17
188 490 114 182 294 62 43 72 86 70 329 467 287 439 380 494 320
4 13 12
215 327 277 6 447 37 204 317 214 51 149 450
4 17 10
263 122 155 34 108 426 141 360 379 439
6 14 18
57 181 285 138 300 406 487 78 464 294 131 240 292 472 98 87 55 452
5 14 11
456 435 23 459 344 377 394 106 257 112 406
1 14 5
478 407 38 43 351
6 11 23
426 100 143 129 486 339 39 475 464 101 405 418 60 117 270 352 95 195 228 371 65 4 14
3 15 5
341 440 266 254 497
1 4 17
379 153 401 492 123 170 199 250 246 407 32 85 183 10 323 266 49
3 21 6
315 61 85 96 297 306
3 16 8
23 215 122 30 388 137 252 284
10 17 22
393 97 385 261 449 112 67 472 365 455 22 336 193 23 410 54 223 430 32 107 283 220
1 14 5
363 376 412 319 77
1 8 9
89 213 53 201 299 117 101 15 127
1 6 9
492 69 149 293 15 175 254 266 391
6 15 16
488 367 220 76 260 85 437 407 463 321 152 364 6 159 374 40
2 9 12
337 467 84 285 309 317 234 41 480 221 155 277
3 8 15
213 433 11 449 225 457 379 310 122 476 262 216 391 130 237
11 19 20
365 303 33 155 108 145 466 250 117 426 380 462 217 282 19 123 119 75 449 37
10 21 18
169 110 48 245 487 418 309 460 215 114 340 162 363 26 93 374 470 89
4 18 8
54 237 346 186 269 389 125 213
3 7 22
143 470 36 436 66 39 444 299 58 16 301 417 14 133 102 22 226 410 263 25 359 457
10 19 15
166 345 172 106 133 246 91 293 185 130 137 438 271 60 97
10 16 19
334 326 409 381 141 272 131 75 181 316 164 485 411 41 220 405 243 29 252
5 19 10
281 214 414 135 451 295 312 300 267 467
3 16 5
335 397 10 473 166
9 15 20
40 130 361 446 415 255 374 254 58 126 96 262 101 143 260 305 39 226 329 326
4 8 22
217 297 248 268 51 462 147 138 8 192 249 104 416 246 360 173 128 133 266 264 463 438
4 8 20
72 491 233 163 310 94 51 4 74 337 447 112 339 40 266 159 213 57 341 29
8 23 13
423 473 413 373 143 222 352 163 410 297 446 455 94
3 10 13
40 451 237 268 476 329 260 479 236 33 352 193 377
1 3 23
116 400 348 2 398 254 316 264 356 405 410 152 74 391 364 439 494 468 70 9 407 77 242
1 25 2
185 151
3 16 8
355 121 80 451 465 386 33 168
14 18 24
167 371 250 74 370 107 73 327 39 30 114 396 227 276 329 47 233 483 360 331 308 150 305 216
10 24 15
361 295 247 298 138 218 208 486 195 306 481 108 56 366 110
5 15 12
115 35 78 300 339 30 106 233 32 105 493 249
13 19 21
222 342 220 149 229 25 191 103 239 211 95 428 280 47 404 110 391 85 315 300 92
6 19 9
284 430 172 497 396 189 249 66 159
4 17 8
254 18 230 331 348 142 233 103
11 16 23
210 203 384 5 190 281 366 143 4 359 164 46 66 142 85 224 33 176 90 353 196 477 320
2 12 8
109 262 175 18 296 359 112 31
5 10 21
450 392 357 374 494 390 419 416 34 434 341 211 46 70 311 386 358 403 254 22 169
3 19 7
477 59 227 292 121 50 478
7 20 12
39 167 34 29 471 335 68 23 485 109 83 173
7 13 18
378 451 4 101 203 186 293 154 34 174 289 366 132 93 268 437 38 89
3 13 11
432 197 452 49 273 402 370 448 342 164 276
3 7 20
406 181 346 189 85 135 443 358 92 284 247 83 296 124 420 453 415 118 172 108
1 23 3
493 285 173
9 19 14
368 396 455 40 161 119 147 30 405 25 49 6 134 129
10 16 21
205 235 420 495 284 347 276 449 227 93 480 210 385 28 6 278 46 461 288 270 319
13 18 21
478 225 324 419 133 138 3 150 194 464 124 166 125 70 258 433 9 250 67 397 242
7 18 14
75 17 473 322 89 219 457 94 63 499 278 56 361 5
2 13 4
241 139 120 267
2 17 6
216 266 415 309 354 477
2 21 4
112 302 495 287
6 14 15
393 486 369 289 17 458 204 225 418 470 105 472 280 259 139
4 13 14
477 380 258 281 31 322 42 98 488 449 275 402 394 388
1 14 5
127 358 192 39 491
3 12 11
456 181 325 110 492 162 425 428 15 63 158
11 16 24
203 375 380 408 452 3 417 349 362 319 153 26 116 208 197 98 202 29 103 292 288 93 270 395
3 17 8
425 339 435 395 399 466 273 107
3 7 21
192 276 190 99 478 231 352 69 366 41 471 351 137 258 408 46 108 203 342 66 115
3 16 6
247 371 40 288 233 402
2 16 6
7 254 220 130 251 20
3 10 14
139 372 355 188 85 343 318 445 198 233 352 263 152 400
5 21 9
12 246 434 94 364 459 22 396 395
5 20 9
193 58 438 233 167 489 349 302 348
11 20 19
443 410 483 30 215 60 59 346 176 107 212 334 51 84 481 444 275 4 319
2 5 20
121 125 425 270 479 146 131 240 143 417 161 301 13 19 141 381 399 484 434 389
12 16 23
444 46 350 490 222 311 474 327 193 366 1 376 132 302 217 133 29 134 338 465 286 220 252
9 18 18
18 131 186 96 236 318 258 179 53 82 100 183 299 296 50 434 333 163
6 18 9
33 239 30 133 485 191 130 187 405
1 3 20
207 400 104 339 373 234 186 390 87 160 463 280 347 33 450 5 297 129 69 327
3 15 9
220 314 396 423 106 322 37 334 430
2 5 22
494 257 393 96 351 467 41 68 475 2 293 461 182 76 152 134 163 251 20 104 395 437
7 12 25
151 294 307 35 190 8 107 10 220 410 125 16 143 346 471 136 260 378 128 153 474 41 39 97 266
15 21 23
395 100 36 323 37 403 434 217 422 110 132 53 39 52 461 178 433 123 119 191 454 287 299
4 11 16
37 216 220 177 317 26 253 469 418 133 319 123 359 187 387 125
10 16 18
279 349 62 332 34 257 159 313 129 493 241 299 75 457 434 431 234 491
3 6 21
347 255 203 263 456 105 369 120 212 13 327 53 326 428 267 168 98 325 460 344 213
6 23 10
135 113 470 412 468 4 496 2 324 479
6 13 20
489 419 498 382 33 184 381 56 53 1 171 493 352 118 285 378 13 182 361 328
3 6 25
136 49 493 148 62 63 78 320 102 434 112 240 160 15 442 386 176 457 165 168 408 325 196 72 445
13 20 20
182 156 268 431 252 420 8 422 437 39 183 499 443 179 21 346 444 52 243 455
5 11 18
5 82 291 254 155 201 167 31 452 366 98 157 348 280 109 65 488 282
6 23 10
157 451 331 352 104 40 162 461 425 155
1 7 10
313 108 402 103 0 306 255 183 489 498
2 8 12
308 428 268 107 305 297 221 380 154 235 401 98
11 20 19
454 499 490 467 423 170 334 428 209 346 116 333 379 326 157 74 390 393 92
9 17 18
134 283 292 235 418 450 464 320 456 468 343 440 416 316 347 171 392 389
1 4 17
269 14 370 317 344 429 495 102 331 384 337 357 79 292 324 390 498
3 24 5
27 166 339 256 422
1 34 2
428 458
12 18 21
193 175 35 265 433 14 94 469 37 413 398 138 91 388 445 105 320 29 349 237 86
3 8 16
257 238 80 271 382 329 210 411 491 425 489 135 380 437 441 267
12 19 22
492 174 190 387 346 79 77 381 279 195 59 43 462 400 26 36 128 212 54 405 484 132
3 21 6
291 336 54 452 376 407
6 11 21
307 120 21 320 370 67 76 69 156 231 32 432 434 41 70 131 352 348 201 336 390
4 12 13
458 20 16 260 28 320 75 89 288 247 61 461 97
3 20 7
47 324 335 467 314 297 460
1 3 24
95 386 159 494 9 247 284 346 143 53 272 215 479 240 220 13 485 123 250 453 437 452 498 144
1 5 12
182 73 215 171 262 327 360 45 389 371 222 109
7 19 11
421 329 415 463 422 15 492 97 418 230 208
1 28 2
204 490
1 24 2
136 465
1 3 20
244 124 18 17 148 459 152 36 330 128 426 187 218 138 184 360 377 110 266 12
5 9 25
450 318 439 173 366 493 421 389 349 131 438 196 358 407 171 309 476 13 194 186 334 345 248 278 458
9 18 18
11 297 74 488 459 445 195 227 9 197 394 98 37 283 443 355 339 442
7 23 12
228 310 370 410 341 278 11 107 219 477 420 183
8 19 15
187 447 117 219 137 74 241 254 441 185 380 21 478 312 322
13 20 22
296 438 146 488 0 228 319 480 277 230 453 153 364 192 495 175 376 309 241 250 165 337
7 24 11
143 94 499 347 426 248 318 150 478 178 61
2 27 3
352 292 26
4 19 6
469 283 244 492 49 31
3 7 19
284 313 355 263 246 282 24 228 293 352 26 66 44 257 153 458 40 345 51
6 21 9
50 256 381 44 55 361 261 326 418
2 6 18
276 67 473 29 397 413 412 203 430 474 287 167 331 278 395 153 393 138
2 28 3
153 414 209
12 17 24
52 136 324 54 368 366 57 431 239 146 41 257 372 222 450 18 344 445 277 320 259 395 119 309
1 29 2
173 250
9 19 16
349 462 380 403 344 219 244 251 271 447 42 188 49 191 229 95
9 15 24
418 121 204 431 50 104 259 99 189 316 118 82 391 52 435 333 105 183 261 147 318 191 393 273
10 22 15
17 373 495 370 82 129 147 394 99 277 144 410 256 333 105
4 14 12
108 428 132 370 81 239 4 303 20 159 430 162
14 17 25
471 63 158 179 263 268 456 310 307 42 380 19 128 177 449 429 262 39 278 38 213 368 215 3 297
4 11 13
258 450 46 495 440 292 262 202 117 206 235 150 393
10 16 15
207 232 231 377 29 44 78 307 137 435 458 447 239 188 215
5 13 14
66 335 187 254 61 362 379 161 45 444 13 447 75 462
1 6 12
97 124 320 338 179 18 116 343 65 281 227 390
5 16 10
344 69 119 127 303 239 298 321 102 282
7 14 20
249 67 75 68 62 11 233 356 169 138 185 497 65 354 297 7 74 15 12 375
1 25 2
24 406
12 20 19
112 275 432 214 135 318 20 13 130 32 161 434 398 370 29 415 73 131 184
1 9 7
443 216 138 407 33 1 187
3 12 9
415 372 170 179 148 4 397 154 213
8 19 15
320 289 322 323 24 484 443 145 389 408 327 48 457 277 192
2 24 4
364 160 192 373
8 12 25
93 444 479 112 185 481 3 23 97 315 146 463 413 202 339 68 460 302 65 256 222 443 280 345 165
15 18 24
465 76 81 183 89 52 363 272 338 230 383 198 341 308 471 420 66 476 322 110 184 274 265 67
10 18 18
194 121 164 174 372 315 128 365 165 342 316 458 383 160 277 438 95 200
2 34 3
303 56 323
1 6 11
262 230 345 18 212 226 384 430 14 45 438
3 14 9
376 435 306 279 471 175 164 83 332
14 17 23
49 282 142 165 499 465 342 19 343 155 442 182 231 116 223 451 444 408 224 45 493 357 137
10 21 15
498 306 119 363 103 278 7 466 160 264 360 489 392 193 356
1 11 4
174 51 377 236
2 6 17
356 47 1 64 102 257 263 378 15 336 81 234 145 63 233 244 159
12 20 20
408 460 26 252 35 68 169 413 142 383 1 459 75 167 452 494 139 183 343 430
4 12 13
491 308 337 494 126 411 20 194 218 394 236 456 24
5 20 8
249 329 328 114 184 65 301 253
2 28 4
197 278 167 309
2 27 3
480 405 354
3 14 9
282 192 79 308 156 169 243 149 78
1 17 3
98 162 277
7 12 25
103 240 326 222 79 153 105 170 49 221 451 138 410 275 51 75 496 291 45 66 269 248 332 212 463
2 10 11
189 275 462 6 401 27 20 156 414 130 139
1 4 18
276 356 131 27 188 257 187 216 492 31 242 493 359 449 368 287 338 423
8 18 13
71 413 249 237 281 457 176 80 470 276 250 416 160
4 16 10
151 265 290 23 44 242 395 92 139 253
3 26 5
486 397 35 328 244
1 8 9
297 335 319 372 359 378 249 320 495
5 20 10
228 259 49 186 4 269 151 475 126 268
10 16 23
356 308 313 409 74 314 338 360 47 447 98 173 241 330 407 167 263 327 300 8 97 428 17
3 21 6
467 163 196 275 289 226
1 39 2
104 482
9 14 25
283 85 295 289 440 417 437 364 268 445 439 179 420 228 277 63 358 192 98 388 250 378 83 107 409
15 19 23
199 299 168 256 274 406 230 214 347 59 198 63 73 474 220 240 242 408 62 275 420 390 442
7 19 12
372 277 407 301 302 487 249 473 112 414 142 86
2 4 24
189 482 311 232 223 444 243 417 184 235 458 28 278 118 237 314 433 252 397 476 306 203 413 120
4 17 11
309 141 183 213 472 43 498 6 474 410 434
1 23 3
94 478 55
3 8 18
322 335 35 91 467 366 25 441 318 86 397 68 457 250 15 346 47 26
7 18 14
197 267 481 278 128 406 271 237 183 120 268 59 405 48
10 19 20
192 387 157 73 263 309 228 153 106 490 402 417 471 184 235 488 154 383 445 209
1 19 2
149 269
4 19 8
481 64 491 11 104 484 288 45
3 21 6
169 428 83 47 318 106
4 21 8
328 108 307 242 474 385 271 134
1 6 12
389 390 361 370 23 415 494 376 50 62 478 372
15 20 24
280 6 42 441 134 246 89 176 380 24 102 325 26 334 397 38 314 14 362 11 236 249 49 191
10 20 16
492 94 367 402 399 171 275 108 5 80 225 417 423 398 229 490
8 14 19
406 97 10 396 181 302 247 7 399 59 231 114 279 455 234 196 67 166 382
12 20 21
123 97 487 252 294 478 220 229 476 263 46 109 22 340 404 367 132 272 209 74 394
2 6 19
193 482 20 106 392 150 365 215 141 292 138 343 243 54 139 242 179 439 171
2 25 4
401 147 346 397
2 16 4
286 100 174 437
3 17 8
292 24 253 279 451 341 417 299
1 16 4
338 97 264 246
15 19 25
167 220 337 210 294 112 429 152 36 151 80 142 244 259 311 495 20 423 481 435 66 455 382 448 98
2 9 12
192 2 115 79 491 39 30 426 13 163 342 161
1 13 4
173 281 442 470
3 5 25
119 315 497 350 489 110 25 67 463 168 462 496 143 279 189 205 487 178 122 8 223 53 447 364 184
6 12 20
161 345 397 205 188 302 285 349 311 119 91 347 77 252 272 410 26 24 82 266
1 12 6
340 247 323 313 320 132
3 10 13
33 325 83 264 413 361 338 113 285 311 448 349 58
6 15 16
279 481 160 393 412 169 134 124 147 51 440 491 72 204 344 195
3 12 9
270 166 205 142 188 94 407 214 229
3 21 5
454 447 321 227 446
3 16 7
270 256 487 412 112 127 460
1 30 2
185 99
2 15 7
387 490 223 86 22 462 433
6 12 21
73 391 96 464 320 366 257 273 165 445 424 83 308 277 458 484 133 216 372 405 309
2 6 18
449 192 105 61 402 98 250 473 433 113 301 183 436 287 156 7 174 461
1 24 2
226 325
9 15 23
157 217 24 186 277 192 25 149 450 388 438 14 328 137 392 391 27 344 255 313 417 200 63
6 19 10
463 489 208 74 271 151 403 291 267 123
1 4 14
229 234 292 438 368 377 370 492 376 394 3 305 404 493
4 14 11
33 106 333 45 498 199 289 246 361 256 312
2 9 12
299 414 280 195 490 153 495 305 379 333 326 313
7 13 22
285 135 291 399 482 284 350 317 11 351 385 464 383 257 425 313 247 287 235 274 488 450
10 20 18
357 361 186 178 146 429 113 97 173 355 110 360 46 344 219 393 12 411
1 27 2
196 235
3 8 17
394 261 159 69 141 492 125 379 264 113 384 44 495 313 130 40 223
7 21 11
443 245 414 32 417 85 300 270 162 287 352
5 10 22
249 222 307 408 80 295 185 192 251 203 439 417 195 475 499 298 12 442 346 135 490 41
15 16 25
323 387 311 339 1 376 25 175 61 366 317 327 35 116 213 194 396 29 230 239 211 20 238 219 350
2 31 3
255 379 394
8 15 17
358 436 129 75 447 247 450 235 372 19 96 414 476 397 282 347 100
6 21 11
415 48 26 112 412 245 496 57 247 217 461
8 12 25
468 387 106 300 409 25 430 28 99 201 250 96 285 425 397 43 156 390 467 331 140 230 81 178 487
11 18 18
170 366 273 157 60 172 482 386 371 154 497 242 90 315 313 310 162 21
1 3 20
150 183 394 294 261 140 154 179 454 29 354 360 311 285 256 392 332 387 164 357
5 14 13
417 436 175 189 483 238 181 57 326 108 96 119 407
11 20 17
263 35 107 487 233 268 324 315 336 158 497 492 87 491 478 415 137
1 30 2
428 320
2 6 18
272 9 288 123 50 215 139 359 289 459 338 25 61 332 440 93 498 62
1 9 8
55 190 122 168 334 28 388 355
2 15 4
245 52 479 386
3 7 19
268 130 182 34 279 148 36 409 53 72 414 463 178 320 141 46 437 287 61
4 14 9
87 253 356 495 45 389 265 219 465
3 7 20
284 408 369 136 477 69 33 131 113 193 285 470 411 21 55 122 472 423 187 88
2 10 10
309 19 371 53 7 229 176 79 356 11
6 14 10
276 257 101 73 198 239 313 189 423 47
4 15 12
498 170 7 310 151 468 138 220 69 428 372 471
5 16 12
277 220 305 365 275 80 420 308 294 223 347 61
12 17 23
4 493 447 286 426 230 107 409 335 131 326 340 52 211 350 117 290 32 421 390 435 191 166
9 13 24
424 400 410 174 361 341 384 499 145 209 307 474 261 33 112 196 456 490 99 53 79 267 408 452
4 17 8
262 10 229 250 174 432 479 294
7 17 13
351 498 267 39 18 257 147 236 396 230 51 14 409
1 9 8
269 275 189 451 158 121 333 370
2 23 3
327 97 174
10 15 25
217 219 247 401 114 488 202 358 349 169 277 132 407 16 385 41 428 173 457 124 121 444 24 253 329
1 5 14
366 11 485 8 236 56 442 398 327 494 112 336 496 315
8 15 20
187 4 47 154 169 442 262 173 390 472 99 403 184 275 333 397 141 447 143 460
8 14 21
234 61 325 68 342 52 71 263 217 467 201 396 135 220 156 80 123 274 279 252 235
5 10 22
392 131 98 306 435 405 3 171 444 57 465 261 298 281 279 112 201 302 186 69 288 292
1 18 4
167 297 390 465
10 17 17
139 214 416 102 41 298 51 470 175 280 254 307 331 266 67 330 359
1 12 3
292 288 137
2 9 12
429 49 63 177 78 377 307 57 322 261 381 394
4 17 10
201 416 366 428 469 315 459 343 266 409
2 9 12
217 85 139 181 209 278 132 159 317 7 387 336
10 14 17
322 358 372 293 487 470 393 257 175 467 52 191 151 303 371 256 313
4 14 12
499 462 33 269 115 39 394 396 301 1 244 454
9 13 25
238 66 85 405 148 202 448 472 337 172 433 380 268 486 324 341 91 229 454 245 284 190 399 248 183
6 19 10
354 496 479 173 457 435 408 102 240 188
6 16 13
156 302 210 443 330 241 307 405 231 368 171 295 249
2 19 4
115 241 345 309
6 13 17
187 175 129 446 388 36 281 19 216 9 249 222 381 460 174 65 440
13 17 23
309 349 72 26 278 274 108 383 369 140 393 267 123 406 399 256 362 299 196 450 170 415 380
3 14 10
191 270 171 272 236 258 401 100 153 71
16 22 24
115 442 385 178 490 329 247 335 72 113 261 495 206 359 241 17 22 422 394 344 468 104 488 334
1 7 8
354 106 68 492 181 241 317 324
2 12 8
397 187 162 43 412 449 18 282
2 12 9
340 77 214 164 190 179 102 446 317
14 22 23
102 284 486 340 357 76 462 206 421 478 286 147 25 423 351 138 480 68 273 22 149 323 130
13 18 24
241 278 107 77 396 374 45 20 22 204 149 337 143 482 132 450 210 131 366 48 285 311 460 0
3 11 13
349 104 157 144 87 459 336 222 315 78 131 460 310
2 18 5
332 369 387 30 123
4 15 11
103 271 416 327 233 357 249 496 452 392 277
7 11 25
402 95 291 175 343 137 260 302 38 41 36 204 185 106 113 337 182 205 335 263 390 33 471 99 395
3 9 14
71 12 341 160 81 306 2 396 88 280 75 382 462 103
8 16 20
86 5 21 302 206 439 407 32 203 458 285 186 445 109 297 170 49 64 77 290
15 19 25
3 460 232 167 393 98 346 433 125 123 212 31 15 313 325 350 53 199 341 479 327 363 72 48 344
11 20 17
437 257 427 256 481 443 86 208 352 71 29 401 170 280 78 39 426
2 20 3
406 473 156
3 11 13
405 85 274 318 277 80 38 498 59 162 323 325 258
5 13 16
458 254 272 426 457 410 451 208 159 100 454 181 474 438 109 153
2 20 5
46 337 471 494 231
12 22 19
163 306 481 39 217 338 434 310 413 456 468 191 440 400 454 264 57 334 376
6 17 11
329 147 431 92 253 444 437 206 210 339 174
4 14 9
8 415 329 21 208 184 44 3 130
4 18 8
57 299 264 24 341 288 326 142
16 21 24
355 370 328 443 11 176 173 82 354 95 371 56 240 451 239 440 74 466 254 101 165 226 164 60
3 12 11
357 35 428 24 483 423 392 497 446 319 313
11 18 20
247 62 209 474 369 403 260 106 44 125 49 386 283 325 373 359 187 450 447 342
2 27 4
156 88 482 171
4 14 11
183 323 203 308 485 412 240 444 393 353 401
2 26 4
315 17 475 38
13 20 21
61 72 462 288 232 128 305 351 223 471 482 109 338 27 240 54 262 76 6 484 265
5 11 20
156 433 201 372 302 355 185 385 98 309 225 270 246 328 481 269 497 247 22 62
2 8 13
157 498 375 11 292 149 41 310 378 190 135 220 416
3 13 10
399 147 80 332 87 4 181 461 49 480
6 12 20
359 321 318 472 287 149 453 416 123 85 127 392 355 466 81 381 187 45 159 468
7 12 22
213 158 165 197 372 375 266 453 243 305 488 118 95 473 137 122 228 120 457 25 172 144
6 16 14
134 102 381 180 19 402 413 114 478 79 64 162 15 408
1 14 5
385 353 332 222 268
9 17 17
255 300 7 120 116 50 213 105 41 259 65 16 204 401 251 267 82
12 20 19
222 122 323 38 382 433 75 157 494 426 189 427 321 283 343 202 373 54 48
1 32 2
250 482
1 7 9
188 51 63 47 172 328 157 326 174
10 16 22
315 280 451 231 240 327 485 372 460 20 312 129 205 291 313 338 69 353 165 436 153 340
3 11 11
119 139 398 226 184 461 253 306 196 57 307
6 13 19
55 69 200 96 291 52 447 326 314 443 192 473 499 171 126 9 47 73 417
4 19 6
455 152 83 111 51 491
6 13 18
494 187 352 427 454 92 83 301 293 282 3 46 368 166 443 108 124 20
1 5 15
24 353 481 220 219 80 55 242 166 1 431 19 196 216 483
1 10 7
3 386 385 440 0 307 25
4 23 6
50 227 254 138 180 25
2 10 10
429 100 109 156 46 342 350 87 386 135
3 16 9
392 352 294 28 486 397 45 15 403
1 16 3
33 242 455
6 21 10
488 228 52 298 354 326 391 183 487 322
4 11 16
121 174 162 242 132 240 463 179 490 87 265 320 423 259 454 331
4 21 6
195 276 421 67 102 176
8 13 23
154 194 223 305 478 387 330 288 226 74 15 282 8 7 462 125 294 120 164 361 190 149 499
2 15 4
450 41 353 75
3 27 5
175 147 324 441 476
5 10 21
218 236 153 391 99 396 377 376 326 293 324 45 253 217 98 25 211 462 259 345 480
2 5 22
21 471 22 86 285 288 410 462 343 119 125 369 312 53 124 44 220 198 454 253 160 49
1 10 7
412 288 486 10 421 438 400
2 7 12
366 97 307 229 188 172 295 262 156 332 479 435
1 5 13
109 29 87 132 398 210 243 236 297 61 209 264 448
7 13 19
41 128 411 53 26 499 57 165 408 366 449 346 213 337 28 381 413 247 251
10 15 21
19 442 223 461 83 85 378 493 21 288 426 265 486 268 150 320 380 495 471 348 99
4 15 12
222 58 65 183 233 113 121 32 107 384 3 138
2 11 10
122 244 74 182 330 5 1 87 47 48
10 16 22
168 295 374 413 333 408 381 26 386 7 186 375 229 141 56 434 178 267 407 351 85 125
6 12 20
269 112 486 172 32 230 380 104 326 1 291 115 372 466 97 159 454 231 105 136
9 14 22
368 204 170 411 307 78 314 232 296 254 257 205 176 94 120 326 3 38 340 249 467 247
2 6 16
69 28 121 430 175 157 78 212 233 322 298 239 497 312 498 195
8 16 16
467 312 461 49 292 300 257 488 109 463 234 228 198 23 184 250
3 7 20
138 389 135 177 436 301 266 293 69 242 167 278 433 82 352 309 95 282 226 302
8 17 16
389 300 479 466 199 36 142 284 55 406 493 28 489 464 164 426
2 10 9
407 349 239 32 168 128 392 64 11
4 7 23
344 349 29 263 255 361 440 161 490 118 3 55 235 9 443 60 265 86 425 146 285 114 417
9 15 22
398 238 373 99 229 148 180 340 192 434 349 293 415 410 494 155 416 279 402 193 400 457
3 14 8
181 306 49 459 149 330 266 369
1 21 2
376 6
14 19 24
83 113 227 332 268 219 368 465 429 286 399 156 1 444 96 131 38 234 104 27 124 321 485 439
2 4 22
421 476 254 53 446 307 187 365 282 158 216 121 467 429 39 62 93 494 281 181 33 497
8 17 19
246 57 4 168 388 14 79 374 485 331 69 182 248 311 413 301 80 418 260
2 14 6
490 355 455 320 267 7
5 19 9
22 133 183 244 70 293 267 396 301
6 18 13
363 270 55 21 175 315 387 194 69 375 80 447 188
12 17 24
102 4 40 255 238 97 431 490 179 478 85 21 372 408 360 379 8 66 447 11 486 311 127 385
7 15 17
191 280 255 208 447 478 429 76 26 329 29 253 493 320 67 452 369
1 4 16
455 327 298 170 182 134 78 159 276 396 153 196 157 225 217 365
3 21 6
463 143 183 488 321 101
11 15 24
260 325 192 155 435 74 139 393 269 492 196 494 372 50 476 438 477 448 88 166 37 281 442 159
9 21 15
358 401 141 388 352 230 70 341 50 191 408 294 456 118 298
9 17 19
59 27 272 238 477 301 195 385 444 433 128 394 45 256 192 91 157 67 106
1 12 6
324 312 471 452 99 205
1 7 9
489 105 365 465 435 378 199 304 254
1 11 6
25 451 67 8 399 319
2 19 5
149 400 371 88 460
15 20 25
343 2 346 354 94 366 201 407 175 23 392 450 387 473 263 279 433 220 156 340 302 113 126 475 241
3 18 8
187 179 197 14 474 8 214 477
4 9 19
363 332 16 106 67 463 409 473 338 389 72 281 378 480 238 324 278 292 271
9 15 16
455 205 366 405 411 432 421 376 294 444 281 143 93 279 41 264
8 12 25
336 454 293 274 231 458 287 108 363 141 229 27 174 161 318 453 425 35 350 402 385 306 434 210 16
4 16 9
264 313 194 64 168 108 7 463 94
1 7 9
41 97 435 491 92 24 16 17 315
2 11 10
253 200 394 379 35 452 8 22 392 365
1 5 14
196 336 50 229 110 321 289 325 9 136 243 410 93 433
4 14 11
172 158 423 379 117 250 78 176 137 377 462
9 15 22
217 397 351 53 368 173 456 284 399 367 93 149 163 381 447 219 312 191 122 429 34 135
2 26 4
467 135 272 275
4 9 21
23 14 412 206 429 272 132 52 307 470 375 359 331 146 219 460 330 104 464 320 164
10 16 19
496 188 361 376 380 265 219 459 283 378 332 59 150 208 148 466 31 458 266
1 29 2
133 27
2 6 19
108 89 214 244 471 285 457 330 263 13 287 269 3 166 228 31 333 224 476
1 31 2
379 319
9 17 16
154 292 215 467 484 320 429 433 285 455 175 71 271 456 360 146
1 5 14
212 470 4 237 458 120 188 201 107 454 369 481 165 183
3 17 7
393 75 439 438 203 270 423
4 12 13
449 212 274 254 221 267 106 354 4 389 306 155 135
1 19 3
263 140 340
4 18 7
381 332 211 286 146 393 293
15 20 25
111 294 238 45 289 133 341 204 145 188 370 445 240 244 384 338 57 235 492 216 394 105 17 273 293
6 15 17
113 276 284 52 441 186 496 221 462 192 95 476 43 273 45 204 48
1 20 2
258 472
7 14 20
470 31 388 113 37 269 491 218 317 353 484 187 439 429 124 308 65 66 362 71
2 23 3
495 249 490
6 11 21
320 417 383 148 497 175 484 313 282 345 146 166 165 486 449 243 121 280 321 292 188
4 20 8
61 205 454 415 433 478 192 437
9 15 23
443 459 334 206 109 251 364 14 259 244 325 156 499 94 419 264 46 462 312 457 313 7 309
1 17 2
45 96
5 13 16
27 424 97 313 268 322 101 224 173 306 174 261 72 395 368 362
11 17 17
445 231 246 215 227 342 33 149 425 174 236 146 326 145 270 254 114
3 7 16
5 312 254 110 160 101 329 19 217 189 40 245 139 239 366 436
11 23 17
326 392 397 339 145 468 298 79 54 60 441 204 56 458 499 424 320
1 21 3
220 221 223
2 31 3
236 385 268
4 18 7
222 198 436 202 235 384 188
7 14 20
297 367 168 3 338 248 53 372 487 359 61 381 16 319 483 200 67 216 299 55
1 24 2
62 282
11 15 23
370 346 227 292 139 143 430 322 23 61 379 351 110 489 117 5 196 224 402 374 425 411 419
3 14 9
274 114 216 378 398 241 257 131 340
6 15 14
280 250 9 382 438 162 321 52 480 479 242 444 137 452
12 23 18
443 145 155 398 489 335 147 426 25 377 480 75 256 364 111 201 35 24
4 10 14
463 8 72 377 499 474 383 140 166 183 420 436 160 239
1 8 9
469 300 64 410 365 15 305 128 317
6 11 19
459 250 153 430 93 65 193 72 265 383 424 463 372 377 352 499 322 146 290
5 13 11
79 424 3 377 295 335 455 209 311 161 179
12 18 24
358 52 17 248 186 92 30 181 281 196 451 439 417 131 454 78 205 413 193 90 337 260 350 231
9 15 20
8 135 219 137 276 358 458 283 13 258 82 467 423 290 71 407 81 136 413 317
5 22 8
72 2 118 96 19 441 496 65
1 4 17
27 129 316 433 84 301 67 243 361 265 454 300 19 478 493 346 233
1 5 13
318 177 241 401 269 248 162 485 88 72 367 212 427
4 7 24
326 253 365 398 385 66 488 386 433 239 91 69 62 493 188 17 300 255 44 410 104 65 182 126
3 17 8
171 145 5 119 262 295 165 9
2 16 5
260 296 416 266 343
8 23 12
265 176 26 37 398 123 345 489 244 257 393 185
5 11 18
219 146 401 398 361 15 223 238 55 360 17 457 147 396 4 173 81 164
5 9 22
33 223 211 256 337 323 347 386 118 147 88 426 253 184 82 424 198 315 16 319 177 246
3 6 22
407 274 357 311 134 298 176 204 416 8 316 4 126 11 382 459 67 52 406 264 222 452
1 3 19
149 183 77 212 447 497 35 40 119 135 204 200 111 89 274 154 22 304 242
8 19 15
318 168 429 75 272 381 82 393 315 448 398 92 237 32 467
2 5 22
344 265 73 99 246 178 327 497 307 160 338 137 427 97 81 165 244 106 294 104 222 311
5 16 13
113 23 374 497 433 161 148 316 385 24 103 436 226
3 13 10
12 1 219 99 23 73 384 484 47 406
4 10 19
443 449 171 221 153 21 480 290 141 164 418 34 48 260 139 207 377 106 315
1 3 21
7 291 469 363 493 385 188 113 446 12 245 17 269 123 326 421 466 244 96 24 140
6 12 19
421 157 367 458 475 32 61 448 365 78 419 302 477 254 290 283 69 201 245
15 22 25
485 352 2 242 7 298 46 86 171 441 216 180 221 445 392 21 448 83 478 427 165 387 55 207 419
1 19 2
392 20
5 17 12
417 206 156 217 17 204 269 188 353 9 314 364
2 11 8
88 168 284 489 44 109 65 456
1 19 2
222 91
6 16 14
350 332 460 391 383 112 110 309 389 78 221 168 280 297
5 8 25
255 334 296 218 19 200 251 358 242 20 157 264 227 212 283 214 412 332 68 355 379 142 423 432 205
8 12 25
12 177 202 121 239 302 168 193 182 208 373 378 166 418 414 11 370 219 95 309 376 142 497 297 2
4 24 6
55 444 282 491 415 185
15 20 24
286 343 204 326 93 388 85 307 199 448 369 138 61 143 420 335 200 313 140 153 392 129 243 449
1 3 21
467 373 167 352 340 39 360 84 204 359 282 452 415 89 327 494 480 475 177 411 178
2 9 12
133 9 241 6 457 129 92 216 460 62 386 376
4 18 10
153 73 401 173 441 346 72 483 345 358
2 4 24
234 9 193 369 117 266 119 19 275 76 452 121 483 57 366 98 240 257 438 149 74 219 88 115
7 13 18
291 119 34 67 47 450 255 357 183 421 186 446 233 193 131 288 367 393
14 20 22
185 461 371 96 56 90 319 252 334 311 365 372 79 310 440 441 188 202 245 247 387 93
2 27 3
234 454 128
5 16 12
469 141 438 145 150 236 436 336 223 242 13 217
1 7 10
200 379 95 447 359 293 183 444 471 448
11 17 22
492 253 408 287 264 166 457 397 463 300 410 214 60 424 125 338 387 237 477 213 219 498
2 13 8
364 241 301 74 89 463 483 287
11 20 18
161 454 1 54 5 432 52 36 202 295 310 290 105 191 409 486 123 13
2 11 10
482 478 151 112 298 450 133 258 187 89
5 11 20
460 151 57 207 386 367 143 94 399 472 370 248 231 309 138 160 279 348 96 131
5 13 11
353 463 296 461 125 228 91 140 437 268 77
3 27 5
86 299 106 311 135
4 17 9
314 329 70 131 248 327 67 343 211
5 10 21
56 356 131 47 28 429 288 406 458 260 15 94 323 66 112 106 331 190 282 489 411
1 8 7
383 0 2 36 99 412 449
1 18 4
394 48 304 51
1 4 16
199 428 410 418 225 16 266 86 52 141 476 490 252 381 148 211
3 9 16
93 154 395 445 484 492 290 167 497 243 235 487 320 434 302 386
3 7 18
53 275 34 84 52 369 256 202 389 21 485 118 251 341 134 85 18 62
3 16 7
25 391 497 240 280 289 246
5 13 17
299 5 443 304 78 137 142 383 385 389 368 275 151 481 372 113 333
6 11 20
7 19 487 9 179 92 29 352 266 11 411 442 66 100 405 338 91 5 322 421
2 24 3
140 380 18
2 25 3
312 118 38
5 12 14
105 343 3 133 399 417 131 437 463 230 499 360 301 177
1 4 16
170 179 456 71 206 61 491 445 6 297 95 387 88 119 4 143
5 11 19
279 104 498 267 101 449 254 369 390 294 422 481 52 399 141 278 488 477 242
6 15 17
393 337 231 190 410 250 333 121 205 242 427 147 61 104 102 180 471
1 15 5
360 474 124 229 323
12 19 21
145 370 78 80 73 82 5 397 261 34 118 210 369 231 217 53 141 322 117 27 174
2 18 4
3 327 408 270
2 22 4
377 91 7 10
5 13 17
368 457 304 489 150 9 370 27 163 374 394 491 378 138 45 319 81
3 16 8
308 449 38 333 454 198 250 153
1 5 13
342 30 91 481 2 406 85 411 155 70 222 227 405
8 13 24
321 42 212 77 351 122 459 457 165 91 299 273 29 205 319 220 322 241 150 50 383 246 482 283
7 20 11
256 390 412 361 395 335 446 337 291 209 248
1 30 2
2 199
6 19 13
27 247 279 114 127 30 194 76 298 314 15 46 95
1 23 2
391 245
4 10 18
99 209 352 293 66 334 188 158 487 201 111 315 348 265 242 339 482 102
4 17 7
396 433 490 326 297 465 1
1 6 13
414 470 151 96 354 409 27 32 420 492 148 201 256
12 19 23
59 61 269 417 393 350 140 185 478 301 158 167 78 496 115 145 279 325 92 174 309 128 47
3 7 20
468 230 492 27 187 291 197 155 177 123 32 31 401 384 421 346 35 48 456 432
2 14 7
249 339 73 218 238 434 484
3 16 8
128 472 98 31 371 167 308 312
1 35 2
136 362
9 15 21
235 378 202 151 274 74 297 19 232 51 9 495 351 352 204 490 437 213 102 486 128
1 3 25
220 454 304 61 497 426 438 38 339 307 46 159 36 465 374 95 122 443 153 119 173 187 84 53 113
5 11 19
49 365 15 37 262 18 86 418 124 248 176 117 231 492 494 97 186 393 420
2 11 9
118 17 220 316 499 279 266 115 57
4 22 8
315 153 309 330 18 441 149 47
7 23 11
116 119 219 227 271 296 261 324 321 430 457
1 7 9
295 55 95 30 65 244 99 376 459
4 9 17
110 480 271 76 160 136 397 64 9 434 497 282 49 263 469 257 51
1 17 4
267 398 391 101
4 13 15
25 204 156 359 385 316 434 309 346 219 492 210 235 403 49
4 11 16
25 411 29 101 167 169 304 364 462 189 355 448 432 243 445 19
1 7 9
202 114 479 378 405 195 92 211 419
8 14 21
29 494 154 3 430 245 241 160 223 398 43 18 67 346 233 227 438 64 109 379 439
13 16 24
183 128 274 290 40 407 369 58 372 479 200 151 269 302 420 380 159 0 141 260 341 276 29 443
6 14 16
330 74 61 479 67 145 386 190 352 340 197 112 379 148 143 59
2 12 7
360 5 195 95 174 35 32
2 17 5
433 3 325 354 459
5 10 19
452 52 367 338 201 305 469 311 489 96 402 310 3 228 200 319 59 112 453
12 20 22
61 176 284 327 243 37 81 285 294 385 79 247 496 399 197 410 171 353 279 398 33 259
6 11 22
370 123 407 385 459 404 353 141 356 212 240 105 146 227 155 449 308 83 430 432 280 185
2 5 18
493 349 57 443 107 135 474 62 22 76 259 64 191 182 151 169 290 450
14 16 23
243 470 402 188 152 0 251 353 435 47 44 331 70 479 91 155 330 72 25 443 494 364 397
1 17 3
31 120 83
4 10 14
130 185 255 436 77 234 250 16 178 315 252 226 201 311
1 9 8
487 482 20 8 200 316 268 178
1 5 12
269 175 224 296 240 131 429 90 193 110 437 202
11 19 18
9 205 216 87 297 296 278 488 68 479 431 7 11 130 165 487 98 493
1 15 4
133 179 405 178
2 10 11
346 138 226 428 355 42 110 142 472 415 185
1 5 13
214 142 270 82 183 326 348 238 324 249 223 329 1
8 20 12
226 116 35 12 175 437 441 6 256 362 193 142
8 18 13
314 459 41 347 224 350 72 130 291 253 20 159 34
4 11 15
482 206 304 364 62 253 185 161 398 110 293 216 228 203 3
4 14 12
220 270 255 115 61 486 390 360 378 391 225 449
7 12 21
294 494 268 433 475 413 237 364 327 497 257 381 157 5 349 333 27 19 220 174 39
3 21 5
479 120 241 429 496
1 9 7
462 333 368 360 415 425 5
1 4 19
327 338 453 426 178 391 285 366 267 8 293 279 475 60 490 215 238 252 137
1 6 11
110 418 192 344 402 440 342 226 188 421 174
8 15 20
297 74 186 71 40 252 492 62 486 120 237 170 240 280 448 156 296 475 318 204
6 12 20
444 243 482 91 362 11 345 201 244 17 2 497 413 26 96 220 31 117 131 412
2 6 16
434 482 272 151 326 123 133 187 176 489 38 407 115 12 57 100
1 14 3
408 40 28
3 8 16
66 338 271 194 192 424 293 275 202 180 266 294 371 368 26 67
5 16 10
262 358 415 411 213 310 160 375 133 405
8 16 19
389 170 55 7 222 111 335 439 310 109 496 428 419 139 459 215 354 446 338
2 17 6
2 163 437 318 81 100
9 19 15
62 128 180 364 341 20 97 371 98 179 412 438 171 87 184
4 10 16
65 350 228 80 82 469 496 418 488 71 243 407 10 304 312 154
6 19 13
129 481 388 19 172 405 306 141 477 237 452 383 44
4 8 24
46 409 67 77 401 271 416 305 102 261 309 273 24 268 311 74 171 21 182 141 331 36 238 142
1 3 24
478 304 389 187 297 494 79 277 421 370 106 153 51 338 455 337 388 483 287 14 207 232 141 383
1 21 2
463 181
2 7 16
333 98 191 104 462 80 327 470 13 73 127 76 310 342 198 296
1 8 8
52 420 172 448 243 478 109 201
4 14 11
276 163 327 187 80 131 443 391 289 381 364
1 5 13
47 37 166 228 424 99 470 169 204 8 491 207 81
1 4 17
472 316 0 388 239 181 449 149 424 465 78 191 136 23 309 255 260
1 7 10
383 345 145 406 193 401 130 254 309 154
11 16 22
129 340 4 181 408 400 195 98 226 316 468 411 351 232 202 329 424 130 44 265 260 229
2 8 13
384 405 359 0 106 381 332 319 155 482 429 264 400
7 16 16
49 282 477 354 329 158 170 319 211 127 255 2 389 42 195 445
9 19 14
59 416 158 94 246 347 96 31 445 498 5 413 251 224
9 14 25
80 499 220 287 126 244 219 430 226 212 230 424 498 39 84 468 47 20 151 225 148 379 435 328 409
2 5 20
203 280 460 210 433 457 250 327 174 105 180 1 285 193 371 49 472 442 123 83
7 12 19
404 267 169 103 74 87 22 38 203 320 455 435 310 286 106 210 181 398 84
4 21 6
65 177 23 7 453 356
1 11 7
445 78 267 15 190 479 398
9 17 18
347 337 123 49 81 199 433 412 218 105 195 351 151 165 34 245 332 167
4 7 24
73 132 213 269 495 154 451 110 335 86 464 218 84 120 410 222 480 395 62 289 143 55 137 322
11 22 19
429 130 9 124 167 277 258 37 143 55 441 141 86 310 322 10 150 307 108
5 11 19
393 314 97 290 399 285 98 339 441 192 138 370 122 110 305 199 249 223 209
14 22 22
240 477 462 314 211 207 362 219 20 21 368 343 64 384 455 323 274 22 446 312 141 467
4 19 6
355 26 72 444 281 57
2 10 10
169 468 0 293 416 62 68 58 10 210
10 17 16
451 489 53 148 312 469 227 401 79 177 64 408 193 402 455 154
7 12 23
496 458 280 40 402 379 375 425 56 472 32 128 214 451 46 138 311 97 197 365 50 5 154
2 4 25
109 66 284 201 243 354 0 371 226 87 124 282 77 492 294 318 154 129 251 68 20 411 266 471 225
4 14 12
464 243 183 270 3 202 278 244 300 282 499 211
3 5 25
151 488 158 494 108 16 458 431 246 208 201 380 265 112 224 325 363 386 167 81 418 329 373 230 204
9 11 25
223 435 227 377 148 160 433 496 480 337 181 296 149 360 139 407 390 20 489 125 9 396 376 128 393
9 19 16
177 458 265 401 438 235 479 364 49 44 196 112 252 386 111 336
2 10 7
321 400 492 251 175 348 354
6 13 15
161 119 14 358 217 461 257 384 253 489 325 277 135 320 223
8 15 19
130 84 445 51 482 341 260 29 128 243 345 33 169 281 6 22 289 336 316
2 5 22
320 470 300 348 114 89 288 350 303 170 407 446 88 281 109 478 230 403 462 238 210 444
6 18 13
29 265 464 417 185 219 328 297 411 144 250 146 434
12 18 22
160 414 162 277 398 405 199 25 392 24 175 443 258 244 296 386 97 10 115 463 185 310
6 14 18
424 380 374 444 153 70 477 278 418 447 281 464 490 273 493 373 48 112
7 20 11
360 421 436 19 222 335 353 260 475 8 187
1 9 8
211 221 270 409 143 266 253 12
4 19 7
381 82 470 303 289 429 1
1 15 4
269 470 184 74
10 17 18
208 431 486 456 42 100 90 209 194 132 363 123 376 89 68 326 387 474
2 26 3
209 427 286
2 13 8
43 188 203 163 192 434 232 77
2 12 7
42 174 55 47 154 433 408
4 17 7
154 418 363 187 94 289 321
1 5 14
196 39 94 99 244 367 159 79 308 446 426 192 306 145
8 17 19
251 150 366 459 129 347 389 215 181 403 157 44 303 494 483 498 43 285 391
4 13 13
498 15 83 39 26 441 238 271 218 400 232 86 160
5 25 8
480 209 418 315 104 142 374 74
4 16 10
25 436 101 74 9 10 124 172 400 242
3 17 7
324 77 475 132 53 442 225
4 15 11
247 210 136 121 168 81 108 189 215 291 122
4 22 7
140 117 219 55 54 252 350
1 6 10
33 30 203 401 466 158 398 107 161 243
1 23 3
440 77 318
1 18 4
205 363 377 191
7 18 15
357 21 121 12 32 309 244 495 419 249 215 304 25 446 457
1 3 23
353 267 52 205 305 372 141 414 410 48 258 67 51 0 361 54 492 66 138 298 256 147 137
10 19 15
178 163 297 474 282 223 461 434 360 81 185 485 257 84 183
4 12 15
454 124 136 489 310 198 108 362 289 335 240 355 27 236 353
3 14 9
38 372 450 287 487 323 282 180 310
1 26 2
129 412
2 4 24
386 397 10 398 361 378 77 177 203 252 371 23 105 389 120 410 463 427 56 353 452 93 415 369
4 11 15
482 343 184 38 29 102 367 423 296 359 415 489 340 110 353
3 25 5
303 426 4 171 465
2 12 8
169 478 71 282 29 479 26 469
1 22 3
55 489 362
1 21 3
311 153 345
7 15 18
373 145 275 325 320 91 338 340 441 65 339 342 114 215 161 179 34 306
5 21 9
472 384 350 363 87 297 403 442 231
2 14 7
322 386 27 206 272 273 425
1 8 9
472 61 121 441 16 351 255 365 481
2 15 5
257 224 289 72 34
1 5 15
132 100 479 38 339 371 275 354 108 179 46 347 497 37 64
2 20 4
336 250 332 407
3 16 7
242 415 205 328 66 492 245
1 26 2
441 102
6 11 18
406 284 407 354 455 114 97 402 272 463 167 427 40 341 304 105 218 42
12 19 19
239 50 36 472 222 445 17 59 259 284 220 77 283 21 157 47 232 96 447
1 10 7
220 201 384 243 326 499 156
10 21 17
98 130 270 374 97 29 410 257 211 5 274 486 448 315 219 427 385
2 15 4
458 399 456 105
1 8 6
380 202 66 152 8 467
8 18 14
357 199 85 98 160 334 306 291 244 89 140 404 16 470
5 12 18
308 471 385 183 283 472 364 378 370 459 249 5 89 388 252 313 203 152
3 6 22
101 398 472 129 434 343 86 416 220 411 487 357 93 269 423 328 335 345 186 257 121 457
11 19 22
382 456 403 43 400 383 109 484 402 337 33 14 398 54 86 90 186 212 107 386 190 197
3 17 8
230 60 350 301 437 130 471 190
2 7 13
399 184 47 408 185 216 337 144 314 238 456 146 191
1 8 9
228 388 446 468 245 413 127 336 298
15 20 23
264 143 271 411 222 117 141 235 86 446 402 239 146 391 17 450 130 126 177 295 140 165 161
2 14 7
424 97 13 6 385 305 234
6 20 11
320 468 384 124 397 305 237 437 447 111 302
9 18 15
276 412 480 486 11 489 77 452 259 218 16 70 322 375 435
6 16 14
11 374 218 232 324 98 331 271 303 292 280 249 414 423
1 12 6
76 11 317 328 214 348
1 4 18
130 51 149 413 98 354 426 299 492 473 318 177 323 438 163 468 316 459
2 13 8
301 350 18 185 462 321 470 498
4 19 8
312 146 15 386 113 334 257 329
6 11 24
186 410 413 308 176 498 199 27 42 174 304 103 323 87 10 129 391 124 402 256 182 143 299 14
7 16 12
301 312 226 305 430 277 239 266 160 271 42 181
9 13 24
163 276 255 71 198 32 404 304 196 340 312 116 443 401 220 17 353 283 229 146 74 492 396 85
1 17 4
430 116 102 391
3 15 8
201 442 405 199 126 368 216 28
1 10 3
79 399 16
2 17 6
434 217 118 121 489 368
1 24 2
230 18
11 18 17
247 34 117 229 472 186 213 304 237 234 156 59 383 110 332 348 109
8 23 12
109 466 354 480 132 28 498 223 433 420 248 459
5 14 15
391 466 20 93 66 431 369 194 138 331 150 130 39 478 63
3 14 10
315 227 314 118 176 313 414 171 208 450
1 32 2
388 356
2 12 5
307 208 425 322 421
6 10 21
392 140 24 332 373 42 198 121 366 134 481 35 11 215 242 270 150 31 397 494 158
3 19 6
46 436 392 106 50 456
2 13 7
466 400 15 40 204 13 228
1 18 4
419 17 364 113
2 9 11
422 146 241 39 129 77 438 78 60 223 318
4 18 7
276 157 71 283 54 390 16
2 6 17
254 351 275 470 91 82 402 334 76 71 367 48 460 186 425 193 92
2 16 6
355 292 458 236 90 200
3 7 17
222 270 79 438 450 146 13 282 367 74 157 121 128 93 40 358 356
1 18 4
305 477 486 424
6 15 16
28 273 39 101 189 92 324 163 335 159 291 130 37 179 427 435
6 16 13
210 63 101 146 75 187 267 31 26 177 166 459 104
2 5 19
483 180 339 293 259 367 411 387 384 486 5 156 223 358 431 235 332 400 136
1 5 15
187 340 167 48 296 479 237 136 298 212 66 425 41 204 88
1 19 4
275 343 168 328
3 19 5
349 459 375 369 117
10 18 15
84 403 349 30 249 209 397 447 270 232 83 25 197 353 277
1 9 7
201 114 205 356 389 255 334
3 16 5
11 251 442 393 106
7 15 17
327 439 412 263 269 453 15 201 437 360 403 239 17 414 40 190 499
10 18 18
436 37 61 208 116 330 471 379 446 129 468 109 3 253 327 477 399 102
4 18 10
251 217 178 403 144 260 365 457 190 451
3 8 18
489 220 486 86 446 210 308 158 289 113 196 143 441 302 329 327 280 148
13 16 25
211 160 185 293 445 243 50 495 485 466 238 303 267 85 12 208 18 368 408 142 242 131 77 301 298
1 32 2
268 440
8 13 21
494 275 182 109 72 142 238 140 394 128 239 404 310 361 171 490 160 367 234 135 465
1 5 15
374 362 147 211 179 444 209 394 318 352 155 5 196 235 494
2 11 9
259 18 155 208 201 407 216 386 102
2 5 23
122 102 173 44 398 146 421 407 140 31 0 37 236 22 388 91 314 229 439 306 92 23 213
7 17 15
18 225 208 204 360 42 248 3 101 334 63 140 13 410 443
3 11 11
33 214 101 435 172 5 371 456 393 365 17
8 18 17
59 271 4 459 74 182 91 435 183 86 328 130 370 0 346 409 323
1 25 2
390 348
8 16 16
148 231 151 147 458 455 416 437 487 82 287 220 243 173 240 334
5 15 13
406 352 304 101 154 422 263 216 482 396 331 177 317
8 19 13
19 220 236 230 354 286 177 471 271 252 315 448 254
7 21 12
426 109 432 304 256 278 392 320 489 294 452 400
3 16 9
372 498 445 493 188 488 141 103 25
1 16 2
102 226
5 13 15
351 27 401 234 495 26 136 361 473 81 32 472 82 371 85
3 12 12
113 151 48 80 131 84 358 104 291 321 456 249
12 21 18
83 131 246 117 460 86 285 33 160 387 124 211 170 231 94 90 148 333
3 20 7
447 54 384 337 138 217 170
2 22 5
8 164 388 72 482
2 14 6
40 487 408 450 125 299
3 12 9
192 397 326 453 289 339 320 70 172
1 18 4
325 153 249 182
10 21 16
209 390 383 142 220 224 264 401 52 58 301 484 195 308 4 122
4 13 11
140 366 368 38 417 49 281 65 287 43 463
3 24 6
48 124 384 305 335 395
6 16 11
40 486 283 449 204 57 402 434 19 333 288
1 12 4
279 152 335 362
2 20 4
469 288 308 88
5 19 8
216 130 271 417 495 28 363 174
4 8 22
347 285 341 295 453 211 158 108 217 64 287 283 138 292 130 296 267 475 304 431 458 237
9 14 22
185 44 397 310 466 444 300 157 189 294 96 186 78 254 282 317 491 34 350 11 62 64
1 11 7
348 483 106 490 113 60 359
1 8 8
137 425 308 326 5 347 394 108
9 25 14
27 496 246 143 214 232 294 141 429 219 104 223 450 88
4 9 19
396 483 22 189 479 268 400 145 378 470 244 116 3 28 361 261 257 8 426
6 20 9
380 360 196 362 471 216 395 35 437
3 19 6
142 109 75 481 78 342
4 11 16
479 71 259 219 194 2 386 136 102 175 66 424 477 64 218 193
1 15 5
162 260 458 432 56
6 18 14
112 261 471 56 380 259 496 147 150 480 54 347 499 389
5 8 23
402 228 84 226 486 342 165 205 238 266 456 237 274 296 62 203 338 227 170 160 330 251 217
5 22 8
78 304 278 166 494 394 296 424
8 13 20
133 450 114 45 384 479 307 337 251 351 460 234 338 4 235 296 202 414 248 348
2 13 8
185 349 352 39 334 206 45 273
13 19 21
395 45 366 146 166 5 310 398 25 488 445 226 95 279 248 237 499 463 376 191 470
3 7 17
283 4 266 151 438 460 87 52 55 355 199 334 422 54 264 241 332
2 8 12
99 43 446 82 238 109 181 315 53 134 25 33
1 6 11
81 256 392 262 377 450 284 156 387 111 286
1 3 22
335 349 257 110 235 247 482 96 435 473 217 154 164 432 413 390 9 382 219 302 420 438
13 19 20
2 77 362 275 314 287 351 120 442 241 121 437 133 397 147 90 311 289 62 213
6 13 17
204 440 394 263 150 467 166 251 192 420 450 249 386 413 230 107 134
1 36 2
484 167
11 18 23
483 491 31 239 373 180 431 359 198 394 72 176 392 209 122 351 10 7 300 379 462 248 95
9 13 25
273 60 219 92 141 124 163 166 81 492 161 456 208 72 222 484 450 453 362 193 150 366 440 493 358
2 11 8
383 470 35 30 427 479 272 200
1 13 5
446 175 493 258 111
2 27 3
463 333 323
10 15 24
140 129 78 258 400 493 257 487 274 309 375 49 247 283 311 220 264 333 304 242 10 272 300 332
1 12 5
125 389 302 28 36
13 18 20
446 197 476 265 199 455 48 0 377 251 320 330 21 394 181 425 344 432 284 450
1 12 6
208 190 299 306 477 462
2 15 7
306 414 183 390 312 407 457
1 14 4
57 272 31 357
1 13 5
107 87 358 301 255
11 18 21
53 2 356 329 90 163 182 205 419 468 219 257 312 220 18 494 272 137 380 215 373
1 24 3
379 136 46
12 18 23
65 260 67 309 236 324 406 368 61 482 251 129 84 351 60 286 299 393 297 137 461 312 49
1 5 14
4 161 7 130 292 49 87 246 376 249 22 272 353 2
8 15 20
126 59 359 219 93 22 208 347 250 384 351 19 105 440 281 278 309 2 491 143
16 21 25
260 470 47 392 192 302 438 248 206 190 243 172 372 114 254 46 432 312 450 143 422 34 211 119 426
2 7 13
495 42 346 242 324 232 338 300 156 489 437 270 304
1 3 18
436 170 87 455 266 281 493 307 106 105 456 248 427 368 234 497 29 232
7 26 11
197 245 339 213 352 388 431 236 260 44 220
5 13 15
51 95 241 24 321 201 364 251 135 40 460 159 55 490 397
12 18 23
26 354 134 226 229 325 103 19 315 474 29 460 165 382 51 324 479 54 279 307 423 318 411
2 21 4
290 95 390 315
1 20 2
448 158
2 24 4
171 141 253 284
11 17 20
127 150 161 93 365 482 459 30 247 305 170 66 36 265 198 297 399 386 67 230
11 18 20
218 68 441 33 224 164 480 399 465 467 302 281 303 326 96 447 118 408 110 125
7 15 15
420 386 216 204 443 350 93 292 392 234 83 141 38 284 246
10 14 25
259 343 443 286 54 68 128 243 473 330 280 499 285 363 416 11 412 487 204 189 455 453 472 228 27
5 14 14
42 284 160 398 150 203 367 400 352 191 333 71 261 434
8 17 18
229 252 436 249 299 494 181 163 73 303 390 347 142 26 287 489 452 48
4 9 19
167 21 367 430 168 10 211 118 424 239 223 257 255 140 8 224 106 353 362
8 17 14
269 188 172 35 54 489 103 161 191 235 164 204 28 73
4 7 25
323 302 434 367 62 305 49 168 253 436 218 32 490 486 95 138 81 293 80 45 47 120 423 429 70
7 15 17
41 59 137 459 124 438 428 120 128 25 389 456 247 38 74 92 314
2 4 23
55 495 99 301 364 3 119 411 82 33 21 83 30 160 368 95 233 112 343 371 63 414 396
10 14 24
390 292 231 388 296 433 229 328 220 65 96 357 255 141 110 73 360 248 223 34 404 321 257 45
14 20 22
44 216 324 473 416 86 341 360 447 180 345 376 125 433 228 195 483 440 119 409 479 328
4 12 13
454 57 76 252 5 50 380 489 28 387 198 493 226
10 19 20
276 74 365 56 151 302 446 384 477 354 199 447 267 471 356 422 408 91 136 484
6 17 14
182 41 134 349 21 372 471 33 405 375 190 481 484 413
2 14 8
298 398 371 185 96 458 363 80
1 12 6
359 201 69 385 278 428
5 14 14
143 100 42 377 133 117 397 260 438 362 104 411 305 249
1 4 17
24 140 221 250 130 429 85 155 245 418 388 42 270 84 186 148 458
8 12 24
63 319 445 272 350 298 284 57 279 67 278 263 54 376 291 242 38 467 411 105 108 442 92 325
6 26 10
331 27 273 414 477 433 360 409 315 10
8 16 18
325 428 79 145 28 318 386 423 3 434 90 291 108 25 282 168 485 226
2 24 4
390 346 401 272
2 4 24
319 191 101 212 165 391 258 374 16 199 228 90 109 58 144 105 410 0 222 111 352 437 73 295
3 14 9
390 315 169 148 342 318 459 476 495
2 6 17
145 24 166 248 58 357 70 399 268 68 43 449 38 378 49 203 314
1 17 4
258 162 417 133
10 15 22
483 268 83 489 95 394 230 284 77 352 393 133 19 0 117 76 159 403 150 347 70 142
7 16 17
471 386 401 278 458 203 377 158 80 185 265 107 200 133 431 359 397
2 9 12
187 372 408 312 186 373 167 471 261 8 279 407
3 22 5
66 409 462 89 103
4 19 10
170 439 56 96 328 163 116 260 284 101
1 13 4
449 320 65 466
2 23 3
390 208 70
1 11 6
242 130 481 324 20 315
12 18 23
329 272 43 239 300 347 418 187 411 301 360 452 24 165 331 68 494 298 372 400 304 447 350
1 17 4
391 495 464 37
7 20 11
44 469 197 334 245 185 98 485 264 18 282
14 24 22
146 318 144 261 162 473 398 336 145 273 496 402 410 370 366 242 152 285 478 35 133 56
4 9 20
26 481 0 48 456 407 286 111 75 123 23 196 83 334 428 459 487 100 399 417
4 17 9
294 490 78 338 354 224 208 487 395
11 16 20
491 471 313 484 218 296 194 499 80 251 329 8 400 437 149 98 261 255 465 405
2 31 3
121 7 296
1 4 17
186 284 176 436 44 244 367 365 453 465 173 351 18 68 345 181 104
1 4 18
323 85 352 51 113 143 403 494 289 32 308 66 50 377 151 399 498 332
3 12 8
213 166 296 33 263 269 266 159
9 19 14
499 110 16 334 102 227 195 371 406 265 407 167 158 420
1 21 2
489 114
1 17 4
268 192 4 140
3 8 19
228 319 288 90 440 317 237 426 247 307 194 453 289 388 265 495 483 102 153
2 9 11
180 226 456 346 298 136 18 438 499 349 292
4 24 6
246 337 266 208 347 388
16 19 25
52 152 417 442 425 336 2 434 311 479 235 146 69 13 172 181 94 401 300 278 499 378 189 449 363
11 18 18
448 433 329 258 28 214 422 461 222 474 458 185 296 286 211 237 379 256
3 6 24
15 448 106 387 388 1 242 269 252 13 391 60 426 122 370 487 449 37 141 234 56 77 174 6
13 19 24
389 279 179 44 92 289 404 442 409 347 258 250 494 171 356 212 165 15 277 415 49 196 189 360
6 14 14
366 143 252 206 39 265 408 341 424 396 73 314 32 115
2 18 6
452 226 399 387 428 186
5 14 14
24 38 290 457 329 424 28 72 466 447 484 495 375 128
6 12 17
341 207 499 412 164 50 36 25 193 89 330 453 479 17 101 462 225
8 19 15
483 73 184 414 185 353 67 496 324 158 465 233 65 397 141
13 18 23
87 370 335 356 487 447 294 344 417 442 77 476 30 79 128 343 372 174 269 155 452 147 201
2 5 19
108 374 419 253 158 336 447 279 41 227 173 195 392 37 11 423 380 147 457
14 18 22
332 250 230 470 45 330 43 34 262 382 472 42 435 131 418 25 307 73 127 40 126 471
4 17 10
487 33 71 213 374 479 486 435 480 161
4 22 6
295 100 23 243 470 422
7 21 12
211 358 34 484 387 278 109 126 492 353 283 197
13 19 20
357 284 468 398 10 489 144 447 40 348 331 368 487 39 382 415 160 83 303 90
5 9 25
228 417 359 328 481 497 496 146 78 422 347 67 272 345 184 120 219 53 132 212 198 412 107 153 21
3 12 10
72 182 274 423 115 488 178 337 4 215
12 13 25
351 347 9 373 151 412 263 238 290 413 234 367 289 476 219 449 22 230 405 72 79 239 88 38 353
5 10 21
266 201 456 98 175 494 189 328 357 212 399 27 482 443 47 484 245 294 53 372 398
5 10 20
66 229 6 275 499 440 241 263 131 432 459 405 400 331 496 46 237 476 239 70
5 20 8
148 195 284 354 250 448 436 17
1 7 11
171 279 12 86 362 380 293 147 425 88 5
5 20 8
301 460 451 473 81 495 213 320
2 17 5
159 448 211 272 108
4 19 6
91 144 499 22 371 6
1 3 18
130 384 427 70 207 198 465 197 396 414 382 423 63 69 435 147 347 257
2 5 20
165 329 154 261 284 209 266 102 436 63 405 160 188 224 277 244 111 381 150 66
3 6 23
256 302 488 477 140 159 317 338 227 65 449 210 354 417 238 176 234 497 205 44 23 122 257
1 19 4
117 46 104 142
4 17 10
32 116 283 334 388 462 128 70 476 219
1 17 4
94 322 440 124
3 18 7
205 323 250 60 102 391 296
6 11 23
480 130 330 287 47 410 459 179 29 313 404 350 342 136 373 113 275 80 169 444 360 448 238
3 17 8
60 235 210 180 239 427 313 273
8 22 13
151 200 408 394 44 280 261 457 337 440 231 237 317
2 8 14
260 393 132 379 169 401 289 385 171 17 310 22 184 422
2 10 11
278 338 16 167 150 318 472 258 183 365 372
2 17 4
382 293 437 63
6 10 23
179 246 378 22 126 223 399 458 6 258 161 485 66 444 487 109 198 233 115 4 269 292 473
1 5 15
488 5 486 157 423 462 53 144 73 416 103 403 292 225 227
6 23 9
314 248 476 350 352 176 465 188 70
4 7 22
293 181 141 203 57 90 47 343 370 246 231 337 259 275 24 182 325 9 322 263 112 39
12 18 18
268 258 282 358 234 188 415 392 209 357 405 211 490 210 461 14 260 251
2 26 4
221 363 171 181
2 9 12
452 123 318 116 194 190 398 27 21 356 384 46
1 25 2
260 149
5 15 12
226 432 211 65 378 27 229 45 370 69 392 222
2 24 3
121 258 269
2 12 8
35 376 422 401 370 189 274 230
4 18 10
265 155 208 441 153 43 129 472 400 181
3 5 24
437 247 448 15 253 191 332 118 340 91 414 310 325 197 456 22 415 229 248 50 236 32 293 152
5 11 16
479 344 58 345 370 246 0 133 485 270 319 73 118 411 255 264
10 22 17
358 220 496 472 197 120 374 376 301 57 168 191 93 346 113 337 318
5 18 9
420 267 69 91 307 268 269 337 6
13 22 20
69 27 453 82 425 275 290 330 485 38 230 428 248 364 439 228 273 379 151 480
2 14 3
94 87 487
2 9 12
165 372 480 323 108 434 97 350 27 339 86 449
1 33 2
18 134
1 3 20
53 145 90 44 135 314 143 134 413 451 473 431 116 98 345 453 131 336 163 295
6 17 14
447 145 446 471 227 188 70 475 27 331 170 246 94 45
9 12 24
332 61 328 94 182 383 379 368 335 354 492 71 369 459 315 162 486 233 95 350 307 239 348 0
4 18 7
358 437 378 81 171 38 479
3 24 5
211 382 134 155 358
5 9 25
155 243 403 127 209 78 277 413 172 494 50 264 222 66 186 481 105 300 184 119 1 452 371 253 273
2 11 10
380 244 134 18 428 417 209 64 276 234
2 9 11
284 321 343 482 109 16 186 125 245 266 78
1 4 15
418 447 448 147 132 188 25 449 34 319 340 106 491 281 268
4 8 21
393 424 320 99 179 100 205 87 12 38 158 391 466 479 476 18 294 204 146 286 438
7 23 11
101 336 97 364 253 451 185 378 158 487 428
7 12 23
147 499 496 412 130 495 136 291 341 105 390 51 275 330 409 325 492 303 370 146 209 218 404
2 24 4
356 7 230 43
2 10 11
37 108 285 358 134 64 48 220 7 55 26
1 28 2
484 476
1 14 5
365 135 206 390 147
6 14 14
236 443 249 469 226 456 375 338 202 16 3 83 143 487
8 16 18
99 221 448 418 479 483 379 301 154 211 52 346 107 422 270 104 473 249
1 30 2
486 89
3 9 15
415 238 345 392 411 487 247 274 147 245 193 446 198 365 127
5 16 10
162 208 86 137 372 243 224 66 342 361
11 22 17
164 168 375 180 158 27 86 50 347 489 328 186 189 139 354 280 415
1 6 11
494 59 362 9 294 201 334 320 361 313 405
5 10 20
301 35 166 292 85 157 57 197 107 71 137 368 181 262 152 180 260 211 363 315
11 14 23
281 228 279 456 376 256 77 126 269 397 52 96 104 337 227 366 168 350 412 299 231 15 455
3 6 21
499 31 490 448 131 419 332 413 417 233 352 122 77 299 251 235 271 259 148 458 305
3 10 15
482 247 337 315 318 266 143 102 150 66 393 278 19 457 478
1 13 2
416 231
6 15 15
268 260 131 366 456 178 243 326 183 398 351 189 331 405 38
1 15 3
130 42 4
11 21 18
356 230 378 417 55 110 238 251 10 498 7 284 52 351 178 173 201 419
2 4 22
35 232 246 195 444 350 470 33 135 360 142 490 49 498 400 291 357 193 5 94 415 307
16 20 25
450 19 107 2 71 299 466 56 366 198 101 130 379 470 175 127 225 474 78 469 402 206 219 337 363
7 19 14
265 483 180 476 294 241 164 214 467 281 382 156 246 38
7 21 11
462 170 144 291 486 499 321 94 9 286 331
5 8 25
441 394 96 55 266 168 291 308 456 153 217 231 89 68 9 351 83 84 469 320 212 10 40 157 61
3 20 6
445 28 146 355 420 203
5 8 24
12 284 311 189 384 202 398 469 414 495 223 451 32 280 60 276 293 241 112 96 76 152 100 224
7 14 19
397 130 153 401 378 43 377 147 286 104 384 233 21 34 326 255 413 450 356
6 20 9
75 322 186 455 336 296 409 497 240
1 4 17
224 272 478 452 85 283 474 288 299 180 77 336 134 3 457 133 393
1 10 3
276 245 139
3 22 6
417 278 187 56 405 40
3 6 19
289 157 366 232 436 208 178 456 40 401 142 101 72 429 390 493 313 174 491
1 29 2
297 243
2 18 4
89 362 181 279
1 8 8
41 391 433 399 206 451 144 201
3 12 11
57 226 380 310 440 286 189 442 474 214 213
2 33 3
54 331 255
11 16 23
381 91 406 474 264 391 450 169 276 121 200 362 199 178 472 145 143 79 54 135 226 181 354
7 17 14
216 344 285 306 168 90 125 336 291 178 450 416 138 39
2 11 9
106 140 469 335 452 134 361 292 448
9 15 21
257 381 31 100 430 139 328 326 20 57 291 392 248 304 190 382 80 191 343 384 206
7 19 14
330 255 416 12 76 47 462 411 394 92 395 88 340 374
2 13 8
132 206 248 30 441 226 337 413
4 7 24
259 167 114 395 412 38 150 28 142 449 113 472 221 367 107 59 118 329 134 328 352 288 277 336
2 5 22
94 265 149 497 229 67 153 26 414 69 371 33 338 263 200 381 270 431 480 113 260 107
2 21 3
411 228 99
1 22 2
103 286
6 12 18
160 302 379 473 169 243 32 404 467 437 53 96 290 461 180 420 170 332
10 20 18
19 429 273 42 10 214 281 94 209 160 488 109 446 67 121 104 231 174
5 19 8
9 54 18 241 13 377 382 166
14 17 24
120 33 240 329 338 199 476 233 95 110 8 125 425 3 166 122 249 222 154 440 326 170 82 494
1 6 10
135 351 292 161 446 120 149 175 154 418
3 11 13
340 417 466 256 291 262 198 447 248 244 231 278 367
6 15 14
237 15 370 1 85 317 223 214 289 283 199 479 118 267
1 10 7
461 277 97 356 136 475 316
4 19 10
219 261 378 275 128 273 485 362 459 96
6 20 11
260 38 223 178 305 17 92 162 80 235 71
2 6 18
116 211 317 229 197 429 42 492 28 470 355 349 446 403 164 281 419 334
1 24 2
218 214
13 18 24
243 129 497 385 404 74 56 472 342 326 386 189 67 128 272 225 407 104 230 259 421 164 457 98
2 13 7
222 128 268 393 422 42 125
1 10 7
175 289 87 280 250 124 464
7 12 22
41 415 329 279 169 56 50 311 59 150 97 134 241 32 39 70 227 444 361 352 101 325
11 16 21
258 89 238 471 88 189 417 106 142 172 483 326 229 456 447 488 81 280 282 14 210
13 18 21
189 203 281 430 331 101 122 407 70 77 399 263 50 415 358 38 220 267 394 356 102
8 17 16
467 51 367 294 322 296 459 68 151 415 379 264 212 11 201 299
11 17 20
446 335 343 174 429 293 231 452 71 447 89 414 18 492 380 405 331 35 2 372
12 20 19
287 106 237 417 317 283 8 493 123 245 135 115 460 24 374 403 278 0 264
7 11 19
106 337 96 258 424 485 93 238 252 53 13 25 4 377 62 407 123 293 168
8 22 14
107 322 165 387 416 217 52 86 316 294 128 398 397 70
2 8 13
3 193 442 212 254 475 284 190 486 131 448 10 437
5 11 17
197 424 496 271 131 166 492 465 327 66 403 51 436 493 97 368 37
2 6 17
275 379 141 120 382 219 5 477 337 336 419 189 394 340 25 367 86
15 21 24
493 240 399 417 35 121 150 191 34 111 313 446 330 323 397 253 297 260 59 83 452 381 429 387
3 8 17
196 68 236 72 183 56 130 135 91 384 449 149 241 471 224 182 292
1 11 6
88 202 486 442 85 337
5 13 15
372 19 43 287 216 222 439 26 101 159 355 111 194 55 310
6 10 23
387 392 137 182 13 358 192 262 407 5 477 473 75 150 84 195 334 287 263 419 439 116 487
6 12 22
403 494 232 263 207 146 388 41 167 55 248 445 455 189 138 290 20 119 53 465 230 451
9 23 14
132 362 56 171 86 402 403 314 77 170 353 19 436 37
2 16 5
47 60 19 226 222
9 21 16
124 163 131 398 284 235 40 90 217 156 332 176 113 108 146 31
2 16 7
24 309 111 271 126 307 331
2 10 11
381 439 479 171 84 60 461 64 153 365 87
3 6 23
419 319 111 464 302 467 368 426 483 20 223 159 14 197 347 316 274 407 385 241 259 460 312
3 6 25
328 186 415 59 368 499 158 247 96 58 184 447 324 452 254 30 83 172 240 201 472 35 494 296 7
5 13 15
189 474 263 273 14 202 423 377 181 115 286 194 35 190 163
2 19 6
200 403 254 109 428 356
3 21 6
398 39 237 18 456 273
7 19 14
289 336 415 346 178 121 163 351 212 34 295 40 464 262
5 20 8
425 320 105 53 492 179 133 121
1 3 20
318 117 204 413 247 196 180 365 276 290 466 88 170 103 299 0 385 134 480 235
5 16 10
356 254 493 196 461 276 219 46 49 361
1 34 2
15 56
1 8 9
35 370 216 104 312 441 279 298 120
3 8 17
412 424 15 480 162 253 392 110 106 243 274 258 299 371 293 143 246
4 13 10
271 410 437 215 301 252 11 117 348 103
2 21 3
0 301 181
4 13 14
103 374 95 190 483 81 417 335 176 322 54 419 157 22
1 4 17
350 148 216 112 254 447 327 155 306 423 440 39 253 360 206 377 119
3 8 18
140 23 139 237 262 129 456 151 322 69 182 375 93 6 324 336 143 150
1 7 11
284 61 459 371 11 344 330 388 398 161 423
1 15 4
338 37 224 100
3 25 5
471 194 243 410 337
5 15 9
70 342 255 164 293 77 270 151 28
10 21 17
253 281 296 140 404 306 317 330 39 375 282 409 275 487 138 336 110
8 23 12
447 204 101 1 468 167 320 338 24 231 367 328
4 22 6
242 208 364 438 265 345
7 21 11
291 132 180 38 429 311 477 417 371 308 223
11 16 23
211 222 238 391 97 496 378 341 151 329 113 199 364 141 208 295 70 80 256 102 342 414 166
13 17 22
169 281 431 392 2 497 433 294 382 193 487 386 383 267 343 118 240 20 289 320 18 22
3 17 5
405 382 470 58 101
6 15 15
48 429 472 116 78 83 231 307 313 92 121 69 346 485 289
1 5 13
1 349 418 288 26 389 401 306 148 231 448 400 278
2 5 20
159 391 156 168 103 139 112 429 92 173 138 387 30 359 344 435 395 9 258 132
3 9 16
122 299 443 444 480 495 83 130 277 170 145 383 25 40 337 475
9 17 18
45 397 11 141 330 17 281 246 178 422 127 455 173 274 174 165 316 4
1 3 21
134 364 415 479 87 329 495 129 228 345 38 83 291 410 82 482 6 245 67 176 22
4 12 15
215 130 375 487 74 324 385 475 456 241 110 65 268 425 117
1 16 4
344 342 128 186
8 21 14
151 202 244 421 438 472 323 400 183 200 263 157 111 71
11 23 17
240 496 47 142 29 248 96 13 51 428 171 155 300 421 135 486 389
6 17 14
39 478 113 159 333 195 363 369 107 289 364 208 133 129
2 11 10
499 397 219 291 398 74 320 488 455 288
9 17 18
19 73 439 248 250 359 242 224 149 483 348 207 72 485 96 340 376 418
1 18 4
44 318 63 251
3 9 14
235 218 71 102 413 80 45 195 490 327 139 428 144 238
2 5 18
413 59 303 362 61 456 402 109 355 308 250 182 233 497 41 268 244 106
2 10 11
10 153 91 161 74 16 316 394 247 336 128
2 4 23
280 150 99 497 249 184 94 107 160 369 422 192 340 76 472 8 373 26 294 151 80 413 366
7 12 20
154 45 346 269 0 252 274 384 26 353 466 175 70 4 363 351 264 30 317 263
1 15 5
136 11 491 285 263
5 16 13
168 211 173 485 365 219 467 340 285 171 198 377 414
8 22 12
293 265 180 151 39 141 391 158 428 256 319 420
3 8 18
403 342 103 398 31 46 226 448 6 3 97 27 141 180 181 284 217 59
8 16 18
325 36 354 485 471 82 60 90 296 115 58 329 167 30 363 437 31 275
1 26 2
446 77
2 4 23
142 358 70 342 324 407 400 216 274 402 8 138 478 190 22 418 293 276 245 122 164 135 237
6 16 12
70 223 154 441 485 420 175 432 87 199 284 173
7 26 11
403 54 113 32 257 27 429 201 372 464 180
2 24 3
352 406 226
1 6 11
339 414 350 293 220 72 251 292 80 410 297
12 16 24
432 70 344 12 181 427 105 63 35 101 359 434 383 80 207 47 384 268 259 489 112 142 246 390
1 3 20
259 72 284 222 292 195 120 203 64 160 318 461 389 369 213 476 438 94 499 71
2 8 12
278 35 119 459 276 378 301 223 131 185 34 430
3 17 7
170 291 303 67 214 213 400
1 18 4
299 370 416 337
1 25 2
64 495
1 28 2
33 71
8 16 18
455 21 351 302 69 156 400 36 372 209 82 338 29 297 271 304 292 426
3 15 9
38 97 203 225 441 81 7 106 57
2 14 7
494 66 428 21 51 341 446
4 23 6
334 364 435 259 131 433
1 3 22
294 369 324 111 272 151 322 34 428 24 470 307 328 138 391 377 445 133 297 381 103 340
4 9 19
277 499 195 49 23 426 227 470 239 318 36 409 55 263 254 455 150 220 134
4 9 18
340 416 110 324 114 120 421 143 105 201 337 38 98 75 88 15 374 12
2 6 18
91 318 41 356 1 71 58 7 453 44 65 117 277 454 107 352 213 70
1 5 13
47 156 412 24 8 413 470 284 91 346 112 273 462
3 16 5
358 487 95 6 254
6 14 12
456 459 229 376 187 81 400 319 239 5 455 103
9 23 15
111 412 217 396 364 160 406 428 295 53 391 43 122 309 403
3 11 13
276 488 431 436 410 438 285 448 377 296 216 394 403
10 18 16
250 382 395 73 401 237 324 162 36 361 446 229 58 227 170 405
8 13 24
309 243 301 341 122 242 414 37 484 325 462 79 436 29 400 50 192 173 268 121 48 15 331 221
10 18 19
354 293 146 205 141 425 117 485 429 180 139 81 319 324 396 27 98 310 410
2 26 4
477 478 164 354
1 31 2
13 195
3 12 12
420 273 429 394 78 93 10 79 483 462 334 199
2 22 3
467 25 381
5 8 18
42 188 28 434 98 245 487 283 485 393 47 387 414 144 239 343 373 242
3 9 15
83 290 493 159 267 460 126 485 148 187 59 448 432 475 182
2 23 4
246 425 421 197
3 13 10
285 83 271 158 28 122 151 346 51 362
4 21 8
124 465 308 54 42 87 78 460
3 7 21
488 196 19 450 483 194 323 309 355 407 275 192 83 376 348 136 79 203 151 401 409
5 21 10
240 54 44 81 477 262 153 33 498 24
3 21 6
448 180 143 58 56 238
1 3 21
152 296 338 107 389 73 351 490 144 265 307 121 472 251 102 35 497 198 394 190 176
2 13 5
33 103 133 131 208
9 19 16
422 11 191 162 463 284 369 333 340 438 407 56 210 123 344 51
5 9 22
264 473 39 133 230 109 36 23 178 170 9 244 369 411 202 124 460 344 213 495 239 75
3 17 8
378 394 359 130 108 493 306 135
3 21 5
102 127 58 384 342
5 12 15
405 21 140 358 373 349 255 44 306 291 307 346 51 227 254
3 18 5
393 98 62 306 327
1 3 24
289 364 72 266 210 285 481 2 434 369 462 399 314 340 494 466 194 71 378 435 346 60 68 224
5 15 13
44 417 116 448 445 356 316 128 254 322 387 495 326
1 3 21
262 126 431 364 461 432 485 376 85 87 344 377 30 2 284 411 128 362 240 335 7
8 18 17
223 465 189 282 63 308 187 484 74 32 277 27 65 153 10 20 2
1 14 5
89 204 310 363 211
1 20 2
85 1
2 7 14
268 126 58 453 200 50 69 418 422 22 304 81 130 283
1 23 3
436 138 90
6 11 21
330 95 424 101 359 380 392 212 158 217 223 171 419 337 288 79 166 229 435 499 266
5 14 14
185 343 117 370 128 206 444 192 355 251 182 214 389 334
4 11 16
13 196 154 162 0 111 471 426 376 345 449 419 284 374 390 387
1 14 5
352 422 330 477 152
10 18 19
498 351 122 412 419 320 345 304 334 145 464 162 71 446 218 415 228 489 168
8 12 24
477 223 237 493 323 414 382 367 246 45 466 335 366 231 490 355 128 426 175 400 408 200 311 20
12 18 23
38 121 130 192 100 266 304 348 477 340 24 205 476 273 201 126 459 327 373 379 494 385 149
2 7 13
182 58 349 421 47 417 468 112 29 402 69 73 288
4 24 6
284 388 433 165 119 40
7 14 11
158 6 450 281 492 266 418 313 434 173 242
12 19 22
337 298 48 177 349 121 224 169 210 95 3 37 52 378 140 46 222 439 499 316 138 418
1 4 17
386 215 451 190 319 112 179 308 321 209 33 456 262 99 405 375 312
10 18 16
72 74 318 98 291 344 251 385 176 151 317 143 230 51 206 42
1 22 2
45 222
2 7 15
249 301 284 65 158 298 310 270 108 100 61 55 13 189 365
7 14 18
376 36 175 172 354 193 492 173 264 441 30 205 46 252 108 427 491 113
4 9 20
308 367 481 406 181 445 160 352 298 10 139 0 209 408 89 459 423 351 230 368
9 20 14
28 259 63 99 207 251 19 430 224 484 103 335 388 442
3 13 8
382 8 324 184 83 160 39 396
2 21 4
4 172 142 363
1 10 7
315 408 51 309 284 83 141
2 14 5
305 135 270 465 120
10 14 25
89 183 3 80 284 485 332 107 258 160 458 406 96 61 147 269 259 250 128 465 456 399 257 180 138
2 5 20
19 76 62 299 194 68 340 56 308 440 425 429 401 312 119 444 83 154 420 345
4 19 8
203 153 357 411 264 135 387 221
1 10 5
133 77 58 37 317
4 16 11
436 347 8 217 375 186 398 329 300 261 50
3 18 5
196 474 102 362 368
1 3 20
438 135 303 342 28 42 370 378 51 420 61 493 44 164 119 193 137 321 355 394
1 8 9
459 161 465 100 51 496 429 209 15
1 8 9
167 432 101 103 196 341 268 66 479
2 14 6
377 122 393 58 278 168
8 22 12
481 497 340 331 3 91 107 50 213 135 226 55
2 14 8
430 214 475 256 367 252 298 437
4 19 7
89 253 94 41 123 249 25
13 18 20
215 367 123 463 310 129 137 91 444 357 289 244 217 295 462 68 234 206 493 45
1 31 2
78 379
3 15 5
351 357 252 300 70
4 10 17
473 156 90 477 78 138 114 188 37 326 172 98 161 153 112 381 383
7 21 13
104 244 56 418 407 107 424 408 86 80 242 353 494
6 9 25
332 222 263 202 52 230 114 309 211 75 178 372 226 355 10 279 59 303 61 312 185 30 269 382 244
11 15 25
227 217 63 282 468 271 101 480 371 17 135 224 75 483 453 159 489 405 450 272 207 354 170 209 60
12 18 21
440 397 493 132 305 141 55 443 221 60 390 211 196 155 169 498 472 69 326 408 476
8 15 18
120 228 437 205 173 323 169 259 2 247 170 53 335 286 381 144 201 447
9 22 15
57 446 142 303 113 184 44 331 63 457 350 248 249 68 208
6 15 17
237 123 3 232 312 10 201 48 388 66 314 470 47 35 400 385 192
4 15 9
303 208 272 15 252 241 127 414 487
2 10 11
117 56 306 367 15 261 326 22 402 13 373
2 5 24
381 80 377 302 490 72 9 136 295 201 110 32 468 228 143 349 344 54 390 299 275 288 150 332
2 8 14
235 256 300 57 50 148 338 478 283 204 224 171 427 324
12 16 21
60 252 119 209 295 341 227 455 247 205 178 129 96 16 286 389 109 196 231 463 428
1 13 6
59 323 498 398 261 493
3 18 8
72 314 388 176 328 488 444 63
5 17 11
17 308 269 247 480 406 287 473 276 486 296
7 19 14
346 375 47 165 478 225 447 157 215 353 465 67 246 439
4 18 9
220 87 359 404 395 96 466 418 166
4 12 12
322 310 97 60 70 438 161 344 433 276 361 211
9 18 16
80 363 441 225 222 288 485 295 427 272 398 267 58 369 23 474
1 28 2
181 7
5 11 19
181 101 155 185 360 385 48 375 237 390 299 84 393 491 121 406 362 288 262
2 17 3
283 81 132
5 13 16
51 298 195 330 77 256 469 479 57 307 79 429 380 359 360 439
1 13 2
66 492
6 19 12
182 99 266 136 107 317 387 299 210 459 340 373
4 8 19
430 170 356 16 162 311 139 114 21 25 115 90 215 322 295 23 187 100 223
2 6 17
448 361 18 179 110 332 428 195 226 314 424 175 82 496 114 388 191
7 17 15
486 105 319 459 275 81 198 488 17 337 174 202 361 272 13
11 17 22
82 175 14 483 440 77 403 66 207 95 490 38 493 151 137 76 323 53 298 167 215 149
6 21 9
382 450 230 215 323 287 453 409 431
4 14 12
442 37 403 226 195 192 289 322 70 284 456 23
4 9 19
254 54 163 189 401 250 187 451 68 121 430 269 207 7 154 423 333 93 212
2 27 3
292 135 429
1 3 22
427 100 372 457 11 432 136 110 125 393 265 468 310 339 56 466 462 211 331 254 126 465
7 13 22
277 326 208 109 454 294 56 97 2 6 123 10 220 40 332 194 485 298 233 303 94 264
2 7 16
497 255 472 350 270 186 456 309 429 92 359 74 280 288 22 67
4 10 17
118 328 206 320 277 404 349 347 12 197 188 132 200 244 476 97 94
5 10 19
33 230 267 432 395 164 103 85 72 60 454 365 0 217 321 425 307 456 21
4 12 16
285 403 90 69 1 165 461 448 244 101 243 449 394 253 421 383
1 4 18
215 138 480 305 330 379 14 157 46 428 273 136 161 345 307 278 313 425
2 17 6
319 110 491 109 346 462
2 8 11
171 160 465 98 11 105 303 209 206 187 495
2 7 16
199 172 403 61 378 180 464 397 439 356 234 471 153 184 407 260
5 12 17
197 158 389 235 281 38 236 66 76 123 411 331 247 190 150 429 36
3 8 18
118 486 76 78 6 469 253 350 347 28 59 221 199 169 385 309 397 359
2 13 8
155 303 436 351 384 204 219 440
11 17 21
43 237 164 52 411 344 330 138 287 476 386 382 203 323 128 333 1 141 162 472 168
11 21 18
261 339 107 124 167 362 61 265 111 463 326 245 290 348 269 433 234 391
1 12 6
311 132 346 66 492 171
2 10 10
495 342 180 280 397 83 138 107 253 139
5 22 8
260 362 378 158 205 95 459 75
11 18 20
179 373 38 163 273 59 440 116 182 221 395 91 432 251 463 449 51 344 394 357
4 12 13
274 213 492 420 141 376 214 31 320 114 93 476 32
7 12 22
22 175 106 124 478 213 330 392 53 404 241 296 411 94 268 72 171 27 412 386 2 337
2 26 3
135 463 470
9 17 20
5 46 89 373 44 160 13 59 275 295 325 453 200 170 460 403 343 389 414 315
6 14 15
28 166 176 64 35 408 448 479 287 239 275 322 192 268 158
8 13 24
144 375 318 153 8 63 75 300 371 179 138 453 441 467 236 346 349 405 364 157 306 36 172 81
3 14 9
308 467 15 246 229 55 157 448 497
2 4 24
416 118 282 229 271 20 337 374 268 68 159 307 246 239 116 189 431 65 481 53 179 91 74 272
1 40 2
261 104
2 5 22
152 257 377 252 100 334 6 110 266 31 200 283 499 292 242 10 203 291 473 115 471 244
1 5 13
67 52 65 399 377 19 265 436 323 203 171 440 18
1 6 11
43 364 308 414 392 203 160 424 381 121 206
3 10 14
98 423 1 373 188 314 494 403 193 393 53 375 58 463
1 24 3
131 64 56
3 15 5
61 32 258 497 495
15 20 23
26 261 281 184 11 323 288 133 296 287 83 29 33 359 319 276 260 337 449 24 249 419 376
2 5 21
370 134 114 92 385 379 287 468 164 391 154 445 141 444 330 171 462 73 331 466 389
1 4 19
165 417 345 339 152 321 151 26 305 185 336 82 96 46 422 351 450 193 59
10 23 15
148 339 486 111 133 236 257 214 437 219 499 334 303 354 141
2 27 4
335 314 423 273
1 8 8
189 24 404 399 101 314 251 199
2 5 22
349 153 85 141 61 247 232 51 331 104 230 361 446 52 76 351 334 114 252 145 491 339
14 22 23
27 310 439 51 261 41 391 133 468 187 475 31 116 407 394 452 204 241 403 364 296 314 434
2 21 4
18 285 497 194
6 11 19
279 416 455 91 316 24 14 306 434 472 105 131 395 34 352 381 348 211 264
4 14 11
159 216 144 497 498 32 199 9 381 371 315
1 12 5
338 141 467 51 209
1 7 10
407 353 261 25 207 176 245 295 468 164
1 3 21
22 464 143 379 146 77 323 338 294 252 458 310 382 206 144 365 462 78 249 228 254
4 20 8
157 323 49 201 114 255 263 390
1 3 24
378 455 4 441 271 34 276 14 175 448 110 394 118 428 219 328 484 21 452 410 487 255 248 213
10 17 22
168 236 449 38 284 180 75 76 281 401 192 8 228 183 388 489 64 154 233 383 275 478
3 8 15
95 274 330 317 474 289 448 303 168 177 234 304 458 51 486
1 15 5
87 359 441 396 280
5 9 23
303 217 460 228 432 274 357 151 8 57 352 58 295 326 385 264 207 272 162 185 154 195 77
1 29 2
250 201
4 16 7
110 41 33 142 353 254 223
1 26 2
289 481
7 15 18
224 446 396 413 59 57 244 395 101 448 276 362 90 331 255 76 145 334
1 21 2
229 358
7 21 13
405 485 111 375 72 370 155 378 69 45 191 459 431
7 11 20
100 13 376 234 254 412 346 3 96 65 183 242 422 296 190 35 132 449 70 175
4 7 25
395 56 181 153 407 415 436 42 348 351 34 47 494 403 214 0 10 289 416 80 103 480 58 423 235
8 17 14
4 298 330 225 489 213 230 102 486 290 82 320 67 42
1 14 5
70 428 130 217 391
4 11 8
184 91 463 194 342 84 444 335
1 4 18
325 302 12 410 47 322 292 252 432 46 200 104 58 271 427 473 61 428
6 11 23
242 74 27 451 301 294 281 167 108 274 7 340 190 110 308 153 306 455 412 453 140 142 230
8 21 14
347 446 447 152 456 325 254 113 303 261 230 315 7 422
10 16 19
253 441 265 103 229 460 13 366 369 290 132 382 67 470 139 5 92 259 225
8 12 25
3 238 401 250 303 99 438 324 117 12 422 13 309 315 312 209 349 172 403 140 28 321 306 87 135
4 7 23
402 187 271 10 343 327 452 24 246 39 414 238 198 180 196 249 151 450 78 95 28 40 432
2 21 5
122 462 134 389 162
4 23 7
421 447 28 448 375 135 331
3 8 16
79 495 177 412 214 328 87 254 492 96 431 337 78 476 103 23
1 8 7
94 218 300 2 235 42 310
11 21 17
31 121 419 97 285 212 400 108 58 455 114 370 460 349 270 237 342
7 20 12
384 459 453 217 130 50 248 119 481 477 341 376
2 13 6
384 218 158 277 2 68
9 17 19
178 351 302 162 21 12 339 309 347 354 279 316 210 262 240 315 73 303 113
4 14 11
30 140 348 452 496 205 121 425 455 148 453
8 16 19
363 78 430 57 24 434 463 109 276 105 138 120 360 139 89 472 39 273 252
5 21 8
395 438 425 265 145 95 453 128
4 15 11
1 60 407 57 188 71 330 260 390 393 212
2 15 5
132 337 40 47 405
15 17 25
396 17 100 33 150 270 99 432 231 132 280 266 348 212 202 264 249 12 281 57 30 269 221 4 373
2 13 5
87 238 89 263 232
9 17 16
384 161 252 293 254 77 255 142 467 37 64 214 453 389 470 418
6 18 12
485 128 97 100 433 444 358 344 413 314 466 468
5 15 10
0 473 287 110 433 332 69 325 348 17
2 13 5
436 371 196 354 231
2 15 7
371 183 36 108 439 360 174
1 30 2
356 124
5 16 11
22 431 94 279 324 193 35 286 3 13 434
4 10 17
458 283 29 414 257 173 336 321 475 358 43 346 281 191 408 60 38
1 5 13
1 26 183 239 224 90 323 462 365 69 317 434 337
6 15 10
239 372 195 187 399 437 408 149 407 59
2 27 3
373 244 16
1 9 6
157 358 55 0 79 206
1 12 5
310 210 58 217 115
1 8 4
79 329 223 231
7 10 24
290 254 181 277 228 491 132 312 347 2 300 188 449 376 463 234 113 69 340 123 280 401 87 425
10 20 19
10 446 138 452 259 304 15 28 477 76 100 156 436 275 35 39 41 378 90
8 18 13
164 338 445 100 30 372 371 89 94 40 186 188 439
10 20 16
51 38 264 18 276 433 426 338 189 427 417 343 82 275 15 279
8 22 12
252 295 35 184 165 478 379 303 12 77 390 96
4 15 12
391 180 461 200 49 79 40 186 248 81 475 179
13 18 23
198 156 458 69 435 122 150 9 127 445 428 82 417 237 71 202 188 242 208 462 405 412 350
7 13 22
395 165 442 331 43 333 98 226 257 13 339 49 175 452 142 61 76 18 388 87 53 115
9 14 25
113 33 439 402 450 238 105 123 112 407 354 422 116 409 473 14 432 106 483 94 360 244 373 375 17
2 6 19
129 64 25 68 428 191 183 496 165 266 29 89 188 195 150 108 274 341 357
10 16 19
83 12 434 380 251 180 15 157 492 29 212 271 172 350 305 160 346 289 426
12 18 20
389 329 114 436 137 84 444 193 462 350 72 60 308 235 394 49 388 490 209 146
4 12 14
403 325 305 53 329 189 474 197 318 326 143 126 300 131
1 22 2
392 120
11 17 18
12 332 393 251 180 316 128 425 8 196 3 142 170 60 208 427 28 168
1 22 3
469 306 481
4 7 22
366 264 307 95 22 485 228 272 262 427 395 38 164 458 348 85 441 460 175 181 206 47
1 5 12
54 492 458 484 38 170 185 151 480 340 29 366
2 10 11
441 35 41 319 331 301 225 75 398 238 224
6 13 19
119 331 419 108 278 135 470 480 82 436 176 356 123 84 463 302 388 341 318
10 20 15
126 176 108 390 258 330 181 119 67 223 204 100 222 85 290
8 15 18
21 363 68 28 7 496 65 335 206 306 84 192 173 79 485 177 356 198
3 9 16
432 87 200 319 167 224 293 351 49 173 7 275 403 28 396 386
3 9 14
425 250 25 418 482 122 89 386 390 206 85 437 271 367
3 11 12
433 124 241 426 335 382 126 472 172 12 102 16
1 3 22
80 236 302 290 497 247 150 481 54 49 193 359 2 31 493 121 239 352 50 196 6 472
2 8 10
271 341 133 382 178 458 202 270 256 92
3 7 19
132 377 418 277 369 357 341 260 372 290 48 360 375 240 3 186 70 211 382
5 22 9
493 180 455 104 372 336 24 453 403
1 6 13
478 466 216 273 416 319 446 476 61 475 62 209 35
2 28 3
407 340 118
7 16 18
222 176 267 119 302 144 90 403 57 192 318 328 258 388 460 295 394 274
1 29 2
390 330
2 9 10
284 35 208 348 131 45 11 172 48 143
2 7 14
272 400 201 380 477 278 432 135 227 331 19 103 249 189
1 33 2
304 298
8 20 14
197 295 292 409 325 481 259 145 293 154 439 215 251 272
5 10 22
458 430 61 127 439 444 35 212 412 299 311 343 248 77 454 443 185 313 295 351 131 60
3 6 22
146 315 43 49 453 100 334 427 464 211 362 73 347 7 437 448 316 490 489 237 33 131
3 15 9
443 309 284 88 454 229 386 223 346
14 21 24
375 482 444 302 176 433 358 21 343 481 320 304 173 171 372 395 202 179 255 278 400 322 240 217
7 13 23
161 297 199 398 311 77 273 410 65 293 345 333 36 129 15 331 403 31 258 494 437 484 471
7 17 15
441 106 191 186 17 144 499 375 31 35 305 229 288 303 245
2 22 4
7 361 442 446
2 10 10
120 121 94 359 458 68 335 155 49 161
8 17 13
130 114 88 177 404 33 446 357 232 265 210 435 170
9 15 21
269 230 491 366 394 187 104 485 289 99 208 349 88 278 321 35 364 156 12 300 493
10 17 22
210 360 278 235 304 449 282 14 391 200 167 62 270 164 412 493 311 233 488 5 482 429
3 9 8
139 321 84 72 42 40 120 146
3 7 20
69 126 274 375 151 429 389 438 336 380 304 473 170 441 305 22 396 384 185 174
1 36 2
477 318
10 20 17
228 58 475 417 380 441 421 336 128 279 335 179 476 252 229 396 195
1 22 2
455 249
12 19 18
252 411 254 327 186 199 45 25 221 399 26 125 433 54 279 306 205 112
1 13 4
33 72 236 465
5 10 21
224 409 219 379 336 163 185 453 141 211 372 229 194 117 241 427 7 263 26 59 13
7 22 12
170 35 310 343 309 238 460 465 153 475 323 145
2 9 11
180 78 465 329 252 107 103 97 386 406 59
5 16 13
454 60 261 15 430 328 387 221 82 132 217 467 320
5 20 9
374 175 36 172 369 247 72 32 483
7 13 21
155 244 270 46 247 347 181 109 32 25 165 419 316 55 130 297 180 74 459 330 294
6 14 17
109 117 360 463 370 345 156 303 56 359 348 168 427 205 136 441 65
4 18 6
147 392 231 69 236 381
10 16 16
131 342 63 19 56 313 61 160 158 159 80 128 271 492 418 397
13 21 20
497 391 163 402 454 424 478 212 461 260 296 449 340 390 493 407 275 368 152 405
2 17 4
459 117 326 16
4 15 11
297 332 220 329 17 451 466 269 36 75 476
1 16 5
388 275 145 410 350
9 15 21
344 2 371 183 231 418 131 207 493 392 333 55 416 496 211 431 101 62 189 303 86
1 18 4
217 462 466 1
1 6 11
18 209 251 179 290 226 102 125 110 257 242
16 18 25
101 303 378 310 367 272 19 361 128 493 84 168 438 175 276 47 449 384 480 218 494 95 462 451 52
2 5 23
81 323 15 306 254 77 146 330 409 6 459 145 21 265 104 192 421 341 123 290 155 113 342
9 14 24
94 114 225 90 41 417 202 461 291 152 168 244 324 338 121 155 430 341 474 150 458 143 233 310
11 20 18
269 31 19 276 49 315 161 410 387 408 73 279 352 50 277 379 494 394
1 14 2
351 305
4 19 8
375 270 96 453 88 235 98 211
3 9 10
474 453 412 154 281 432 151 221 168 433
2 5 22
174 185 118 337 55 217 71 97 483 304 323 93 288 225 437 267 114 291 416 439 356 376
3 6 24
410 464 237 387 57 330 385 437 240 165 382 1 254 454 187 63 43 207 417 352 314 349 337 470
4 17 8
463 170 284 225 118 462 229 69
6 14 17
497 206 194 119 394 370 183 23 149 75 421 381 144 307 378 462 298
10 16 23
150 269 265 138 5 78 212 271 142 91 489 457 389 225 438 469 257 384 171 385 322 46 77
10 16 23
446 376 378 329 404 455 422 331 299 363 217 342 466 354 234 277 87 104 48 148 356 495 230
3 23 6
472 307 377 204 44 165
4 9 20
41 167 78 467 281 438 159 473 480 190 35 131 216 301 165 221 495 24 160 114
3 17 7
226 215 430 422 488 184 225
3 15 8
241 101 262 298 395 437 282 40
9 16 19
212 276 459 10 62 456 267 4 20 162 499 211 350 326 36 457 448 424 127
6 15 16
42 38 459 285 470 54 449 188 149 308 249 264 257 302 363 236
5 12 17
365 212 75 291 180 24 78 51 435 327 129 273 241 414 132 231 332
4 8 22
132 206 440 421 302 109 388 353 287 125 135 418 15 105 90 72 31 398 429 133 145 192
1 9 8
121 383 300 76 314 15 166 497
5 14 14
73 381 92 17 309 286 10 448 472 434 466 458 367 13
12 19 21
466 29 231 278 117 44 399 342 230 427 104 127 123 34 286 20 16 333 106 416 108
2 29 3
285 107 98
1 17 4
128 153 1 81
1 3 23
305 293 401 1 93 114 439 8 40 166 194 484 227 185 116 16 184 193 454 31 75 462 367
3 22 5
210 323 284 89 47
1 26 3
275 199 439
3 13 10
441 76 339 337 57 139 122 225 221 400
4 16 8
43 128 237 11 91 39 396 392
1 8 9
220 80 24 401 254 297 229 426 62
5 11 20
319 82 286 336 173 132 50 174 206 91 480 95 136 220 122 457 283 388 299 264
5 9 22
143 85 260 389 59 57 431 281 377 422 145 302 317 303 344 198 306 491 335 342 181 371
5 15 11
433 342 47 49 62 244 431 35 95 152 210
1 23 2
102 391
1 4 16
170 402 257 43 429 128 363 480 283 50 221 136 83 313 297 362
2 6 16
436 387 196 73 462 338 76 110 444 494 327 156 158 221 488 51
1 10 6
354 3 353 213 139 454
9 20 16
169 144 361 446 22 273 76 310 183 190 117 369 468 236 298 91
12 22 18
96 118 295 134 33 236 454 58 168 183 437 31 91 46 109 492 486 431
1 4 20
353 65 155 52 67 418 20 405 470 138 27 104 325 411 127 118 294 275 258 141
14 20 22
72 171 32 233 204 436 220 392 318 305 119 37 8 330 92 85 6 25 99 22 170 353
5 15 14
409 236 253 121 28 477 435 305 200 80 345 309 473 432
3 19 5
66 432 114 338 206
10 18 17
143 72 489 87 312 109 470 38 246 173 323 172 406 136 416 101 401
4 7 25
487 60 488 198 267 264 58 18 31 470 164 298 17 387 154 345 350 472 115 404 108 329 94 258 301
9 20 15
231 162 321 84 339 87 337 24 71 260 454 393 160 212 73
1 11 5
22 413 274 479 72
5 15 10
157 420 53 252 300 493 81 480 40 65
5 18 10
486 242 155 238 6 100 104 437 60 35
1 34 2
362 155
9 21 14
128 269 73 142 330 173 458 85 480 169 14 2 72 90
8 13 23
342 386 89 210 298 365 112 124 215 240 143 76 404 290 257 390 303 11 370 258 299 376 134
2 24 4
41 165 121 193
2 15 7
271 423 457 155 150 126 418
1 22 2
202 319
2 25 4
7 459 431 33
1 25 2
91 129
2 15 6
216 11 368 123 488 196
8 17 15
25 389 291 5 340 176 77 54 22 312 213 478 490 349 228
6 15 16
177 475 376 197 316 154 482 362 157 123 231 380 427 368 253 312
3 10 15
345 222 120 104 417 119 428 247 333 287 18 144 185 272 363
3 26 5
283 171 330 378 331
1 27 2
183 435
2 15 5
100 170 200 149 355
4 16 9
379 473 263 240 410 59 91 446 232
4 23 6
324 295 485 119 409 58
13 18 24
170 289 377 381 409 1 25 57 294 326 252 492 185 488 364 268 69 217 75 425 445 386 319 276
5 15 12
17 295 445 310 79 366 168 456 316 39 340 300
1 12 4
238 357 49 476
9 15 22
203 469 156 431 269 29 78 107 355 412 272 10 430 422 32 340 151 464 62 183 487 345
1 5 15
429 36 417 239 308 136 164 149 379 370 481 479 177 482 171
1 4 18
10 349 351 45 162 138 448 253 482 106 12 147 118 197 286 74 450 226
12 18 22
144 245 308 65 31 314 367 365 69 444 409 447 285 241 291 421 374 1 378 307 26 100
7 22 11
353 185 264 13 271 109 376 478 201 382 484
1 22 3
269 409 245
7 13 21
392 146 155 358 47 60 246 414 469 275 327 153 205 449 357 485 11 362 74 413 237
9 18 18
210 286 392 193 200 34 192 134 240 431 198 315 241 464 132 0 454 164
2 10 10
282 410 141 286 166 418 83 94 25 265
3 8 17
188 102 205 280 306 27 354 145 125 487 204 477 395 426 256 480 268
8 15 18
19 150 372 345 314 136 89 167 37 33 490 122 435 249 218 96 194 4
10 20 16
194 247 7 310 103 321 276 445 72 208 295 134 210 104 128 457
4 17 10
74 269 309 215 56 18 254 227 101 217
2 11 10
411 478 353 403 113 170 444 292 370 310
9 14 21
292 235 441 124 366 96 133 412 210 203 182 288 132 196 101 88 30 400 270 179 463
1 12 5
50 325 455 39 427
13 18 25
181 142 81 306 370 277 218 6 194 143 136 233 174 41 135 472 278 2 480 432 453 387 401 255 139
13 23 20
424 414 250 212 466 380 191 152 352 133 12 260 350 286 426 472 165 276 136 282
8 12 25
328 259 476 41 61 17 177 311 286 201 103 234 494 450 204 65 22 55 96 365 329 182 37 330 86
1 3 24
346 24 106 93 384 199 487 491 294 360 275 295 465 185 158 164 441 178 308 260 232 412 246 342
1 7 8
421 12 31 254 51 396 114 313
11 15 25
71 17 41 275 0 164 480 19 358 16 457 373 56 175 31 435 121 20 449 360 497 135 93 195 291
