500 1500 775
11 35 23 35 40 27 19 28 21 23 34 22 35 16 29 28 39 29 30 20 39 28 25 37 32 30 34 24 20 14 19 13 27 11 36 40 34 36 15 30 18 14 14 24 16 30 40 38 31 24 31 28 36 28 37 32 15 36 19 16 18 11 36 31 21 21 13 28 27 27 18 38 24 24 30 13 27 30 37 18 18 37 13 27 34 19 14 40 12 34 33 16 19 25 19 22 22 25 31 18 11 17 21 30 13 35 18 26 40 20 40 25 29 29 40 23 34 28 12 36 12 11 20 19 28 22 13 30 16 12 40 15 13 40 37 19 27 15 20 31 25 13 22 17 24 26 11 37 18 31 21 15 13 28 13 35 19 32 19 24 31 19 13 33 17 39 38 22 12 18 17 28 15 13 34 30 38 15 16 37 30 28 35 12 23 40 37 34 32 32 15 27 31 13 36 16 38 39 29 32 25 38 18 20 33 13 18 27 13 35 34 26 37 30 28 31 19 28 36 34 19 17 13 22 33 23 34 17 17 24 29 20 34 22 14 16 25 24 36 39 18 20 26 34 20 22 24 37 39 39 12 27 35 22 39 22 11 28 20 24 34 35 21 31 19 21 26 40 25 17 20 15 12 26 15 33 12 24 33 23 20 11 26 20 40 38 26 32 34 13 16 16 30 16 25 37 21 24 38 33 21 32 12 16 37 36 35 18 32 36 33 18 23 33 26 19 16 16 11 28 25 28 11 20 27 26 11 40 11 29 15 20 30 39 21 24 21 26 24 24 12 39 31 30 33 17 24 13 15 40 21 28 18 40 14 16 13 27 35 22 33 24 21 13 30 28 38 12 32 36 23 31 19 13 26 20 36 36 37 26 11 21 33 21 40 26 22 24 30 36 37 29 25 17 13 32 20 38 35 11 35 27 26 25 23 14 16 19 22 40 27 32 13 20 29 36 11 31 12 32 27 32 16 22 19 12 14 29 19 30 30 16 32 34 12 39 24 39 18 31 35 39 23 16 40 36 36 18 36 11 25 38 27 29 33 24 23 24 17 13 13 20 38 19 37 34 29 39 20 38 17 15 33 25 36 25 12 32 19 13 36 35 24 17 35 38 18 34 28 20 38 16 19 27 25 22 14 21 35 15
1 25 13 25 30 17 9 18 11 13 24 12 25 6 19 18 29 19 20 10 29 18 15 27 22 20 24 14 10 4 9 3 17 1 26 30 24 26 5 20 8 4 4 14 6 20 30 28 21 14 21 18 26 18 27 22 5 26 9 6 8 1 26 21 11 11 3 18 17 17 8 28 14 14 20 3 17 20 27 8 8 27 3 17 24 9 4 30 2 24 23 6 9 15 9 12 12 15 21 8 1 7 11 20 3 25 8 16 30 10 30 15 19 19 30 13 24 18 2 26 2 1 10 9 18 12 3 20 6 2 30 5 3 30 27 9 17 5 10 21 15 3 12 7 14 16 1 27 8 21 11 5 3 18 3 25 9 22 9 14 21 9 3 23 7 29 28 12 2 8 7 18 5 3 24 20 28 5 6 27 20 18 25 2 13 30 27 24 22 22 5 17 21 3 26 6 28 29 19 22 15 28 8 10 23 3 8 17 3 25 24 16 27 20 18 21 9 18 26 24 9 7 3 12 23 13 24 7 7 14 19 10 24 12 4 6 15 14 26 29 8 10 16 24 10 12 14 27 29 29 2 17 25 12 29 12 1 18 10 14 24 25 11 21 9 11 16 30 15 7 10 5 2 16 5 23 2 14 23 13 10 1 16 10 30 28 16 22 24 3 6 6 20 6 15 27 11 14 28 23 11 22 2 6 27 26 25 8 22 26 23 8 13 23 16 9 6 6 1 18 15 18 1 10 17 16 1 30 1 19 5 10 20 29 11 14 11 16 14 14 2 29 21 20 23 7 14 3 5 30 11 18 8 30 4 6 3 17 25 12 23 14 11 3 20 18 28 2 22 26 13 21 9 3 16 10 26 26 27 16 1 11 23 11 30 16 12 14 20 26 27 19 15 7 3 22 10 28 25 1 25 17 16 15 13 4 6 9 12 30 17 22 3 10 19 26 1 21 2 22 17 22 6 12 9 2 4 19 9 20 20 6 22 24 2 29 14 29 8 21 25 29 13 6 30 26 26 8 26 1 15 28 17 19 23 14 13 14 7 3 3 10 28 9 27 24 19 29 10 28 7 5 23 15 26 15 2 22 9 3 26 25 14 7 25 28 8 24 18 10 28 6 9 17 15 12 4 11 25 5
3 14 9
223 432 222 153 338 439 482 44 185
3 25 6
480 350 251 165 57 444
1 20 3
120 366 225
1 9 5
375 266 6 58 393
2 7 14
154 61 236 306 21 330 104 234 46 403 257 6 43 376
4 24 7
84 108 159 22 398 498 58
3 11 12
309 204 90 77 464 348 352 370 483 273 0 186
9 16 19
236 373 446 32 202 424 318 414 179 324 435 284 489 482 96 124 486 193 200
2 12 8
150 466 454 184 465 181 30 143
3 24 5
338 20 271 497 176
8 16 13
264 100 410 347 13 470 162 485 413 137 301 99 417
7 13 21
319 38 325 326 283 249 360 450 240 421 158 337 250 18 28 330 467 485 185 133 494
1 17 3
419 307 265
1 9 6
458 449 440 94 27 456
1 12 6
179 154 118 65 436 485
3 8 16
235 156 469 64 339 309 473 316 318 198 56 125 362 73 237 355
1 20 3
142 494 155
1 4 17
231 403 267 409 338 449 257 252 127 400 391 451 358 21 402 301 182
13 18 23
402 380 187 316 88 211 443 383 467 363 319 246 218 498 129 481 486 257 15 232 171 311 335
9 20 15
139 491 1 82 261 93 203 38 436 446 463 249 450 259 153
5 13 16
109 361 76 309 120 371 129 157 487 180 52 420 267 105 279 468
2 19 4
372 452 107 211
16 20 25
391 26 0 192 181 433 174 91 370 430 397 338 29 409 165 96 73 268 274 237 417 138 427 148 293
4 13 13
237 146 471 491 179 139 477 265 235 172 155 458 252
4 13 11
136 368 211 353 141 407 227 33 274 138 476
2 5 19
2 27 41 24 120 492 119 96 83 178 319 140 164 355 270 130 116 167 419
5 22 8
89 495 368 312 95 205 139 26
2 17 5
370 172 165 211 383
3 7 19
261 127 90 252 228 236 91 266 345 388 315 347 400 295 419 454 166 10 23
2 6 18
124 7 129 127 214 117 485 478 27 237 109 380 181 383 273 368 16 217
2 9 12
33 198 90 38 389 386 201 337 390 493 230 302
1 9 8
85 52 412 469 205 387 394 210
7 19 13
118 351 134 55 477 340 413 231 462 427 77 0 278
2 23 4
483 297 199 249
9 18 15
258 154 449 297 252 213 222 79 69 355 374 167 466 391 39
10 22 17
214 119 103 474 369 61 129 88 492 133 142 423 134 397 325 477 179
3 12 11
46 467 289 431 428 250 66 309 222 221 100
3 6 24
94 115 20 279 469 200 403 321 430 374 382 199 478 284 339 446 102 60 418 422 485 73 267 480
3 14 10
133 121 185 236 339 145 42 472 411 155
9 15 19
157 416 245 207 141 83 347 164 77 293 317 320 262 18 285 449 138 1 104
3 11 12
227 374 78 311 273 450 355 152 411 437 105 112
1 17 3
438 68 266
14 20 21
255 296 149 258 15 491 275 406 194 161 18 197 30 326 160 94 331 96 288 371 398
1 4 16
346 357 276 234 428 397 367 373 5 87 448 365 40 21 81 174
3 8 17
250 254 342 300 46 236 393 478 158 173 382 226 203 186 258 292 174
4 21 7
409 483 185 332 374 29 393
7 25 11
189 186 44 441 46 37 96 298 446 447 223
4 15 11
171 57 342 390 1 461 288 90 29 387 61
4 18 8
422 62 337 369 450 265 323 64
3 23 6
347 196 273 134 415 466
15 18 24
21 329 158 94 69 82 370 12 55 362 326 142 233 139 259 300 306 401 200 337 163 7 268 150
10 18 19
122 57 227 165 432 225 78 103 15 113 479 473 430 7 300 32 71 411 234
1 13 5
89 410 45 360 137
1 3 21
453 442 457 327 190 460 270 354 7 99 24 351 148 320 330 19 118 92 431 200 229
6 19 11
144 242 374 187 478 301 77 262 160 9 48
7 10 25
289 252 372 280 419 316 208 383 190 370 6 458 432 181 124 269 349 26 388 191 74 219 229 34 82
1 11 6
168 95 273 487 238 148
4 17 9
210 190 282 379 432 100 294 68 114
2 12 7
234 447 193 204 392 323 180
16 21 24
290 336 426 295 319 266 358 267 276 145 464 466 351 199 195 339 473 2 400 279 158 359 432 398
4 8 17
449 69 61 351 332 223 21 323 363 329 194 22 277 221 169 326 56
7 20 11
149 404 132 238 158 348 27 290 333 97 188
5 12 16
188 259 79 352 240 275 65 85 94 242 174 353 364 468 338 453
5 18 8
443 405 422 62 224 66 297 140
16 21 24
335 249 28 123 40 180 462 321 120 371 95 265 171 393 47 437 244 48 441 36 289 495 30 243
12 15 24
236 63 489 54 338 497 242 347 173 177 146 238 60 194 496 339 228 493 29 356 6 106 375 89
6 11 21
439 182 272 484 414 496 16 209 164 287 387 160 143 296 365 169 404 252 114 266 129
1 4 15
481 146 105 386 375 459 244 458 156 43 79 10 18 485 8
2 9 11
465 56 6 195 466 325 349 184 280 302 158
6 9 25
388 122 171 407 276 274 352 93 279 108 434 472 296 309 261 21 221 157 229 173 357 71 27 399 316
6 19 9
422 59 7 77 73 228 119 280 408
1 5 13
477 44 498 216 389 374 446 397 140 476 205 195 224
12 19 24
448 368 16 171 267 125 188 214 288 231 76 161 261 111 257 451 327 356 50 309 144 398 404 305
1 22 2
120 299
1 17 4
388 20 277 100
3 10 13
340 135 322 155 330 433 388 473 425 7 238 466 73
1 17 4
275 66 400 69
1 14 4
186 396 340 129
3 25 5
438 465 469 474 173
3 20 6
69 181 482 155 86 175
11 16 24
144 196 271 20 316 56 206 150 377 175 130 103 11 163 357 425 350 180 339 368 406 391 491 462
11 18 22
63 351 479 54 71 354 466 203 16 301 70 349 39 457 182 124 226 37 318 154 338 207
4 9 19
492 329 394 436 38 379 318 82 194 391 397 351 10 322 457 12 252 50 453
2 4 23
17 217 460 9 121 246 244 334 328 81 60 314 283 285 467 395 233 380 433 90 193 381 302
7 11 25
118 187 131 54 453 42 410 448 120 245 384 393 467 38 292 159 46 84 341 316 161 227 31 18 382
14 17 25
270 452 440 285 130 230 60 36 30 494 91 337 479 412 290 322 25 162 109 2 371 481 264 449 393
4 11 13
396 203 152 208 145 279 182 191 389 473 325 53 235
5 22 9
449 125 284 432 392 411 466 333 192
10 21 15
119 287 10 410 96 171 105 357 152 153 407 296 491 51 492
2 20 5
208 441 301 417 67
1 14 2
33 170
2 11 9
91 472 12 58 162 138 100 23 488
12 17 24
242 274 471 470 117 249 43 48 75 285 350 369 106 452 492 390 32 275 400 382 209 363 27 255
4 21 9
362 290 87 218 382 409 179 465 298
7 22 12
313 168 309 391 474 430 401 68 199 415 490 26
2 23 4
263 399 392 305
8 21 13
435 19 72 376 226 418 449 355 184 265 23 338 209
1 18 3
471 52 135
13 17 23
52 233 145 453 311 268 428 331 164 199 143 414 449 292 5 217 310 374 86 407 429 406 476
5 21 10
396 65 37 46 323 343 155 287 79 4
10 19 18
163 150 470 313 210 485 285 343 428 352 275 187 86 220 221 367 213 225
4 8 21
180 295 55 323 302 271 88 477 349 116 312 372 408 374 257 165 233 410 6 65 355
1 3 22
178 28 107 105 464 296 309 251 376 281 268 101 86 234 223 140 360 65 156 78 27 133
3 10 14
441 292 325 106 83 297 142 65 238 409 61 37 12 90
4 14 12
159 93 376 176 47 399 402 422 78 22 76 362
3 7 21
200 13 39 153 461 465 233 81 136 162 48 179 202 269 463 37 284 66 453 18 197
5 19 10
92 140 415 18 229 68 456 185 299 427
4 11 14
403 96 48 44 313 115 67 340 249 6 329 436 45 282
13 20 20
10 192 171 488 222 248 378 293 131 38 420 49 297 306 34 61 407 142 373 479
7 12 21
483 495 303 361 289 20 294 499 49 70 343 1 443 94 249 398 83 415 413 170 29
3 11 9
410 393 223 281 85 228 207 425 215
6 18 10
58 483 293 275 493 375 464 374 300 361
4 15 12
88 110 237 135 474 164 299 285 169 216 77 445
1 5 15
394 345 325 17 378 497 37 490 388 260 495 233 290 182 251
1 18 2
283 164
2 21 3
412 377 330
5 12 15
268 320 351 196 50 49 172 156 224 97 193 92 276 152 139
10 17 23
122 95 260 464 32 113 52 294 210 241 164 385 10 337 108 481 366 249 139 103 248 268 233
1 4 18
435 473 485 290 61 232 261 187 161 154 413 189 312 69 464 332 59 288
6 19 9
60 475 42 139 354 41 218 34 31
2 14 7
255 481 24 15 434 360 365
1 9 7
496 330 417 297 113 59 182
6 11 21
58 116 18 401 394 430 447 136 422 167 20 152 43 231 385 87 393 308 220 209 13
4 10 17
257 424 276 310 321 476 303 40 233 262 353 429 221 490 212 111 73
11 14 25
363 280 308 101 354 233 0 232 28 437 490 380 153 4 312 152 102 181 377 338 405 265 5 121 393
3 8 19
376 496 79 205 461 251 20 163 284 25 260 426 428 444 142 3 459 296 336
2 8 11
94 365 190 103 396 369 403 354 471 434 161
2 8 13
84 327 37 29 77 293 372 246 76 387 86 41 193
2 9 11
236 256 301 371 9 137 16 270 315 251 380
3 11 9
0 450 177 138 129 146 309 426 70
1 9 8
130 308 376 90 151 255 212 324
11 20 19
256 110 437 168 188 71 97 423 291 7 362 29 279 103 199 439 37 87 460
15 23 23
475 51 327 249 218 88 397 80 188 451 368 361 360 418 40 196 254 73 326 492 182 125 444
1 8 8
79 180 455 217 86 458 402 16
6 9 25
230 339 96 130 395 184 268 50 107 151 131 413 59 137 498 309 282 470 12 14 352 342 388 311 37
1 7 9
400 496 138 255 41 172 174 394 173
3 8 19
314 166 469 489 218 114 148 93 391 75 290 128 147 249 265 52 449 442 113
1 8 9
482 150 48 9 80 476 440 198 397
7 13 23
117 492 178 116 112 490 61 433 46 8 440 432 384 201 161 439 313 484 468 284 31 449 176
8 15 19
484 382 0 121 129 420 214 400 256 312 219 450 304 296 319 83 272 459 180
2 23 4
352 195 186 333
8 17 18
395 273 134 116 151 123 288 371 447 38 489 401 361 119 26 498 16 212
3 14 7
432 94 97 235 6 217 60
2 5 22
212 335 413 291 193 352 369 270 71 201 470 486 45 134 432 66 357 249 188 206 146 229
5 13 17
404 248 62 146 212 351 141 28 0 229 333 251 302 435 484 151 420
5 17 11
243 55 231 34 215 146 324 316 293 36 383
3 10 13
281 250 112 302 188 235 226 309 280 350 361 173 303
8 17 12
277 58 363 431 412 62 193 438 129 339 267 336
5 19 8
406 256 4 262 277 319 427 44
3 11 11
74 296 257 49 320 8 53 116 96 399 201
2 23 3
137 124 379
8 13 22
286 248 174 420 205 181 28 0 449 402 399 247 273 400 438 219 217 436 288 200 454 311
6 12 18
326 70 149 56 137 380 287 477 298 74 225 386 457 426 398 162 296 383
2 10 11
327 37 197 3 136 96 431 180 247 291 58
7 12 22
275 493 463 116 107 59 303 77 441 334 495 90 55 380 415 417 419 157 456 219 433 337
1 5 13
386 245 71 6 369 488 51 193 272 159 5 324 365
2 29 3
60 57 219
3 27 5
46 78 66 440 266
9 16 20
391 415 195 158 375 447 124 81 217 486 378 39 52 399 213 93 474 162 126 317
2 15 7
267 223 495 69 313 373 155
2 14 7
296 369 28 88 124 165 136
4 20 7
1 395 32 355 92 387 337
3 21 5
31 73 285 335 158
1 4 17
54 21 351 114 400 135 357 313 62 410 366 338 78 173 92 248 189
6 14 17
176 193 187 175 396 49 491 225 14 448 404 289 178 437 362 262 204
4 11 16
5 93 117 254 200 452 333 373 73 194 29 454 403 222 284 280
1 4 16
83 113 114 320 86 389 323 32 69 232 85 410 345 245 199 392
1 21 2
352 43
6 19 10
32 487 426 302 143 395 256 469 228 268
12 18 22
15 172 472 375 445 185 157 386 39 13 428 345 238 440 208 171 113 473 412 70 162 427
1 9 8
397 345 496 487 273 342 114 354
13 18 23
75 319 256 379 45 19 27 448 229 276 246 213 408 113 345 346 328 295 332 395 87 171 168
2 4 22
365 434 290 17 420 92 482 245 169 246 250 377 450 244 351 192 80 256 396 320 478 184
4 20 8
139 56 445 454 68 474 370 277
4 7 25
400 384 276 345 473 175 405 59 183 287 146 319 56 11 171 217 363 379 459 57 72 293 84 253 316
2 11 10
251 38 115 238 139 247 303 326 409 236
2 6 17
325 174 195 185 84 219 46 367 449 250 170 463 79 391 334 291 487
14 18 22
133 163 374 85 406 65 326 129 370 196 256 80 307 126 183 342 60 415 259 94 353 338
15 20 24
174 168 343 234 194 201 156 468 298 350 47 431 421 90 32 146 162 37 38 430 11 64 331 267
8 13 23
287 470 295 217 224 275 383 25 206 449 255 191 50 118 16 67 277 19 126 216 310 389 378
4 16 11
415 292 374 250 35 243 331 11 13 91 384
14 18 24
483 307 228 492 170 385 119 42 116 141 359 294 316 496 242 409 341 98 124 423 50 16 262 44
3 11 13
324 291 14 332 69 384 134 145 116 458 278 311 376
1 21 3
14 339 34
11 16 25
376 110 58 106 122 115 98 371 175 241 237 358 100 36 213 128 380 172 142 400 236 3 482 451 323
7 22 12
494 166 308 406 198 147 366 77 425 292 346 116
6 13 15
149 19 236 56 135 4 82 75 297 206 102 134 396 383 172
5 19 8
181 128 104 425 173 78 294 465
11 16 24
278 112 156 346 54 467 309 127 68 94 332 227 194 113 111 13 396 384 53 478 273 414 431 161
2 10 11
378 7 425 374 211 38 109 391 181 467 464
9 17 16
199 277 126 281 426 215 341 80 91 148 279 376 96 333 407 425
6 15 16
472 343 127 451 244 94 354 198 98 304 228 319 431 494 201 166
16 20 24
167 397 191 268 233 495 174 158 209 51 448 154 98 140 278 317 337 258 188 44 85 280 246 13
11 15 25
393 118 364 6 287 422 218 328 472 429 491 389 316 211 460 174 299 26 269 447 493 430 272 470 227
1 29 2
10 277
9 15 19
266 58 464 92 361 175 198 59 446 294 459 271 277 109 496 237 212 326 414
1 15 5
392 446 409 76 271
4 24 7
357 139 196 273 78 346 437
5 11 15
399 361 21 430 355 95 380 449 313 72 360 91 152 357 233
3 8 17
401 375 73 281 150 459 13 187 204 383 108 447 179 105 161 434 79
6 15 16
297 146 151 446 474 7 425 15 343 34 64 473 421 400 439 185
2 5 23
244 282 264 173 89 2 72 353 278 295 185 66 29 407 82 53 6 181 284 276 129 382 308
2 25 3
113 275 132
3 9 17
173 371 292 428 178 384 390 338 12 26 154 298 470 360 462 454 465
10 20 16
438 4 336 411 139 228 174 326 488 251 407 356 247 358 259 164
6 15 15
204 400 401 149 4 136 430 302 161 11 29 316 293 199 173
2 6 19
229 127 381 262 69 181 142 108 394 453 450 119 110 281 128 246 107 230 286
1 13 4
148 150 368 486
9 14 22
279 111 28 297 299 305 229 54 118 157 412 377 68 217 294 496 175 466 497 122 119 184
9 17 20
246 68 238 264 80 498 232 447 233 452 441 349 380 4 401 112 157 189 276 187
1 28 2
147 6
1 7 10
16 81 37 66 116 301 414 14 150 223
2 14 7
381 71 379 160 18 115 231
12 20 21
1 288 87 114 173 273 136 431 213 485 379 318 372 333 266 155 326 418 183 335 234
4 7 21
83 192 30 34 469 416 13 380 302 217 129 375 63 125 271 230 96 77 282 136 478
6 12 21
325 454 86 118 248 33 422 165 239 58 173 366 282 116 371 163 189 390 44 211 300
2 5 21
438 109 292 145 80 498 457 328 374 369 378 359 150 33 105 64 450 355 259 138 415
4 9 17
412 120 162 26 84 303 487 235 14 245 263 363 402 55 51 432 321
3 6 25
435 377 118 243 328 390 372 456 154 402 300 486 127 98 344 307 206 34 349 74 439 222 257 269 454
12 18 20
106 418 276 205 440 446 238 392 358 5 194 158 379 109 73 363 223 311 291 135
12 17 23
358 491 105 246 478 163 253 456 242 148 282 186 405 406 494 127 214 161 290 294 288 90 366
2 16 5
475 75 404 275 56
4 9 20
71 178 347 421 386 301 249 391 52 438 106 361 384 213 270 25 160 183 449 237
2 6 17
167 28 455 470 93 364 415 85 56 299 282 197 199 395 262 309 10
3 16 8
240 348 439 137 155 52 128 77
3 12 12
276 223 296 173 71 222 209 117 389 462 488 317
2 5 20
297 135 194 486 353 99 25 320 241 121 185 448 221 356 127 475 395 124 122 310
4 8 23
94 319 461 84 60 465 462 39 353 317 220 4 363 2 90 296 384 213 191 394 156 253 343
4 17 11
465 425 477 350 196 446 112 185 4 149 86
2 10 10
34 347 292 120 354 38 371 330 89 156
1 10 5
8 128 113 461 158
11 19 20
445 321 472 243 490 102 215 205 145 341 491 88 253 298 299 497 139 148 459 220
6 19 9
215 363 275 206 302 172 315 19 4
7 19 13
485 261 220 184 117 131 63 236 295 97 140 90 447
1 8 10
477 4 130 476 219 252 166 233 11 246
5 13 15
315 398 112 239 227 102 139 125 235 6 345 15 115 242 472
7 13 17
336 128 41 273 461 454 330 144 432 479 91 311 228 189 124 490 168
1 21 2
478 361
1 20 3
270 95 114
5 10 19
190 470 403 272 321 452 171 181 230 210 468 96 196 247 457 334 89 44 351
1 3 23
479 493 7 276 422 98 291 166 175 73 197 17 483 341 66 55 332 309 391 235 225 106 267
10 16 20
194 158 203 360 312 95 296 358 253 362 157 443 60 39 405 499 242 297 46 107
4 16 6
177 387 88 359 173 457
9 15 16
56 470 492 118 259 296 305 430 434 94 216 303 281 161 185 82
14 18 24
83 229 432 453 313 282 370 350 381 98 335 94 177 344 220 306 259 256 68 470 114 276 284 60
5 10 20
353 435 393 132 311 396 469 50 208 141 429 104 56 146 88 419 371 84 428 432
12 19 22
448 6 451 442 346 437 379 276 16 351 428 61 256 39 337 26 171 410 197 65 117 484
3 13 11
426 413 480 498 56 425 59 186 87 35 430
9 14 25
442 96 240 467 287 200 288 145 231 89 267 269 493 39 27 239 8 284 179 242 475 7 36 20 2
3 14 8
272 452 338 68 410 445 145 122
5 16 12
381 424 430 415 276 153 99 94 98 71 45 48
4 9 20
399 42 213 492 163 80 208 233 118 138 130 487 229 100 480 306 455 305 351 426
1 6 12
241 102 365 42 221 400 201 29 440 383 58 60
10 18 16
56 369 166 434 291 333 449 422 438 375 421 288 206 479 135 70
3 7 20
343 315 486 18 204 37 428 124 426 44 400 398 89 377 305 32 54 379 167 425
1 22 2
360 88
1 6 12
446 2 459 442 379 457 325 463 496 356 436 415
8 21 12
6 140 295 277 11 190 91 212 299 236 263 262
2 7 14
495 426 65 184 162 345 408 424 203 105 347 33 48 376
1 10 7
120 401 166 361 24 497 491
3 12 12
403 282 85 165 348 287 84 50 354 389 254 445
4 22 7
358 152 423 369 39 289 474
6 15 14
183 372 245 465 213 3 27 356 73 264 53 288 453 290
3 21 7
61 337 384 298 130 92 440
5 9 23
113 352 257 55 97 14 73 366 222 387 49 224 211 381 390 370 199 147 78 207 190 204 137
7 13 19
415 447 478 331 357 254 223 256 308 350 499 375 477 78 44 226 234 227 372
6 12 19
290 349 466 303 189 231 173 150 128 455 485 480 288 43 471 332 32 276 238
6 11 20
68 346 471 36 278 486 392 477 306 109 358 243 143 161 362 266 25 290 479 94
3 18 8
176 85 429 306 421 229 141 349
11 15 25
94 29 264 133 62 319 263 395 348 83 448 426 473 31 41 118 487 222 357 216 19 351 60 165 405
13 17 22
394 116 180 473 341 324 361 466 357 425 403 58 245 416 372 387 9 120 292 496 405 418
2 13 5
430 478 190 156 129
3 18 5
368 7 195 75 227
4 9 18
380 355 321 84 186 230 259 98 381 60 121 428 74 26 170 153 96 267
14 18 24
18 52 25 178 341 424 204 190 88 360 438 142 318 299 300 242 20 322 317 131 141 29 419 229
2 8 13
14 60 395 273 105 194 349 357 222 253 234 240 67
8 19 14
309 220 352 411 359 311 310 336 183 121 284 215 23 268
1 3 20
256 50 255 57 313 354 315 322 193 385 336 296 168 305 283 235 122 91 119 349
10 15 22
96 496 309 279 367 227 423 283 69 350 335 397 449 432 437 395 113 454 38 386 252 325
5 13 12
453 323 203 116 13 359 302 397 455 393 30 59
3 7 18
53 414 179 318 350 245 449 355 347 282 385 466 174 194 241 157 215 111
6 26 9
181 47 439 18 407 57 69 376 409
15 18 25
120 337 144 424 55 6 220 241 210 171 296 102 10 170 431 342 219 481 89 289 112 316 496 292 0
7 10 25
227 233 288 251 355 159 314 458 70 42 215 321 122 345 487 362 52 196 147 334 137 330 237 191 430
2 8 10
17 184 442 222 178 283 308 458 208 251
6 17 14
160 86 50 483 496 81 47 235 232 378 214 258 95 430
1 6 12
36 349 381 404 266 96 125 164 495 218 407 368
5 23 8
166 2 272 325 175 377 310 482
1 4 15
432 33 436 370 391 82 223 52 279 382 62 32 171 176 194
8 20 13
36 340 19 86 355 293 380 349 65 188 390 252 295
3 12 11
122 23 283 58 304 324 337 357 213 335 364
5 20 9
150 7 224 188 443 330 263 230 466
9 22 14
451 40 223 343 149 358 48 119 196 328 172 499 329 231
5 16 13
239 25 423 270 394 52 301 274 348 118 397 119 20
2 13 6
77 104 263 221 265 426
2 13 6
43 275 476 231 56 200
2 16 6
384 182 296 314 169 132
2 18 6
196 334 375 136 157 462
5 16 12
204 234 3 199 125 14 375 451 278 388 53 253
1 3 21
49 100 119 482 216 343 205 236 421 447 245 309 387 231 341 229 473 54 299 464 411
9 21 14
251 236 423 46 113 228 255 404 3 436 65 285 5 472
2 11 8
444 72 350 269 362 257 227 434
4 13 13
460 468 80 392 362 20 415 60 265 465 441 256 88
6 10 22
184 109 102 297 135 335 360 289 361 172 343 422 167 121 408 218 414 324 213 318 261 354
2 15 6
42 405 321 18 238 6
6 15 10
452 356 302 117 496 200 478 66 49 470
4 10 18
163 339 271 451 396 353 438 157 307 400 493 21 386 153 377 481 125 425
10 13 25
450 461 336 441 118 137 272 406 2 451 189 63 264 434 364 314 392 139 97 200 344 464 251 297 312
12 22 19
3 315 424 342 27 105 153 481 275 124 45 249 176 109 331 464 372 202 388
7 17 16
25 267 340 155 357 182 418 485 469 0 80 255 217 233 228 213
5 8 25
189 226 65 331 395 53 95 272 224 329 228 255 413 357 371 442 108 246 292 495 249 236 291 194 307
1 6 11
291 464 99 454 279 9 96 181 275 40 312
5 12 17
209 226 360 483 415 307 105 314 150 416 247 128 438 137 428 217 16
2 22 4
137 275 69 63
12 16 24
410 435 327 182 491 325 281 402 437 330 43 184 391 434 244 5 342 331 375 408 458 86 219 300
4 21 7
111 162 182 175 319 120 204
1 8 9
191 443 484 261 342 274 110 260 297
2 5 21
156 183 324 152 445 63 199 349 166 60 399 345 428 292 255 422 117 214 470 430 168
6 19 13
445 76 352 137 212 70 152 366 250 138 341 349 467
8 13 22
50 195 161 211 128 236 169 136 46 242 234 11 447 70 299 170 86 241 305 17 77 304
14 19 22
55 171 431 220 315 163 87 41 4 178 59 344 290 317 6 273 387 144 478 251 480 69
4 14 10
226 179 58 390 380 264 42 311 122 56
1 6 12
155 13 393 405 395 57 27 297 207 4 267 177
1 12 6
97 400 179 48 401 291
10 21 17
51 441 435 73 53 244 269 450 151 376 89 37 289 1 50 337 122
2 14 8
21 41 133 382 254 369 66 251
14 18 24
420 393 90 423 338 418 218 299 61 46 303 81 139 290 432 320 388 280 191 362 49 489 151 39
8 17 16
438 21 423 456 229 192 390 398 298 375 145 48 457 424 148 455
3 12 11
334 280 85 444 14 455 474 497 468 139 275
1 14 4
123 151 396 464
5 8 24
268 303 276 80 167 364 116 292 475 457 396 367 499 442 90 346 317 223 201 362 279 430 189 129
1 3 20
49 352 368 207 462 438 26 130 154 113 100 38 306 187 467 156 52 414 143 457
6 12 21
397 328 65 35 278 81 352 271 106 116 147 401 185 132 220 129 469 43 218 246 221
6 22 9
346 40 249 162 242 20 133 193 291
8 16 20
313 24 62 262 81 37 237 291 409 456 233 450 61 42 209 56 416 465 149 249
1 17 2
293 202
13 18 25
105 481 246 387 364 136 406 260 21 213 356 305 24 63 434 42 211 36 128 389 402 384 56 410 239
5 9 20
244 26 392 226 346 220 342 50 433 318 19 174 393 388 287 195 227 63 420 140
1 6 10
499 264 99 452 495 170 178 424 164 186
1 19 2
405 97
6 16 15
94 254 309 260 31 238 407 315 348 364 296 417 249 196 126
2 4 24
228 41 271 229 493 345 284 331 302 114 42 153 161 151 120 268 355 290 233 379 415 189 393 81
4 13 13
245 463 310 438 389 443 261 262 228 62 119 213 253
1 13 5
236 199 34 138 421
2 7 16
428 400 361 342 412 327 270 324 84 304 486 354 198 154 2 459
4 9 18
115 480 98 217 219 430 5 127 381 22 61 303 290 119 470 265 213 245
1 3 24
197 373 294 178 40 158 405 56 481 166 252 154 125 283 338 96 215 367 468 387 273 476 344 406
10 19 17
173 496 32 427 276 333 425 469 290 166 88 484 452 456 477 168 255
6 11 21
428 228 47 141 116 341 297 364 239 22 150 44 78 433 111 418 175 257 463 68 19
3 14 6
336 88 403 79 64 281
4 10 17
375 193 484 218 1 198 386 24 57 470 451 317 381 231 401 497 334
8 12 25
48 342 454 206 266 469 8 164 410 141 57 322 173 426 452 358 486 344 181 67 77 175 166 147 92
6 12 20
451 21 312 263 139 86 123 203 46 12 255 302 373 37 43 483 286 246 353 145
5 16 10
387 477 399 418 41 194 256 290 159 319
2 4 25
415 20 214 76 263 497 303 292 277 81 302 79 335 376 87 382 336 395 343 235 142 397 36 80 94
4 18 6
206 297 191 142 208 283
3 27 5
89 309 77 472 287
5 10 20
300 321 190 96 26 410 194 32 209 27 235 181 466 72 347 189 433 212 341 252
2 4 24
366 221 83 14 282 294 311 472 100 427 384 226 482 314 116 85 432 261 378 104 137 149 429 120
2 17 6
373 248 449 211 26 116
1 13 2
256 235
1 8 9
191 430 124 63 255 150 349 141 481
1 15 4
289 153 90 496
2 22 5
212 264 444 219 434
2 23 5
417 445 4 300 349
11 20 19
221 458 58 78 442 317 227 116 201 41 200 23 3 429 445 493 127 376 479
5 10 19
74 265 478 499 322 204 469 156 15 66 276 381 483 88 360 83 453 357 25
2 10 8
183 225 335 100 401 124 374 8
1 9 7
301 383 238 417 234 191 199
3 13 11
135 346 463 271 376 61 469 62 405 244 445
13 19 24
38 389 328 339 465 210 73 97 50 472 254 7 27 451 288 396 228 243 173 180 492 261 109 26
7 16 17
345 451 152 320 198 368 299 408 439 174 499 437 346 37 186 241 319
2 10 10
284 366 102 75 98 425 139 95 276 426
4 7 24
97 474 281 452 449 12 182 231 493 219 0 459 69 80 145 18 9 423 125 189 169 430 83 429
3 17 5
486 106 460 266 225
9 18 17
89 221 377 77 39 138 216 408 350 423 44 480 223 391 185 242 191
12 25 18
90 425 441 437 270 409 349 465 486 153 151 6 157 134 165 358 192 71
4 23 7
46 67 498 81 6 463 403
1 3 19
12 242 179 485 376 153 160 86 115 187 382 128 454 436 175 152 34 10 460
1 20 3
408 173 469
12 18 22
38 427 342 131 444 328 259 385 429 449 168 145 62 121 378 496 417 480 17 442 403 207
10 18 21
40 130 224 101 337 388 115 462 483 391 435 247 116 248 102 45 453 444 195 425 358
5 8 24
205 357 21 256 206 273 137 394 226 267 290 480 288 445 82 172 69 12 308 432 459 489 181 475
8 19 15
435 423 497 397 209 135 474 1 348 259 250 62 51 236 156
1 33 2
487 313
3 16 8
14 390 206 422 149 25 279 163
5 8 25
159 244 454 222 295 432 110 193 327 335 417 256 423 153 389 481 430 428 189 387 125 28 202 346 426
16 22 25
304 18 134 491 438 62 392 116 137 335 444 254 124 450 14 234 76 194 120 467 312 37 313 126 251
13 17 20
318 290 354 45 328 458 223 33 373 315 338 358 131 103 5 305 234 433 403 291
12 15 23
194 124 314 341 27 245 459 66 255 161 318 0 140 49 191 118 184 419 67 132 190 263 447
8 17 16
100 493 319 12 27 345 92 264 98 155 118 305 286 303 498 225
8 17 15
314 391 320 424 96 498 169 109 338 411 351 1 11 466 51
2 4 25
254 499 276 100 73 221 91 28 219 274 498 102 143 108 199 481 207 469 168 318 238 96 337 249 57
1 19 3
130 407 394
4 16 10
284 22 490 425 337 290 287 407 303 244
7 19 13
493 475 489 180 166 324 222 382 416 20 75 219 323
2 22 5
165 71 175 464 231
4 15 11
152 295 129 65 410 268 136 390 304 374 497
4 13 11
152 139 53 337 11 259 211 198 145 181 342
4 18 9
7 98 396 171 412 257 340 4 474
2 11 10
73 1 228 84 313 133 264 483 4 34
5 16 12
213 319 118 401 290 198 236 249 36 0 137 130
1 28 2
442 465
10 24 15
20 361 400 402 110 198 398 185 95 169 14 338 409 0 290
4 11 17
43 187 129 447 7 308 333 225 71 444 328 438 388 326 474 106 241
10 19 15
358 498 272 456 340 364 440 346 335 277 233 289 2 6 121
1 15 3
362 200 470
8 20 15
71 314 391 29 117 427 184 227 392 433 165 369 412 10 105
1 37 2
35 3
1 3 20
205 285 217 95 76 44 165 14 352 266 360 49 30 74 190 490 220 254 442 463
4 21 6
291 98 414 463 483 182
12 22 19
278 200 179 492 16 333 472 383 104 128 123 441 180 395 253 77 276 416 435
3 19 6
422 74 387 17 151 306
5 13 15
318 270 413 485 396 193 289 43 319 100 382 17 36 346 433
2 5 20
376 111 208 100 490 407 469 171 55 303 22 484 213 301 248 205 458 143 20 308
3 14 7
214 150 161 31 49 207 463
1 3 22
136 311 127 354 307 463 347 303 126 322 168 140 264 163 490 225 318 145 217 20 180 478
2 26 3
21 404 401
5 16 11
268 423 471 71 342 140 236 22 39 5 465
6 11 20
138 118 177 450 181 172 216 114 447 160 461 77 59 219 336 486 116 421 98 184
1 21 3
144 306 329
1 8 9
248 284 378 324 72 448 414 191 218
7 16 15
81 268 277 57 124 50 94 347 135 334 240 28 360 250 371
3 6 22
478 79 64 192 261 45 347 199 277 23 289 361 13 493 392 426 179 259 123 481 401 110
7 12 20
145 272 425 206 1 105 205 460 311 85 108 295 245 102 234 323 95 491 424 219
2 4 24
495 322 98 291 335 264 445 392 360 147 337 109 499 452 287 22 125 481 470 66 361 54 115 411
1 5 12
499 479 357 226 224 144 157 159 450 105 308 251
4 11 14
357 83 15 379 2 303 413 274 477 467 424 468 300 180
3 7 22
281 496 167 495 22 329 191 244 37 368 498 165 342 441 389 287 435 178 36 136 196 479
1 4 19
48 409 264 69 235 379 134 77 182 455 14 76 234 194 400 66 122 209 413
11 19 18
138 446 371 469 277 118 373 231 312 9 10 467 492 357 226 144 205 237
9 15 22
320 64 161 430 210 139 68 212 302 141 1 10 240 238 37 62 39 279 156 314 393 482
4 11 15
66 413 302 39 142 184 84 233 29 113 247 112 125 110 83
1 18 4
309 119 213 422
6 24 9
273 343 481 322 384 26 232 318 473
7 14 20
182 54 494 119 304 150 315 105 115 295 327 203 147 302 44 232 371 120 410 416
14 20 22
19 84 219 10 154 227 120 94 294 87 343 134 359 369 22 170 103 115 220 198 344 95
3 6 24
24 497 134 245 166 76 70 3 431 71 292 82 441 225 406 107 131 125 493 456 345 14 119 93
2 8 14
186 184 16 135 13 417 307 249 296 414 213 284 250 207
5 18 12
56 254 337 298 201 15 345 38 398 114 302 498
13 22 20
145 319 281 238 414 33 274 465 299 49 117 214 10 436 287 310 485 439 105 367
2 20 3
6 50 302
1 7 9
265 380 199 377 429 325 381 348 449
3 13 6
86 79 484 82 118 137
15 20 25
17 448 182 39 186 233 105 457 123 6 364 319 374 147 310 427 153 461 296 356 162 342 432 298 484
7 15 14
271 245 394 488 43 321 199 455 11 425 138 319 62 375
3 15 7
379 404 491 23 162 143 125
3 21 6
379 222 201 62 374 223
8 20 14
119 28 490 243 9 294 363 477 229 449 445 159 462 255
10 17 22
462 284 55 289 305 237 426 176 438 78 163 260 5 476 357 241 136 76 22 201 43 60
7 23 11
354 172 118 117 138 444 136 267 17 432 196
9 15 23
191 35 440 213 305 186 65 237 386 343 465 365 47 52 224 1 458 375 179 408 57 129 121
1 4 13
233 148 9 43 15 30 279 495 153 325 240 100 222
2 25 3
370 131 147
4 11 14
381 120 326 252 294 12 48 479 47 236 351 169 426 135
11 17 21
431 325 195 217 393 212 319 394 188 420 368 209 222 70 229 272 401 13 475 409 303
1 17 2
43 380
7 16 15
100 252 413 289 481 292 273 316 342 74 227 171 323 9 275
1 25 2
255 365
2 9 11
235 378 78 193 182 56 347 192 231 461 281
4 23 6
190 376 6 209 173 147
3 16 8
151 321 279 445 154 47 365 97
13 20 24
112 435 180 39 350 360 232 110 306 457 498 274 269 335 458 189 46 179 70 284 250 103 32 119
6 19 10
376 185 486 164 225 406 144 237 18 269
4 7 22
291 189 356 186 495 67 347 456 49 211 135 293 332 84 118 393 281 375 484 112 382 41
10 17 17
489 457 496 149 266 136 43 55 14 44 432 449 315 213 200 241 277
6 20 12
238 176 417 131 117 285 279 67 390 494 166 6
3 11 13
215 244 263 358 375 48 268 459 247 487 441 116 148
8 19 15
490 361 290 336 64 74 217 406 15 323 26 80 441 389 117
2 21 4
235 472 378 412
1 21 3
177 136 166
3 20 5
353 222 65 136 154
1 27 2
96 382
1 17 2
159 449
6 13 17
310 498 79 274 381 455 93 300 135 447 214 159 211 57 105 290 263
1 23 2
92 319
4 16 11
53 306 82 460 6 90 147 288 22 81 190
4 12 15
16 211 142 39 447 293 314 205 20 72 255 110 301 192 173
1 9 7
226 14 348 301 29 278 386
1 27 2
290 166
1 5 14
206 404 369 353 248 423 476 260 202 4 344 40 273 374
1 7 10
174 349 59 9 131 453 215 92 305 242
10 18 18
327 332 104 474 21 162 357 10 11 374 393 272 270 142 338 178 0 464
8 13 23
389 382 34 162 480 400 8 491 51 316 435 233 429 354 13 190 88 448 12 387 373 269 149
1 7 11
409 419 471 117 170 174 64 258 82 379 298
2 14 7
406 465 301 498 347 307 398
10 22 16
197 155 7 464 129 441 136 379 187 170 212 8 104 166 339 340
2 13 8
229 124 266 246 20 213 3 183
3 12 10
398 45 169 306 359 407 392 230 471 206
12 16 25
256 478 34 388 154 49 232 90 159 39 131 411 2 407 335 306 318 125 408 218 97 308 247 235 432
6 22 9
13 299 482 297 251 274 34 174 265
8 15 18
290 408 439 318 409 261 456 458 449 445 262 203 302 474 64 103 425 107
12 20 19
53 13 47 113 460 432 282 102 48 154 379 297 477 426 487 385 422 437 388
4 12 13
375 365 43 68 357 490 69 146 419 470 229 380 433
5 12 16
354 207 298 405 259 150 355 179 137 382 140 282 191 360 120 450
1 19 2
458 336
1 12 6
492 127 384 465 429 33
2 19 4
296 7 9 124
3 22 5
134 288 142 272 345
2 12 7
330 39 491 381 29 414 388
4 18 8
364 292 86 330 197 162 299 447
4 12 12
349 39 41 227 374 351 68 142 211 161 265 329
1 14 5
1 171 13 450 54
3 25 5
48 209 196 8 158
4 20 8
317 283 469 363 18 127 179 180
2 13 6
350 461 68 430 231 128
2 5 22
111 495 97 229 142 440 381 123 9 56 253 350 420 114 199 363 419 288 277 35 290 179
1 9 7
233 129 400 226 354 449 11
2 17 4
31 113 403 483
1 4 18
399 498 246 54 482 421 220 435 152 437 447 367 360 85 3 195 351 213
1 12 5
395 449 255 482 45
6 18 12
275 75 175 155 475 430 65 370 284 73 289 493
10 15 24
387 255 290 26 430 407 165 44 418 451 199 80 442 309 119 171 88 357 180 93 126 83 409 19
5 25 8
74 245 198 450 1 238 400 249
7 15 14
255 300 224 182 178 111 67 169 449 322 24 68 203 478
5 18 9
67 420 273 7 0 193 422 479 254
10 21 16
15 200 402 276 325 119 54 491 351 149 466 451 99 219 413 477
10 19 19
97 113 9 381 352 484 62 320 382 244 482 155 490 21 252 283 162 230 108
5 21 8
233 257 411 416 49 99 69 451
4 7 24
317 261 221 125 336 458 273 238 218 260 332 83 290 405 94 294 75 223 184 12 254 347 159 295
10 20 18
87 227 6 436 259 492 394 441 375 161 315 472 46 448 105 68 45 81
2 8 14
31 317 49 178 312 198 238 263 389 130 235 227 2 270
8 20 14
473 216 420 45 185 5 336 462 265 12 302 224 71 27
3 15 8
83 100 250 243 210 202 121 145
2 16 6
7 182 283 227 414 419
12 22 20
137 133 88 417 390 397 142 130 432 391 481 40 444 241 93 484 111 477 381 62
4 17 9
372 25 15 151 311 96 321 437 113
2 21 4
319 220 342 53
1 14 5
20 354 15 492 192
10 15 23
295 428 478 472 157 338 345 303 463 108 265 317 320 229 376 339 368 355 125 452 222 369 216
16 22 24
220 398 360 414 266 138 298 474 135 291 86 26 333 113 80 13 469 204 9 390 217 57 131 304
2 20 4
42 177 16 325
1 4 16
248 53 230 66 37 328 56 446 490 488 322 388 87 120 103 396
4 11 15
292 354 472 186 196 37 82 291 167 471 401 92 263 93 0
4 14 11
373 353 161 391 369 434 420 233 311 273 329
3 23 5
97 463 174 58 469
3 15 6
429 258 211 289 106 220
2 19 5
118 286 484 410 89
3 7 18
68 26 163 76 494 374 314 455 213 107 43 226 185 40 120 270 49 36
2 9 12
482 114 372 128 403 155 81 110 441 125 107 250
8 15 19
157 377 5 361 370 42 379 309 124 324 433 219 31 418 172 230 327 222 61
4 7 25
474 416 346 330 413 86 173 360 19 142 105 493 29 267 499 11 51 146 318 272 53 35 109 54 301
1 7 10
482 264 199 345 176 360 390 298 352 124
7 18 14
72 51 264 240 265 201 290 63 451 17 177 441 394 430
6 16 13
71 392 125 11 89 406 93 362 434 460 20 283 417
2 6 17
55 163 247 325 389 297 198 173 416 313 396 362 190 69 76 280 14
2 18 4
126 396 18 297
14 17 25
492 60 374 326 264 125 373 102 57 298 382 128 450 486 208 367 27 328 8 406 113 441 430 1 71
1 5 13
499 103 249 0 90 277 1 336 216 187 362 44 290
7 13 21
210 340 364 306 235 130 268 418 406 134 23 1 93 206 191 22 492 179 311 51 414
1 14 4
416 76 208 417
3 9 15
247 6 95 398 257 495 157 4 472 385 400 205 401 93 438
9 19 15
320 7 204 457 98 367 427 459 251 280 18 396 348 9 295
4 16 10
437 23 162 33 225 351 125 377 245 131
5 11 17
266 6 338 19 154 153 66 462 452 96 243 35 484 359 245 355 274
7 13 19
172 493 221 126 132 224 195 416 376 181 190 231 293 95 440 73 295 484 208
12 17 24
442 415 148 398 178 72 80 8 279 243 479 213 205 471 102 285 199 310 402 208 135 174 176 432
6 21 10
282 457 399 7 14 368 254 236 41 71
6 11 24
174 86 462 90 255 179 100 300 437 121 250 79 468 294 20 197 470 152 176 320 149 290 212 136
3 26 5
10 427 378 263 425
5 8 24
430 54 123 116 259 426 30 225 193 385 363 400 73 167 328 125 91 326 240 69 139 110 499 171
6 11 21
264 324 418 267 119 37 43 453 215 396 479 221 398 345 293 265 83 426 86 61 476
6 16 14
282 298 158 353 459 44 374 320 351 106 333 117 274 105
5 16 10
307 206 367 18 416 404 201 271 3 22
6 16 15
238 52 98 274 111 87 10 417 370 474 273 258 161 259 209
8 21 12
442 160 23 103 259 241 418 173 191 202 50 17
10 13 25
172 14 434 32 431 399 67 173 294 273 485 8 486 144 157 68 394 402 316 1 213 59 417 216 10
2 10 8
418 67 9 475 457 84 27 290
1 34 2
430 467
3 9 17
298 99 437 176 426 189 174 438 219 175 475 389 288 309 461 248 217
4 21 8
111 498 384 119 331 178 392 421
2 10 12
15 332 4 35 326 11 260 192 99 67 114 45
3 7 18
237 155 170 361 68 459 29 452 230 441 443 244 462 125 32 354 315 427
1 9 7
139 359 489 32 347 260 424
11 22 17
180 80 353 397 372 266 77 373 210 285 212 425 426 208 83 396 78
2 8 14
136 23 348 248 435 161 382 242 85 142 303 277 305 338
1 7 9
147 48 289 211 314 233 51 374 18
5 9 22
138 15 422 83 63 245 365 103 463 452 459 47 201 20 84 443 89 408 93 343 282 273
9 20 15
447 131 94 104 401 12 485 278 444 162 120 344 418 77 285
1 4 16
293 241 490 74 299 238 295 91 189 472 400 9 478 497 359 331
14 23 21
171 75 486 143 347 114 81 228 292 411 23 281 124 369 187 74 460 298 110 306 357
5 14 15
369 241 204 238 83 305 191 497 445 188 249 470 351 224 221
1 19 3
81 8 128
1 8 8
460 261 136 30 50 324 240 338
6 12 21
385 429 325 190 193 433 149 321 419 341 104 332 137 192 449 243 156 29 327 4 78
6 10 22
149 225 115 318 348 401 75 263 244 108 111 359 187 223 27 118 452 114 202 474 172 198
12 16 24
220 337 497 301 41 269 105 265 435 32 199 145 179 75 290 205 68 433 217 15 357 230 240 294
15 21 23
386 317 101 41 470 112 325 34 471 6 212 107 197 71 315 332 389 493 394 401 368 3 453
2 5 21
431 457 228 435 480 166 132 77 454 91 272 212 110 202 104 292 455 214 473 423 243
7 16 15
263 373 135 262 74 491 400 241 216 418 174 349 375 120 261
8 16 20
196 244 87 424 165 71 368 31 95 135 180 232 363 260 185 443 13 467 314 117
6 15 16
325 474 100 498 136 20 444 481 225 235 465 322 359 5 260 205
1 5 15
67 185 68 246 438 474 147 481 208 459 406 220 453 207 180
4 9 19
308 260 391 226 254 86 219 383 25 136 364 464 412 313 217 495 491 113 295
1 21 2
167 296
1 3 20
445 216 196 253 169 494 489 14 4 188 406 386 57 493 168 388 115 30 312 106
9 15 22
472 305 371 362 124 84 265 169 365 193 259 395 428 400 490 452 59 408 459 482 87 307
1 22 3
89 27 433
1 13 5
240 251 318 486 71
4 11 16
67 483 338 30 306 169 17 228 354 166 469 45 366 372 150 199
13 17 24
266 432 68 51 367 325 476 34 380 348 459 104 138 22 411 275 211 70 105 262 450 400 295 407
4 26 7
170 155 57 147 157 20 119
2 6 17
85 297 264 419 362 454 135 42 437 416 91 387 195 107 235 270 304
5 10 20
394 357 450 132 109 380 279 94 7 477 413 351 133 52 208 433 199 185 124 186
1 14 5
55 496 128 49 185
7 18 11
291 280 154 200 241 194 63 482 178 283 76
9 16 21
157 193 10 95 210 183 400 77 42 472 69 52 137 103 238 448 493 87 197 207 151
4 11 16
470 99 131 177 475 197 290 284 81 478 210 480 455 67 132 170
12 18 21
222 351 325 330 27 240 20 293 357 140 359 422 165 336 257 379 25 276 417 486 309
2 5 20
354 11 136 121 157 23 373 105 179 397 334 174 43 272 419 168 13 414 458 349
10 16 22
194 383 124 235 315 421 405 470 132 123 50 176 178 432 54 149 1 51 306 496 361 274
7 18 12
332 95 28 247 307 304 331 436 335 266 471 162
1 9 8
432 105 366 181 135 33 72 394
1 25 2
216 157
3 22 6
187 205 471 54 329 23
7 17 16
242 415 370 494 379 58 206 308 409 429 3 28 49 437 344 284
1 13 5
434 182 187 412 221
13 21 20
322 227 30 417 443 335 150 267 325 58 121 7 204 369 397 240 209 37 71 17
3 9 14
181 166 382 430 135 88 272 215 452 25 257 136 404 468
2 4 25
363 1 382 460 38 486 205 208 479 253 262 416 245 399 184 190 226 343 375 303 198 408 146 19 148
7 12 22
26 277 117 51 167 475 71 73 328 272 40 113 5 54 224 374 286 333 52 197 100 268
10 14 25
76 287 216 462 244 225 300 107 49 417 12 26 394 389 37 465 414 56 310 343 24 334 413 206 294
4 15 10
265 441 493 422 310 269 273 403 372 102
5 9 24
449 75 432 398 464 186 264 206 465 195 407 54 257 415 349 150 382 487 123 260 0 317 289 397
1 11 4
337 40 173 131
7 11 23
97 273 234 0 447 309 247 266 200 90 379 211 461 367 481 436 38 155 65 98 403 407 99
3 19 7
284 289 465 426 319 115 247
1 3 24
362 423 258 40 43 388 392 449 259 196 454 358 312 336 237 176 371 286 82 169 478 382 314 300
4 17 8
93 148 431 279 499 55 201 367
1 30 2
473 474
3 11 13
265 378 155 177 99 79 114 92 26 429 122 12 497
5 19 8
91 118 375 410 42 187 490 101
8 20 13
429 104 397 227 229 404 465 36 335 468 378 143 93
3 15 7
117 146 260 233 109 244 286
2 10 10
311 122 63 437 388 154 300 283 376 26
5 11 16
33 0 137 266 442 65 311 67 125 198 487 131 68 301 93 44
7 18 13
3 403 475 92 70 189 213 290 434 108 58 186 206
2 14 4
491 438 142 479
2 9 11
160 38 392 166 213 328 342 300 243 237 3
1 16 3
79 314 142
1 8 9
377 369 239 284 13 218 81 372 292
6 21 11
284 421 75 416 435 278 432 479 224 31 338
3 23 5
189 187 363 266 136
1 4 17
255 327 412 446 231 435 169 233 381 478 312 115 383 77 19 298 429
4 13 13
182 0 303 447 400 415 205 469 250 126 42 493 156
2 4 25
160 215 300 422 70 109 482 439 456 361 328 45 62 178 24 383 490 291 427 25 58 257 473 307 96
5 14 13
460 359 289 187 227 59 483 230 264 430 26 133 101
3 8 15
215 376 144 118 401 475 153 165 253 265 68 311 61 145 319
3 6 25
335 17 37 185 97 399 27 306 231 271 423 109 205 451 142 197 93 385 414 474 127 162 51 180 122
8 16 15
383 2 473 235 131 137 41 283 163 366 69 59 305 273 118
2 6 18
441 65 41 200 247 152 186 110 284 343 128 159 300 353 375 244 60 414
5 23 8
431 54 107 30 467 17 433 236
1 22 2
379 202
3 9 16
474 82 331 304 200 140 466 458 437 274 237 390 282 201 244 32
3 24 5
144 105 115 470 201
12 18 24
422 176 24 137 213 72 43 334 48 419 266 435 85 452 333 222 438 158 345 179 448 160 494 110
1 7 10
235 499 153 268 29 94 71 34 364 356
9 17 16
148 253 64 360 465 129 382 489 334 167 496 299 336 59 116 395
2 5 18
363 465 488 346 320 60 360 207 241 80 322 277 135 450 92 115 421 331
1 9 8
117 437 499 428 409 268 354 429
6 14 17
207 353 294 386 134 163 141 246 173 147 70 61 266 389 392 117 363
11 18 19
302 175 350 285 277 452 324 495 61 224 296 209 138 451 27 217 157 255 49
8 22 13
247 307 383 498 214 298 449 242 159 196 281 198 382
11 18 18
423 396 241 180 216 314 398 135 201 92 383 48 125 239 302 410 482 479
2 20 3
150 6 296
4 19 8
256 249 497 470 242 155 19 37
1 13 5
438 282 37 329 58
7 23 11
484 245 220 176 451 479 113 179 11 448 67
5 17 11
378 130 491 354 117 94 247 13 216 211 406
2 16 3
80 33 102
1 16 4
299 64 497 263
5 11 19
152 78 100 121 310 297 280 437 201 435 363 165 173 14 324 168 32 191 292
6 20 10
312 340 5 36 12 380 457 494 371 395
4 19 8
338 372 18 321 54 244 278 68
2 7 15
460 125 7 56 139 178 346 495 249 288 327 104 177 345 85
2 14 7
203 388 151 429 492 81 149
6 13 14
244 29 175 25 42 334 146 415 393 135 202 101 82 113
3 6 24
279 317 4 411 149 344 18 66 181 178 48 103 355 290 185 276 480 168 101 200 444 470 15 113
9 16 21
272 45 89 163 13 140 134 498 170 257 103 141 84 351 165 273 378 271 39 289 418
10 19 20
258 163 477 116 1 60 298 436 487 89 47 398 294 394 218 175 327 423 430 369
14 20 25
161 499 310 247 37 482 450 460 130 390 366 70 476 71 177 22 489 78 397 481 339 86 232 162 305
2 31 3
485 90 237
1 24 3
285 305 436
5 9 20
220 153 476 387 331 19 382 74 327 11 294 289 195 111 276 401 103 9 235 482
12 21 20
362 208 485 445 53 476 390 425 374 371 407 422 7 73 249 110 373 174 339 285
1 22 2
68 221
1 28 2
35 483
2 22 4
363 217 469 236
3 12 11
209 21 252 457 236 52 70 120 358 340 426
1 7 9
450 218 3 112 410 339 273 478 355
9 14 23
303 287 130 301 475 243 74 173 6 124 115 326 188 157 34 45 486 92 295 461 15 325 77
1 6 12
184 370 68 70 174 492 201 80 323 293 379 475
2 21 5
225 295 37 472 418
10 18 17
176 393 64 319 240 208 289 12 28 276 102 455 63 401 275 40 467
9 15 23
486 160 87 113 90 282 191 487 223 179 299 240 447 454 261 445 412 105 475 212 182 407 215
7 14 15
242 184 458 230 378 28 319 418 32 216 102 49 132 442 141
2 6 16
408 88 308 98 315 96 148 485 62 474 324 5 18 227 445 128
1 4 18
155 186 240 379 412 200 344 496 318 311 346 492 306 174 127 494 444 183
7 19 13
118 214 254 220 397 141 275 53 112 185 102 162 303
3 23 6
216 388 467 440 186 237
1 11 6
107 222 411 232 38 219
1 23 3
10 1 132
13 18 22
46 183 31 416 251 396 177 117 88 371 389 338 243 451 266 231 464 11 406 460 436 386
2 35 3
15 366 384
8 12 24
395 355 334 122 12 161 373 198 13 18 114 275 268 136 156 10 181 458 289 259 391 193 336 312
3 11 13
197 105 259 199 280 362 264 301 409 214 29 466 27
1 32 2
10 48
3 13 11
442 204 218 276 134 192 201 440 423 285 460
4 17 8
3 404 139 164 455 237 221 144
1 7 10
455 323 355 186 1 158 285 401 17 172
8 16 17
31 438 61 214 258 4 227 410 208 215 54 464 187 154 167 19 206
9 16 21
13 253 249 264 139 14 482 371 397 419 215 232 123 453 19 299 23 433 233 198 401
8 14 21
388 464 392 256 261 373 434 215 425 104 151 480 299 98 291 302 218 19 197 497 474
4 19 6
312 3 354 489 406 150
4 14 12
177 203 21 57 305 318 427 370 344 115 102 182
1 14 3
277 412 468
1 26 3
133 374 267
3 7 21
359 125 273 253 406 238 334 135 491 141 19 76 133 447 128 247 463 3 193 450 377
8 18 14
309 381 407 347 268 370 226 255 202 228 80 433 474 184
10 23 16
342 181 103 317 259 155 484 13 213 185 349 417 1 295 304 17
1 14 4
240 226 408 150
10 16 20
426 259 151 488 2 342 25 17 7 396 146 446 406 213 268 320 404 60 4 279
2 10 10
127 173 353 263 39 345 419 311 8 399
5 12 13
407 42 210 59 85 468 275 152 2 131 243 381 245
2 13 8
460 89 389 441 141 331 363 332
9 14 24
161 254 271 134 141 98 414 18 237 257 436 366 484 318 129 150 391 468 497 149 50 445 494 380
3 21 5
463 311 189 180 294
1 11 7
126 488 304 20 130 154 462
1 5 15
466 0 133 23 59 204 302 114 52 210 136 121 30 244 346
13 20 21
162 186 436 115 65 392 110 361 294 364 418 150 79 72 163 298 252 50 356 102 249
5 15 12
99 63 41 324 103 484 137 492 54 348 283 156
5 21 8
253 224 327 56 168 443 404 377
2 12 7
315 196 245 273 348 142 95
9 22 14
284 340 279 305 349 288 425 256 322 280 395 156 48 474
14 20 25
165 153 170 308 482 195 246 32 51 219 378 437 102 492 81 288 267 285 44 360 215 414 469 89 491
6 12 20
272 11 435 178 354 440 95 209 280 319 290 156 248 64 261 8 105 347 409 279
1 25 2
142 113
1 7 9
492 454 30 364 265 106 331 146 86
6 21 11
166 465 421 389 312 1 122 474 39 31 103
5 11 19
495 115 133 323 219 337 209 227 208 194 131 232 445 368 50 357 125 429 207
1 31 2
475 285
6 20 9
396 413 303 98 113 314 142 275 286
2 17 5
438 430 351 251 107
2 14 6
272 458 208 411 480 202
1 8 6
68 129 354 289 202 265
1 3 22
304 392 168 408 208 215 91 340 451 12 39 227 329 26 13 233 163 75 172 390 239 321
5 12 18
447 319 220 218 19 445 21 176 489 457 56 397 108 436 42 223 202 48
9 20 14
122 259 401 55 206 177 167 439 411 48 56 448 265 119
2 6 19
15 53 357 364 67 300 419 478 36 26 43 490 130 474 19 383 379 301 180
2 11 10
464 327 460 496 201 436 299 435 258 162
6 11 19
6 146 144 331 225 138 115 203 106 274 36 199 99 193 307 448 298 282 53
3 20 6
388 37 146 259 246 55
14 19 25
159 394 167 442 52 397 112 34 139 443 331 16 336 371 189 313 466 98 60 99 22 289 301 50 262
2 8 14
48 218 467 276 23 450 188 458 336 375 105 290 216 453
4 9 18
164 186 31 173 270 272 162 420 204 24 439 62 408 63 43 70 125 324
1 13 5
146 377 486 208 139
13 18 23
63 241 346 296 351 482 313 432 418 419 221 327 205 220 9 321 303 208 271 199 440 263 461
3 8 16
173 443 329 68 40 42 275 405 53 381 497 272 90 119 286 471
4 24 7
417 398 294 304 350 327 145
2 14 7
20 183 107 456 440 257 361
2 5 19
184 214 350 22 355 439 497 320 205 174 89 101 246 119 330 382 148 435 407
1 9 7
72 81 229 412 426 173 77
3 9 13
159 128 194 370 255 172 72 337 153 115 214 268 78
1 7 10
158 478 233 315 56 433 160 402 451 454
13 20 22
323 357 309 95 466 265 181 484 158 25 389 294 467 488 202 288 298 125 417 329 459 81
3 25 5
70 487 424 247 71
6 9 25
135 104 372 65 136 130 25 449 177 216 361 41 96 452 167 474 195 325 248 244 405 243 70 326 218
8 21 14
87 286 229 483 165 287 332 484 487 461 308 69 102 451
3 19 6
299 29 15 486 399 130
5 14 10
173 492 402 330 312 282 79 48 9 416
2 11 10
234 489 40 138 469 13 58 52 390 130
3 5 25
312 356 170 453 396 298 77 162 487 261 285 138 145 399 144 126 199 369 450 94 364 411 247 224 80
1 10 7
193 408 358 259 484 12 491
1 5 15
166 210 311 219 141 295 360 392 159 10 312 487 142 31 205
2 28 3
181 366 461
1 20 3
117 24 118
15 20 23
261 386 81 90 471 472 280 181 360 177 328 257 265 118 455 123 440 259 369 345 193 110 299
6 18 13
231 393 284 387 26 141 283 177 186 260 319 366 443
5 10 21
415 496 373 182 384 236 246 317 226 450 338 209 484 135 365 342 222 393 223 479 143
6 12 17
450 11 335 294 195 58 145 486 439 206 321 111 354 16 85 376 493
2 6 18
126 299 153 304 413 427 440 232 281 106 101 13 358 376 208 203 432 229
1 19 4
444 161 486 474
2 19 5
444 65 297 466 332
7 14 20
274 148 131 236 219 33 87 51 389 283 371 221 366 143 110 405 300 201 447 135
15 18 25
146 448 195 318 131 119 188 29 86 440 425 3 361 491 324 423 135 157 219 264 174 158 300 452 30
6 15 15
54 230 68 395 128 81 23 140 206 245 357 30 102 334 421
6 16 16
288 493 201 278 247 322 45 2 348 111 47 154 286 298 480 37
3 7 20
396 429 288 35 88 53 468 68 345 334 167 120 160 393 232 112 243 449 172 417
1 21 3
74 187 234
5 18 10
139 494 75 297 250 395 369 31 349 461
2 33 3
207 35 454
7 13 20
414 409 348 419 102 40 483 466 56 456 402 335 103 67 354 137 106 204 341 268
8 21 15
117 436 327 336 482 429 89 480 498 298 254 187 201 434 246
3 12 8
115 331 118 11 293 200 283 98
15 21 23
487 354 393 53 334 425 257 4 147 435 141 471 311 480 29 304 390 385 357 403 52 277 273
4 9 18
352 495 300 232 196 306 121 223 113 363 99 270 161 28 129 2 156 194
1 12 4
106 30 92 388
7 12 22
124 25 292 98 283 104 103 113 200 142 35 366 233 408 93 217 429 135 266 490 156 319
2 23 4
193 204 390 125
2 28 3
187 93 97
2 8 14
186 248 321 196 446 404 174 135 423 267 347 18 249 46
3 16 6
390 237 220 449 396 302
8 16 17
417 66 198 5 149 200 206 330 456 320 232 399 73 393 133 141 421
2 5 20
276 116 121 18 149 456 271 286 16 21 252 135 465 317 88 394 44 147 494 174
3 14 11
336 369 481 384 287 25 339 265 150 435 239
2 4 24
420 2 380 240 118 275 23 3 295 260 419 95 212 405 201 480 10 183 46 180 355 456 325 112
1 25 2
191 144
7 11 25
428 130 316 193 221 75 82 69 370 231 466 185 382 94 166 483 298 136 26 187 420 433 399 341 306
2 11 8
194 141 488 145 58 457 96 100
9 15 15
42 425 37 13 291 9 41 154 321 443 382 338 404 138 216
10 18 18
449 459 77 41 467 298 497 143 339 366 240 394 255 26 198 175 76 335
10 23 15
397 80 404 298 149 487 233 416 130 239 274 463 393 333 211
6 12 17
294 427 407 5 63 188 270 303 72 228 495 57 15 262 474 11 257
9 16 21
295 63 412 371 193 304 25 443 416 358 383 473 156 204 177 349 335 263 137 30 81
6 16 13
59 287 220 264 493 203 155 399 325 6 329 267 311
9 19 17
355 25 157 341 212 327 139 371 60 32 123 492 391 194 13 343 224
7 13 20
207 245 193 228 206 249 487 240 375 227 99 6 105 383 415 124 286 260 411 125
7 19 14
339 92 483 100 285 255 176 237 499 119 288 462 354 485
7 17 15
5 358 138 412 409 204 36 388 113 56 151 360 323 195 421
1 3 22
279 166 179 125 346 228 291 227 146 392 309 427 498 118 93 99 267 311 33 259 258 15
5 14 13
486 84 276 19 415 46 257 120 66 112 86 162 91
6 22 9
454 107 301 406 49 437 355 175 161
1 14 3
291 302 379
1 21 3
452 379 23
10 15 23
159 335 50 262 19 400 311 44 88 344 83 196 390 269 112 242 389 417 23 253 259 328 156
4 16 11
110 27 444 486 43 79 165 192 234 155 6
2 6 17
86 492 323 69 240 405 161 53 15 400 342 362 70 339 142 196 354
4 26 6
167 390 125 454 391 16
5 18 9
277 479 228 155 489 395 29 219 141
7 13 20
434 488 489 272 491 302 108 338 47 165 173 206 65 478 2 238 239 168 288 106
7 19 13
116 307 68 429 442 368 95 296 462 498 117 149 470
14 18 25
77 15 128 377 288 313 484 143 190 293 214 475 333 10 259 352 104 72 188 100 286 442 294 142 347
1 18 2
281 325
2 9 12
227 174 46 282 273 222 304 142 440 95 66 279
1 22 3
124 485 73
3 12 8
70 181 40 85 312 494 323 282
3 13 10
483 73 209 393 39 277 394 235 238 427
2 10 10
32 100 117 13 445 345 34 465 182 261
1 11 6
197 324 345 320 365 473
9 18 18
182 317 21 398 392 168 346 316 30 474 146 123 181 446 160 266 308 444
1 3 25
402 328 413 436 426 142 44 361 227 11 457 108 397 346 297 122 161 376 38 198 452 45 343 192 270
4 19 9
283 53 69 34 77 48 349 407 498
3 12 11
157 362 156 334 343 466 232 146 474 83 158
1 8 7
21 264 139 488 8 123 334
2 7 15
479 75 50 290 134 317 8 272 450 474 354 209 181 308 212
5 11 19
295 476 286 154 191 30 406 194 467 458 112 96 242 127 455 259 294 89 415
2 17 5
140 216 159 166 156
5 10 20
304 416 204 95 233 273 203 385 137 128 334 447 197 457 193 351 9 165 91 387
3 13 10
438 417 237 276 314 425 485 453 448 129
2 12 9
451 23 89 24 292 141 164 433 409
11 19 19
249 85 59 318 163 223 154 83 108 77 0 84 115 189 492 417 43 282 376
3 12 10
157 162 167 42 138 362 446 288 80 328
3 11 12
26 106 336 179 316 425 470 407 87 173 388 477
10 16 16
326 262 453 325 33 94 99 272 230 412 456 152 153 286 459 415
6 11 21
419 76 350 49 297 421 347 448 235 338 336 426 131 258 319 23 443 446 372 267 303
2 5 21
442 34 465 6 457 204 139 426 220 475 430 337 167 413 5 448 181 386 234 407 310
9 17 17
371 207 282 216 386 308 167 115 488 137 412 143 126 134 62 330 112
9 19 16
343 414 280 86 480 26 465 199 365 466 118 406 321 341 151 169
5 16 11
214 60 203 196 134 261 470 269 44 82 152
10 19 19
220 262 79 365 327 462 148 252 292 53 310 237 72 83 187 264 112 254 179
11 16 25
143 86 403 372 325 431 468 130 296 102 104 480 321 43 10 451 132 389 422 73 487 3 181 334 185
1 4 19
16 215 269 481 66 418 109 438 116 238 41 394 22 336 184 179 371 484 413
9 15 23
311 280 482 37 77 445 309 224 230 20 80 14 284 209 160 422 394 31 242 251 291 157 389
3 20 5
324 289 475 13 260
3 21 6
192 221 474 35 203 354
1 4 18
317 331 282 141 23 348 267 27 189 196 46 245 74 117 157 299 408 85
11 15 25
445 372 114 314 215 369 412 196 364 479 259 430 265 271 89 120 13 446 255 307 380 471 461 478 332
4 7 23
265 241 214 112 228 266 206 131 49 217 171 82 484 332 226 242 39 295 324 227 86 416 280
6 16 14
265 283 463 87 58 431 188 75 474 263 481 220 282 294
4 11 15
413 304 135 256 154 488 124 484 176 312 380 190 22 11 363
10 16 20
404 105 227 204 377 339 382 468 424 278 187 104 272 13 142 388 470 317 391 316
13 21 22
129 104 327 485 479 287 490 13 49 64 295 50 498 487 310 412 463 212 166 292 99 403
8 19 13
49 431 349 368 435 443 58 363 214 30 323 478 401
10 13 24
257 154 205 369 177 150 56 129 176 66 191 413 439 103 250 100 215 110 216 339 380 347 206 200
3 22 5
203 473 440 299 499
2 6 19
77 188 179 11 449 158 359 13 366 439 324 131 4 92 134 123 249 152 206
2 7 16
406 54 52 163 244 333 445 179 22 142 214 137 296 483 451 343
1 4 14
235 159 497 70 346 86 442 266 417 290 317 182 240 335
3 22 6
302 384 33 451 10 297
14 20 21
395 289 277 377 402 349 190 134 452 315 180 302 223 106 91 270 168 176 322 374 32
3 7 22
384 1 381 44 120 79 188 438 19 18 87 489 406 116 347 464 157 218 5 16 349 304
1 11 6
68 163 398 172 296 231
5 12 16
314 63 110 8 264 355 495 253 330 318 406 499 289 45 71 388
2 6 19
484 377 368 55 41 295 18 456 400 162 116 143 299 16 317 476 197 313 429
1 14 4
204 231 144 418
3 6 24
408 487 44 230 307 188 320 472 207 331 297 410 381 479 81 12 169 16 165 418 313 296 144 348
7 20 14
166 445 268 12 108 348 245 357 243 20 393 498 429 306
8 16 20
239 67 82 221 432 90 6 262 333 240 157 494 348 496 484 76 1 345 446 327
1 13 6
19 130 72 277 179 462
5 14 12
447 461 459 212 204 223 380 402 123 379 105 234
2 30 3
338 278 498
3 12 11
90 232 128 124 167 308 327 112 299 466 143
1 16 4
123 298 337 416
5 10 20
192 32 316 319 151 208 184 136 203 210 407 284 163 215 30 90 277 29 243 166
3 14 5
42 347 211 281 258
2 15 6
13 297 411 109 252 420
2 25 4
361 384 374 62
2 4 23
142 156 239 498 81 445 47 119 34 264 430 173 293 84 453 157 395 79 93 40 346 376 355
1 9 5
158 447 402 240 271
1 6 11
152 207 319 229 325 408 188 241 298 385 122
11 19 21
182 417 230 378 152 289 437 194 414 345 284 208 357 89 363 460 294 231 248 400 154
8 14 22
467 462 379 348 365 383 169 498 45 433 494 238 0 242 487 132 136 454 13 166 223 21
1 29 2
273 163
3 11 13
123 309 108 86 448 24 306 143 454 58 43 427 189
15 22 25
465 0 32 382 357 133 244 471 67 378 19 273 110 49 414 26 165 469 181 409 84 241 89 91 437
2 15 7
444 243 121 319 182 251 271
9 20 17
465 61 359 47 376 170 347 308 387 395 369 440 35 209 429 201 324
7 14 18
62 144 51 304 86 92 293 384 239 438 148 13 499 370 196 363 137 455
9 18 15
44 195 388 487 237 284 29 179 111 405 370 85 109 83 361
1 25 2
243 13
6 21 10
382 464 118 362 228 147 111 248 447 33
7 15 17
124 250 206 211 469 118 295 289 466 14 345 292 145 330 277 349 488
9 21 15
379 74 446 287 258 467 131 384 188 206 356 461 22 166 43
2 11 10
435 453 247 420 413 218 222 355 320 492
4 23 7
299 163 378 127 394 426 371
1 8 9
425 351 438 137 310 446 221 301 435
2 6 17
138 258 80 204 152 498 246 464 472 66 488 420 101 279 378 17 129
1 3 25
295 355 88 392 451 5 0 467 60 263 165 27 9 271 458 331 371 191 448 473 468 491 385 17 198
12 20 20
139 280 237 100 238 201 460 388 251 112 197 30 231 453 341 207 408 147 459 399
2 20 5
222 406 301 485 89
1 24 2
408 410
5 16 12
94 121 415 345 249 195 487 73 364 122 103 80
1 7 10
447 77 19 26 141 271 465 409 437 403
7 21 11
349 431 395 290 73 74 168 258 285 62 19
3 9 17
22 224 266 81 18 20 152 160 26 376 410 165 223 384 466 114 427
4 24 6
339 292 269 368 301 198
10 17 22
448 278 7 270 81 301 320 492 3 167 424 249 405 204 376 351 15 53 419 275 243 88
1 4 17
408 410 328 91 38 215 382 239 375 272 457 266 181 379 443 128 18
1 30 2
25 439
9 17 19
291 308 469 306 313 160 425 438 393 498 82 410 140 343 453 2 232 409 215
4 10 15
156 444 190 352 447 154 27 124 233 286 406 407 137 309 380
15 20 25
21 473 350 418 215 337 349 351 332 191 179 268 59 60 417 484 123 278 392 430 200 426 384 247 313
2 9 12
206 149 23 42 432 73 65 224 54 323 426 446
6 24 9
193 335 313 21 71 279 212 415 302
2 11 6
173 271 195 298 434 101
1 11 6
355 366 214 224 293 388
14 18 24
426 248 237 31 457 456 265 396 209 166 419 303 459 119 305 19 198 347 383 219 167 328 298 169
3 13 10
92 215 438 472 253 77 285 19 245 174
1 15 4
159 22 189 112
1 34 2
278 105
12 20 22
366 16 415 497 192 498 384 193 416 166 476 411 438 251 215 365 154 187 104 451 139 287
11 17 19
155 167 359 321 466 185 345 259 367 290 137 123 427 440 375 206 438 399 495
1 36 2
189 409
5 17 12
62 415 388 277 403 338 106 194 422 413 87 417
9 17 19
246 146 441 416 158 111 8 7 69 272 216 148 452 414 130 437 411 341 490
1 5 13
440 302 244 116 428 86 279 271 458 416 348 73 473
1 16 4
235 113 252 311
2 28 3
175 84 408
7 11 25
350 326 247 323 44 434 237 401 308 370 455 135 134 92 302 204 384 466 175 176 300 409 13 205 248
2 12 7
335 39 468 63 150 168 142
7 22 13
341 431 397 481 487 475 93 402 399 389 12 441 417
1 21 3
406 180 232
1 18 3
222 218 30
13 18 23
356 265 450 458 169 341 429 323 437 243 324 421 119 452 220 104 326 387 468 327 42 334 465
2 13 8
382 497 12 236 8 156 414 57
1 5 15
109 418 147 460 435 212 250 285 19 235 86 88 284 242 38
9 16 18
94 421 487 205 54 288 314 231 93 203 411 292 261 354 283 416 345 426
1 15 4
144 13 194 29
6 21 10
241 6 203 31 90 474 391 0 267 163
7 14 19
167 427 344 172 382 378 96 194 47 447 436 150 246 350 23 237 164 302 21
4 23 7
266 62 93 295 186 56 337
5 10 20
414 281 24 305 465 466 233 50 473 81 326 204 427 262 176 246 89 279 222 45
7 20 12
395 127 487 112 318 63 389 115 257 250 27 233
1 5 14
345 201 435 238 390 80 123 332 210 442 91 113 33 220
2 12 9
1 273 459 441 488 94 379 409 307
11 15 21
258 293 312 375 465 1 328 400 330 2 490 29 489 423 250 430 272 406 101 17 145
10 14 20
278 282 148 214 158 154 449 414 101 373 412 103 24 495 228 2 328 177 382 43
1 5 13
364 326 427 267 399 118 447 389 121 107 474 41 305
11 17 21
256 420 98 7 338 298 90 271 389 250 141 26 37 259 430 70 459 77 300 129 76
2 19 5
319 248 274 7 150
4 22 6
452 98 189 211 228 61
2 9 12
222 447 276 328 416 295 491 282 71 298 483 348
4 12 15
29 36 465 400 418 379 349 121 327 38 197 259 323 471 140
4 19 8
404 492 260 292 12 190 93 411
1 16 4
163 40 132 157
5 10 21
202 227 113 208 5 258 256 395 10 350 196 127 369 387 368 288 38 472 165 62 212
12 19 23
105 483 83 36 14 130 311 411 30 376 486 281 464 95 52 108 379 357 113 234 138 386 284
1 12 5
231 447 429 240 417
10 20 16
341 134 33 276 111 288 491 109 50 238 8 263 347 14 202 175
2 10 8
452 321 460 307 91 387 61 453
4 15 9
155 373 468 30 63 324 191 291 177
2 14 5
491 21 274 169 294
7 19 13
429 310 189 455 255 263 307 223 34 294 482 87 160
11 16 22
329 270 323 29 50 449 92 117 65 460 283 262 114 423 175 369 216 111 176 417 374 440
3 18 7
93 276 23 178 430 248 273
6 19 10
445 22 205 132 408 213 198 193 42 110
16 22 24
292 316 127 418 27 46 152 87 410 349 66 381 343 139 454 123 401 451 134 71 30 301 195 422
9 14 23
425 166 153 72 295 250 41 204 5 303 475 84 136 339 100 366 24 237 269 398 329 40 477
4 10 15
173 399 214 330 43 456 335 266 431 397 465 40 406 288 372
1 20 3
405 181 299
7 11 20
439 145 389 66 270 492 98 476 455 38 95 424 152 307 303 121 309 27 30 19
1 7 10
244 469 477 179 90 486 339 325 492 453
1 4 19
196 69 31 350 85 200 436 403 437 377 357 147 407 24 165 426 105 228 36
5 12 12
144 388 233 173 455 241 362 423 307 164 430 300
7 12 21
61 469 322 128 14 388 6 243 302 330 3 360 430 241 256 140 225 91 459 46 192
5 21 9
474 46 219 100 81 438 88 22 177
7 18 14
463 213 499 244 346 194 240 246 322 441 309 325 159 16
5 14 12
480 272 453 41 317 66 250 218 315 110 407 137
11 16 20
137 131 68 269 305 80 39 406 314 271 106 62 475 326 27 185 318 317 250 448
1 3 23
49 436 290 116 350 17 7 53 75 342 28 333 120 117 73 145 197 65 259 369 359 192 277
11 17 21
370 478 262 407 260 346 9 187 45 485 67 201 88 314 169 179 300 82 206 301 253
2 8 12
171 425 1 272 383 412 142 39 105 68 9 181
3 13 10
115 105 181 337 338 230 195 166 299 109
7 10 24
367 183 91 354 431 49 464 410 220 155 5 192 12 450 488 329 292 190 434 392 191 293 242 17
3 14 10
177 118 315 247 176 298 446 473 496 98
2 13 3
256 250 406
3 13 10
135 63 452 463 269 182 201 253 489 31
1 28 2
490 80
3 9 12
259 404 57 148 241 461 64 317 370 236 117 363
1 13 5
132 332 438 43 485
8 23 13
498 149 444 261 363 464 110 391 61 362 369 143 270
2 9 10
44 162 259 463 450 97 343 476 211 306
4 17 10
138 35 21 154 327 332 281 388 448 230
12 18 22
405 8 291 381 24 190 256 464 74 71 408 221 100 157 272 96 26 308 135 377 445 292
3 8 17
339 42 274 464 240 298 376 223 79 129 449 459 265 10 355 59 349
7 18 14
166 488 494 41 305 252 377 347 462 167 217 168 102 9
3 8 15
244 279 72 369 190 329 456 375 214 174 2 45 144 100 292
3 20 5
457 316 375 491 349
12 18 24
367 39 341 42 395 366 402 176 253 205 128 453 348 371 323 383 441 472 171 312 213 26 250 71
7 21 11
63 120 302 436 211 327 141 217 133 446 172
5 19 8
368 355 171 336 29 194 286 431
2 28 3
439 398 283
5 9 24
58 107 14 421 257 334 22 332 109 24 430 362 94 220 20 285 66 295 100 267 406 139 50 32
1 3 19
232 361 171 125 301 253 373 379 360 483 186 229 1 39 261 57 172 181 319
8 15 15
41 7 83 281 137 92 345 428 37 240 138 32 34 237 307
1 6 11
307 315 39 278 51 194 287 387 77 231 27
9 19 18
253 314 232 390 37 216 455 160 38 130 440 391 480 127 474 451 173 73
5 9 23
179 51 159 62 380 221 372 149 374 73 41 327 453 257 306 308 240 80 270 184 63 124 477
6 19 11
251 296 81 209 91 436 457 228 279 84 415
1 6 10
375 405 412 477 119 278 83 401 311 297
3 7 20
305 25 110 235 21 139 370 83 270 315 32 404 63 54 296 464 437 161 208 313
1 14 5
8 199 370 490 83
10 17 19
414 86 129 325 152 93 447 472 76 487 266 310 57 79 293 223 237 498 168
3 13 10
417 20 424 297 33 314 225 198 432 74
5 13 17
128 25 281 467 397 227 435 117 427 23 273 108 448 19 51 52 367
1 3 20
246 465 361 414 367 176 243 80 218 259 203 340 245 280 305 478 415 224 98 365
11 17 21
407 461 312 12 186 41 263 184 196 449 455 430 375 326 119 369 280 152 13 237 74
2 9 10
91 18 336 205 166 82 102 59 361 431
1 15 3
242 161 322
15 16 25
100 325 303 104 193 130 317 82 22 204 63 30 340 244 393 313 293 7 221 296 88 140 451 453 416
3 12 11
170 418 306 68 145 310 40 351 275 255 284
1 6 10
172 373 322 230 59 436 274 474 393 313
1 3 22
181 104 385 35 254 196 43 462 417 391 138 241 395 289 317 12 220 36 406 265 314 168
5 10 23
58 476 437 215 464 292 198 428 226 405 314 8 217 57 156 46 176 320 481 323 265 216 130
1 18 4
124 387 390 179
3 19 6
411 439 221 466 123 27
13 18 23
17 412 457 369 348 277 239 209 296 170 319 133 10 469 460 347 57 228 463 172 336 251 125
7 14 18
373 21 460 83 73 489 365 499 45 42 378 186 242 393 269 12 433 180
2 22 4
77 45 153 350
3 14 10
380 444 327 449 361 183 315 89 282 167
1 11 6
146 278 170 182 492 243
16 21 25
62 4 12 414 343 289 400 339 131 50 455 247 421 171 178 335 327 268 450 367 266 351 251 285 72
9 16 20
360 83 498 321 434 10 489 416 291 313 252 435 393 318 62 228 259 242 382 245
2 13 7
208 437 31 216 14 0 321
13 21 22
24 107 48 435 403 142 304 74 330 487 349 63 117 381 306 489 147 252 264 481 367 295
6 15 15
456 372 248 398 199 335 161 151 216 10 201 407 186 115 334
1 28 2
404 89
3 7 20
241 2 176 213 158 128 145 369 422 234 35 446 375 312 218 282 8 21 257 13
4 14 9
59 228 270 252 277 234 364 250 41
1 28 2
248 228
1 26 2
448 13
1 8 8
357 85 412 30 26 242 287 250
5 12 17
264 268 200 215 83 78 331 92 406 253 418 417 22 212 284 360 14
7 15 14
286 459 227 271 304 293 254 356 162 312 195 53 126 139
1 13 6
116 264 451 365 353 35
2 8 11
54 318 262 121 463 460 456 472 153 242 486
6 11 23
208 166 151 317 108 366 212 354 38 65 19 260 496 256 447 114 202 258 305 469 92 43 458
12 20 19
377 449 108 131 79 439 192 119 106 93 336 372 389 446 168 0 478 391 430
12 16 24
354 297 493 253 293 333 400 130 375 5 344 92 171 258 347 60 353 446 126 256 279 406 336 8
1 8 8
307 6 67 5 246 82 325 295
8 16 15
38 254 32 153 68 286 341 302 109 373 491 144 438 31 279
7 16 17
62 189 343 152 315 301 113 417 0 452 256 444 436 429 275 267 438
2 16 3
355 296 183
16 17 25
312 350 308 370 277 234 99 289 400 475 193 161 159 268 432 348 6 478 4 69 64 156 32 233 266
5 12 16
417 485 202 158 31 131 154 443 159 371 272 198 175 92 77 78
1 6 12
146 27 143 477 321 118 350 323 89 130 36 445
2 7 15
150 216 136 94 148 239 428 157 323 489 310 211 314 434 219
3 7 20
14 133 244 44 418 492 256 442 384 23 361 38 387 212 62 84 272 165 429 43
3 17 7
419 414 310 412 488 416 158
2 13 7
193 267 256 127 495 101 140
7 16 18
299 139 409 215 105 147 34 2 91 323 443 292 93 361 159 110 278 435
4 7 24
30 52 266 112 64 13 369 105 247 75 177 320 258 172 401 113 99 59 288 321 164 322 399 355
2 21 4
219 488 436 158
1 16 3
354 92 215
1 6 11
465 276 448 131 494 273 19 6 69 342 45
2 25 3
396 123 247
13 19 23
366 466 227 403 187 184 300 98 237 173 115 66 313 177 437 174 120 484 343 292 79 295 281
7 22 11
106 81 339 299 253 146 390 291 15 112 382
1 9 8
52 81 246 248 327 99 172 439
1 5 13
381 144 407 61 345 85 12 112 300 498 4 404 359
1 6 11
403 362 339 29 77 385 474 3 200 25 195
6 20 9
318 247 125 162 211 461 20 177 217
2 22 3
380 78 203
3 14 9
235 402 275 184 379 410 160 34 244
4 10 18
248 440 48 410 375 247 207 412 355 197 388 468 396 362 52 267 439 188
1 7 11
46 189 237 238 248 93 354 336 59 280 417
5 15 14
198 461 295 204 468 227 258 36 272 28 267 217 57 309
13 19 20
137 456 92 336 489 150 492 86 149 20 393 239 284 191 296 66 450 292 387 120
7 13 23
413 368 327 20 481 392 295 185 9 398 351 31 71 217 426 298 346 430 271 129 390 282 74
3 18 8
56 218 413 104 212 62 362 87
3 15 6
170 6 164 313 102 177
4 26 6
67 70 201 76 314 196
6 14 15
450 107 91 277 275 339 198 379 3 499 45 318 182 25 156
1 27 2
474 6
2 21 4
262 498 113 456
7 12 23
314 117 111 172 468 420 109 200 467 494 428 416 460 61 138 129 369 137 54 78 195 437 57
7 11 24
268 215 319 301 325 307 373 112 311 219 348 277 415 480 286 160 392 148 427 356 221 498 470 133
2 20 3
13 205 98
2 19 4
189 401 164 291
3 15 7
104 58 164 103 418 139 113
4 15 6
106 120 203 22 146 156
1 16 3
192 394 228
3 6 23
309 315 198 111 376 150 4 255 197 98 440 422 354 328 126 317 139 221 387 2 226 149 293
14 19 21
184 423 456 468 422 187 255 271 375 464 243 44 322 288 485 200 368 330 230 337 394
10 18 18
48 475 477 245 184 349 347 216 421 85 280 83 284 287 91 448 122 428
5 13 13
282 145 100 21 76 30 490 79 246 313 380 373 111
7 21 13
401 9 34 122 160 176 130 408 62 39 252 131 248
2 11 7
244 293 443 209 468 422 2
5 12 17
215 367 496 21 205 266 185 136 476 461 91 197 69 335 208 319 467
1 6 11
399 414 12 125 289 391 466 275 155 369 368
10 22 16
87 297 77 19 308 313 160 55 420 165 374 275 218 412 379 181
6 11 20
255 60 169 144 396 312 433 346 122 267 473 274 158 453 192 71 228 305 282 103
9 20 17
62 120 409 199 483 401 135 49 36 64 308 165 46 419 75 466 17
9 22 14
124 332 84 161 89 22 451 77 450 126 194 260 8 127
6 17 11
255 303 45 210 183 144 180 443 375 85 212
8 16 12
94 270 279 463 221 328 433 162 491 450 137 386
10 13 23
434 83 123 432 334 109 291 180 91 321 140 220 464 86 450 426 372 397 94 177 18 496 259
6 21 10
301 339 472 334 139 337 403 249 411 387
5 15 13
62 207 70 265 426 77 46 33 129 119 99 164 472
1 6 13
35 350 172 292 4 114 46 404 458 17 27 128 231
6 16 14
434 219 154 415 33 189 319 2 153 436 276 128 165 308
2 7 13
55 452 356 427 2 240 275 89 291 149 283 29 136
4 13 12
293 140 96 344 7 161 470 35 408 56 79 364
1 8 7
325 251 200 422 317 340 24
3 13 10
161 261 71 436 21 449 360 198 452 493
5 14 13
79 265 388 391 484 400 423 361 100 113 269 453 427
2 10 10
201 232 434 177 43 337 412 57 163 241
1 8 8
391 371 438 200 290 474 370 169
1 26 3
114 251 267
4 10 16
418 298 164 210 281 359 199 85 184 449 67 7 355 221 94 86
3 19 7
128 490 489 108 215 461 181
7 14 17
145 303 423 244 125 335 305 360 299 290 372 23 141 227 417 240 175
5 8 25
280 384 79 410 136 33 382 147 473 363 433 93 483 232 27 474 161 267 181 128 212 92 334 44 58
7 15 17
193 311 154 304 432 436 199 283 361 354 267 402 321 496 224 151 210
3 8 18
369 464 330 401 370 54 59 390 494 168 25 109 236 285 162 226 394 282
3 16 8
376 98 337 195 314 175 362 201
14 20 22
434 204 470 421 72 134 145 53 47 144 422 329 208 103 29 334 110 254 126 276 59 182
5 19 10
119 439 425 194 2 318 262 257 77 182
12 21 22
86 114 313 186 9 275 204 381 309 249 285 409 460 306 79 7 403 323 341 166 3 282
10 19 15
242 107 84 143 150 459 455 0 265 348 467 300 233 442 440
9 17 14
62 82 380 75 355 158 121 483 201 164 144 265 140 149
6 15 12
208 119 155 237 340 399 303 315 424 183 174 370
11 16 24
44 140 6 464 209 53 175 87 195 436 422 252 83 155 100 488 193 397 453 480 17 386 496 361
3 15 7
180 6 429 471 221 371 326
6 11 21
489 50 211 145 330 290 415 173 381 254 455 375 308 33 353 26 350 195 115 197 340
9 16 19
84 453 123 205 485 172 182 487 314 442 164 10 13 206 18 486 190 88 72
12 18 22
98 268 148 11 444 253 102 170 183 391 84 410 389 371 194 12 255 375 56 291 113 9
1 4 19
434 460 262 93 145 497 326 289 353 172 375 377 48 168 251 304 138 37 318
3 23 5
138 232 355 427 446
7 15 17
466 145 65 185 203 436 405 351 107 141 72 39 192 157 186 201 357
4 15 8
14 100 366 44 375 330 65 106
9 20 17
137 119 11 332 275 414 87 166 173 2 235 299 406 42 400 157 462
1 19 2
195 279
3 13 10
382 72 439 489 340 224 362 304 32 242
5 10 22
366 86 280 373 439 132 343 14 207 147 352 4 238 445 146 330 87 149 65 412 387 88
11 18 19
97 237 22 14 96 423 33 5 390 183 480 135 206 379 3 207 179 15 190
4 10 19
459 177 385 327 27 107 337 257 267 1 366 423 339 95 97 130 131 225 328
1 8 6
324 463 151 138 268 154
3 18 7
466 270 153 4 380 496 344
3 28 5
440 12 37 15 52
1 7 10
48 272 306 0 476 115 357 99 427 327
5 16 11
40 145 141 375 134 408 95 26 480 401 221
9 21 15
417 102 426 226 468 369 90 194 350 493 165 136 172 157 125
1 18 2
64 293
1 14 4
482 271 278 387
1 18 2
120 246
5 20 8
49 456 196 13 115 478 1 79
1 11 6
450 298 112 169 24 292
1 32 2
47 211
9 18 15
127 188 276 257 334 483 431 107 312 219 416 222 454 235 371
6 10 24
41 66 465 315 166 255 4 279 394 391 194 395 258 32 216 112 20 374 418 25 40 54 260 309
1 14 4
162 323 357 139
2 12 7
248 499 316 423 458 424 457
2 5 22
104 253 302 261 199 231 429 335 91 73 22 352 277 324 55 94 353 259 50 64 436 71
2 19 5
494 73 209 118 490
2 23 3
338 238 146
8 18 15
411 372 434 469 99 302 367 214 245 397 166 40 141 479 349
2 20 5
459 119 43 81 321
4 15 9
316 245 261 184 235 181 122 344 2
3 8 17
159 90 179 8 64 85 114 40 403 125 178 414 11 50 292 273 54
7 16 17
490 86 150 374 109 346 9 142 14 309 307 184 134 474 415 232 83
4 10 18
51 231 340 201 47 297 62 446 378 88 492 367 411 151 126 130 134 82
5 10 20
124 24 471 26 187 262 368 232 401 84 107 34 436 290 148 125 323 346 342 478
10 19 17
462 290 205 6 368 14 61 490 169 453 408 429 98 23 69 164 425
8 12 25
280 256 213 79 445 78 341 364 96 253 137 353 237 109 142 174 93 199 276 308 48 235 37 216 54
4 20 7
99 76 398 95 273 84 367
6 19 10
227 102 154 394 424 156 481 285 495 327
11 17 25
346 231 431 44 137 307 247 87 451 12 163 364 243 430 437 173 435 254 24 372 114 210 61 468 434
3 10 12
190 486 495 14 344 209 200 118 487 109 69 95
3 17 6
103 203 459 116 109 322
9 17 18
156 337 486 202 345 179 327 445 357 447 341 257 211 310 131 214 431 250
10 17 20
309 178 97 380 168 154 24 66 33 389 475 7 212 472 140 413 464 156 430 396
2 19 4
406 228 189 427
3 14 9
257 67 198 374 376 449 278 9 472
7 12 22
491 114 144 77 181 471 99 169 344 43 23 88 122 19 269 242 36 409 230 345 450 162
8 16 17
284 108 438 282 290 80 287 384 442 412 102 467 447 208 220 280 19
4 11 16
413 204 106 389 89 430 421 417 366 241 251 166 44 203 63 260
7 16 15
25 345 282 329 220 482 469 40 465 304 232 392 6 167 492
1 13 6
295 190 153 35 336 353
8 18 16
209 140 120 162 387 134 260 464 363 25 442 88 72 307 182 35
13 20 21
15 477 415 371 186 494 444 404 454 141 107 64 281 289 386 313 160 50 66 95 111
7 14 20
108 299 353 455 111 446 50 124 441 5 104 392 17 471 217 36 417 351 255 342
1 13 5
374 435 268 282 290
5 16 10
190 267 152 381 407 154 273 109 68 257
5 12 17
188 443 484 348 41 183 176 386 400 379 426 325 252 414 17 118 492
1 18 2
159 476
1 13 3
190 272 273
4 9 20
350 336 189 163 261 199 239 318 283 217 237 372 308 47 332 434 305 29 418 499
1 28 2
393 35
11 20 18
395 50 23 235 119 470 25 11 3 256 291 208 131 358 385 456 93 34
2 19 5
234 50 157 484 296
4 10 17
141 98 385 289 283 27 339 499 13 100 259 474 266 36 39 87 397
5 17 8
325 102 258 79 135 323 446 375
1 35 2
77 185
4 9 20
252 422 25 81 20 257 448 381 8 413 343 404 258 349 332 173 11 351 470 218
7 23 11
254 454 224 411 231 55 322 232 29 257 49
2 15 4
422 66 192 373
2 4 24
216 7 219 350 337 322 123 190 57 413 47 374 185 396 53 464 483 382 392 210 467 75 425 459
6 16 10
120 178 277 203 86 354 249 404 340 204
1 16 4
13 446 321 496
16 21 24
486 289 309 310 41 367 17 131 333 382 431 140 442 48 24 205 26 251 90 179 448 430 303 93
2 9 12
205 113 458 496 244 61 432 62 114 250 184 434
1 19 2
121 488
1 27 2
261 123
1 13 6
175 285 114 264 423 213
7 14 19
148 396 92 121 494 446 213 252 189 336 187 434 181 110 107 127 433 198 493
6 17 11
412 122 494 154 496 164 265 369 477 490 457
6 16 14
496 409 310 22 488 162 151 84 276 438 228 156 76 451
2 33 3
484 319 37
1 25 3
83 435 194
1 5 13
393 338 149 346 273 166 215 205 440 366 376 383 100
2 18 6
360 276 23 47 7 286
1 16 3
258 181 195
1 8 9
468 53 353 283 289 374 143 239 9
1 22 3
462 245 112
8 19 15
368 274 160 14 174 388 359 450 243 261 302 146 371 114 100
3 15 7
175 274 357 172 120 342 164
4 8 20
100 455 319 6 53 133 138 346 274 221 10 322 386 427 182 471 228 307 337 266
14 19 22
376 135 328 450 114 158 258 81 104 271 483 392 266 230 17 456 372 188 327 345 248 228
1 8 5
123 80 449 394 65
2 19 3
276 459 465
1 16 4
308 456 155 340
7 22 11
359 410 154 197 329 58 295 444 250 354 179
9 22 14
409 216 63 299 304 136 9 414 383 133 278 276 221 104
9 23 14
232 486 325 342 445 375 485 165 211 145 476 53 44 469
8 13 23
338 121 184 68 131 271 170 475 114 80 218 352 111 355 232 347 186 343 298 454 340 379 38
5 19 9
132 144 282 93 41 465 427 368 76
14 18 23
48 18 366 359 424 338 188 70 277 160 259 289 159 396 69 193 60 479 73 417 171 21 413
9 15 21
427 39 82 385 49 410 457 440 81 96 434 223 135 392 382 277 211 242 264 309 445
1 5 14
350 392 43 343 108 184 329 242 246 192 427 47 313 62
7 21 12
462 259 321 22 228 131 285 474 487 461 385 24
6 14 16
227 171 142 447 13 319 358 274 263 277 94 45 217 437 440 1
6 12 20
425 201 399 492 81 105 412 276 478 219 483 300 371 409 124 326 228 405 352 485
3 6 23
174 416 123 249 243 13 226 188 363 481 414 374 18 387 211 267 239 42 185 194 310 68 335
2 17 4
483 161 484 131
16 20 24
423 400 143 188 496 32 413 484 255 57 374 177 322 136 145 156 154 342 225 10 232 278 352 167
2 25 4
287 371 307 166
4 16 10
102 46 183 416 396 476 22 378 294 285
1 9 7
52 491 103 466 170 199 342
12 20 20
444 328 359 436 145 187 201 149 205 489 373 479 248 105 162 103 41 454 496 395
1 8 9
11 154 69 239 150 176 308 415 331
2 9 10
184 489 202 269 125 494 162 338 182 89
1 4 20
267 149 46 220 360 394 385 499 475 368 335 170 478 322 94 347 7 68 320 177
3 6 24
404 216 130 463 453 16 64 296 188 160 476 324 264 393 62 248 466 208 380 412 474 385 306 406
1 3 22
115 132 178 477 338 124 287 306 370 357 264 78 205 202 269 139 11 254 480 379 340 17
2 6 15
17 476 170 456 466 471 36 235 125 326 83 74 308 97 285
8 17 15
323 397 167 42 351 28 334 335 222 71 423 107 385 105 103
1 14 4
430 104 496 76
3 23 5
102 380 498 180 430
4 22 6
364 125 40 94 485 69
5 13 14
290 42 128 396 236 151 215 45 411 303 133 226 436 280
2 20 3
430 104 169
4 8 20
208 447 379 43 129 273 214 315 253 115 410 239 152 453 114 191 183 306 268 308
7 17 17
43 445 451 158 352 466 199 357 268 165 34 86 406 368 185 282 130
11 19 19
190 153 5 134 356 445 294 240 408 45 238 403 265 125 131 378 166 325 465
1 15 3
373 131 77
6 22 10
105 76 439 262 142 295 214 417 192 230
1 12 5
339 177 145 83 36
13 17 23
186 45 225 356 228 28 481 131 447 364 322 232 324 64 174 336 166 173 489 402 152 101 134
6 21 10
23 355 232 81 312 210 11 447 217 483
2 5 20
264 168 406 426 345 160 169 110 312 232 90 200 431 484 395 241 70 473 129 356
10 20 18
32 478 117 350 310 397 56 219 124 366 251 184 299 227 166 113 236 110
3 20 7
101 444 491 330 382 149 196
2 14 8
372 327 213 66 341 329 174 304
5 12 15
488 482 54 428 476 227 323 327 237 192 150 27 489 167 213
1 7 9
198 367 339 141 451 184 413 357 324
6 17 14
3 369 498 79 421 340 136 440 310 291 35 160 367 19
15 20 24
419 83 255 205 184 166 410 456 5 191 376 17 219 208 211 3 480 55 40 48 421 269 38 338
1 4 16
286 392 276 390 313 150 371 323 187 191 307 271 416 81 154 15
1 26 2
116 94
7 14 19
103 475 320 32 364 319 98 160 494 469 358 377 246 8 324 187 133 18 234
1 7 10
125 261 207 387 173 179 372 229 138 276
1 7 11
493 179 169 341 201 118 22 91 440 326 282
2 12 7
477 142 330 392 148 15 264
3 24 5
188 369 126 47 311
2 11 10
349 9 267 365 489 344 416 477 22 435
2 8 12
276 455 33 370 135 272 260 300 244 299 58 87
1 12 6
306 35 60 371 466 3
14 19 25
436 467 388 160 334 176 145 207 258 371 341 86 92 474 280 257 398 21 496 83 262 70 106 304 125
9 14 21
187 168 322 142 150 21 47 411 229 387 418 357 153 222 266 141 216 169 390 190 263
5 21 9
320 253 162 484 464 277 308 401 469
9 16 21
357 23 110 484 263 76 337 179 467 27 227 242 257 264 131 390 287 324 93 400 41
6 11 21
254 18 329 479 57 51 452 260 237 190 73 44 490 330 322 462 250 301 478 122 355
4 9 20
437 174 286 133 360 393 218 216 281 331 251 35 20 118 454 222 219 44 124 334
4 12 10
123 136 0 144 154 488 492 319 146 245
8 18 14
475 246 423 384 203 23 184 18 194 470 70 339 482 316
7 14 19
12 204 364 403 466 428 169 179 232 300 9 76 275 164 247 367 392 420 90
8 19 12
149 126 135 241 492 184 404 363 376 180 10 356
1 18 4
120 16 472 6
1 12 6
329 280 304 366 33 448
4 8 21
268 237 151 301 195 270 475 341 206 51 359 355 247 180 283 12 15 320 410 362 414
2 7 14
426 269 41 443 361 188 37 61 91 18 253 191 262 324
2 16 6
164 82 439 67 438 284
4 8 22
300 209 338 465 301 451 83 152 410 298 383 266 61 19 184 22 27 198 176 245 343 428
1 39 2
327 490
3 25 5
287 297 484 174 181
3 8 17
301 476 97 56 36 265 419 183 226 409 447 111 239 198 45 241 454
9 18 19
245 472 293 180 390 189 249 351 231 155 439 358 324 434 239 89 289 340 178
1 8 8
362 67 78 189 407 45 127 436
5 18 11
199 167 54 227 214 467 432 60 339 174 335
2 9 10
78 289 217 123 65 135 456 131 203 171
3 17 8
8 439 327 450 278 306 486 470
3 12 12
487 71 75 295 119 462 407 284 30 432 91 202
1 23 3
238 260 423
7 18 13
264 59 25 158 313 23 174 325 168 195 235 81 364
10 15 18
323 135 241 76 221 396 255 331 314 470 107 250 124 462 154 362 245 50
1 13 5
68 113 388 62 107
5 19 11
293 30 345 194 17 174 490 327 437 125 164
1 19 3
204 131 236
4 9 20
117 448 308 95 399 253 309 426 239 85 127 204 461 441 297 357 419 68 165 334
4 16 12
262 162 490 75 182 484 409 364 342 457 4 248
5 13 14
64 88 36 104 343 41 458 337 263 145 467 8 26 479
1 6 12
414 72 474 228 82 481 375 195 156 190 87 396
8 21 12
478 337 442 212 4 169 164 495 36 259 77 340
1 4 19
172 160 16 407 492 142 188 19 401 64 276 201 84 236 272 488 37 122 451
5 12 12
230 293 132 434 215 216 408 492 159 158 97 167
1 9 7
392 112 224 325 273 123 90
7 13 18
398 485 273 244 294 234 17 111 171 491 363 266 15 492 386 494 479 113
10 16 24
23 110 365 382 228 158 370 39 416 96 51 41 272 134 267 471 312 451 213 450 98 194 306 171
7 14 17
2 356 260 321 308 3 350 271 170 491 431 442 320 425 76 291 397
3 16 5
442 146 0 143 198
16 23 24
317 327 346 287 192 272 140 200 298 1 91 254 136 328 354 238 210 460 419 408 349 252 362 353
10 16 23
250 155 114 382 476 134 437 88 102 492 263 418 17 46 412 395 459 243 232 276 173 168 438
13 21 22
132 447 12 110 360 365 31 330 34 475 315 116 104 46 156 174 58 284 179 51 440 86
4 12 14
83 238 435 326 311 232 15 155 227 98 370 487 205 179
3 20 6
271 304 161 90 48 361
1 28 2
78 158
6 22 10
160 35 372 47 338 2 463 133 343 183
4 15 8
356 153 144 320 159 64 206 56
2 11 7
303 236 18 246 183 424 251
4 19 8
310 46 393 206 176 403 250 154
5 15 10
164 51 330 29 285 449 245 206 60 139
6 10 24
273 62 76 293 203 321 158 298 274 350 82 354 319 258 399 45 178 435 172 397 285 220 187 444
3 6 20
300 484 485 256 11 191 365 13 205 395 313 424 173 27 478 325 338 375 92 475
4 15 11
140 289 126 60 237 210 84 465 487 162 484
2 21 5
299 35 226 335 373
1 8 9
439 176 306 28 291 78 494 19 17
3 18 7
83 460 217 254 356 105 497
8 16 15
490 363 36 62 222 291 439 302 434 480 479 102 460 125 235
2 20 3
148 66 391
5 15 13
20 481 410 430 232 112 424 242 39 109 414 321 113
2 4 25
347 455 153 176 182 263 58 468 12 286 40 80 187 23 65 243 196 392 212 460 268 355 462 312 495
7 12 23
257 106 95 397 259 275 84 143 344 480 193 250 320 353 166 482 92 427 217 49 296 431 203
4 10 17
377 9 6 473 221 463 241 203 5 287 353 65 62 39 408 159 243
3 12 11
85 274 275 349 450 149 301 157 401 30 174
3 21 5
376 127 491 361 394
2 12 8
53 22 398 303 474 258 386 455
7 19 11
413 406 469 242 133 255 354 463 430 161 141
6 13 18
485 403 391 281 317 167 156 468 357 162 275 470 56 333 480 236 445 267
7 19 13
38 337 158 329 332 111 312 360 341 408 112 212 200
6 17 14
358 393 234 263 306 283 444 100 344 333 47 50 120 471
1 17 3
447 387 15
2 16 7
366 476 197 346 140 362 390
3 8 15
325 291 313 17 171 354 404 202 351 77 182 431 470 51 368
2 10 7
486 159 367 458 177 414 363
15 19 25
438 213 39 398 367 451 452 475 348 287 218 301 173 397 160 242 178 424 278 79 244 444 297 91 170
4 15 12
357 379 82 469 27 487 130 34 460 10 329 409
2 20 4
41 62 404 11
1 11 6
37 51 481 232 279 337
3 15 6
499 190 148 456 404 266
1 3 22
45 276 197 289 463 459 168 467 235 332 82 190 163 336 115 152 222 268 366 212 479 18
4 9 19
295 205 289 270 347 125 411 477 85 157 373 180 472 94 239 366 300 449 481
6 9 24
156 455 222 245 305 445 473 275 369 463 340 453 317 307 34 293 486 296 339 189 70 61 66 211
2 17 6
152 35 169 291 36 39
3 16 5
44 56 278 0 59
7 16 14
469 52 283 282 236 303 240 76 126 58 41 95 440 471
8 12 25
358 321 387 147 155 71 5 120 183 326 266 111 382 391 151 66 10 223 232 399 21 494 312 275 265
3 18 5
327 405 367 458 456
4 16 11
348 312 96 248 161 165 121 239 148 47 396
4 20 8
472 19 116 223 68 34 396 23
2 29 3
73 237 444
12 18 24
360 294 412 26 362 451 56 395 455 353 435 78 342 195 91 430 4 382 468 221 453 385 388 178
8 24 12
402 151 477 267 140 334 188 466 278 177 47 454
8 20 15
468 76 249 32 196 73 226 23 309 124 317 62 324 489 51
2 27 4
218 494 47 465
8 15 17
176 86 296 356 302 138 423 186 87 329 372 13 174 407 49 93 476
5 11 18
129 144 472 478 301 310 46 367 270 158 61 45 200 190 479 85 498 432
1 6 10
80 76 152 217 426 401 150 308 58 282
3 7 21
113 192 422 440 0 89 464 132 499 217 326 437 241 231 28 323 344 264 225 297 114
10 18 21
98 409 155 366 487 416 286 114 100 159 228 34 162 410 452 234 22 412 288 252 25
1 17 4
287 119 173 233
1 15 3
88 422 63
3 27 5
404 415 249 137 295
7 17 11
394 116 403 306 461 307 496 170 151 38 145
12 22 18
14 409 109 76 249 303 306 252 50 275 436 6 80 407 220 263 283 360
1 4 17
476 234 209 74 262 362 332 316 463 21 162 125 275 216 231 170 118
10 22 16
193 328 54 494 23 76 389 159 117 36 347 10 205 37 390 98
2 13 6
271 309 355 99 352 286
15 18 24
428 484 480 104 348 146 415 38 329 374 352 310 418 287 126 181 465 461 491 106 296 19 59 212
5 13 16
175 307 413 91 252 477 313 191 317 464 375 488 178 267 194 83
5 9 23
355 72 226 212 482 177 20 35 294 163 281 159 328 253 12 347 196 271 225 227 112 197 373
8 15 17
207 202 108 269 483 115 39 360 214 128 76 99 161 456 440 314 151
1 6 11
220 369 107 258 151 139 476 235 129 214 164
1 17 2
28 151
1 25 3
448 139 197
5 24 8
166 382 398 383 335 167 87 28
10 15 22
87 198 426 47 330 304 150 266 139 29 193 101 30 7 275 423 328 49 189 255 90 102
3 9 15
264 124 224 322 67 356 18 116 303 16 79 68 80 228 353
3 8 19
460 124 213 429 308 103 329 253 34 269 108 455 367 392 62 149 230 291 444
1 11 7
76 348 87 13 469 326 31
6 10 25
147 275 443 214 152 135 469 193 84 14 308 86 290 233 207 200 238 11 19 449 322 46 106 407 351
1 3 20
370 341 294 60 37 273 62 89 278 158 479 497 293 184 47 477 372 154 122 415
5 18 10
37 228 170 226 23 129 354 273 57 151
1 15 3
6 53 269
14 19 21
345 131 342 414 109 85 117 36 26 390 434 14 6 182 355 189 322 258 494 118 374
6 21 11
22 395 24 25 440 144 362 254 78 274 481
3 9 14
339 15 311 434 433 282 277 231 152 391 192 323 465 402
2 27 4
421 210 87 474
12 20 18
195 71 376 385 453 332 228 296 112 88 163 241 99 328 262 480 155 394
6 17 13
238 264 430 256 335 218 261 102 255 412 266 416 89
4 18 8
68 425 143 448 220 12 139 164
8 13 24
4 239 465 50 134 160 206 385 411 268 318 144 279 95 175 72 366 19 28 46 392 423 348 158
5 15 13
319 375 85 116 89 422 360 326 402 251 484 5 376
1 4 18
125 192 494 322 25 112 401 67 44 429 465 373 448 435 1 205 343 114
2 21 3
347 274 390
8 18 16
287 478 147 186 436 20 461 171 393 440 455 53 401 131 227 165
1 28 2
420 25
3 17 8
370 23 322 444 123 260 233 74
1 4 17
328 34 217 382 5 306 268 154 351 147 85 272 226 191 231 15 68
1 24 2
395 227
8 15 21
479 110 489 138 166 411 468 76 36 397 371 259 326 134 170 294 246 236 174 473 16
2 19 3
494 95 367
4 10 16
41 177 67 78 453 381 33 480 182 191 109 421 73 433 172 392
13 22 20
255 194 368 463 130 172 474 461 370 353 415 115 397 357 20 499 228 203 435 120
1 3 25
77 329 311 270 124 13 306 359 151 449 287 44 464 208 422 227 298 453 41 68 9 481 360 275 81
2 23 4
52 34 265 195
4 19 7
456 116 137 329 91 300 419
6 24 10
224 194 189 2 400 96 103 181 166 147
8 12 24
258 185 351 313 306 265 146 66 463 138 291 356 493 182 290 80 52 400 93 181 18 232 455 308
5 22 9
447 49 448 249 329 25 480 170 230
2 6 17
494 75 192 353 10 122 380 282 280 80 287 487 21 238 157 469 404
3 7 21
448 325 199 236 177 405 42 462 63 485 488 190 151 419 189 425 289 188 61 441 439
7 11 24
364 321 474 431 353 366 148 76 457 357 48 17 256 129 394 75 282 388 234 416 326 28 155 194
11 17 20
355 474 91 418 99 169 80 384 367 248 325 252 447 296 74 277 215 299 381 152
8 19 16
73 426 144 406 238 474 199 216 257 161 37 452 366 358 388 116
1 19 2
148 244
5 24 8
122 409 132 267 175 77 376 323
5 9 22
483 489 9 209 396 466 195 116 334 112 191 462 28 72 238 389 253 52 266 70 85 151
10 15 24
150 487 33 367 449 84 446 83 176 238 199 139 4 406 222 456 205 22 416 447 497 376 471 72
3 6 23
130 164 313 497 308 321 148 107 131 109 36 77 445 338 200 66 278 478 266 160 74 344 432
4 21 8
130 173 413 89 96 261 147 231
1 3 23
177 0 13 64 129 131 147 379 396 118 235 28 40 266 80 275 188 386 492 330 226 170 202
5 13 15
47 309 253 359 64 479 39 25 303 417 198 55 404 314 34
2 6 15
396 468 48 139 153 477 43 341 478 92 127 339 126 17 363
6 16 14
319 487 254 480 262 28 94 468 208 420 243 491 80 1
12 18 21
396 107 435 259 315 74 318 467 198 399 269 499 437 432 282 368 82 412 41 0 63
5 11 19
272 243 344 482 4 123 406 116 174 215 385 365 195 329 31 72 405 351 309
1 3 21
200 443 302 306 375 426 132 344 184 210 249 334 480 19 470 263 304 398 32 340 478
1 15 4
475 32 34 272
2 12 8
294 60 0 116 223 139 1 347
9 20 15
378 446 79 152 449 481 2 460 338 106 412 388 165 445 243
4 16 10
44 197 373 310 290 160 82 315 447 384
2 5 21
363 96 382 5 133 325 420 190 8 256 485 372 288 287 155 92 149 264 159 234 350
14 20 22
230 447 216 484 181 362 301 90 201 274 411 405 214 20 58 449 315 380 375 226 14 144
2 4 24
272 391 447 160 236 395 179 164 74 237 92 90 152 493 69 116 423 328 379 355 188 60 426 126
5 14 15
458 35 98 402 243 494 160 161 201 480 209 235 58 204 148
2 13 9
234 327 325 77 197 248 472 457 286
10 15 23
135 453 163 17 305 225 206 173 376 107 49 408 116 241 32 272 407 439 36 118 217 46 356
2 5 20
6 88 263 303 451 273 74 265 223 105 301 484 408 279 456 261 468 358 420 242
2 14 6
391 202 494 345 439 385
6 13 17
478 248 34 141 493 470 292 363 473 259 135 228 456 239 119 235 293
6 12 20
221 406 279 162 195 494 344 307 484 446 2 493 409 35 119 356 402 311 251 28
3 23 6
445 364 384 120 23 393
1 7 10
4 430 276 192 134 270 354 144 157 308
1 7 9
365 363 445 394 483 31 297 116 163
3 9 15
86 168 433 317 286 491 327 313 104 125 377 200 124 419 398
1 9 7
493 456 354 375 343 464 283
8 21 14
257 475 466 95 252 218 178 301 474 108 3 412 396 193
13 19 21
47 493 18 141 484 137 126 8 409 403 17 106 378 427 372 181 426 356 382 361 235
11 18 21
299 62 215 421 122 382 134 281 339 312 157 475 431 183 297 471 357 81 419 323 17
