500 2500 775
11 40 34 13 11 14 29 31 27 23 14 32 16 13 18 40 25 15 39 29 11 18 31 11 14 26 13 27 14 30 23 34 34 24 21 19 30 22 21 21 23 30 38 21 36 14 31 40 39 19 17 30 16 19 22 36 39 25 17 18 18 23 28 16 31 30 12 30 15 17 37 22 28 20 13 25 34 29 23 26 40 36 18 28 28 28 29 21 38 28 15 15 15 30 38 33 22 39 19 38 39 20 26 14 31 28 39 13 20 26 14 22 40 36 20 40 28 38 18 35 15 30 38 33 38 30 32 22 16 18 25 38 11 28 31 23 40 25 16 39 38 16 12 32 14 36 18 19 24 37 31 22 15 20 29 11 25 20 40 18 11 13 27 16 37 22 34 30 29 38 20 36 25 22 38 21 19 11 11 26 17 28 35 25 13 35 14 31 25 11 38 17 16 34 18 15 18 36 12 35 29 30 31 18 15 30 16 38 30 17 27 39 24 37 28 13 29 16 24 28 28 32 19 22 32 32 30 39 38 36 38 24 12 13 33 12 22 17 31 21 31 35 28 19 40 25 18 24 23 28 16 32 32 14 24 25 35 11 15 38 36 32 15 39 20 29 13 25 29 28 35 32 29 13 37 18 30 23 35 27 38 19 32 40 27 12 31 39 22 19 11 28 18 21 39 14 11 33 24 38 38 27 19 17 14 37 40 31 40 17 26 39 30 33 14 16 30 21 29 34 20 23 13 17 25 32 36 11 14 21 30 40 36 37 12 30 38 14 11 40 33 26 39 29 16 17 14 16 15 28 18 17 17 26 23 14 23 40 29 23 34 24 38 11 21 18 39 14 35 34 26 22 37 25 26 40 32 33 34 14 20 34 21 21 12 22 11 21 14 29 32 17 20 25 24 37 29 16 22 39 28 19 31 30 29 37 28 19 39 32 23 22 34 32 26 36 13 28 13 36 30 34 15 36 15 39 11 26 32 30 17 13 16 16 40 18 36 35 22 14 25 11 29 38 13 17 27 32 33 17 22 39 28 25 34 17 20 40 18 26 37 40 28 30 16 31 13 22 26 29 35 40 40 25 15 23 24 26 40 25 24 26 21 17 16 11 14 27 15 22 23 19 40 16 13 29 40 24 33 11
1 30 24 3 1 4 19 21 17 13 4 22 6 3 8 30 15 5 29 19 1 8 21 1 4 16 3 17 4 20 13 24 24 14 11 9 20 12 11 11 13 20 28 11 26 4 21 30 29 9 7 20 6 9 12 26 29 15 7 8 8 13 18 6 21 20 2 20 5 7 27 12 18 10 3 15 24 19 13 16 30 26 8 18 18 18 19 11 28 18 5 5 5 20 28 23 12 29 9 28 29 10 16 4 21 18 29 3 10 16 4 12 30 26 10 30 18 28 8 25 5 20 28 23 28 20 22 12 6 8 15 28 1 18 21 13 30 15 6 29 28 6 2 22 4 26 8 9 14 27 21 12 5 10 19 1 15 10 30 8 1 3 17 6 27 12 24 20 19 28 10 26 15 12 28 11 9 1 1 16 7 18 25 15 3 25 4 21 15 1 28 7 6 24 8 5 8 26 2 25 19 20 21 8 5 20 6 28 20 7 17 29 14 27 18 3 19 6 14 18 18 22 9 12 22 22 20 29 28 26 28 14 2 3 23 2 12 7 21 11 21 25 18 9 30 15 8 14 13 18 6 22 22 4 14 15 25 1 5 28 26 22 5 29 10 19 3 15 19 18 25 22 19 3 27 8 20 13 25 17 28 9 22 30 17 2 21 29 12 9 1 18 8 11 29 4 1 23 14 28 28 17 9 7 4 27 30 21 30 7 16 29 20 23 4 6 20 11 19 24 10 13 3 7 15 22 26 1 4 11 20 30 26 27 2 20 28 4 1 30 23 16 29 19 6 7 4 6 5 18 8 7 7 16 13 4 13 30 19 13 24 14 28 1 11 8 29 4 25 24 16 12 27 15 16 30 22 23 24 4 10 24 11 11 2 12 1 11 4 19 22 7 10 15 14 27 19 6 12 29 18 9 21 20 19 27 18 9 29 22 13 12 24 22 16 26 3 18 3 26 20 24 5 26 5 29 1 16 22 20 7 3 6 6 30 8 26 25 12 4 15 1 19 28 3 7 17 22 23 7 12 29 18 15 24 7 10 30 8 16 27 30 18 20 6 21 3 12 16 19 25 30 30 15 5 13 14 16 30 15 14 16 11 7 6 1 4 17 5 12 13 9 30 6 3 19 30 14 23 1
2 11 8
482 148 301 203 4 467 115 279
5 16 10
374 336 120 380 111 59 133 183 481 351
1 14 3
107 89 52
2 16 4
173 87 50 71
4 14 10
354 460 8 154 239 206 424 324 120 38
2 25 4
339 456 487 95
4 17 9
238 454 498 152 354 127 388 132 207
1 19 2
430 482
2 28 3
243 238 119
2 32 3
200 421 377
3 23 5
61 96 335 356 56
2 15 6
474 436 34 38 29 231
6 24 10
396 124 495 0 80 421 227 125 42 43
4 23 7
166 149 342 179 449 79 350
1 18 2
92 438
4 20 7
106 5 189 465 383 251 435
1 21 2
177 46
2 33 3
335 41 287
1 31 2
298 230
1 31 2
476 230
2 11 9
277 406 133 353 427 368 243 208 228
1 11 6
451 386 293 276 314 449
6 18 10
13 176 82 324 71 443 139 475 455 61
4 22 7
64 438 149 22 11 481 392
2 23 3
268 286 296
2 15 5
438 235 52 488 88
6 22 10
282 211 171 253 89 404 59 14 167 412
1 24 2
152 2
6 26 9
332 123 83 481 18 37 41 65 112
1 16 4
307 354 248 436
4 21 6
373 248 432 327 208 31
3 26 5
487 415 80 356 465
3 9 8
303 163 14 212 203 444 435 416
2 12 8
9 498 3 145 298 367 31 58
1 23 2
390 422
1 7 10
39 419 69 22 378 368 41 311 136 451
3 14 10
295 369 305 195 459 82 252 45 241 300
1 10 5
485 464 486 364 104
1 14 4
12 371 436 71
1 26 2
112 494
5 24 8
208 460 115 125 121 19 160 202
2 13 6
352 132 156 141 487 265
2 9 9
282 4 480 431 486 316 387 173 246
1 28 2
271 137
2 16 6
353 151 296 428 350 1
1 13 5
277 442 75 366 320
5 18 9
329 56 392 214 231 398 161 205 232
1 28 2
250 136
5 16 10
111 10 359 464 499 482 121 440 415 349
2 28 3
216 286 298
1 19 4
41 372 15 259
1 16 2
323 262
3 19 8
67 283 330 489 496 278 339 435
1 16 2
10 292
6 25 9
276 429 263 300 129 220 438 325 452
1 10 8
464 240 134 1 73 26 331 428
2 18 4
338 304 117 61
2 17 5
288 220 332 285 155
3 15 9
165 103 95 24 40 193 366 260 196
1 26 2
349 57
2 11 10
174 483 94 378 427 55 30 395 14 26
1 18 2
82 458
5 18 8
354 92 303 331 107 211 397 3
2 21 3
140 178 432
1 11 5
367 265 212 442 147
3 14 6
474 320 25 59 176 173
3 20 7
399 332 313 143 333 398 223
1 14 3
281 497 114
2 33 3
278 228 417
1 35 2
97 150
3 14 7
289 183 218 193 392 82 204
2 22 5
287 81 173 275 443
6 24 9
280 420 63 185 59 391 375 414 413
3 24 5
369 433 282 99 320
2 16 6
10 313 41 420 443 475
1 28 2
284 65
1 22 2
208 379
1 18 2
184 298
1 17 3
493 270 486
1 35 2
185 197
1 14 5
326 352 315 171 120
3 15 9
125 254 155 229 175 261 426 473 460
1 18 3
13 263 69
5 19 8
9 352 367 397 109 193 408 60
2 25 3
162 304 182
1 15 3
430 249 285
1 34 2
7 443
6 17 10
483 131 290 155 88 123 108 262 198 444
2 17 6
279 415 80 373 445 232
1 13 5
101 85 358 66 230
2 28 3
477 408 101
1 7 10
410 339 263 334 209 418 131 437 320 22
2 15 6
65 21 85 213 214 78
4 16 10
146 211 379 384 451 393 34 149 27 334
6 18 10
130 138 285 17 445 482 148 15 427 65
1 6 6
485 90 60 257 407 203
2 14 8
392 196 425 140 166 6 117 473
1 27 2
457 24
4 16 10
69 162 131 496 467 85 281 84 125 429
3 19 7
343 417 498 129 213 279 299
5 21 8
109 255 226 264 374 199 269 289
2 16 5
250 375 481 5 486
6 18 9
14 270 429 352 40 13 351 486 133
5 18 8
43 404 387 14 420 432 495 303
1 24 3
81 113 196
1 11 7
211 490 313 338 177 106 17
2 17 6
229 395 452 490 192 428
1 33 2
406 259
1 10 6
174 346 38 314 476 250
1 27 2
39 313
2 15 7
390 336 189 312 108 122 202
1 19 2
440 416
1 15 2
138 422
2 20 5
145 361 227 179 455
1 12 6
41 326 439 403 150 140
2 19 5
165 487 307 200 99
2 26 3
60 39 434
2 13 9
418 251 471 234 160 356 366 492 362
3 12 9
212 398 262 452 497 380 343 414 307
2 23 4
206 355 457 48
2 35 3
169 125 227
1 8 10
135 170 1 57 158 485 299 163 332 411
1 28 2
115 52
2 18 3
379 383 302
1 18 3
433 472 439
1 9 6
449 234 0 435 317 328
4 16 9
345 32 467 279 191 247 300 61 334
1 13 4
313 329 68 20
2 18 5
447 341 487 413 232
1 22 2
334 448
3 16 9
327 291 413 139 48 229 180 206 230
2 15 7
438 48 346 24 401 294 72
1 11 6
246 195 467 214 23 283
1 11 7
139 88 344 170 393 131 158
3 14 8
352 332 215 25 7 247 277 233
4 18 8
7 372 6 453 414 444 45 262
5 21 8
303 34 82 317 470 485 311 436
1 7 10
70 126 405 354 135 125 15 497 214 235
4 19 8
296 98 423 16 300 436 40 71
1 10 6
152 168 429 50 201 371
2 30 3
448 450 419
4 16 10
480 385 206 297 302 25 22 470 311 253
1 36 2
405 470
5 18 10
90 40 317 427 111 157 36 331 287 414
2 18 5
329 496 165 293 224
1 17 4
10 335 334 244
1 21 2
223 239
2 20 5
362 227 374 468 155
4 22 7
38 463 442 47 269 200 330
5 26 8
31 376 418 433 145 408 55 454
2 19 5
114 294 37 182 296
2 19 4
378 449 179 445
2 15 5
131 38 153 488 322
1 19 3
282 21 79
2 25 3
279 416 274
3 12 10
224 411 84 299 285 62 453 151 493 54
1 20 3
481 229 217
1 23 3
390 230 10
6 21 9
219 462 388 142 156 207 118 307 85
1 25 2
404 96
2 14 8
399 107 158 211 88 170 355 44
1 19 4
274 121 294 197
2 19 4
105 391 93 222
2 18 4
302 413 153 387
2 14 6
498 301 50 69 3 84
2 14 4
281 102 346 110
5 22 8
421 349 3 376 293 297 130 374
2 18 6
364 202 100 97 466 365
1 14 5
376 257 333 202 199
2 13 8
297 82 221 408 465 161 160 7
1 7 10
25 12 92 34 367 315 389 472 14 286
1 28 2
84 318
2 20 3
212 354 424
4 17 8
402 363 265 273 243 193 135 130
1 26 2
65 165
2 31 3
172 276 190
3 15 8
426 461 325 218 5 352 74 265
4 20 6
231 36 497 165 320 345
1 35 2
55 437
6 19 10
152 63 199 430 127 212 471 495 290 187
5 18 8
159 225 58 438 483 39 378 180
1 12 6
443 178 174 397 309 156
2 15 7
227 312 307 68 286 316 18
1 24 3
224 76 136
3 26 5
267 294 54 287 400
5 22 9
16 302 338 283 269 414 190 336 123
1 8 8
23 333 304 450 485 72 41 487
2 15 7
63 50 229 150 408 241 69
3 20 7
262 97 224 478 51 355 143
1 14 2
345 235
3 13 10
359 453 330 295 152 349 110 362 495 408
2 12 8
161 62 412 131 315 349 160 473
1 20 3
188 450 274
2 10 10
401 234 367 293 495 291 244 373 474 232
3 19 5
468 87 400 108 364
1 8 7
162 330 480 427 352 475 262
1 25 3
311 406 372
2 24 3
395 296 130
4 22 7
280 376 439 281 39 99 116
2 13 7
486 383 407 169 216 324 201
3 18 8
119 435 382 395 342 15 487 23
4 18 10
357 38 435 408 228 115 483 272 148 210
4 21 6
369 57 403 191 431 356
4 15 10
95 323 414 344 474 433 68 265 425 181
1 17 2
323 194
1 8 9
258 19 69 382 306 35 207 479 225
1 32 2
214 415
4 13 9
387 295 388 400 111 61 125 250 5
1 19 3
171 30 129
3 26 5
447 134 443 354 340
1 15 5
173 260 211 438 311
3 14 8
437 194 109 160 37 168 262 181
3 19 8
94 421 103 375 60 99 36 471
4 17 8
157 436 337 253 468 217 293 492
1 14 5
470 18 442 454 441
3 23 5
495 64 209 274 43
3 15 9
345 368 103 402 146 184 278 423 415
1 19 2
74 374
4 19 7
156 456 9 45 375 159 335
2 31 3
125 335 95
1 22 3
74 249 244
3 20 6
242 262 378 477 82 166
1 30 2
419 324
2 13 8
468 464 51 366 103 491 481 80
3 13 9
103 109 485 2 310 367 167 79 377
1 28 2
54 381
2 18 4
135 273 397 32
1 15 2
128 439
1 13 4
151 385 347 428
2 21 5
372 474 97 428 98
1 18 3
23 286 497
1 19 2
71 163
2 20 4
358 23 125 37
2 14 7
211 376 144 14 19 476 215
4 22 6
235 276 77 244 476 28
5 22 9
451 47 332 496 206 450 30 180 476
2 24 3
199 53 281
2 27 3
3 272 244
1 10 6
38 67 376 218 187 483
1 23 2
398 172
2 11 8
225 266 321 317 253 236 22 220
1 10 4
170 275 135 146
1 22 3
323 124 318
3 17 7
246 13 426 434 284 176 336
1 16 4
299 204 109 24
1 22 3
6 405 384
1 11 5
277 72 347 249 9
2 17 5
421 21 391 274 160
2 20 3
14 440 82
3 15 8
176 120 183 240 192 29 243 280
3 13 7
175 416 397 485 302 248 41
2 9 10
180 345 105 66 327 33 185 318 0 254
4 24 6
338 438 244 408 315 62
2 20 3
384 256 186
2 24 4
309 396 94 469
3 16 8
215 105 141 331 230 485 438 142
1 16 3
277 138 25
3 19 6
61 163 45 174 228 432
1 14 5
107 347 131 55 279
1 30 2
313 214
1 11 7
140 93 181 370 192 40 115
4 28 6
421 478 238 330 268 207
1 14 4
243 342 351 258
2 16 5
107 436 343 91 138
2 23 4
242 449 370 112
1 6 10
232 493 251 13 274 401 268 350 335 277
1 16 4
417 200 449 270
3 19 7
470 473 194 375 475 254 294
1 12 6
237 103 415 274 173 52
5 18 10
470 307 481 255 79 252 438 426 232 228
2 27 3
376 349 411
1 18 3
347 277 123
4 24 6
391 269 432 197 263 374
4 24 7
192 470 280 390 413 410 428
2 20 3
398 258 137
4 21 8
419 371 225 268 116 213 461 237
4 19 8
296 31 333 221 205 114 188 79
3 12 10
180 225 306 387 271 69 354 235 450 75
3 23 5
418 393 190 12 131
5 15 9
499 303 328 165 428 250 110 315 308
3 12 10
252 411 111 260 453 83 394 386 497 84
1 13 6
92 30 295 241 478 117
1 11 5
81 246 467 215 90
2 22 4
406 323 288 300
2 29 3
316 300 34
1 25 3
56 430 88
2 17 4
205 54 63 379
4 24 7
496 145 23 154 353 365 443
5 20 9
487 107 341 462 124 387 479 336 87
2 23 3
304 335 109
1 19 4
105 56 158 489
1 16 4
460 481 216 39
2 16 5
311 173 484 352 385
1 12 6
479 309 405 454 236 457
1 22 3
477 80 188
2 26 3
306 184 27
1 19 2
35 157
2 21 3
344 290 260
3 11 9
27 78 134 248 359 397 178 367 92
1 14 4
268 277 429 467
1 19 4
282 230 134 399
2 12 8
3 276 201 2 130 22 183 415
4 18 10
88 415 294 419 116 2 427 166 0 333
1 7 9
346 245 94 116 490 108 222 404 310
1 11 7
336 374 311 141 121 97 102
4 24 6
305 19 384 242 412 53
1 11 7
488 405 397 131 233 115 254
2 21 4
113 303 369 344
2 10 10
366 50 99 73 156 64 45 484 105 154
1 30 2
36 41
3 13 10
144 280 236 50 469 121 320 17 291 405
2 25 3
471 431 356
2 23 4
30 335 487 460
4 17 8
132 275 225 181 362 347 341 302
1 13 6
345 186 462 88 322 375
3 13 9
471 467 141 493 210 423 103 194 314
2 10 9
497 152 349 117 499 178 84 295 282
2 10 9
276 232 217 29 53 222 259 424 219
4 26 7
331 234 256 386 30 99 408
2 9 10
433 297 187 335 466 292 448 324 181 98
1 12 5
17 228 295 338 71
2 15 7
183 18 247 229 171 295 200
1 15 4
341 92 53 32
1 22 3
337 36 299
2 14 7
166 118 299 268 209 248 0
2 28 3
117 256 184
2 20 5
150 384 415 62 419
1 7 9
148 109 473 38 216 19 4 430 412
1 9 8
315 331 97 155 341 297 35 274
1 12 4
141 3 69 377
2 10 10
114 150 36 417 357 71 113 143 82 217
4 22 6
40 291 87 123 404 302
2 21 5
103 169 437 486 376
1 15 5
159 376 139 80 133
3 18 7
218 389 43 19 299 44 473
1 24 2
134 323
1 12 5
198 220 120 284 381
6 27 9
32 233 259 469 124 106 498 69 306
2 22 4
387 68 181 48
1 37 2
18 278
2 19 4
134 493 383 255
1 23 2
318 275
6 21 10
375 481 359 386 135 462 283 188 499 197
1 7 8
126 462 324 104 200 350 389 248
5 13 10
327 200 163 304 74 455 312 459 110 192
5 19 10
47 333 219 141 404 6 17 348 61 340
6 15 10
195 46 91 108 111 217 344 149 432 322
2 10 9
440 104 445 226 312 485 377 353 25
2 12 9
68 31 136 51 408 164 384 274 206
1 22 2
439 202
1 19 3
273 44 165
1 15 4
393 216 381 455
1 9 7
110 335 333 440 161 222 19
3 21 6
158 305 30 410 273 265
3 22 6
446 353 186 417 56 115
3 22 6
161 345 81 260 162 377
2 25 4
393 457 184 260
1 35 2
415 2
1 15 5
274 122 315 450 73
3 13 10
473 284 339 438 41 392 499 243 263 482
2 11 10
188 262 431 207 101 433 425 345 182 67
1 10 6
499 109 147 433 183 311
2 28 3
71 463 224
1 14 5
460 216 441 255 31
2 18 3
322 19 494
2 15 5
144 475 195 240 87
1 28 2
116 72
3 18 6
40 8 224 175 236 268
3 17 8
409 232 208 52 42 140 87 483
2 19 4
253 410 330 459
6 21 9
205 351 404 196 441 435 341 263 252
1 10 7
51 34 165 335 115 53 204
2 11 10
75 29 378 442 180 213 419 425 125 423
4 19 9
308 149 354 331 432 353 406 247 271
2 13 7
361 446 300 51 450 102 301
4 17 10
107 30 72 153 284 29 93 419 124 158
3 17 8
478 420 28 235 430 174 76 250
1 10 6
385 370 373 293 104 495
1 19 4
433 197 164 331
6 22 9
268 461 440 247 91 493 271 109 130
2 21 5
25 311 499 15 385
1 11 6
225 312 57 45 190 422
2 23 5
408 375 209 158 251
2 19 5
391 443 89 134 418
3 21 5
316 477 312 96 302
2 16 7
326 268 192 263 24 94 398
2 13 8
65 397 447 11 415 161 419 272
2 12 5
338 409 204 253 91
2 12 7
338 214 494 73 412 212 66
1 18 2
382 192
2 20 3
138 238 355
2 21 3
127 6 416
1 32 2
197 269
4 19 8
349 302 131 76 38 405 151 455
1 32 2
11 282
3 13 9
359 68 338 363 352 433 325 283 265
2 10 8
286 401 175 235 103 72 262 212
3 24 5
227 154 466 430 333
1 7 10
415 435 432 113 272 162 402 44 165 1
5 20 9
346 418 329 48 217 438 410 366 294
1 13 6
308 488 222 110 491 443
1 10 5
396 296 128 453 267
3 14 9
411 194 345 288 197 83 259 337 188
4 15 8
68 285 464 86 364 322 49 423
2 28 4
35 357 409 492
1 19 4
418 399 124 285
2 21 5
366 36 414 50 190
1 22 2
74 46
2 15 7
422 399 310 259 155 495 389
5 16 9
38 110 100 161 499 487 102 445 485
2 14 3
363 384 176
3 11 7
254 151 23 327 441 236 178
3 14 9
379 53 114 246 169 478 396 248 103
2 12 6
383 204 151 494 150 20
1 18 4
4 14 122 333
2 12 8
132 396 358 232 252 493 434 475
4 15 8
62 355 5 83 323 118 238 435
2 24 4
194 282 56 133
3 21 5
283 223 486 290 6
4 28 6
412 81 448 460 178 265
1 16 3
437 91 379
1 8 9
124 118 130 244 233 495 497 94 81
3 10 10
118 21 482 427 296 327 52 201 159 102
3 15 9
375 355 248 85 151 72 349 395 134
4 16 10
15 380 418 71 400 42 267 57 70 61
5 16 10
217 12 157 165 443 343 302 136 21 49
4 19 9
346 374 434 227 205 14 259 487 61
4 26 6
496 294 134 199 3 397
2 12 8
291 119 302 129 63 436 350 39
1 13 5
439 269 133 337 357
5 16 10
460 9 52 216 301 26 428 384 494 258
1 14 5
339 148 290 346 22
4 16 10
74 343 442 477 344 228 335 134 8 305
3 13 9
152 445 315 31 452 249 29 442 225
2 11 8
240 139 217 165 324 120 416 258
1 14 5
388 251 433 476 80
1 11 5
241 101 359 173 364
1 11 6
497 12 286 18 6 206
3 26 5
42 101 345 405 190
4 23 7
358 52 196 207 369 211 96
4 20 8
185 408 157 351 148 83 197 483
6 20 9
303 384 214 196 457 232 147 413 150
1 23 3
226 461 75
1 8 9
122 484 463 164 376 485 482 155 337
1 8 9
364 36 460 373 296 209 405 483 242
1 15 5
363 122 135 116 94
3 13 10
412 449 480 149 32 276 352 224 444 254
1 23 3
412 358 164
3 15 9
287 320 247 268 197 459 22 92 8
1 19 4
94 100 388 439
2 23 3
181 432 245
3 15 9
127 5 296 317 405 129 495 80 200
6 20 9
112 356 133 181 422 130 359 397 483
4 16 10
404 56 386 269 415 242 58 87 168 429
4 22 7
148 87 223 472 403 201 270
1 25 3
211 347 213
1 27 2
17 425
4 17 9
280 477 441 486 487 114 460 28 468
2 10 9
347 36 268 239 219 221 217 191 37
1 19 4
197 192 78 283
1 15 4
480 166 84 285
2 10 7
204 367 172 54 101 440 33
1 33 2
291 300
1 21 2
365 57
2 12 7
29 82 490 35 152 272 406
1 24 2
113 232
1 14 5
204 353 395 470 203
3 22 5
103 45 417 211 240
1 32 2
113 89
1 16 4
429 381 219 86
3 14 10
136 412 153 157 181 368 18 329 33 182
1 6 10
20 31 455 407 388 239 221 477 252 138
1 22 2
166 485
1 25 2
343 293
1 8 9
308 492 468 395 394 479 78 248 192
5 17 10
340 296 381 170 55 411 123 392 346 367
2 29 3
116 18 371
1 16 4
258 289 267 263
2 12 9
62 308 191 360 331 203 12 441 421
1 15 4
143 27 499 330
1 7 9
52 433 259 310 179 290 129 449 6
1 33 2
207 214
2 18 5
267 466 178 260 51
1 23 3
437 444 369
1 17 3
185 152 63
2 11 9
196 385 413 470 102 321 98 91 336
1 27 2
137 51
1 8 8
83 479 145 455 489 134 107 349
4 26 6
464 307 278 64 1 71
1 9 8
463 82 139 405 465 49 229 48
2 11 10
299 207 342 464 366 375 212 114 482 148
2 17 4
133 237 391 109
6 25 9
299 467 328 282 185 399 326 257 487
5 17 9
465 269 499 160 103 260 338 242 432
2 12 9
418 76 209 94 261 380 434 381 81
1 13 5
166 30 43 95 356
1 15 5
161 122 151 362 275
2 18 5
490 1 354 89 246
4 18 7
294 135 310 165 426 141 59
1 14 4
61 127 214 420
2 27 3
212 125 343
5 16 9
359 228 482 254 427 138 184 45 262
3 15 7
318 183 120 255 380 250 446
5 18 8
192 12 421 159 163 182 409 3
4 19 8
164 144 115 310 479 304 79 264
2 27 4
81 331 160 143
3 23 5
142 10 395 19 171
4 17 9
272 208 349 404 13 40 119 149 392
5 19 10
11 400 64 263 24 150 396 74 201 212
1 18 3
403 4 414
6 23 9
59 48 326 37 292 96 240 366 315
1 34 2
343 115
2 22 3
264 76 142
1 28 2
365 122
1 7 9
229 488 22 439 62 428 107 232 484
4 18 7
186 77 208 468 89 322 323
1 26 2
190 103
5 21 9
491 88 94 431 265 188 400 422 224
1 34 2
88 226
2 18 4
85 155 407 393
2 18 4
488 479 226 58
4 18 7
131 35 37 44 110 466 233
2 12 9
375 271 494 28 174 429 113 141 253
2 21 5
466 211 70 7 107
3 15 8
320 326 76 266 497 254 465 315
1 9 8
467 218 183 440 18 372 27 132
2 22 5
399 274 113 82 482
2 27 4
270 106 296 241
3 17 6
84 167 222 159 462 264
1 23 3
420 370 375
1 24 3
190 156 166
6 21 10
108 145 467 440 45 30 416 495 131 213
5 23 8
293 387 399 190 341 404 69 402
2 20 4
284 73 379 55
1 10 6
305 192 371 350 433 406
2 14 6
349 96 485 228 163 138
2 21 5
377 130 408 281 193
1 9 5
383 78 141 3 254
2 22 4
241 232 58 97
2 11 10
458 422 117 69 81 324 44 306 243 252
2 26 3
192 174 33
5 18 10
84 112 40 484 456 407 131 219 276 243
2 22 3
385 275 72
1 31 2
470 8
2 16 4
378 3 129 304
2 11 9
419 145 448 284 72 321 325 104 219
2 14 7
89 166 19 163 393 25 199
3 18 7
358 317 75 487 164 2 497
1 12 6
389 373 488 306 198 498
2 16 6
369 183 391 460 281 349
4 19 8
67 364 27 425 340 269 13 486
2 8 10
120 318 448 354 407 233 371 5 490 49
3 12 10
83 290 374 443 330 37 57 73 392 247
6 21 9
98 211 38 125 148 277 321 418 313
5 17 10
264 426 368 8 87 291 295 29 177 22
3 16 5
43 24 257 398 468
2 28 4
443 189 136 2
2 12 8
192 203 112 123 226 407 266 411
1 13 3
386 486 310
3 14 10
9 215 56 208 142 377 375 385 245 312
1 16 2
43 66
1 24 2
21 167
1 16 4
168 65 5 326
1 14 4
195 330 181 157
2 11 9
499 21 402 469 304 235 38 448 140
4 21 7
277 278 446 242 429 154 163
2 27 4
137 213 448 117
4 23 7
336 309 134 370 413 488 280
1 7 10
164 25 136 388 386 402 292 328 239 296
3 24 5
55 497 322 174 473
2 16 5
321 198 401 497 260
1 8 8
201 464 65 124 279 439 6 393
3 16 9
354 432 408 170 368 316 1 430 239
2 13 8
257 288 378 492 82 123 379 381
1 8 9
68 207 27 199 265 370 432 238 498
1 19 4
408 306 445 164
1 13 4
363 105 109 33
1 17 4
351 202 136 417
1 27 2
274 365
2 23 5
215 425 81 471 182
2 21 3
171 195 466
2 9 10
406 218 430 233 478 35 184 142 482 170
4 14 10
36 429 394 217 130 328 311 180 285 480
1 7 9
153 322 194 192 109 493 217 268 241
2 25 4
233 213 374 472
3 17 9
385 77 490 193 174 115 460 362 86
2 22 4
261 460 385 327
4 23 8
271 189 434 211 317 38 230 15
1 25 2
438 495
4 20 6
182 101 129 212 179 118
4 26 6
2 293 394 397 339 158
1 25 2
73 201
1 17 4
199 447 67 81
1 10 8
440 497 160 471 329 398 331 19
1 30 2
496 38
1 29 2
353 448
2 17 4
440 220 24 21
2 28 3
350 228 77
2 21 5
427 241 199 440 366
2 10 9
68 142 151 69 313 358 198 237 7
6 21 9
4 195 97 373 173 196 487 429 208
4 24 6
240 289 85 482 169 316
2 15 7
149 45 306 54 456 356 224
1 16 4
255 95 7 279
1 9 7
167 68 179 209 417 299 238
1 32 2
25 451
1 10 7
183 332 283 10 16 398 396
4 15 8
14 363 435 128 364 58 149 252
4 14 10
309 195 351 94 66 477 105 465 25 5
2 24 3
498 344 254
3 23 5
95 232 464 41 122
1 14 5
445 116 270 365 140
3 24 5
208 432 391 32 48
2 12 9
123 181 322 95 106 415 7 110 53
1 19 2
493 385
2 10 8
116 273 445 459 202 217 8 179
5 17 10
151 85 196 212 246 286 443 421 120 348
3 20 6
43 130 160 316 276 158
6 22 9
41 38 129 150 11 35 306 347 36
1 20 2
121 23
4 14 10
137 314 70 330 316 183 347 341 473 52
4 18 9
121 237 427 478 27 246 156 455 115
1 15 5
274 59 402 68 131
3 22 5
180 451 432 406 220
1 7 10
469 372 481 485 85 88 377 106 309 58
2 12 9
242 163 428 392 56 248 366 355 325
3 20 5
79 86 14 238 250
4 13 10
403 92 315 205 355 27 180 34 439 54
1 8 9
64 412 154 313 289 143 95 240 1
3 13 9
354 257 12 344 317 324 149 39 193
1 20 2
103 79
1 7 9
262 296 451 129 246 184 24 370 178
3 23 6
368 16 395 33 79 283
1 20 3
183 44 23
3 15 7
128 4 201 399 108 101 266
2 16 7
213 434 170 456 26 299 480
3 17 6
296 208 253 357 170 314
1 28 2
256 236
1 19 4
261 131 174 347
2 14 7
156 224 234 118 110 449 166
1 9 7
168 39 237 10 300 485 489
2 26 4
259 45 25 357
6 23 9
468 454 383 443 285 277 190 135 479
1 11 3
178 198 54
1 35 2
308 316
2 19 5
125 464 8 403 405
5 19 9
50 205 343 107 112 236 345 248 469
1 9 5
127 359 35 138 355
2 22 5
0 332 280 363 124
4 21 6
27 440 93 60 422 343
1 17 3
224 87 455
1 8 9
334 136 230 188 366 37 115 263 466
3 13 9
264 20 250 148 381 85 485 317 171
5 23 9
498 215 241 333 100 259 426 493 414
4 17 10
357 159 140 89 127 130 388 126 19 305
4 21 8
390 227 200 437 107 1 23 285
3 14 8
111 37 267 269 147 177 30 408
2 11 9
248 226 470 0 83 134 396 256 125
5 19 10
62 2 299 373 428 433 46 181 431 82
3 17 5
16 424 343 233 138
4 15 10
167 75 40 126 4 237 80 16 424 38
3 14 10
60 238 394 59 81 21 44 417 18 219
3 15 8
12 68 193 479 411 118 454 77
3 18 8
122 185 272 331 486 442 264 319
3 19 6
424 387 32 23 165 99
5 21 9
398 136 193 384 490 269 390 247 213
1 10 5
485 401 258 167 61
6 20 9
223 371 228 437 488 64 132 178 96
3 15 8
367 162 459 336 318 269 206 490
2 22 4
315 452 393 443
2 13 7
380 483 121 243 200 186 230
2 16 7
14 190 419 481 436 141 280
1 17 4
331 17 125 204
2 20 5
234 396 87 316 294
1 27 2
134 359
1 23 3
100 282 466
2 9 10
272 176 34 429 329 439 449 33 300 314
1 11 6
250 483 138 46 358 339
2 22 4
16 268 421 57
1 14 3
151 23 456
3 16 7
213 34 338 405 144 14 163
1 23 3
153 104 408
4 23 6
108 275 281 263 256 65
6 22 9
452 381 272 176 320 100 53 335 253
6 20 10
109 93 495 300 498 58 465 449 223 128
1 11 4
453 338 449 147
3 13 9
272 158 76 266 329 438 281 129 347
2 13 7
418 307 40 196 139 301 9
1 27 2
158 355
4 16 8
361 142 220 441 354 477 188 252
1 10 5
324 397 314 209 154
3 12 10
354 99 195 305 262 232 279 73 328 8
1 16 2
438 20
3 14 5
189 49 160 390 426
5 19 8
78 467 53 363 16 179 342 445
1 35 2
472 93
2 17 5
4 427 466 234 330
1 20 3
396 240 58
1 10 7
499 73 378 112 195 389 193
2 15 7
3 48 187 186 100 392 91
1 14 5
415 300 411 223 303
3 21 6
451 34 36 162 431 240
1 12 6
188 62 244 433 271 316
3 18 7
441 100 418 278 377 426 165
3 22 6
482 286 253 353 263 300
2 21 4
153 380 140 179
3 19 6
214 456 235 459 15 328
1 10 4
204 210 0 285
1 36 2
166 100
1 8 9
446 266 72 378 319 381 54 313 169
2 15 6
241 463 77 178 312 72
5 19 8
462 394 195 180 352 168 23 472
3 22 5
489 38 423 454 432
3 13 7
120 350 334 61 184 443 142
4 26 6
244 67 261 109 349 5
4 19 7
78 266 296 271 263 497 430
5 20 9
407 208 466 223 225 45 336 258 100
6 25 9
125 379 410 80 330 245 102 492 331
2 21 5
241 114 360 268 171
1 7 7
374 285 13 356 255 370 86
1 20 3
316 463 93
2 11 10
432 409 1 262 287 189 146 96 205 125
1 13 4
59 151 34 402
2 16 7
311 26 266 448 403 474 283
1 8 9
219 95 461 101 279 313 67 189 475
2 13 7
482 119 52 8 465 309 102
1 29 2
105 286
2 10 8
246 155 39 50 4 225 447 135
3 16 9
47 199 278 418 27 114 61 174 287
3 16 6
170 195 465 23 7 203
1 7 10
304 95 169 222 352 214 157 116 191 113
2 19 3
12 7 485
2 10 7
337 159 216 292 28 173 57
3 24 5
111 297 199 22 411
2 19 6
481 240 88 115 301 283
6 22 10
163 2 497 408 413 352 457 266 105 143
1 14 4
349 83 60 249
1 11 7
158 313 371 85 451 122 240
4 19 7
462 385 328 182 33 473 407
2 9 7
358 327 239 246 250 323 184
1 11 7
304 373 15 68 271 308 210
1 18 4
75 16 149 332
1 19 4
236 227 164 190
1 14 5
282 124 194 470 271
1 8 10
301 63 235 174 157 492 283 317 333 274
1 10 4
38 449 235 401
1 13 5
287 210 337 177 439
1 23 3
325 59 342
1 35 2
134 471
1 7 10
349 163 187 210 3 198 408 83 31 169
1 11 7
456 325 174 71 287 83 169
3 15 9
376 55 22 198 471 319 297 301 78
4 18 9
183 401 333 429 136 205 452 66 237
6 21 9
245 116 411 342 38 369 148 146 277
4 20 6
391 180 289 402 223 415
2 13 7
166 286 303 358 271 5 312
1 6 10
298 277 310 328 321 167 59 460 181 98
5 17 8
371 328 43 358 251 466 379 38
1 36 2
80 377
3 17 5
379 289 486 228 13
1 15 4
254 146 382 211
1 24 2
351 240
3 23 5
196 136 43 135 465
1 21 2
223 43
1 28 2
112 430
4 13 10
322 62 163 235 435 236 207 37 380 432
2 25 4
369 46 316 197
6 17 9
136 144 63 54 223 499 314 66 16
1 21 3
376 19 377
1 26 2
489 201
1 6 10
436 483 206 147 464 141 60 271 254 7
4 21 7
182 306 35 402 365 453 239
4 16 9
271 217 175 267 399 116 441 350 28
3 19 6
23 129 409 32 373 162
4 16 10
89 170 480 467 393 186 471 80 413 253
1 24 2
369 110
2 22 5
97 191 140 368 298
1 20 2
217 188
3 18 5
410 399 66 347 322
4 19 8
131 203 140 177 53 98 36 377
1 20 3
165 200 202
1 23 2
165 212
5 19 8
276 349 173 50 27 82 5 7
4 23 6
454 64 334 69 403 341
5 26 8
338 318 274 139 185 413 97 163
3 13 10
241 149 141 384 477 459 84 408 82 96
3 25 5
119 208 125 22 50
2 27 3
143 222 252
2 12 9
307 113 300 435 13 156 309 32 366
2 14 8
109 473 230 227 477 278 58 243
1 24 2
96 109
5 22 8
394 60 140 80 343 482 203 64
3 15 9
399 349 350 448 200 248 122 203 288
2 25 3
101 46 148
1 31 2
252 41
1 13 6
120 88 388 296 80 332
3 24 5
406 281 318 460 205
3 18 8
409 342 260 267 291 115 128 142
2 13 6
435 486 487 430 43 251
5 19 8
305 383 345 379 496 398 485 71
2 25 4
42 185 209 181
2 23 3
22 58 387
4 18 10
236 34 340 42 437 169 223 323 256 18
4 19 7
421 84 350 114 231 491 125
5 17 9
191 275 488 17 295 399 268 419 110
2 12 7
453 286 143 459 68 222 118
3 20 6
199 61 305 266 462 184
2 17 6
195 163 222 238 451 313
1 15 4
27 470 439 62
1 11 5
60 236 483 412 355
4 23 6
397 84 299 159 297 385
3 16 8
343 108 227 12 432 26 306 247
5 20 8
341 257 179 199 455 245 391 193
2 14 6
474 435 296 94 252 431
6 22 10
204 193 194 80 371 282 453 100 237 72
3 20 6
417 75 483 278 138 76
4 24 6
51 164 108 135 399 464
3 19 7
339 220 370 333 157 469 429
4 21 8
333 232 54 420 107 425 84 32
2 25 3
216 430 442
1 25 2
323 313
1 28 2
331 483
5 22 8
438 454 25 68 202 340 381 255
1 14 4
161 61 447 310
2 11 8
143 335 118 50 389 353 34 271
1 30 2
6 390
2 13 5
91 159 430 398 389
6 20 9
296 312 294 202 187 384 68 232 276
3 18 7
237 313 46 122 129 416 318
4 18 8
271 91 154 189 139 116 204 129
1 7 10
28 118 42 75 229 239 493 231 35 280
3 19 5
41 344 236 356 320
2 18 5
436 7 424 398 361
6 23 9
9 323 165 362 410 88 406 496 365
1 10 5
407 330 24 128 157
2 9 10
127 355 33 354 4 62 229 330 295 172
1 20 3
439 470 370
1 16 2
296 96
2 19 4
210 432 203 238
2 10 9
382 331 455 264 448 148 69 352 250
1 15 4
28 167 465 212
2 18 4
427 373 17 438
2 17 4
69 465 482 435
2 10 10
487 24 363 166 460 3 246 167 368 490
3 15 10
38 398 190 314 174 297 241 162 280 436
1 23 3
29 408 406
2 10 8
128 429 87 183 275 330 329 138
2 30 3
375 363 100
1 12 6
130 131 78 240 145 111
2 25 4
154 119 97 212
1 12 5
214 98 499 216 166
4 21 7
124 433 21 70 151 113 98
2 19 5
211 21 368 293 264
3 17 7
275 396 229 375 345 23 397
5 21 10
457 11 130 219 284 376 142 396 42 56
2 12 8
495 86 466 350 484 294 465 463
5 16 10
33 348 163 229 345 171 17 493 261 386
2 22 3
8 148 128
1 35 2
226 1
2 29 3
375 237 121
4 18 7
81 347 111 253 362 23 426
3 12 8
320 6 257 418 433 323 465 178
3 15 10
496 481 491 149 211 302 60 256 40 466
1 13 2
17 499
1 32 2
374 342
5 19 10
402 213 187 138 169 243 312 489 459 433
3 20 7
141 400 207 106 222 101 48
3 15 10
405 18 246 432 227 13 51 434 395 164
2 15 7
156 428 247 12 461 197 416
5 20 10
21 479 421 381 364 88 465 259 267 78
1 13 5
356 84 405 224 26
3 14 10
275 162 274 358 249 467 362 402 21 199
3 16 8
484 43 483 163 326 145 419 246
2 19 6
98 422 210 169 230 122
2 13 3
107 386 484
2 13 7
19 281 111 120 299 121 157
4 17 6
221 258 33 159 160 262
3 18 8
437 391 91 18 367 115 167 205
5 16 9
157 248 369 367 413 424 392 58 493
2 13 8
70 347 412 193 66 494 421 181
2 18 6
124 173 225 471 159 221
1 11 6
170 268 445 133 237 174
3 12 9
134 206 212 494 128 85 209 234 192
2 22 4
95 295 55 222
1 33 2
154 42
1 23 2
202 68
3 21 5
345 44 238 232 75
2 21 4
417 314 42 146
2 23 4
19 381 203 282
2 19 4
314 18 120 361
3 23 6
296 412 362 270 178 241
2 24 4
411 104 316 81
3 18 5
462 388 2 45 386
4 22 7
144 436 487 311 34 221 464
2 16 6
323 130 385 263 76 159
1 13 4
485 58 207 215
3 14 10
461 226 241 494 42 167 354 319 151 78
2 21 5
217 136 377 66 282
3 16 7
466 5 70 473 338 300 180
1 10 6
45 111 449 145 66 440
5 18 9
50 17 184 406 317 223 357 408 344
2 11 10
233 157 252 444 446 126 331 470 171 195
4 26 6
288 105 48 310 325 11
2 26 3
170 297 370
1 28 2
200 210
1 10 7
207 53 221 376 274 127 452
2 11 8
72 223 370 225 93 96 152 324
3 17 6
298 148 176 302 122 74
5 18 10
290 398 93 140 462 312 163 159 336 69
1 8 8
183 443 152 394 430 448 41 89
1 8 8
347 435 440 326 265 368 426 398
1 5 10
82 78 314 144 417 132 21 406 38 450
2 15 5
278 490 52 262 289
1 25 3
387 244 278
1 15 4
251 277 192 116
1 17 4
379 396 240 207
1 19 2
344 71
2 13 6
162 325 14 250 474 173
3 17 5
186 52 35 60 415
1 26 2
133 479
1 9 8
125 60 304 78 122 46 423 475
3 11 9
404 28 269 141 137 188 354 346 303
2 19 5
31 316 199 473 0
1 12 4
160 290 314 2
4 21 8
442 329 325 394 190 382 131 169
2 16 4
407 389 488 484
2 12 7
57 121 92 225 10 144 243
6 22 10
143 354 260 303 87 299 278 377 181 78
2 19 6
106 362 144 67 122 127
3 15 9
259 313 5 152 38 88 444 438 133
3 19 7
113 205 444 11 83 171 203
1 13 5
318 298 402 269 419
2 12 9
138 39 6 442 177 342 398 325 139
1 15 2
192 144
4 20 8
319 147 387 269 491 97 157 308
2 19 5
288 182 201 76 445
1 10 7
384 426 203 200 306 428 330
1 25 2
13 362
5 20 9
71 221 47 275 216 345 181 426 7
3 28 5
340 308 211 87 240
4 14 9
286 449 108 498 356 173 170 12 344
2 20 5
169 310 106 128 222
1 7 9
348 28 351 114 358 121 436 341 432
1 20 2
137 493
1 12 6
271 82 118 104 115 81
1 32 2
242 405
2 10 10
352 461 185 290 173 464 125 166 183 484
1 10 5
177 302 129 341 394
2 24 4
252 266 343 436
2 26 3
2 346 276
1 18 2
3 480
4 25 6
343 312 249 55 200 84
1 17 4
208 299 384 10
4 18 9
371 59 342 143 212 221 70 121 232
1 7 10
421 453 296 310 346 390 94 135 183 44
4 15 8
21 473 398 44 184 71 217 329
6 24 9
450 11 153 164 202 38 496 395 191
1 17 4
62 43 46 496
4 12 8
349 215 238 441 431 257 285 433
1 14 5
316 407 272 91 80
1 33 2
197 335
1 26 2
229 58
6 21 9
132 207 108 169 346 227 201 237 338
3 18 5
234 37 334 0 480
1 15 4
257 301 241 354
1 21 3
33 47 9
1 13 4
493 338 152 55
1 24 2
153 417
3 16 7
355 388 127 126 44 438 151
2 12 9
260 449 379 227 494 197 184 180 33
1 21 2
317 175
1 18 3
488 192 496
1 7 9
315 360 377 495 296 261 317 184 173
2 24 4
336 53 311 96
6 16 9
397 296 442 103 74 49 181 351 105
2 17 6
287 62 211 490 417 4
1 22 3
406 469 97
1 7 10
135 165 417 251 118 366 277 101 314 121
4 21 6
263 25 188 416 172 192
1 27 2
482 377
2 28 3
85 349 86
1 22 2
388 335
3 15 9
397 271 226 454 3 498 245 115 260
1 15 4
414 150 224 152
3 18 7
151 232 201 344 317 294 185
1 31 2
366 135
3 14 10
479 336 274 102 149 30 360 480 414 332
1 8 10
411 444 306 338 112 133 353 219 345 41
4 25 7
313 200 2 434 454 346 457
1 20 3
422 410 263
2 12 9
197 487 413 281 441 193 244 326 34
2 17 3
464 481 4
2 22 5
283 168 113 88 16
2 19 4
0 193 216 10
2 19 5
46 99 67 420 132
1 12 6
266 102 73 119 423 357
6 25 9
306 208 93 144 336 150 124 61 9
4 15 9
70 271 155 310 328 223 127 499 348
2 15 7
362 176 275 121 156 40 478
3 13 9
424 79 373 239 395 480 109 277 429
2 18 5
404 318 221 147 183
2 20 5
324 339 374 378 445
2 25 3
176 265 216
2 22 4
292 268 18 293
4 17 9
42 36 257 80 57 34 291 422 352
1 11 5
363 26 157 272 469
5 22 9
251 270 419 252 343 487 36 213 210
4 31 6
18 419 378 100 308 386
1 18 4
308 325 162 319
1 39 2
399 287
3 26 5
300 84 427 207 350
1 27 2
218 312
1 28 2
434 217
2 19 5
67 167 96 49 436
2 14 4
57 4 204 484
4 21 7
319 472 332 155 175 204 382
1 16 4
179 354 359 300
4 22 6
26 261 390 108 384 241
2 22 5
171 478 166 484 419
4 18 7
163 225 413 177 327 414 393
1 11 6
337 145 200 187 324 7
4 23 6
175 85 217 40 225 164
1 6 7
328 59 467 359 178 410 407
1 24 2
192 251
1 15 4
133 90 343 421
3 17 6
295 154 179 183 155 361
3 25 6
405 443 362 457 24 399
4 22 6
35 142 101 230 171 73
5 16 10
413 152 80 10 337 347 275 463 328 77
2 12 4
153 160 322 141
4 14 10
347 419 170 196 152 391 104 464 119 483
5 19 9
395 170 95 72 192 388 134 353 212
1 24 3
7 421 47
5 21 9
171 125 447 183 208 4 285 110 81
1 26 2
144 88
1 20 4
244 75 158 234
2 18 5
341 110 369 314 65
1 9 8
160 190 57 13 109 87 436 76
3 11 7
237 451 233 184 177 257 215
3 17 8
343 169 493 463 212 365 174 251
2 21 5
246 88 400 228 167
2 9 10
394 134 201 212 490 428 458 41 438 178
5 21 8
86 344 225 85 279 466 300 120
1 9 7
371 121 192 377 236 181 277
2 29 3
43 448 360
2 12 7
226 43 343 204 111 269 165
1 38 2
451 174
1 39 2
228 244
1 34 2
18 312
1 19 4
256 1 139 75
1 30 2
496 43
1 21 3
410 244 431
4 17 8
317 75 397 476 262 244 29 194
2 12 8
39 368 2 194 318 279 19 128
5 23 9
85 100 75 305 428 463 145 80 78
1 9 8
33 177 263 476 374 477 256 334
3 22 6
280 252 4 454 404 490
1 7 10
20 492 37 344 479 437 152 90 211 407
4 18 9
48 336 200 90 369 198 400 303 284
1 14 3
77 184 23
4 21 6
124 196 250 86 65 163
1 25 2
401 409
4 26 6
405 372 478 456 137 445
1 18 4
70 159 380 436
2 22 5
351 294 412 123 228
2 14 7
398 383 357 21 97 296 38
2 11 10
333 255 368 29 378 157 183 17 211 234
2 17 4
468 175 58 438
4 17 9
312 386 96 92 320 189 149 83 287
2 14 5
60 151 426 279 37
5 23 8
409 352 125 465 81 119 477 385
4 23 7
344 300 136 220 317 201 440
1 28 2
55 239
4 24 7
190 166 343 260 37 498 341
2 16 4
438 275 245 17
2 19 4
270 146 92 130
3 24 5
111 489 472 313 318
1 13 5
160 242 36 230 191
2 24 4
62 465 478 295
1 29 2
321 368
3 19 6
446 449 109 240 327 319
2 27 4
149 465 492 57
1 9 8
137 8 211 411 261 134 171 139
1 7 8
172 494 321 473 325 93 268 98
2 22 4
219 294 128 410
4 18 6
45 269 165 338 363 230
1 30 2
358 224
1 7 8
162 449 129 57 173 90 291 462
3 16 7
45 417 484 490 453 187 412
2 12 6
321 220 183 192 5 146
5 25 9
230 139 276 425 342 133 389 15 264
2 10 10
491 202 387 200 299 199 14 63 292 216
3 30 5
274 100 387 136 228
6 22 9
363 170 276 434 82 479 84 68 56
3 17 5
68 392 21 424 119
5 18 8
73 388 182 128 64 90 146 481
2 17 6
137 244 307 188 202 344
1 19 4
299 291 244 411
2 26 3
108 281 48
5 19 10
390 274 125 35 341 81 291 147 53 219
2 11 8
473 40 394 285 222 425 6 445
1 9 8
388 241 168 318 117 36 301 381
2 30 3
475 230 7
1 25 2
444 300
1 9 7
172 272 402 369 179 87 241
3 23 5
157 379 174 156 197
1 20 3
373 81 468
2 17 4
419 322 180 344
2 17 6
263 240 180 126 137 365
2 10 10
194 400 310 440 133 455 56 41 199 78
1 13 4
424 272 161 341
1 15 5
394 443 18 393 318
1 22 2
304 429
2 30 3
434 406 248
3 15 9
382 78 115 340 191 313 275 67 153
1 26 2
322 492
3 24 5
470 174 407 253 276
3 15 7
171 152 334 186 481 292 105
3 14 9
46 9 245 76 158 318 242 12 441
1 7 9
446 8 112 212 440 148 494 344 466
1 9 7
27 483 147 342 273 364 110
4 18 7
405 430 0 21 282 63 212
1 17 2
4 354
2 23 4
405 17 99 21
3 21 5
378 407 485 61 64
1 20 2
74 291
3 23 5
285 403 286 281 256
1 25 2
372 107
5 19 10
28 446 48 434 334 12 311 250 159 214
3 14 10
71 175 80 351 234 384 368 61 473 197
2 14 5
435 420 327 68 135
1 24 3
110 18 241
2 22 3
218 261 499
1 17 4
61 465 366 267
2 27 3
333 410 175
2 19 4
258 0 395 481
1 29 2
53 461
2 20 4
469 443 155 493
3 19 6
178 421 345 176 311 374
2 24 4
89 99 413 163
3 17 9
244 324 478 476 270 228 495 91 376
2 15 6
72 390 330 380 128 292
1 21 2
103 6
1 13 6
470 84 271 472 106 78
1 10 5
328 281 177 390 303
5 20 10
283 298 442 49 17 375 296 241 240 202
2 30 3
370 211 301
1 13 4
343 68 73 148
1 37 2
199 451
2 21 3
167 380 422
1 11 6
58 374 113 11 363 161
2 16 3
455 155 392
4 19 7
120 241 82 367 187 114 221
2 19 4
323 474 356 124
6 21 10
67 165 89 247 280 87 21 341 1 172
3 15 8
267 143 307 154 482 421 277 79
2 20 5
97 79 4 332 26
1 8 7
114 482 370 449 17 424 409
5 17 10
145 425 239 455 187 178 232 385 463 458
2 27 3
98 231 190
1 11 6
108 85 10 479 374 311
3 25 5
111 461 22 469 86
1 13 5
461 285 111 257 85
1 14 4
341 295 224 440
4 21 8
498 263 215 208 193 297 369 194
4 17 7
92 26 250 277 67 474 278
6 21 9
152 459 293 224 177 174 473 235 376
1 8 9
370 260 66 395 203 80 112 461 4
2 13 6
37 114 208 102 111 391
2 19 5
471 321 360 163 351
2 28 4
110 362 461 415
3 13 8
490 202 40 201 0 250 398 98
1 7 9
273 352 144 69 299 176 392 22 346
5 18 10
251 316 427 33 419 477 382 322 157 131
2 23 4
241 356 162 316
1 7 5
397 351 258 303 350
1 20 3
126 214 373
4 19 6
29 393 435 243 466 473
2 15 7
182 439 266 113 199 333 322
1 19 3
497 315 123
3 19 5
117 195 387 129 371
2 24 3
312 264 356
3 15 8
250 124 28 86 49 5 71 443
5 18 10
420 422 227 33 203 293 92 213 27 396
4 19 7
282 183 26 351 155 62 225
1 8 9
125 15 280 246 292 404 373 333 226
3 19 7
5 56 326 251 170 465 376
1 19 2
491 157
4 23 7
76 475 377 14 168 443 249
1 23 2
104 250
1 23 2
89 435
2 14 4
45 441 57 203
1 12 4
411 322 72 317
3 14 8
133 43 200 66 453 116 473 389
1 12 5
370 355 257 234 187
3 25 5
187 102 437 29 316
1 12 6
63 1 290 363 35 278
4 20 9
122 218 395 489 337 325 32 451 49
3 14 7
441 20 46 16 9 24 382
4 22 6
419 411 378 222 25 344
2 9 8
226 487 302 45 328 273 127 444
3 21 5
353 62 160 288 126
5 17 10
422 342 119 197 202 296 474 346 39 426
2 16 6
304 453 454 276 261 33
4 23 7
460 446 453 123 15 130 348
2 16 7
306 497 332 445 151 392 228
2 10 10
186 414 253 447 187 200 289 374 406 472
2 14 8
88 328 244 15 268 296 354 345
1 11 4
338 320 162 142
2 13 6
14 12 277 39 143 370
3 16 5
491 499 215 180 32
4 23 6
272 431 368 446 90 224
1 18 2
416 135
3 16 7
244 489 258 411 43 313 178
1 8 9
166 371 339 161 51 334 44 391 448
1 12 5
11 20 24 38 403
2 19 5
375 151 380 397 378
4 19 7
84 107 44 330 323 392 54
4 20 6
391 52 439 495 248 311
1 17 4
294 346 201 175
5 19 9
364 474 56 469 417 98 291 338 269
2 15 7
137 300 196 72 399 413 138
6 23 9
106 448 466 255 291 16 222 301 297
4 16 10
353 44 42 240 64 346 417 134 90 130
2 16 3
356 384 233
4 10 10
184 114 431 134 284 4 418 152 250 363
4 18 9
52 232 126 260 74 387 42 225 231
2 19 6
73 39 335 425 263 139
3 14 5
317 69 309 141 494
3 17 7
277 17 105 343 446 405 449
3 20 5
248 380 409 195 481
1 17 4
498 174 491 159
2 12 6
464 114 295 485 153 395
3 20 7
176 235 174 81 67 161 113
1 23 2
490 135
3 19 6
278 397 275 179 465 374
1 31 2
410 357
2 15 5
350 115 304 87 66
1 31 2
340 67
3 12 10
370 74 320 225 458 62 144 190 349 279
1 18 3
367 22 188
3 19 5
98 444 13 333 349
1 35 2
64 112
4 23 6
239 427 416 119 87 228
1 26 2
251 387
6 19 9
192 150 495 432 499 83 346 475 376
2 22 3
363 421 329
3 17 6
499 335 323 25 271 52
2 20 4
302 442 182 176
2 8 10
380 290 392 282 323 92 256 159 192 107
2 12 4
416 236 177 431
3 16 8
330 362 318 103 111 474 356 221
3 18 7
154 216 83 297 13 213 172
3 19 7
439 467 115 465 355 15 37
1 10 4
293 233 151 273
2 12 8
109 424 362 70 141 16 0 433
1 8 8
87 304 36 496 257 30 322 161
2 21 3
298 450 180
3 17 8
330 270 165 454 59 190 340 353
2 19 6
280 492 331 358 242 445
2 23 4
472 361 246 29
1 8 8
14 9 397 196 428 499 55 254
2 18 6
135 11 471 287 473 49
1 26 2
413 329
1 10 5
205 198 50 383 476
3 14 9
355 9 76 473 316 318 300 396 341
5 22 9
42 314 300 422 105 121 435 116 80
2 15 6
360 442 487 43 247 105
6 20 9
206 61 253 376 352 276 317 83 77
4 21 8
390 15 346 238 291 11 227 75
2 13 8
446 99 195 248 431 7 191 436
3 12 9
253 141 297 131 407 474 346 298 39
3 12 7
155 217 411 463 3 384 49
2 10 10
159 493 343 479 497 85 368 173 43 213
2 21 3
239 447 235
1 13 3
60 365 288
2 14 7
441 465 140 403 132 486 479
4 18 9
203 340 276 423 159 92 226 412 119
4 25 6
303 319 408 391 254 306
2 10 10
52 276 63 178 376 368 212 326 424 76
3 18 7
238 83 282 292 271 135 143
1 15 3
194 347 77
2 21 3
401 24 104
4 16 10
52 377 159 274 188 205 202 330 469 216
6 22 10
499 127 498 437 159 249 295 442 366 259
6 19 10
472 101 363 53 348 247 389 274 317 491
1 18 3
479 335 477
2 25 3
162 437 439
1 22 2
102 53
2 11 8
129 205 103 55 487 397 269 83
2 28 3
47 442 474
2 24 3
144 300 382
2 26 3
371 14 88
1 23 2
401 89
2 18 6
251 408 17 409 114 18
2 10 10
288 258 487 88 208 497 333 189 498 231
2 10 9
16 85 51 454 330 473 404 14 269
2 16 7
115 119 60 408 380 428 3
1 16 2
258 351
1 8 8
41 63 453 364 55 463 134 401
2 14 5
150 195 422 255 418
2 17 4
490 242 176 323
2 16 6
210 342 152 477 64 5
1 15 2
177 222
4 21 9
283 470 460 1 229 117 42 241 200
2 10 10
147 121 404 67 219 295 181 498 238 471
1 11 5
153 209 21 224 40
1 19 2
373 161
2 11 5
220 120 198 177 328
2 12 7
478 73 108 292 309 356 218
2 15 7
126 205 356 308 498 313 81
3 16 9
326 270 441 261 470 184 70 211 110
1 26 2
299 348
2 15 5
165 16 10 105 17
1 17 4
442 65 403 158
1 14 5
458 141 244 316 224
2 17 3
141 23 370
2 14 8
32 290 106 403 212 80 55 169
1 8 10
481 306 370 356 2 199 232 136 214 61
2 12 4
253 433 180 128
4 16 10
295 352 70 71 57 31 464 256 202 38
4 20 6
291 464 346 202 78 40
6 26 9
493 15 131 290 166 106 52 185 376
2 33 3
38 1 331
2 24 4
88 94 266 96
1 32 2
150 32
5 19 10
389 415 349 379 0 10 444 1 179 313
1 7 9
35 135 276 242 102 341 274 73 76
3 13 10
92 429 438 337 2 390 475 104 356 55
2 27 4
331 325 289 436
3 17 7
404 181 452 216 241 264 33
1 25 2
255 479
4 23 6
127 261 369 146 428 40
1 9 6
318 334 450 137 354 249
5 20 8
429 95 198 350 127 446 250 421
2 23 4
106 290 469 267
6 21 9
198 205 76 9 345 381 251 453 352
1 24 2
247 130
5 20 10
179 388 376 406 224 56 73 139 191 270
1 11 6
194 344 425 226 105 29
4 21 7
255 486 8 248 74 145 357
3 14 10
302 294 42 461 487 334 323 116 466 38
2 11 10
25 162 355 88 84 136 337 200 257 230
1 16 4
272 280 54 19
5 22 8
54 212 450 44 107 246 366 145
2 17 5
29 442 499 84 239
1 9 8
311 146 237 409 293 319 260 219
5 19 9
298 414 454 458 324 370 178 94 310
4 18 6
314 323 132 440 68 331
5 20 9
27 398 494 126 37 249 45 436 136
3 21 6
214 51 359 142 149 202
1 24 2
246 46
4 11 9
401 87 0 493 387 253 12 216 144
2 20 4
455 252 129 403
3 16 9
296 381 184 333 305 316 197 492 72
1 21 3
356 499 357
1 7 10
457 170 82 184 260 205 345 151 300 100
1 35 2
145 270
5 17 9
404 63 92 271 297 248 0 189 8
1 19 3
96 62 442
1 16 4
172 382 339 355
4 16 8
92 482 62 407 324 16 360 26
1 18 3
33 7 391
2 20 3
200 110 118
1 10 8
388 291 437 331 458 128 450 472
2 17 5
246 303 12 402 211
2 12 8
307 469 289 328 337 187 48 438
4 17 10
263 353 486 100 320 31 257 162 390 389
2 15 7
130 70 397 298 381 122 78
1 10 7
465 210 33 15 427 452 292
1 28 2
182 482
1 16 4
30 481 163 443
1 20 2
386 154
3 13 10
65 147 130 417 73 303 418 319 23 97
1 11 7
357 410 422 167 226 75 207
3 20 7
97 411 149 494 326 325 203
4 23 6
282 11 89 473 347 156
1 9 8
368 427 53 227 405 192 375 414
2 14 7
228 179 25 317 147 296 478
1 19 4
155 227 164 487
3 20 6
222 281 179 469 362 202
2 25 4
339 104 262 154
1 12 6
97 223 45 178 174 217
2 25 4
182 497 158 487
1 22 3
497 205 124
2 15 6
79 194 238 63 243 412
6 25 9
112 50 414 317 436 216 75 402 207
3 13 9
134 217 214 95 3 303 109 489 239
1 17 2
129 449
1 9 4
73 486 209 243
4 23 7
76 479 144 136 229 73 51
1 24 2
37 481
2 15 3
195 43 426
1 8 9
449 189 136 359 219 154 307 271 329
2 14 7
316 431 170 432 211 6 252
3 14 10
498 471 62 322 456 254 354 73 283 358
3 12 9
288 214 62 52 416 89 420 295 129
2 11 9
167 378 108 342 369 181 247 17 403
1 15 4
344 329 115 317
2 12 9
280 226 495 409 36 287 249 102 20
2 20 4
23 497 137 412
1 16 4
63 446 496 183
5 24 8
313 326 402 316 61 286 269 405
3 16 8
73 273 149 109 276 409 183 313
1 9 7
356 465 60 274 40 488 474
1 30 2
312 64
3 20 6
497 49 403 461 417 54
3 29 5
368 386 112 305 166
2 12 7
348 289 464 213 240 50 257
1 12 6
468 412 178 362 130 148
1 10 7
349 334 393 492 4 273 7
1 12 6
207 428 270 292 177 481
1 27 2
207 351
1 11 6
108 282 380 289 199 276
2 11 10
409 224 150 211 331 419 214 472 249 213
1 20 3
193 72 204
2 16 4
204 325 146 23
2 19 3
424 239 277
1 11 6
20 218 92 413 163 174
5 20 9
453 188 64 144 467 4 15 42 397
2 10 10
77 361 177 299 184 118 392 70 348 247
1 14 4
349 216 13 373
6 20 9
438 173 273 229 262 36 395 153 367
6 20 9
250 470 367 151 230 355 47 277 178
3 17 6
300 127 453 20 407 161
2 22 4
136 323 225 348
1 36 2
2 88
1 21 2
172 309
2 25 4
311 179 145 356
1 11 4
312 431 347 430
1 36 2
333 113
1 18 3
495 107 16
2 13 9
308 279 123 280 172 478 195 450 198
2 22 5
284 178 339 164 44
5 17 9
433 285 344 235 407 127 228 368 156
1 7 10
287 486 444 29 14 212 399 329 371 37
2 22 3
62 26 79
6 22 9
206 296 190 451 168 279 183 449 446
4 24 7
165 384 415 199 251 403 472
4 16 9
90 364 116 484 77 336 93 314 232
4 26 6
87 86 349 44 393 496
2 8 10
390 235 17 393 296 129 147 328 155 102
4 18 9
142 397 87 303 238 253 32 472 131
5 18 10
391 262 491 435 454 312 402 42 296 219
5 21 8
439 440 18 204 364 300 181 37
4 16 7
92 96 364 155 284 17 187
2 16 5
203 133 305 485 367
4 18 9
480 154 289 80 458 213 424 91 251
3 25 5
368 351 169 310 41
4 15 10
70 338 101 216 157 205 71 490 177 325
1 32 2
469 182
5 24 8
399 234 113 428 202 79 387 129
2 26 3
454 407 440
2 21 3
277 353 144
1 11 5
7 246 91 159 324
1 7 10
156 191 69 465 163 399 414 346 89 423
5 16 8
177 194 466 93 476 249 20 392
3 16 9
15 283 136 33 447 275 180 407 3
3 16 7
38 228 54 197 388 383 302
2 15 6
320 409 465 60 301 402
1 16 4
310 122 66 475
3 13 9
65 114 328 384 79 167 193 161 495
1 13 5
30 326 205 66 146
1 6 8
491 347 320 135 206 202 212 52
2 12 8
318 334 368 387 440 278 391 65
1 13 5
286 491 288 321 362
3 18 7
191 460 429 374 87 318 448
1 18 2
82 289
4 9 10
63 12 334 359 257 29 416 426 290 184
1 11 2
384 485
4 16 8
430 243 463 48 323 347 30 484
1 10 7
337 177 367 166 128 471 191
1 25 2
167 73
1 10 5
422 400 427 176 320
4 23 7
378 15 0 269 400 276 193
6 19 10
495 353 38 56 204 286 292 337 121 17
1 9 6
69 309 133 242 344 385
1 7 10
268 386 286 135 257 303 366 50 419 315
1 17 3
247 277 343
1 35 2
492 134
4 22 7
136 90 98 9 388 182 207
1 13 4
66 274 68 345
1 7 10
206 470 492 30 193 258 203 133 332 444
1 18 3
350 284 389
1 24 2
221 391
3 18 5
146 151 397 145 391
1 9 7
4 277 272 49 337 411 287
2 24 4
384 369 425 468
2 17 5
476 130 273 332 186
2 12 9
94 330 239 478 157 289 17 348 449
2 10 9
479 12 213 54 204 441 120 312 181
2 26 3
395 223 293
2 23 4
156 1 167 28
1 12 6
325 112 233 431 72 260
1 13 2
257 52
1 9 8
72 271 229 204 353 87 211 272
1 22 3
475 400 136
4 17 8
177 463 16 73 168 157 315 256
1 19 4
26 395 69 106
2 22 4
368 143 217 39
1 15 2
82 235
2 31 3
288 112 402
3 13 10
128 290 282 377 401 29 452 375 133 262
3 16 8
283 39 120 432 424 345 360 270
6 21 10
257 32 391 42 446 314 437 349 393 143
1 37 2
1 412
2 25 3
29 418 166
2 12 9
126 115 488 288 289 160 417 44 6
4 16 7
173 279 431 482 439 329 298
1 7 10
274 27 107 241 353 468 28 342 237 207
4 16 9
67 334 98 199 379 226 394 206 267
1 20 3
62 2 69
1 17 2
12 222
1 17 2
26 411
5 18 8
315 418 90 31 136 215 302 393
5 21 9
355 56 189 64 222 498 78 423 181
3 18 8
411 62 80 202 233 117 346 375
1 15 4
124 359 407 43
2 14 7
51 151 240 474 29 86 395
2 13 7
154 13 159 269 335 202 224
1 13 4
454 296 239 292
1 9 8
326 106 70 38 168 81 183 461
4 16 10
161 265 451 154 396 324 391 110 2 91
1 13 4
293 346 424 360
6 19 9
459 352 384 162 290 431 451 3 259
1 11 6
143 149 483 120 316 22
5 21 8
205 226 337 380 64 134 409 302
1 8 9
51 49 192 136 491 452 57 372 176
1 12 4
315 50 494 7
2 25 4
169 442 116 256
1 19 4
287 457 207 60
1 27 2
325 9
2 23 3
177 342 35
2 15 7
153 72 161 105 311 446 211
1 11 6
392 193 234 198 261 393
6 23 9
86 176 161 360 475 486 436 242 42
5 20 9
478 109 351 296 435 448 134 157 286
3 18 7
36 126 224 72 161 298 297
4 15 9
279 394 2 317 400 130 144 324 442
2 16 7
50 417 437 308 192 334 425
1 12 5
430 261 189 69 22
1 15 5
169 477 460 435 320
1 22 2
238 431
4 21 8
9 381 305 142 382 182 179 48
4 18 8
58 401 291 405 486 307 203 145
3 15 9
121 287 401 145 450 134 476 181 413
6 19 9
222 323 468 475 120 130 154 107 340
1 21 2
19 45
2 17 5
191 354 400 383 369
4 21 8
251 176 145 95 363 211 64 353
2 13 4
258 383 63 5
3 26 5
291 434 255 311 108
2 16 7
162 452 228 106 287 400 159
1 7 10
340 72 404 170 186 294 284 184 111 7
1 9 8
313 9 198 101 340 283 323 260
2 35 3
451 126 256
1 15 3
392 255 315
4 19 10
71 149 176 419 411 359 375 122 412 47
2 11 10
336 344 367 23 331 117 175 222 85 50
3 25 6
244 300 124 269 227 241
1 29 2
471 302
2 19 5
127 265 79 460 428
1 18 4
372 33 119 389
3 14 9
112 183 467 193 480 442 222 298 237
6 22 10
390 257 159 372 131 291 426 72 86 268
2 12 8
423 173 497 255 465 55 446 41
3 17 7
390 483 26 25 291 362 441
2 20 3
310 58 146
6 25 9
197 357 20 287 181 336 441 251 351
4 20 7
249 171 20 247 233 488 164
3 18 8
404 187 344 23 395 200 230 451
2 25 4
409 492 132 125
2 9 6
118 163 344 365 108 352
5 21 10
368 494 104 360 472 269 198 122 10 492
1 12 6
30 379 145 183 99 103
2 20 4
389 229 363 14
2 23 3
401 337 395
1 17 4
53 113 16 270
1 12 4
37 61 71 255
2 19 5
369 308 98 188 438
2 10 7
445 52 103 244 355 388 237
4 19 8
154 242 390 231 144 7 325 96
2 24 3
98 229 59
4 15 7
5 407 282 486 429 285 327
3 17 8
461 343 352 76 381 341 363 163
1 11 6
6 66 353 164 202 129
1 22 2
50 462
2 29 3
326 393 269
2 11 10
362 271 429 431 19 318 146 479 53 136
5 22 9
391 313 462 70 447 421 234 437 163
2 26 3
314 465 278
3 20 7
190 53 381 351 319 217 333
1 13 3
490 63 397
1 10 7
320 423 3 113 455 141 286
3 17 8
397 95 171 1 371 51 108 449
1 16 4
324 122 133 217
5 19 10
189 185 89 353 46 30 184 305 378 376
2 16 6
141 232 279 317 377 158
1 31 2
127 158
1 23 3
97 452 312
2 19 5
314 496 359 301 242
1 15 5
51 331 448 286 460
1 20 4
283 425 121 1
4 26 6
156 166 497 333 412 238
1 21 2
335 494
1 19 3
268 312 239
2 12 8
64 193 183 179 104 219 491 191
1 39 2
451 158
1 8 9
153 277 199 381 50 265 211 1 292
4 17 8
287 359 218 364 406 491 37 237
1 30 2
179 369
4 19 7
171 34 157 233 120 104 316
3 15 9
230 264 314 91 125 381 467 405 154
1 17 4
390 117 317 262
2 9 6
160 180 438 322 103 424
4 24 6
396 435 412 145 46 196
4 21 7
498 386 221 5 389 125 231
1 33 2
462 227
1 12 6
11 269 200 439 157 461
3 12 10
340 8 182 233 318 327 35 167 384 373
1 9 6
183 168 345 480 426 265
1 22 2
320 479
2 19 5
418 372 158 176 441
6 24 9
400 174 1 379 484 184 9 294 280
1 16 4
76 201 444 483
6 23 9
217 307 398 260 440 275 77 83 81
1 10 6
132 150 392 6 298 108
4 20 9
271 113 474 206 439 227 119 76 443
4 17 8
137 66 455 312 178 377 301 79
2 20 5
396 47 433 252 255
6 23 9
292 291 212 22 148 400 97 474 333
2 18 3
98 20 148
3 26 5
29 251 123 97 367
2 32 3
114 333 357
1 8 9
498 57 13 55 300 416 382 283 117
1 11 5
6 39 396 175 433
1 7 8
153 119 110 354 392 120 328 0
3 18 7
183 117 102 399 111 215 486
4 19 7
170 445 96 21 35 256 48
1 9 5
179 382 433 327 466
2 18 6
230 27 143 348 94 229
1 7 10
121 396 359 236 99 148 261 410 139 440
2 21 3
367 287 198
3 20 7
282 169 155 333 205 166 307
1 28 2
411 2
1 6 5
13 110 142 107 114
2 13 8
372 312 438 52 402 164 63 22
1 11 4
189 412 441 494
1 18 4
230 76 50 290
3 12 10
210 92 192 149 153 220 60 129 433 119
2 22 5
297 117 89 44 171
2 18 5
394 100 446 157 267
1 9 7
167 73 406 319 29 130 409
3 17 5
475 444 267 176 456
3 24 5
197 208 108 144 460
5 22 9
172 167 364 118 244 498 48 81 195
1 12 5
117 435 497 237 397
2 28 3
19 122 14
6 21 9
303 462 196 306 391 68 224 104 267
6 19 10
473 158 71 242 258 8 301 188 218 66
2 13 8
111 350 139 53 79 207 444 358
3 24 5
168 397 6 99 370
2 13 8
117 410 384 27 80 25 493 52
1 16 3
273 383 8
1 30 2
457 108
2 20 5
477 76 131 202 438
1 24 2
131 20
1 11 7
192 362 151 231 418 409 294
2 10 10
252 21 4 0 228 46 23 82 230 321
1 21 2
98 298
2 18 6
247 33 113 305 280 259
3 14 9
26 464 93 475 288 177 233 306 166
1 7 10
39 446 441 471 284 438 87 143 6 170
1 25 3
120 395 228
2 24 4
199 426 324 197
2 22 5
357 168 56 497 11
2 11 8
461 334 475 491 231 172 327 52
3 22 7
2 139 457 230 0 223 122
1 7 10
13 335 496 490 453 202 84 256 364 140
2 24 4
457 234 237 481
1 30 2
299 173
1 11 7
241 259 115 100 142 197 479
1 6 7
96 20 0 320 92 206 361
2 12 6
79 302 20 91 463 243
1 10 5
453 365 212 323 172
1 14 5
488 287 21 216 412
3 18 7
403 173 199 477 379 264 375
1 28 2
171 101
4 17 6
296 71 14 246 242 383
4 21 8
187 31 276 305 262 47 11 453
6 18 10
435 184 446 358 405 96 154 424 35 142
5 22 8
269 82 423 479 329 125 100 61
3 25 5
302 301 419 277 80
2 8 10
138 165 62 215 466 403 12 159 201 152
1 11 7
64 136 443 244 445 91 256
3 12 9
120 305 30 439 414 315 473 292 293
1 22 3
496 345 477
1 7 10
273 396 237 297 9 451 133 136 155 484
5 21 10
193 281 300 26 223 213 240 471 314 205
1 13 5
6 201 417 83 259
6 23 9
394 490 328 153 376 31 470 382 461
4 11 8
464 203 212 206 243 304 315 192
3 16 9
347 278 335 277 324 285 492 228 140
2 12 7
438 52 476 223 136 209 118
3 16 7
254 287 168 398 78 365 137
1 10 7
436 253 492 433 55 27 383
1 9 8
195 23 319 269 91 33 124 203
2 27 4
117 375 348 261
3 23 5
350 316 397 136 77
2 18 4
468 367 493 234
2 12 7
433 2 464 422 121 237 30
2 11 10
478 291 200 451 117 444 193 166 20 258
2 15 7
339 481 48 459 217 6 78
2 22 4
28 298 468 124
1 18 4
300 412 210 90
5 18 10
284 78 23 72 145 315 27 454 238 74
5 18 10
113 333 323 387 401 185 45 141 296 270
1 13 5
104 234 168 145 16
1 7 10
319 6 2 342 415 38 28 422 63 7
2 10 10
236 216 208 225 187 464 461 156 247 5
3 19 6
452 211 344 497 49 349
5 20 9
267 348 123 209 136 331 52 488 446
2 14 8
380 247 207 149 146 169 278 373
1 21 2
71 87
2 13 8
376 183 444 397 156 94 197 214
1 14 4
181 277 402 433
3 13 9
178 404 204 218 189 254 318 109 139
1 11 6
108 155 40 1 74 62
4 21 7
250 241 420 482 300 62 43
4 19 8
404 87 411 356 409 417 265 88
4 15 9
162 271 110 455 491 29 367 430 27
6 16 10
447 439 82 120 485 343 483 43 178 126
1 14 5
454 56 172 7 462
1 33 2
18 349
3 20 7
405 376 465 104 47 108 360
3 15 5
485 138 238 347 235
2 11 10
436 415 65 340 287 497 345 231 304 225
1 31 2
164 137
3 15 9
370 379 325 335 460 341 385 139 344
4 25 6
352 32 256 284 7 291
3 21 5
39 96 19 4 454
4 27 7
308 366 2 474 326 380 472
4 26 7
48 300 396 130 471 369 378
1 10 7
16 310 458 299 491 147 94
1 28 2
407 336
3 17 8
148 202 306 262 197 467 271 382
4 17 8
130 40 378 477 111 109 353 435
4 21 7
454 374 261 414 269 476 252
1 12 5
491 280 388 367 288
2 21 3
482 370 194
1 13 6
244 472 465 61 158 455
2 11 9
268 88 25 383 114 400 21 223 199
3 13 10
489 496 360 237 424 414 407 111 62 376
1 16 3
369 424 68
6 20 10
330 148 265 442 480 61 85 477 392 278
2 22 4
464 382 436 31
1 16 2
170 232
1 17 2
60 163
2 11 8
147 191 447 243 69 209 431 115
3 16 9
190 157 409 452 459 107 211 139 358
1 9 8
259 103 190 155 246 210 72 98
1 24 2
52 11
1 12 5
217 288 474 284 171
2 11 10
305 44 349 101 133 158 443 270 76 166
2 13 4
397 346 476 426
1 12 6
373 494 207 120 30 193
2 11 9
171 197 447 409 74 250 50 69 114
6 19 10
344 385 391 182 464 244 439 204 241 335
4 20 7
403 296 127 293 324 279 70
3 18 8
427 197 221 269 54 335 174 227
5 18 9
347 54 465 325 283 181 285 12 13
2 14 6
152 200 54 330 53 272
1 8 8
318 450 189 77 389 69 340 94
1 19 2
356 250
1 24 2
483 64
3 13 9
488 479 481 234 350 105 34 222 330
1 9 8
380 425 479 245 14 7 399 238
4 19 8
185 188 35 370 380 488 342 318
1 15 5
481 461 13 439 408
2 21 4
301 159 447 130
1 7 10
76 366 162 168 127 340 480 166 382 131
5 19 9
353 444 480 236 266 119 307 340 66
4 22 8
259 319 163 171 199 420 354 471
4 20 9
461 197 372 398 8 55 291 274 310
4 12 10
142 29 116 365 210 290 453 391 196 141
3 13 10
312 86 439 474 129 166 97 104 394 84
2 14 7
58 201 42 494 76 257 96
1 8 8
33 302 333 255 104 130 382 458
5 14 10
280 212 273 348 113 146 290 295 292 384
5 20 10
0 442 84 311 407 283 2 362 345 10
3 26 5
105 270 80 24 469
1 26 2
360 129
1 12 4
186 427 288 43
1 20 3
391 248 362
6 18 9
258 391 21 153 194 311 470 196 13
3 16 7
210 151 430 422 452 173 339
1 10 6
28 85 238 268 438 11
4 18 9
439 404 398 267 174 492 418 205 361
2 12 5
175 232 98 426 354
3 22 5
496 98 296 416 117
5 23 8
263 443 150 313 424 71 293 475
1 9 7
86 37 326 38 43 179 30
1 9 8
246 30 260 350 429 269 415 409
3 18 6
52 471 417 133 163 315
6 20 9
387 39 371 230 8 374 65 37 144
1 10 6
114 475 448 121 78 11
3 17 7
278 450 350 62 308 233 347
3 16 7
414 14 87 396 35 207 422
2 18 5
46 446 238 126 121
2 13 8
252 483 141 367 31 191 99 48
2 13 7
386 84 54 245 124 28 17
1 17 4
95 113 120 173
1 17 4
289 457 125 272
1 28 2
421 111
3 19 6
440 324 243 76 282 355
1 15 4
272 487 393 376
2 14 7
407 336 322 130 233 402 442
5 19 9
182 434 403 201 345 277 195 101 258
1 22 3
216 125 460
6 28 9
375 451 324 208 311 88 313 467 381
1 31 2
467 434
1 33 2
228 265
1 10 7
259 394 274 190 230 427 202
2 14 7
144 220 262 337 105 229 2
1 9 8
237 263 484 327 81 210 66 406
1 23 2
218 96
1 21 2
488 181
2 14 6
298 156 276 285 179 252
5 19 10
371 419 188 499 382 408 433 463 76 241
4 22 6
343 15 317 178 202 338
4 14 9
146 199 45 152 13 188 430 265 78
3 18 5
493 441 306 184 453
3 12 10
371 204 11 391 104 62 482 189 183 396
3 19 6
209 333 300 386 96 54
2 16 5
380 345 457 277 433
2 14 6
53 467 212 297 146 125
2 18 6
1 142 163 368 135 2
2 17 4
246 413 203 346
1 18 3
476 208 314
1 18 4
295 174 182 149
2 11 9
424 180 234 147 264 49 413 88 57
3 14 7
135 289 445 210 479 242 161
1 7 10
465 18 230 31 335 247 237 373 224 129
5 21 10
496 368 340 257 26 64 283 225 388 402
4 18 9
161 469 411 358 372 376 453 26 436
2 12 9
125 480 329 192 120 189 197 260 115
1 15 5
334 18 405 113 436
1 12 6
480 274 52 498 227 144
1 18 2
4 473
1 9 8
95 212 207 61 14 354 241 102
2 13 9
97 80 303 229 192 379 355 86 115
3 22 5
68 71 31 399 161
3 16 7
9 324 466 102 419 173 109
6 19 9
313 455 170 465 437 486 49 293 292
1 15 5
338 18 370 140 143
1 10 7
438 73 217 174 292 441 99
1 27 2
305 351
2 10 9
151 432 42 242 157 121 85 490 353
4 19 6
367 344 112 480 129 323
1 31 2
151 457
1 14 5
392 19 76 424 460
1 10 5
426 37 365 468 133
4 23 8
230 42 281 97 365 94 164 122
3 13 10
480 448 86 215 367 187 177 263 424 123
6 18 10
253 456 491 89 355 101 396 191 434 219
5 21 9
477 381 75 205 469 394 274 211 254
2 24 3
181 361 482
1 32 2
168 437
2 10 9
169 114 33 200 226 147 172 239 345
1 7 9
190 429 222 424 71 25 267 385 304
3 14 10
437 265 253 497 498 132 70 458 117 474
2 22 3
422 399 285
2 16 7
289 213 18 313 82 300 122
6 19 10
25 427 307 328 487 308 217 114 162 24
4 21 6
179 99 66 275 62 114
4 23 7
117 428 130 458 348 211 447
5 21 9
377 221 280 176 165 414 270 440 103
1 34 2
133 461
1 7 9
278 168 356 167 141 491 334 200 49
2 31 3
269 67 197
2 12 7
285 429 345 394 76 189 135
6 23 10
293 202 286 224 131 444 230 443 284 322
1 23 3
325 407 451
4 26 6
287 191 358 419 484 18
3 17 8
94 112 98 218 347 156 32 364
3 16 9
202 284 115 336 364 259 269 392 361
2 14 8
287 66 420 230 373 129 419 139
2 24 3
183 470 285
3 21 5
186 158 439 87 65
1 14 5
259 229 67 403 420
3 15 9
356 183 464 472 2 428 318 442 208
3 16 9
124 100 360 432 367 484 299 320 328
1 6 10
250 240 46 248 102 237 152 27 264 410
3 17 6
52 4 213 6 296 480
3 12 8
215 244 304 233 26 285 75 320
2 11 10
154 67 446 126 212 343 16 494 115 47
5 19 10
435 362 297 88 13 355 410 477 271 466
5 25 8
46 307 18 70 448 146 377 123
1 14 4
154 304 162 303
5 18 10
398 224 386 127 169 320 134 81 72 466
3 27 5
393 243 471 100 64
1 8 9
265 196 472 95 300 416 372 115 403
4 19 9
333 169 178 230 356 276 282 132 465
3 13 10
435 431 381 267 170 413 495 455 16 119
4 28 6
274 356 193 457 173 437
4 20 8
416 478 387 331 237 210 371 368
1 13 2
384 186
1 13 5
39 351 348 77 399
1 33 2
124 200
4 15 10
296 284 367 54 486 261 7 262 163 18
1 25 2
250 412
1 18 4
94 236 454 27
2 14 7
424 150 405 453 450 348 64
1 20 3
122 232 223
1 11 6
455 287 22 73 414 218
4 23 7
94 112 434 317 322 148 388
5 21 9
59 456 259 196 337 145 420 330 199
4 22 6
39 176 273 168 349 270
2 20 3
296 101 41
1 19 4
400 100 472 428
4 19 9
329 218 458 386 7 119 496 181 478
1 19 2
153 246
3 15 7
91 204 246 297 268 435 307
5 25 9
263 1 131 94 457 417 222 231 280
2 23 5
472 274 471 456 208
2 25 4
247 18 131 386
1 9 8
256 251 178 102 358 401 349 460
2 16 5
228 438 264 475 388
2 12 8
229 99 318 317 351 98 477 16
3 17 7
477 249 426 456 496 146 85
1 16 4
171 356 289 19
1 11 7
425 339 434 192 108 448 148
2 13 7
206 242 69 217 316 124 303
1 10 7
479 369 23 448 414 444 419
2 13 8
444 223 229 0 64 290 366 426
2 15 4
258 284 350 152
2 20 3
246 19 322
3 15 9
498 321 294 459 327 21 74 457 130
3 17 8
228 123 150 258 132 272 234 390
2 11 9
328 401 207 232 386 336 269 265 30
1 10 6
165 235 371 29 12 208
5 18 9
161 80 324 250 335 82 130 403 129
2 17 6
411 329 308 265 470 424
2 25 4
256 200 197 480
3 18 7
420 105 171 196 125 63 307
2 17 6
130 246 171 249 496 346
2 11 7
289 243 226 458 12 137 398
4 24 6
287 464 331 155 419 275
5 17 10
91 13 19 183 51 79 114 473 164 57
2 31 3
277 18 134
2 22 3
387 275 83
2 15 7
114 95 332 350 93 231 171
4 21 7
231 322 413 183 153 166 241
4 15 9
157 435 345 98 213 386 299 485 269
6 22 10
402 338 318 362 390 357 437 157 346 407
3 23 5
293 470 359 105 126
3 18 8
373 270 121 185 112 109 229 159
1 12 5
93 49 198 127 202
2 20 4
266 414 394 420
1 26 2
246 119
2 24 3
104 417 24
2 20 4
96 388 11 86
5 21 8
369 300 91 392 195 19 389 108
2 27 4
18 302 470 70
1 12 4
103 430 402 262
4 24 6
262 81 373 137 94 450
1 15 5
149 492 315 100 49
4 17 7
352 178 427 40 80 328 0
2 23 4
153 39 297 190
1 31 2
9 263
5 21 9
486 224 278 134 337 490 393 55 465
3 15 9
257 429 355 238 299 341 496 458 26
1 8 9
206 134 384 476 274 473 255 117 157
1 6 10
256 295 83 487 420 458 209 234 475 246
1 25 3
263 299 418
1 7 7
175 26 378 5 13 198 163
1 26 2
360 159
4 17 7
488 13 346 140 237 96 126
6 18 10
3 183 232 4 247 263 159 396 290 119
3 17 6
35 167 307 435 233 9
1 13 4
418 249 172 118
1 14 4
320 214 427 249
2 13 8
196 496 320 164 218 142 163 162
1 12 4
345 172 61 302
2 15 7
496 315 332 96 84 256 7
1 13 3
258 392 35
2 7 10
50 484 304 416 163 354 271 203 151 160
2 17 6
270 479 472 116 161 431
5 21 8
175 296 389 332 218 292 446 32
1 12 6
70 106 125 37 495 105
2 17 3
194 363 223
4 19 7
459 215 223 134 293 386 299
2 7 7
161 160 28 302 401 258 63
1 10 7
225 173 221 279 48 420 3
1 10 7
420 378 252 232 300 445 197
2 13 7
341 369 252 156 307 487 367
1 13 6
138 10 357 452 327 308
2 12 9
230 221 477 317 415 310 211 448 198
4 22 7
44 353 307 193 167 184 243
1 15 5
151 492 184 274 490
1 18 4
361 447 136 156
1 8 8
474 0 332 325 156 142 358 335
5 19 9
190 272 370 231 152 482 18 345 277
3 18 6
410 400 351 96 90 244
1 11 7
117 357 60 154 244 332 81
3 12 10
277 213 45 476 101 444 74 189 416 308
1 9 5
279 435 485 180 24
2 25 3
265 421 142
4 23 7
96 36 238 47 250 311 401
4 17 10
30 64 62 471 473 23 21 199 241 340
3 22 5
103 48 251 258 267
1 32 2
227 440
3 17 8
349 419 387 404 327 204 94 496
1 12 6
9 492 437 4 78 493
6 19 10
371 409 267 112 212 226 323 427 14 223
2 23 3
93 25 258
1 13 5
221 449 319 349 220
1 16 4
417 14 149 180
1 11 6
21 280 143 84 455 180
4 16 9
258 11 194 428 31 321 195 62 191
2 13 8
383 284 70 58 55 59 25 340
2 14 7
286 403 130 483 117 143 235
4 22 7
342 38 363 200 11 13 470
4 12 8
392 50 348 290 264 476 486 235
2 15 5
121 40 445 101 393
6 25 9
306 8 51 393 231 83 257 331 55
1 10 7
247 240 445 336 481 3 454
2 11 10
102 140 141 163 16 100 362 447 337 478
4 18 8
493 188 349 266 409 465 438 119
3 18 7
142 406 358 443 327 319 191
1 11 6
450 412 395 109 152 444
4 15 9
372 82 421 277 43 157 422 359 178
1 14 4
26 469 19 110
3 15 10
292 47 278 98 460 497 325 350 232 457
1 20 3
444 31 427
2 11 9
188 223 107 332 74 287 179 98 411
6 18 10
387 145 400 320 83 338 137 364 108 172
1 14 2
107 422
1 13 4
403 398 110 385
2 12 8
14 191 248 331 206 168 181 98
2 12 7
156 23 150 10 193 180 382
3 21 5
461 489 51 163 103
2 11 9
374 144 392 107 38 350 226 42 421
2 16 5
290 349 484 481 403
2 19 4
284 267 446 43
1 19 4
88 492 281 353
3 17 7
424 148 226 301 186 221 256
2 10 7
323 101 146 393 137 59 314
1 10 7
312 41 142 250 402 174 224
2 14 8
307 240 473 299 419 325 17 311
2 22 4
301 416 71 366
2 15 5
34 488 188 400 267
3 15 9
89 352 140 317 260 34 421 386 462
1 16 5
331 80 157 13 205
3 20 6
252 277 445 121 5 300
3 20 7
92 126 412 454 38 36 457
5 25 8
56 130 311 284 29 281 155 115
1 31 2
408 254
1 37 2
278 136
4 18 6
234 192 82 237 417 352
4 20 7
262 134 46 87 69 234 179
1 9 4
73 290 160 351
1 15 4
473 50 460 142
2 10 10
374 447 417 58 185 122 466 343 303 78
2 21 3
321 62 346
2 24 3
417 477 194
2 23 4
79 220 18 84
1 10 6
495 290 445 341 150 127
1 12 5
404 78 241 380 383
2 13 7
292 403 480 256 275 317 168
3 15 5
235 431 341 275 151
1 18 3
166 52 385
2 15 3
485 58 407
2 11 9
43 249 399 379 340 334 341 476 268
2 18 4
142 403 316 155
2 23 4
464 143 190 359
4 23 8
276 149 409 460 106 109 48 379
2 9 10
349 16 328 60 485 295 245 473 495 412
1 19 3
445 420 318
5 21 9
387 417 209 225 419 64 6 171 345
1 10 6
194 63 251 365 455 72
1 9 4
52 327 285 277
3 16 6
398 396 432 409 155 488
4 23 7
306 73 369 451 6 33 440
2 14 7
371 326 301 439 464 342 328
1 10 8
21 359 163 225 427 477 331 115
2 22 5
2 1 226 250 436
1 8 9
79 415 127 258 482 436 50 67 141
2 12 7
346 98 179 269 320 145 380
4 26 6
87 102 434 197 19 109
1 8 10
375 349 120 282 188 71 492 216 235 313
4 17 9
106 493 289 248 330 354 368 429 147
1 13 5
330 195 145 196 262
5 19 10
130 54 122 14 125 406 36 212 349 100
1 18 2
351 147
1 15 2
445 215
3 25 5
457 400 264 284 234
1 9 3
26 120 439
1 12 6
425 185 77 43 482 301
3 21 5
272 75 429 233 111
1 36 2
47 428
1 20 2
53 317
2 23 5
308 367 478 495 199
2 17 4
68 89 30 352
1 18 2
302 445
1 7 10
231 100 459 280 42 172 173 380 465 451
2 28 3
155 443 256
5 24 8
409 112 165 54 55 172 99 309
2 16 5
153 133 130 83 401
2 10 10
270 205 22 125 481 293 13 60 368 209
2 21 4
127 60 335 224
2 11 5
391 347 438 246 483
1 13 6
474 492 461 369 99 68
1 11 7
80 155 147 287 190 144 22
2 27 3
384 230 123
1 17 3
490 6 203
3 12 10
226 392 186 95 179 109 413 220 0 134
2 22 3
473 416 452
1 10 8
328 47 385 404 381 128 457 143
2 20 5
18 52 476 387 357
4 20 8
256 4 130 168 476 373 197 460
1 34 2
252 423
1 15 5
87 323 425 375 107
2 20 5
229 261 326 284 225
1 27 2
284 8
4 25 6
121 258 364 312 94 126
3 18 6
411 241 8 488 373 367
3 21 6
253 493 244 447 282 30
1 15 4
121 444 51 141
2 14 6
0 373 463 152 433 282
1 18 4
172 188 377 471
1 26 2
264 325
3 15 6
110 345 250 180 365 375
3 19 6
298 428 363 341 218 251
1 12 6
189 7 304 336 311 277
3 17 8
286 211 142 89 457 323 459 370
4 15 8
86 43 128 191 183 91 448 444
1 11 7
377 1 99 394 41 382 204
1 11 6
265 159 368 32 224 446
2 10 9
89 488 495 20 446 343 119 102 62
3 20 7
211 352 56 406 167 129 81
1 10 7
172 236 325 176 385 306 288
5 22 9
443 222 496 195 245 202 36 331 258
3 22 5
221 346 405 258 25
1 11 4
62 176 486 430
3 20 5
428 444 486 185 153
2 9 8
285 334 379 316 137 212 239 186
1 8 8
60 20 262 149 11 243 74 267
1 8 8
398 89 77 435 380 306 57 281
1 8 8
120 42 482 200 353 245 68 455
1 18 3
247 143 365
2 14 4
20 490 82 323
1 16 2
491 355
2 11 4
484 58 367 295
1 11 7
323 104 169 251 375 401 281
1 9 8
360 65 425 436 493 243 245 344
2 13 7
94 8 481 403 475 430 356
5 19 8
154 438 329 370 347 63 478 14
6 20 9
321 463 383 136 243 235 165 265 328
3 23 5
252 85 311 289 445
2 18 6
302 287 373 8 97 121
1 8 7
4 138 161 108 408 289 474
2 19 4
447 203 250 102
5 20 10
137 368 400 117 284 225 378 320 454 276
3 16 9
485 250 252 459 395 65 496 210 305
1 7 9
367 428 32 91 349 87 352 290 360
3 20 6
163 128 122 366 83 82
1 11 7
190 373 68 96 18 489 486
1 10 7
295 386 199 343 495 244 38
5 20 10
43 292 80 428 355 84 251 70 122 155
1 19 2
176 392
3 18 6
385 216 93 160 449 446
4 17 9
296 489 259 396 189 115 24 486 72
1 20 2
219 416
5 21 9
434 218 447 59 491 105 336 412 178
1 34 2
454 185
1 15 4
23 291 225 281
2 18 5
401 158 316 480 486
6 16 10
4 329 29 248 184 57 129 314 292 324
1 17 3
12 475 6
2 13 7
116 494 418 30 476 104 280
1 9 8
438 463 381 56 440 465 70 222
1 9 8
229 290 260 467 402 70 93 277
1 26 2
74 1
3 19 6
226 168 87 397 70 194
1 28 2
448 277
1 23 3
67 141 311
4 19 7
333 238 304 487 347 273 37
1 30 2
6 7
1 25 2
38 396
2 21 4
231 466 443 212
2 23 4
179 165 319 448
4 29 6
342 197 300 196 164 353
2 16 4
142 435 148 78
3 17 5
146 43 341 455 151
4 21 7
36 148 10 211 69 85 389
1 21 3
394 200 412
1 22 2
445 406
5 21 10
103 326 415 41 62 428 385 52 115 372
2 27 4
95 336 48 412
1 19 3
178 168 167
1 29 2
55 489
2 11 10
370 80 290 448 384 101 385 408 418 318
2 29 3
228 335 380
2 16 5
364 134 189 175 133
1 17 3
82 35 381
2 21 5
395 422 122 225 198
6 21 9
89 387 349 247 365 475 298 241 271
1 12 5
126 23 77 249 152
1 15 4
89 491 256 373
4 21 7
50 26 128 498 461 106 153
6 18 10
169 226 403 388 84 0 438 66 441 324
1 17 4
233 390 42 14
2 14 6
81 495 132 497 273 92
5 20 9
343 386 274 411 238 224 248 236 145
3 14 5
391 439 393 444 52
1 20 3
486 467 375
1 6 10
420 458 45 84 352 127 153 235 305 320
3 14 6
121 363 346 128 195 245
1 9 8
4 456 270 211 330 264 444 260
2 11 10
402 216 491 139 145 325 201 355 489 443
1 23 2
168 118
2 24 3
330 215 238
2 9 10
193 86 35 272 75 486 181 400 258 332
1 23 2
30 33
1 12 4
290 292 269 467
2 19 6
5 478 55 151 339 305
1 16 2
264 161
1 15 4
21 193 98 77
1 23 2
485 55
1 9 8
385 437 461 200 490 425 419 221
1 11 6
231 443 237 187 13 476
1 9 7
463 327 412 161 179 272 205
2 17 5
172 21 64 403 364
4 22 9
283 56 122 244 112 181 457 128 135
2 20 4
445 7 313 68
1 29 2
361 278
5 21 9
416 201 57 357 435 440 398 278 336
2 13 6
499 353 354 224 264 380
1 7 10
21 347 370 2 280 23 337 291 45 306
4 27 7
136 443 207 453 47 218 166
2 13 8
464 271 467 105 330 225 492 121
4 17 10
321 126 145 115 236 311 374 214 343 215
4 25 6
346 270 251 14 19 136
2 12 9
243 468 19 460 306 303 182 190 180
1 19 4
443 411 218 227
1 27 2
385 448
3 20 6
315 423 15 289 218 34
1 9 7
231 132 439 77 172 211 35
6 20 10
109 459 49 143 481 482 209 312 495 423
2 11 10
444 380 100 289 149 42 374 370 324 255
3 25 5
198 136 119 214 393
3 20 6
202 132 236 272 168 145
3 22 6
460 382 151 425 200 238
2 26 3
393 167 231
1 21 2
212 98
4 22 8
241 207 187 473 15 354 191 213
3 15 8
333 76 289 164 237 161 107 160
2 29 3
413 277 428
3 18 6
201 109 68 193 354 302
1 19 2
296 269
5 23 8
70 309 255 197 86 260 59 130
1 22 2
0 498
2 12 9
242 117 300 24 29 372 76 189 272
1 22 3
33 362 19
3 17 9
314 308 327 115 139 403 88 438 279
2 15 7
10 77 113 146 205 11 99
3 20 5
118 284 214 93 346
5 20 9
219 278 372 260 91 394 198 431 373
2 11 10
320 123 224 97 289 390 389 24 336 372
2 25 4
55 453 206 492
3 27 5
470 33 126 185 164
4 20 6
200 199 49 170 345 431
3 18 7
417 419 317 375 382 438 466
2 18 5
187 410 423 87 355
4 16 8
63 456 234 323 499 414 302 270
2 9 9
262 318 445 494 25 133 491 422 479
3 18 5
218 63 123 23 430
2 19 4
383 361 63 369
1 9 6
236 455 84 178 476 64
1 8 9
55 6 17 265 174 4 30 85 250
1 15 3
452 237 422
2 9 10
225 345 184 157 439 463 202 103 276 341
1 25 2
56 285
2 14 7
48 144 455 360 141 85 183
3 18 6
340 196 291 297 365 192
1 7 10
357 393 448 384 486 71 360 257 418 94
3 17 6
393 147 88 275 192 73
4 24 6
241 175 388 36 183 259
3 20 7
460 29 117 276 122 223 155
5 17 10
83 493 314 492 51 29 289 355 276 132
2 21 3
431 235 115
4 23 7
366 4 106 417 77 167 420
2 14 8
31 496 235 408 434 410 326 366
3 16 6
314 155 418 34 64 368
2 18 6
259 217 21 373 448 263
1 25 2
384 287
2 19 5
468 185 324 166 304
1 12 6
352 366 284 260 279 36
2 15 7
252 472 198 390 44 424 224
2 16 7
251 42 299 403 373 294 380
1 15 4
477 332 482 157
2 29 3
440 349 421
1 13 5
185 420 175 64 273
1 32 2
283 247
2 17 4
39 363 239 181
1 29 2
419 135
1 21 2
356 380
1 16 4
221 256 422 296
4 24 6
291 145 221 414 137 236
4 20 6
279 30 278 159 14 222
1 10 6
79 257 120 32 203 34
6 19 9
327 473 37 321 208 355 331 379 359
4 19 6
403 343 20 214 191 253
1 18 4
366 240 55 441
2 15 6
447 51 163 221 68 75
1 27 2
131 464
1 7 10
461 51 279 272 493 442 191 383 467 447
1 11 6
285 251 10 415 184 466
2 24 4
477 225 435 124
4 11 10
457 344 296 146 285 237 303 170 53 329
1 19 4
387 375 235 436
3 22 5
56 433 453 134 250
1 12 6
419 113 379 444 441 344
4 28 6
79 375 48 310 415 279
3 21 6
329 443 109 359 357 347
1 8 7
495 172 163 62 49 157 189
3 17 7
364 185 171 267 219 374 236
3 14 10
188 359 408 224 2 384 418 365 445 124
1 10 7
367 388 205 492 436 76 376
1 6 9
157 203 457 455 322 129 128 365 161
6 19 10
257 128 285 85 141 417 139 21 133 158
5 23 8
167 305 51 53 450 303 8 122
4 27 6
307 94 331 214 353 310
1 35 2
22 97
4 18 9
383 329 439 97 497 192 166 25 56
5 20 8
316 35 156 144 252 134 291 159
1 19 4
106 190 260 302
3 17 8
133 89 294 437 257 356 102 124
3 17 7
360 234 296 170 449 288 226
1 15 5
217 158 25 171 232
1 14 4
179 452 302 89
1 15 5
70 117 128 466 499
2 14 7
325 275 19 248 88 266 304
1 12 6
376 369 354 14 460 190
1 6 10
29 445 87 449 384 347 251 221 422 480
1 16 3
138 345 187
1 11 6
447 120 433 388 371 171
1 32 2
187 31
2 13 7
5 420 76 401 468 440 396
3 21 6
334 453 313 291 283 12
5 18 9
209 187 333 416 167 251 82 159 4
2 12 6
253 12 377 370 363 355
3 18 8
191 344 424 336 207 436 368 61
1 8 7
304 60 392 210 321 235 104
2 20 3
482 452 178
1 20 3
166 130 406
1 15 2
161 391
6 25 9
14 297 492 417 413 499 402 123 181
1 22 2
200 63
1 18 4
378 235 111 342
4 17 6
422 363 192 65 317 298
2 20 5
309 286 439 47 335
1 17 4
266 44 209 95
2 13 5
200 320 384 296 392
1 9 8
88 119 223 372 170 85 195 39
5 24 8
286 164 76 73 269 281 100 370
5 18 8
149 35 4 486 176 167 380 302
1 30 2
119 75
3 14 8
74 381 467 237 225 453 120 57
1 8 9
428 415 249 455 497 395 223 363 26
1 28 2
211 237
1 7 10
2 390 163 330 344 362 402 381 473 293
2 11 6
324 4 355 456 54 433
2 10 8
218 19 316 66 424 417 426 120
3 19 5
273 23 424 332 31
1 9 6
347 358 246 275 180 205
2 21 4
67 22 118 33
3 15 8
474 429 409 265 379 396 198 412
1 6 10
249 232 358 345 78 30 272 222 495 97
1 9 8
419 294 56 53 321 264 130 372
4 20 8
405 198 378 172 316 200 53 428
2 29 3
461 177 88
1 23 2
474 282
1 22 3
41 423 180
5 21 8
445 191 436 374 211 219 69 245
1 25 2
411 462
1 15 4
186 331 444 157
3 10 10
232 250 302 267 360 163 194 351 318 486
1 21 2
356 289
4 15 8
281 60 81 62 107 170 445 28
1 11 6
86 133 84 282 236 326
3 26 5
11 174 453 107 124
1 14 5
433 471 448 467 234
4 20 7
141 297 117 340 474 380 170
2 26 4
244 72 118 280
3 16 7
104 109 384 469 427 186 268
2 27 4
158 80 150 248
1 32 2
376 409
1 10 7
56 68 351 197 251 35 318
1 29 2
18 264
5 22 8
146 99 117 307 21 110 378 248
2 22 3
133 323 43
2 30 3
126 293 164
2 29 3
490 427 492
2 17 4
371 286 338 488
2 16 6
0 472 52 482 318 125
1 17 3
14 247 219
3 17 7
117 346 119 465 309 303 26
1 22 3
448 369 453
2 22 5
197 499 326 441 230
3 16 9
7 404 56 117 109 399 204 279 480
5 18 10
446 86 481 191 64 287 142 345 272 320
2 21 5
305 117 467 252 20
4 21 8
283 454 420 285 412 365 415 374
1 12 5
36 292 418 381 348
2 27 3
396 355 366
5 16 10
69 243 429 208 445 369 359 387 473 264
1 13 3
34 108 176
1 18 3
79 65 159
2 10 10
444 410 75 186 174 419 465 441 422 345
5 20 9
235 184 498 147 358 270 451 63 104
3 16 7
214 453 250 306 78 151 16
1 20 3
126 41 60
6 23 9
414 373 124 216 418 389 377 223 406
4 22 7
341 392 171 306 189 313 71
1 23 3
255 376 190
2 29 3
227 290 56
2 31 3
22 131 393
4 19 8
24 242 360 124 272 180 102 109
4 19 8
405 266 460 131 337 49 489 267
2 28 3
469 268 427
1 10 7
369 153 454 100 386 36 436
2 28 4
44 47 243 405
1 33 2
230 220
3 21 6
443 410 456 395 105 355
1 13 3
345 148 266
1 23 2
46 433
2 14 8
42 428 17 158 171 443 345 2
1 23 2
8 302
1 25 2
147 134
2 14 6
28 17 140 186 79 324
2 10 10
237 79 352 417 5 405 263 281 63 73
2 9 10
210 128 119 468 212 463 72 167 25 370
2 13 8
456 423 213 123 103 404 222 497
4 24 7
297 123 270 88 382 470 354
2 20 4
362 435 361 129
1 8 9
436 143 93 22 229 341 423 54 287
2 21 5
269 476 44 164 234
2 23 3
166 60 129
2 16 7
351 11 339 498 100 37 67
2 12 5
151 338 49 120 364
4 17 10
435 186 150 182 460 196 312 334 263 356
2 18 4
387 366 355 322
2 14 8
277 221 405 440 219 158 343 260
1 9 8
226 313 370 420 468 77 408 34
1 8 8
431 388 298 312 130 139 20 266
1 31 2
80 475
1 23 2
36 484
4 24 6
241 448 338 159 114 99
1 16 3
349 101 323
5 15 10
426 61 7 354 57 195 291 347 272 198
2 20 3
447 486 262
1 15 2
309 3
2 16 6
65 310 415 156 121 90
1 8 6
358 367 485 12 127 277
1 7 10
461 151 149 120 214 432 237 152 466 104
4 14 10
183 33 344 162 0 462 169 364 349 483
1 16 4
353 225 459 409
1 14 4
200 24 89 17
1 28 2
119 411
2 23 4
26 125 368 208
1 19 2
17 9
2 17 6
402 55 186 324 259 365
3 12 8
114 441 191 161 450 485 247 55
2 24 4
11 22 324 415
1 9 8
139 384 468 232 284 314 446 97
5 27 8
116 244 362 115 99 142 369 40
2 9 10
363 200 117 411 45 371 37 16 29 243
5 17 10
295 324 402 151 109 377 38 157 158 431
1 27 2
254 29
1 25 2
494 362
1 21 3
127 470 181
4 20 8
371 230 4 269 412 56 350 20
6 24 9
290 479 171 349 140 368 17 297 245
3 21 5
223 53 35 80 188
2 25 4
1 309 412 495
3 16 6
407 4 485 462 101 297
2 10 8
72 222 220 329 79 449 84 204
1 27 2
414 77
3 20 5
483 207 21 265 91
1 10 6
427 368 26 290 483 36
1 20 3
313 417 467
1 7 10
338 35 284 17 311 313 355 230 268 362
6 20 10
104 395 434 249 440 45 485 302 337 476
1 5 9
302 456 73 16 347 173 466 398 289
2 10 10
67 212 404 27 216 424 124 418 259 320
1 32 2
396 197
3 13 10
291 212 334 343 456 208 460 80 69 255
4 19 8
335 3 446 461 449 201 8 186
