664 0.0834007
666 0.0535948
670 0.0392668
632 0.0489435
698 0.0991271
677 0.140963
667 0.0483835
660 0.12862
692 0.210396
674 0.0726878
428 0.095159
445 0.0798933
430 0.084706
452 0.234501
464 0.102581
453 0.0951934
430 0.1106
423 0.111048
396 0.0743724
448 0.0640671
695 0.0678929
672 0.0392695
675 0.070906
665 0.0656225
685 0.0592303
675 0.0490858
678 0.0697757
682 0.0770258
684 0.062879
685 0.0974529
680 0.0677192
666 0.0245274
685 0.0365272
685 0.0567951
671 0.0373058
664 0.0380188
680 0.0317318
679 0.0471784
665 0.0556681
679 0.0390343
