569 0.501496
567 0.501498
575 0.501787
551 0.501054
569 0.501544
533 0.503312
539 0.501929
550 0.502144
551 0.501769
576 0.501304
229 0.501068
190 0.501179
188 0.501462
206 0.501793
184 0.503586
190 0.504872
208 0.503086
192 0.501099
212 0.502475
194 0.501693
2035 0.304237
2071 0.335283
2111 0.440764
2087 0.34887
2090 0.430902
2045 0.308897
2067 0.300674
2115 0.283904
2113 0.214487
2101 0.291985
2108 0.404937
2087 0.501098
2007 0.501857
2026 0.416492
1992 0.403987
2047 0.500982
1962 0.501368
1998 0.298084
2009 0.457736
1995 0.501794
