697 0.500997
676 0.502487
706 0.500838
725 0.501551
730 0.495952
686 0.308147
736 0.259285
720 0.342163
741 0.436053
683 0.310635
290 0.455231
280 0.487777
275 0.500646
260 0.452414
283 0.473548
269 0.500879
272 0.367123
258 0.500619
245 0.500672
254 0.501563
1518 0.31042
1499 0.296096
1517 0.192947
1510 0.150415
1524 0.274477
1520 0.173895
1520 0.232806
1533 0.157669
1492 0.148555
1539 0.200548
1504 0.320902
1497 0.164817
1535 0.245775
1511 0.166
1482 0.420223
1498 0.101323
1462 0.187764
1505 0.302986
1488 0.443693
1532 0.108711
