656 0.42531
650 0.503442
693 0.501537
640 0.40374
647 0.502384
674 0.501429
616 0.430912
620 0.502005
611 0.503521
661 0.502011
248 0.500918
238 0.501776
251 0.409281
250 0.500892
227 0.501055
234 0.50074
247 0.50248
258 0.501568
251 0.501282
254 0.501444
1719 0.252544
1736 0.193891
1705 0.160084
1731 0.149912
1734 0.269579
1706 0.178678
1679 0.145192
1747 0.262716
1712 0.215799
1713 0.281694
1685 0.205409
1654 0.165632
1649 0.291275
1652 0.367494
1679 0.109339
1677 0.316527
1744 0.473253
1672 0.118964
1703 0.500791
1645 0.16795
