858 0.219795
789 0.191563
878 0.153086
807 0.316411
871 0.484737
840 0.228195
852 0.351776
887 0.123807
756 0.314889
310 0.500783
333 0.481439
360 0.218048
358 0.320284
372 0.225759
328 0.319222
360 0.208594
349 0.283457
350 0.500796
324 0.328677
1108 0.111817
1088 0.117662
1106 0.0899258
1101 0.104489
1097 0.167858
1090 0.197564
1112 0.165829
1102 0.132165
1096 0.134294
1089 0.140164
1088 0.0979098
1099 0.102171
1115 0.140237
1092 0.0602882
1080 0.0984097
1094 0.0495594
1088 0.0855339
1110 0.0859227
1077 0.0965464
1073 0.107356
