500 1500 775
11 29 31 30 27 38 34 17 24 26 34 12 15 34 19 32 39 17 27 38 36 11 34 18 12 32 23 17 28 30 16 32 24 40 20 19 34 11 15 22 39 30 28 16 19 34 37 18 12 25 14 33 17 22 36 27 13 30 40 34 35 12 11 32 24 29 13 36 18 36 12 30 30 19 36 22 31 27 32 35 13 35 34 37 33 36 33 27 24 23 11 12 11 20 39 26 18 28 18 35 30 23 37 30 30 34 33 22 23 29 16 28 26 31 20 14 13 11 30 23 28 24 30 30 27 27 34 22 12 23 36 36 37 21 24 40 18 34 29 20 12 20 12 27 35 32 19 19 30 36 16 32 32 25 21 13 31 26 12 31 19 40 27 28 37 17 37 37 24 15 29 40 11 14 13 22 20 38 16 11 32 21 29 35 30 17 20 15 36 24 12 16 33 25 21 12 30 13 38 13 22 28 38 24 33 39 11 30 26 37 23 34 39 12 31 21 37 12 28 14 13 14 15 15 39 13 38 22 38 23 39 28 36 32 32 20 11 17 17 20 11 12 19 40 36 24 24 20 28 34 32 27 37 13 15 27 31 14 22 38 39 30 37 37 38 39 16 19 39 15 38 29 14 39 28 32 12 18 17 20 34 30 29 29 21 32 35 12 26 25 29 17 16 16 16 20 17 34 31 32 21 40 18 13 37 24 15 40 32 38 34 22 28 39 23 35 35 29 30 29 13 11 33 40 28 22 34 20 16 23 11 25 18 30 24 19 12 37 13 35 34 29 17 33 15 27 28 20 11 35 25 31 31 37 12 12 38 18 22 35 16 15 22 30 15 38 24 31 13 32 39 19 15 33 38 18 34 15 37 24 27 32 31 30 11 19 27 30 30 38 32 38 26 20 31 20 38 12 33 37 20 14 11 13 28 38 34 20 13 15 40 27 25 16 37 27 36 27 34 17 12 39 22 31 28 34 17 11 29 24 36 34 37 15 21 34 40 32 29 15 36 30 27 30 32 27 14 21 38 21 28 24 27 20 13 33 31 26 38 30 24 22 37 15 21 12 35 30 23 34 13 28 27 36 33 25 14 37 15 19 35 13 26 37 22 28 29 39 40 30 37 21 14 19 12 39 23 32 31 25
1 19 21 20 17 28 24 7 14 16 24 2 5 24 9 22 29 7 17 28 26 1 24 8 2 22 13 7 18 20 6 22 14 30 10 9 24 1 5 12 29 20 18 6 9 24 27 8 2 15 4 23 7 12 26 17 3 20 30 24 25 2 1 22 14 19 3 26 8 26 2 20 20 9 26 12 21 17 22 25 3 25 24 27 23 26 23 17 14 13 1 2 1 10 29 16 8 18 8 25 20 13 27 20 20 24 23 12 13 19 6 18 16 21 10 4 3 1 20 13 18 14 20 20 17 17 24 12 2 13 26 26 27 11 14 30 8 24 19 10 2 10 2 17 25 22 9 9 20 26 6 22 22 15 11 3 21 16 2 21 9 30 17 18 27 7 27 27 14 5 19 30 1 4 3 12 10 28 6 1 22 11 19 25 20 7 10 5 26 14 2 6 23 15 11 2 20 3 28 3 12 18 28 14 23 29 1 20 16 27 13 24 29 2 21 11 27 2 18 4 3 4 5 5 29 3 28 12 28 13 29 18 26 22 22 10 1 7 7 10 1 2 9 30 26 14 14 10 18 24 22 17 27 3 5 17 21 4 12 28 29 20 27 27 28 29 6 9 29 5 28 19 4 29 18 22 2 8 7 10 24 20 19 19 11 22 25 2 16 15 19 7 6 6 6 10 7 24 21 22 11 30 8 3 27 14 5 30 22 28 24 12 18 29 13 25 25 19 20 19 3 1 23 30 18 12 24 10 6 13 1 15 8 20 14 9 2 27 3 25 24 19 7 23 5 17 18 10 1 25 15 21 21 27 2 2 28 8 12 25 6 5 12 20 5 28 14 21 3 22 29 9 5 23 28 8 24 5 27 14 17 22 21 20 1 9 17 20 20 28 22 28 16 10 21 10 28 2 23 27 10 4 1 3 18 28 24 10 3 5 30 17 15 6 27 17 26 17 24 7 2 29 12 21 18 24 7 1 19 14 26 24 27 5 11 24 30 22 19 5 26 20 17 20 22 17 4 11 28 11 18 14 17 10 3 23 21 16 28 20 14 12 27 5 11 2 25 20 13 24 3 18 17 26 23 15 4 27 5 9 25 3 16 27 12 18 19 29 30 20 27 11 4 9 2 29 13 22 21 15
3 16 25
72 449 289 378 136 133 118 437 230 147 265 232 85 2 3 14 234 120 90 459 61 208 257 233 8
3 11 5
214 407 484 450 498
4 2 19
182 65 417 106 307 82 419 474 432 152 282 352 73 263 188 487 143 178 168
11 14 20
348 139 104 247 465 445 372 425 483 80 226 408 123 95 283 152 42 313 159 221
1 12 4
63 247 347 359
3 8 6
359 367 447 396 186 302
5 2 9
23 407 480 74 478 251 81 473 430
10 11 18
93 9 413 391 460 281 48 169 342 472 58 393 14 135 313 255 352 100
9 15 14
112 248 343 49 177 281 457 147 298 219 225 443 265 284
11 9 18
134 245 53 273 347 229 441 108 244 8 341 309 247 161 147 103 209 33
5 19 12
325 461 379 163 252 258 23 200 123 78 328 99
7 3 11
221 183 344 71 253 240 247 299 227 422 0
1 15 2
170 16
3 4 14
61 67 415 276 278 483 466 210 469 251 363 499 35 346
5 16 25
16 272 196 109 12 280 11 19 300 267 432 135 489 471 232 459 476 81 282 85 445 438 210 53 456
6 9 17
462 131 203 223 463 11 280 278 376 187 453 466 195 45 66 193 483
1 19 4
411 38 318 400
2 5 4
439 382 304 140
6 2 15
404 10 87 338 81 351 183 152 284 365 25 439 52 21 484
3 2 21
293 174 194 453 333 335 225 330 438 469 445 100 338 201 306 13 115 140 57 467 143
8 3 15
143 449 194 278 92 46 41 386 348 202 35 9 402 242 70
2 8 5
413 93 89 427 324
1 16 4
267 49 450 178
12 15 20
5 228 440 23 325 275 32 1 353 226 345 47 295 40 34 341 285 240 107 191
4 16 7
481 226 413 415 80 232 425
5 1 22
104 125 371 74 208 241 117 401 232 400 489 485 18 369 431 203 353 250 258 397 84 201
7 17 15
219 283 190 229 223 216 210 287 220 11 113 327 348 63 459
1 14 3
280 188 436
6 17 14
386 319 379 146 437 308 186 145 455 317 217 200 209 265
2 11 16
127 198 480 308 166 83 280 488 431 407 423 458 368 377 284 430
7 3 11
16 443 12 411 403 498 307 263 123 150 493
3 19 5
405 166 370 32 484
11 18 24
480 239 390 149 260 66 88 448 122 394 175 235 270 287 176 162 485 262 385 332 146 170 191 320
2 13 12
323 273 131 27 95 439 297 125 145 345 221 322
2 7 4
454 237 426 138
4 15 19
126 172 133 289 326 95 78 199 96 171 112 245 446 123 26 321 158 341 336
1 15 7
92 190 285 24 59 369 110
1 6 2
12 447
2 17 4
396 232 108 437
1 9 4
353 330 411 342
1 19 3
474 42 329
11 18 25
48 337 443 441 317 263 442 165 377 334 168 321 258 167 439 424 125 349 190 3 162 194 394 13 143
4 9 8
28 340 84 455 376 32 332 481
1 12 9
192 0 431 202 100 441 54 494 75
1 15 7
439 164 299 131 401 171 285
5 17 8
6 189 488 186 307 28 177 102
6 1 11
153 291 206 358 260 51 469 106 380 389 320
2 4 3
195 165 330
2 19 4
128 167 313 497
2 18 13
276 134 58 33 435 346 382 169 341 390 452 394 489
7 4 20
221 175 420 78 223 308 480 191 195 270 405 343 103 269 82 137 386 338 465 240
12 15 18
314 369 155 497 380 67 287 499 374 271 298 220 259 21 256 423 208 64
10 12 20
414 308 208 75 484 107 356 487 132 188 384 92 16 471 205 161 103 24 399 197
6 1 12
95 36 229 179 46 483 438 261 345 320 400 167
3 5 7
202 451 230 248 161 323 170
4 1 7
109 322 482 26 214 364 186
2 20 12
489 117 208 140 248 325 151 201 306 327 259 217
3 8 19
371 417 273 357 74 247 245 447 27 359 295 483 73 428 285 380 403 64 217
1 11 2
60 243
13 5 21
50 318 174 83 99 4 235 180 106 45 214 344 108 264 246 74 462 378 33 141 219
8 8 17
420 212 295 481 270 72 414 19 346 175 263 463 221 264 211 184 382
1 8 12
99 114 102 203 490 438 20 336 456 108 324 210
8 13 22
249 444 52 174 36 114 70 194 284 363 354 336 122 172 139 177 93 80 339 235 86 121
4 8 10
448 297 491 472 302 369 261 49 451 364
5 11 23
454 217 444 35 430 468 74 31 28 289 317 420 235 497 222 187 433 183 124 356 122 27 370
8 8 16
182 342 208 364 471 303 266 162 52 359 385 268 137 288 339 175
5 2 10
246 271 231 78 355 323 210 18 451 372
11 6 18
474 327 109 183 230 283 226 357 460 92 308 237 298 15 436 138 466 416
1 7 7
311 222 157 332 120 226 268
3 17 12
385 474 377 301 99 58 368 185 349 431 115 2
2 15 4
442 149 361 91
1 12 2
411 356
3 2 22
484 287 195 75 493 341 421 8 304 477 317 308 433 293 470 74 89 324 45 450 478 224
10 8 15
268 129 308 402 209 192 45 337 328 458 292 288 40 262 418
2 6 9
97 208 416 275 209 222 401 367 406
2 16 8
312 89 413 375 212 286 144 218
12 7 23
280 25 459 72 174 411 240 377 102 462 388 177 230 68 452 470 169 190 134 467 23 400 147
1 15 10
379 462 139 362 216 14 136 34 160 2
2 17 19
473 363 87 25 270 99 82 193 39 115 280 218 495 203 195 274 272 456 307
1 6 10
342 364 436 450 30 460 7 66 462 427
2 2 4
351 126 260 330
10 20 17
401 212 133 209 102 253 111 333 160 298 128 381 179 264 183 466 59
5 7 14
314 104 351 132 485 349 242 470 86 220 225 108 282 187
9 20 20
276 407 358 363 468 88 213 322 485 483 264 150 110 289 409 56 192 32 6 492
2 9 4
97 472 149 205
10 15 16
137 304 339 410 348 120 355 371 2 117 102 259 76 350 231 379
3 20 5
205 459 467 121 359
8 10 18
40 299 479 417 132 14 94 393 497 408 319 151 295 350 190 478 358 274
4 6 13
390 127 298 340 44 460 367 65 43 402 159 381 378
4 11 15
19 428 30 132 498 313 484 25 420 156 302 128 450 378 440
8 13 25
58 27 159 242 59 166 439 33 284 66 437 214 116 371 125 53 430 287 453 29 442 212 347 176 231
2 20 3
312 126 198
6 15 16
457 394 6 323 378 36 214 367 282 274 275 15 406 56 151 291
7 7 14
260 467 245 424 139 115 358 29 328 51 348 226 164 391
2 10 5
498 327 235 494 356
6 7 13
447 371 59 204 210 493 310 36 377 407 251 51 424
1 2 2
228 136
9 6 15
452 424 153 427 20 262 216 445 214 65 231 372 468 57 198
10 20 23
193 92 431 176 182 287 400 192 346 209 328 109 196 401 56 409 257 48 46 87 124 36 359
2 20 5
64 323 197 62 488
8 3 19
330 149 41 445 265 126 58 266 320 133 420 182 72 30 89 138 174 254 231
5 16 17
81 32 387 399 51 115 66 463 151 13 431 2 217 328 458 283 335
3 9 11
343 15 477 122 135 386 52 141 409 13 20
3 11 13
236 125 420 138 143 445 414 314 90 175 128 14 264
12 6 21
122 39 28 100 347 368 342 490 302 11 389 279 327 318 376 251 115 484 26 483 82
4 10 14
479 462 157 312 336 469 150 330 434 198 430 458 461 146
2 1 20
19 151 288 10 204 355 143 494 67 7 108 293 102 456 59 271 279 412 168 124
4 10 6
301 195 27 94 213 430
5 18 10
397 64 364 281 62 16 375 491 255 181
1 4 25
280 327 292 133 80 380 79 312 336 271 9 176 371 338 414 112 250 235 418 471 361 355 48 67 170
5 1 19
478 124 220 117 333 300 461 263 20 16 230 353 99 74 57 297 351 76 418
1 9 2
365 182
4 14 22
447 284 232 433 319 118 330 328 383 364 61 250 206 372 293 288 438 233 222 49 92 163
6 11 13
482 346 179 494 244 306 174 484 138 243 58 160 32
5 19 10
192 373 93 289 360 203 412 57 293 70
3 16 9
291 169 412 79 3 52 458 76 111
4 2 13
191 99 44 296 34 180 133 444 343 462 418 86 187
1 13 2
462 449
1 11 2
450 55
7 8 14
157 324 231 136 380 314 243 139 396 47 114 375 292 258
1 19 6
65 378 114 38 384 217
1 12 25
172 188 436 308 262 208 225 212 281 268 456 81 183 135 233 72 467 162 99 101 368 107 207 302 35
4 11 7
197 278 354 27 160 115 290
4 8 10
95 226 400 49 381 114 436 456 228 427
1 2 6
499 444 115 128 28 1
5 19 13
247 207 178 389 346 246 416 148 409 480 85 329 153
5 16 17
451 408 1 13 363 360 293 380 92 10 30 288 38 367 300 455 201
7 15 19
29 323 454 229 64 449 246 287 493 401 393 117 277 144 74 476 368 424 153
1 19 4
113 91 143 326
2 7 11
174 177 390 455 467 387 296 465 208 446 289
8 8 23
462 46 348 189 137 80 427 117 97 374 130 469 345 103 239 362 107 369 203 294 54 306 194
7 3 11
93 308 136 285 19 119 40 182 395 195 10
2 2 3
245 478 287
3 17 5
65 138 349 346 313
4 20 9
476 141 325 303 328 175 485 205 228
4 12 7
142 185 33 397 41 177 76
15 4 23
293 158 62 472 56 143 186 319 75 204 181 305 165 309 432 170 442 145 254 68 82 268 270
10 2 18
230 372 44 147 421 333 378 383 28 403 456 100 299 384 249 136 418 125
11 19 17
359 416 82 153 394 104 113 383 435 248 298 3 101 429 481 231 353
5 17 14
243 174 439 382 180 23 9 350 339 486 175 405 67 472
8 10 22
490 64 272 497 122 242 71 327 117 261 413 407 162 358 487 455 307 266 471 120 498 270
3 7 8
62 0 116 254 221 183 268 331
1 4 7
190 51 91 403 496 414 455
6 13 17
439 5 125 477 443 36 428 390 370 335 145 425 258 101 451 34 336
5 20 17
432 292 85 240 209 458 229 351 213 244 103 110 296 337 30 183 453
2 17 4
474 37 291 136
4 20 9
264 364 432 83 374 67 280 269 394
9 2 22
56 468 244 442 430 485 40 9 338 134 296 488 464 302 118 297 63 277 229 165 350 20
1 3 22
83 486 168 34 111 106 436 368 382 428 87 391 440 15 397 215 309 143 21 291 312 475
4 5 13
197 256 98 234 312 18 457 391 335 28 272 421 369
9 5 19
274 24 447 427 61 307 389 145 78 12 135 397 252 54 408 243 418 67 429
11 12 22
285 401 58 355 351 96 494 431 114 471 302 231 142 130 459 477 411 228 417 122 418 74
5 20 9
214 118 9 315 27 302 60 358 98
2 7 3
285 89 130
2 1 4
149 299 376 276
10 2 21
342 291 478 168 83 221 48 141 77 101 41 61 248 2 149 218 196 370 36 388 57
4 2 8
428 393 487 382 201 372 10 94
1 10 3
231 119 285
4 3 20
1 50 337 32 414 442 41 396 324 76 165 242 339 85 55 311 275 14 112 53
8 17 13
250 109 390 41 114 251 233 396 142 108 188 162 164
9 10 18
332 429 176 72 294 61 419 493 439 381 304 160 143 74 106 470 105 310
5 3 10
216 292 72 379 417 83 89 493 443 176
1 11 17
490 180 425 179 102 13 421 437 389 473 177 385 322 186 59 114 138
7 17 20
352 326 120 142 259 249 200 115 393 135 394 210 144 235 281 276 13 4 81 438
10 5 24
370 349 473 45 254 351 429 462 40 144 422 109 114 166 433 173 375 187 324 208 313 55 148 288
5 8 13
362 300 345 499 112 485 118 241 204 217 78 202 330
10 6 20
192 11 66 441 409 301 171 320 196 438 136 39 52 226 141 61 338 205 421 23
9 9 18
474 464 70 15 142 271 132 16 27 277 7 452 295 197 96 321 121 172
7 11 14
402 51 92 41 442 21 462 26 313 426 235 466 446 94
8 15 15
163 375 228 253 342 173 352 372 486 102 491 296 367 45 443
1 19 3
412 450 215
8 10 22
246 333 163 494 173 70 238 139 66 30 484 289 112 117 435 200 444 387 374 411 402 410
6 2 17
344 228 128 308 478 462 470 332 445 297 226 54 325 391 339 310 421
1 11 19
217 374 137 457 243 471 40 224 398 6 203 15 192 296 81 262 328 392 440
1 16 5
6 214 468 222 484
5 5 11
8 82 0 410 10 114 247 1 31 95 72
7 7 11
306 99 47 412 359 66 67 71 200 346 241
5 5 24
250 122 332 334 362 141 219 419 100 396 428 297 365 161 341 344 338 301 10 240 478 471 50 43
14 6 25
294 349 327 405 273 332 97 398 342 129 387 272 271 364 69 284 429 252 8 470 438 380 157 435 225
5 1 11
435 113 265 132 72 354 226 262 300 66 122
7 4 11
58 279 126 207 372 54 217 330 344 492 439
1 9 18
445 29 260 450 419 472 196 441 124 460 466 173 285 192 16 358 27 131
8 13 19
449 284 408 296 141 109 490 450 465 259 0 241 82 366 39 70 391 44 471
3 17 19
56 246 363 155 307 77 59 276 378 478 327 428 452 170 471 93 6 68 283
3 14 9
451 381 357 300 366 195 167 73 78
1 3 2
362 162
8 14 20
93 322 296 380 471 236 349 392 17 273 355 437 479 413 435 389 4 469 245 430
4 11 12
305 268 266 426 14 231 464 49 442 320 240 494
1 12 24
236 494 168 428 45 471 181 490 57 410 195 135 208 324 350 317 129 399 36 243 419 46 118 150
4 8 8
235 398 68 277 42 431 278 464
1 14 2
367 301
11 19 22
194 247 296 436 15 233 299 66 1 349 397 359 431 113 241 404 373 257 159 75 284 12
4 8 18
362 151 492 392 129 422 66 384 121 425 83 180 287 130 250 19 394 113
2 14 9
201 190 486 445 340 138 358 65 347
1 11 9
43 27 289 247 165 293 69 405 317
3 20 21
452 325 401 5 313 227 186 334 262 317 426 191 324 102 445 288 298 299 266 312 40
3 16 5
103 4 64 403 379
10 10 24
355 234 82 95 315 184 191 436 352 439 85 487 2 39 47 20 80 131 277 168 477 338 73 458
4 11 10
20 120 356 410 283 79 176 99 270 381
4 15 24
491 459 292 55 364 345 437 146 131 467 472 22 77 474 327 187 194 103 183 115 264 295 198 307
1 10 15
241 35 172 261 207 444 232 417 300 20 499 109 104 101 143
6 10 12
434 228 445 426 10 307 325 144 406 448 488 80
2 6 6
435 76 48 412 17 324
1 20 14
60 243 219 51 98 13 344 152 238 148 37 136 359 10
2 11 5
397 385 319 286 301
1 9 8
401 364 414 260 305 369 476 91
1 12 24
126 356 403 37 256 273 109 287 338 373 477 184 391 484 327 139 159 146 113 74 386 42 235 259
1 18 3
22 467 303
7 8 17
323 383 271 273 268 497 135 461 0 119 482 24 448 85 370 363 68
1 2 9
6 266 359 471 23 276 178 135 375
3 1 16
385 318 74 103 316 449 357 250 9 302 405 147 15 25 244 187
9 19 23
283 497 389 188 362 301 479 118 20 407 289 265 344 5 3 117 49 41 447 351 495 481 192
9 2 21
187 463 498 250 193 411 442 255 148 173 111 229 298 145 497 415 18 416 312 389 344
6 10 9
249 56 264 204 431 337 228 50 371
7 5 14
49 217 358 478 294 209 386 271 378 319 25 37 249 343
2 5 19
385 307 422 50 33 133 203 182 355 332 459 0 356 197 89 191 239 144 497
6 5 25
150 241 400 234 472 94 42 447 478 392 237 254 143 338 251 207 322 476 495 210 220 89 202 305 198
4 2 13
425 6 14 57 177 486 108 95 274 56 320 460 210
1 18 4
2 361 341 164
10 7 23
111 222 93 466 115 388 361 182 205 51 397 140 350 210 143 100 108 213 269 47 160 387 241
2 2 8
446 105 239 120 370 233 125 312
1 18 9
41 165 135 223 433 401 50 351 139
2 13 14
220 151 374 113 73 144 17 262 259 354 476 25 317 49
5 13 11
289 48 258 445 160 355 352 442 489 440 71
9 19 16
388 475 87 347 385 46 180 103 229 182 359 341 253 86 381 91
10 14 17
326 355 453 160 90 239 391 320 76 69 413 461 38 435 57 328 277
1 4 21
483 140 287 270 26 1 464 40 462 480 153 204 150 369 108 24 250 402 131 221 288
2 5 24
288 84 297 255 407 9 192 51 446 285 261 417 83 121 328 199 239 102 79 260 3 275 449 312
9 1 15
476 318 275 124 494 87 306 59 335 130 176 343 479 240 10
1 7 15
471 358 455 8 359 166 187 406 403 259 377 391 2 264 375
2 5 4
272 381 492 29
15 10 24
85 467 1 237 272 302 12 442 496 468 312 491 70 480 331 54 263 168 345 298 260 477 475 65
1 12 16
150 350 318 216 261 148 298 358 475 354 273 212 54 6 42 476
12 3 23
416 45 200 218 188 153 296 435 371 299 96 429 330 245 215 11 240 378 343 368 410 310 14
1 18 3
299 373 59
8 10 19
483 490 133 345 463 416 42 495 167 281 333 459 64 255 413 61 72 155 2
6 2 21
323 467 453 112 290 41 178 402 88 146 426 383 248 440 233 132 12 257 397 147 164
1 20 2
245 112
6 6 16
484 252 135 21 215 331 117 181 342 108 349 13 350 106 12 344
8 12 15
180 155 423 63 331 300 347 304 125 150 64 413 375 387 483
5 14 20
165 319 451 350 138 462 41 422 264 25 111 196 82 309 161 115 60 464 307 311
1 10 4
418 410 359 170
3 12 21
353 273 68 48 416 326 389 92 428 368 226 117 465 190 363 14 306 253 340 181 429
4 11 9
449 467 204 404 190 415 200 346 213
2 12 4
95 195 163 106
2 9 12
439 270 184 467 151 390 193 161 134 455 160 218
4 6 16
416 60 307 231 61 296 435 12 185 450 362 30 239 104 38 487
7 3 24
260 228 435 59 404 84 386 401 186 177 266 352 217 343 494 428 311 465 198 451 224 338 394 377
9 2 18
221 193 466 220 303 257 2 271 496 232 377 228 443 242 268 15 468 126
1 1 19
267 296 67 219 167 380 239 388 399 375 318 475 200 341 362 162 414 98 213
5 19 13
68 234 486 162 227 372 309 22 39 65 379 412 279
4 12 12
378 166 242 383 431 67 269 413 47 55 169 294
10 12 24
170 19 149 412 267 224 184 398 208 421 10 134 157 40 389 489 256 80 445 190 142 95 364 289
4 5 14
478 397 490 66 198 299 161 391 154 309 434 435 305 148
1 6 3
240 72 398
13 1 24
57 173 482 415 294 36 66 212 150 326 253 46 403 234 422 156 182 460 426 421 147 39 203 463
3 1 11
468 31 423 461 451 150 50 269 319 459 332
5 9 8
380 452 283 434 485 83 16 91
1 9 5
199 353 80 3 441
1 12 17
168 382 38 132 378 205 215 246 398 488 395 16 114 311 372 266 436
8 7 17
403 485 460 323 178 7 448 408 311 106 172 422 354 427 3 470 139
1 3 2
70 350
1 15 4
411 269 296 103
8 11 18
467 88 369 395 124 70 415 158 177 29 114 82 468 273 313 498 360 274
1 5 8
199 205 194 255 360 322 164 177
1 5 8
472 344 58 336 8 0 7 487
13 4 21
211 308 80 144 137 346 64 484 35 220 344 364 135 302 202 4 129 74 110 72 465
5 11 23
15 52 44 198 351 372 87 144 97 35 341 109 62 253 183 135 325 120 353 294 28 77 101
4 13 22
404 233 247 9 32 227 153 253 113 53 367 46 210 246 497 239 415 199 102 434 292 314
3 19 10
107 159 408 142 447 414 337 366 87 306
4 15 6
307 431 368 49 436 75
11 7 20
315 196 420 88 436 309 204 430 375 374 312 341 464 477 276 486 122 18 240 212
6 19 9
265 270 405 256 67 24 184 335 458
1 14 8
211 79 7 435 99 480 151 278
2 2 5
92 244 440 166 19
2 18 10
483 396 416 496 356 457 325 73 143 350
4 5 6
286 231 402 223 455 459
7 4 22
411 117 455 283 44 33 169 185 85 6 473 480 267 80 162 339 41 492 418 231 52 481
1 7 7
322 177 39 185 157 430 306
1 18 6
209 148 307 459 382 400
6 13 12
39 444 301 212 351 82 390 374 421 177 168 252
3 15 6
441 240 156 469 275 20
3 6 5
286 53 481 298 213
5 18 25
139 232 342 371 286 273 468 72 329 238 498 161 494 134 326 202 266 233 442 264 425 216 358 495 487
10 19 22
153 126 256 423 48 474 429 334 173 422 291 24 100 38 227 459 356 112 170 269 285 322
4 20 8
294 292 104 138 52 64 488 343
2 17 12
498 166 42 175 395 78 378 63 311 235 423 292
1 5 9
187 200 188 406 13 68 37 202 33
5 4 19
165 301 71 255 179 5 407 491 437 58 402 176 366 196 279 139 175 194 158
1 3 14
413 392 312 40 492 59 249 231 345 142 232 245 426 409
6 19 11
286 454 13 440 235 261 143 345 14 184 196
11 16 17
295 440 374 356 74 408 457 197 387 329 255 442 247 72 174 146 409
7 14 19
21 398 294 408 78 276 374 68 138 452 403 264 17 211 473 107 360 489 168
1 10 21
191 221 300 321 99 193 127 344 217 462 394 266 279 383 379 29 460 34 376 322 478
4 4 21
15 496 254 129 152 245 32 38 63 68 487 363 263 331 325 319 488 57 282 300 471
3 12 21
341 12 278 416 56 363 79 370 52 344 496 322 124 145 229 371 30 53 310 422 462
9 19 20
414 496 438 373 3 210 161 258 193 440 271 233 195 462 150 36 460 288 407 335
7 6 14
52 339 116 361 394 240 108 76 429 144 380 223 328 180
6 8 13
83 425 384 284 474 9 454 75 267 436 498 290 448
3 19 9
453 210 170 89 285 90 63 459 0
11 10 25
267 140 51 35 226 80 464 205 387 77 377 101 216 104 214 206 83 321 32 323 82 388 222 319 293
2 12 8
26 349 46 29 96 12 356 229
4 16 24
6 155 497 314 332 398 206 408 353 99 102 176 202 425 14 269 148 274 98 203 1 286 114 485
1 8 17
418 57 459 7 133 103 294 95 168 335 269 259 400 336 42 97 24
1 5 21
490 252 164 299 322 424 310 148 443 339 12 143 338 115 453 317 137 233 90 267 408
1 13 2
200 440
4 3 15
67 331 313 267 124 368 372 153 323 347 53 251 146 123 191
2 12 9
431 422 395 484 330 492 198 345 385
3 18 5
468 163 351 249 75
1 10 4
31 454 140 377
6 19 25
480 334 170 164 364 471 282 273 190 50 134 52 207 472 295 57 143 49 139 117 104 301 212 308 466
5 13 11
110 318 273 310 429 135 75 384 173 64 301
5 13 9
231 316 323 389 412 463 215 450 406
5 5 13
201 163 436 61 214 95 394 154 267 489 27 215 285
1 17 24
40 70 392 180 46 348 261 198 485 18 314 294 155 407 170 490 385 375 455 13 17 168 393 14
5 11 9
466 236 123 391 436 393 371 435 1
10 3 19
343 97 161 365 66 279 93 298 100 301 59 268 281 90 156 481 341 314 461
10 11 16
66 497 312 18 16 117 205 88 55 218 7 118 388 73 231 147
6 2 11
445 317 450 196 465 451 227 73 389 406 324
12 17 22
257 315 482 129 299 126 333 476 142 3 254 137 200 466 262 151 355 10 343 461 460 121
4 17 8
297 205 262 391 0 417 306 142
7 14 19
210 458 108 151 51 375 486 140 321 490 169 7 193 123 317 286 337 161 485
12 14 22
149 447 107 267 37 253 395 166 308 120 88 358 384 484 382 467 385 345 355 370 256 23
3 10 19
170 280 426 149 205 61 303 377 351 101 270 263 129 181 146 331 210 317 499
1 5 4
332 159 409 306
4 5 9
9 351 245 62 35 406 397 318 482
2 7 4
25 260 476 274
1 1 9
273 52 454 137 38 107 220 346 240
12 2 21
386 115 111 333 424 294 308 42 428 341 466 262 266 430 230 445 190 395 195 293 344
1 3 17
50 385 405 379 39 116 231 229 360 169 322 89 180 79 496 487 114
12 13 21
119 103 253 99 233 199 106 263 185 427 163 161 361 309 453 0 362 288 88 394 352
9 1 19
453 84 23 455 479 131 179 117 446 492 272 128 97 438 58 164 198 78 216
4 15 25
445 279 61 278 422 481 377 485 459 121 378 489 381 341 67 157 337 344 241 120 320 165 283 429 406
3 2 20
341 110 285 391 404 163 484 167 275 498 4 50 217 397 345 104 98 153 402 314
2 3 6
426 106 117 134 453 497
2 3 17
160 375 71 346 5 299 356 73 471 434 334 180 418 96 316 393 235
14 12 23
242 313 155 429 472 485 246 351 141 219 187 396 80 243 203 212 139 24 114 274 89 239 214
6 7 10
84 46 31 219 192 116 183 266 265 120
11 15 17
6 65 456 21 52 173 23 465 14 104 69 349 138 121 134 31 155
7 12 11
72 234 387 263 25 347 28 66 428 478 48
1 16 7
372 197 381 360 94 89 348
6 16 12
449 432 472 10 388 350 264 89 109 139 66 145
5 3 11
363 14 58 43 296 348 380 116 422 499 312
1 7 2
296 86
1 19 2
51 211
8 18 12
381 117 129 276 144 14 105 125 86 32 43 152
2 8 3
252 112 148
7 1 20
157 249 397 1 276 266 82 93 467 435 245 116 318 175 181 120 68 311 499 364
9 16 24
383 306 409 251 369 109 205 263 300 92 330 352 336 443 480 307 230 324 203 343 170 211 96 301
4 8 13
57 143 401 253 259 277 66 387 395 415 274 278 312
2 14 11
399 491 137 224 62 63 437 1 416 456 236
3 7 9
302 351 2 329 261 340 473 297 158
6 18 19
41 165 448 486 393 498 427 391 356 143 318 289 265 272 457 452 239 336 99
8 11 17
263 399 362 395 456 125 181 400 391 279 357 66 251 142 416 120 363
3 8 15
433 140 201 127 242 410 182 9 81 172 166 342 276 363 297
4 17 7
181 482 370 219 260 49 364
5 2 14
9 361 478 432 267 429 412 452 83 240 225 447 207 25
2 15 22
294 355 58 312 459 281 169 395 285 342 40 214 26 103 338 408 387 426 414 286 264 178
3 14 8
343 334 213 465 255 339 285 29
4 9 7
42 428 73 89 168 56 281
10 13 24
496 364 346 419 499 302 238 335 12 304 195 77 173 95 410 260 244 230 365 220 73 74 345 422
10 13 24
388 447 395 174 144 304 66 394 162 452 322 43 409 374 209 427 414 69 346 260 393 323 139 29
1 9 22
184 137 489 435 222 154 364 139 159 151 97 165 430 122 315 286 155 233 302 234 442 127
8 19 21
209 398 207 44 121 211 51 300 418 268 138 125 225 360 481 4 76 248 450 223 487
9 2 20
47 26 426 331 112 147 215 345 93 313 121 22 484 438 359 177 283 210 342 97
10 6 18
329 216 434 283 34 182 209 59 3 422 176 330 150 261 496 178 198 427
7 15 11
136 3 395 466 189 141 248 365 364 302 212
7 3 17
5 355 98 67 79 444 329 473 303 0 86 442 132 156 414 410 401
1 13 7
492 264 97 254 200 203 465
14 10 24
479 100 467 449 39 442 29 134 360 94 406 24 488 213 460 108 280 284 304 16 151 107 123 342
6 13 14
416 271 399 434 225 485 407 249 158 212 124 253 321 162
14 1 22
306 383 121 359 283 388 419 195 316 328 85 19 210 289 260 104 79 240 32 309 34 472
13 18 22
446 390 456 334 356 11 184 357 194 172 379 398 56 186 264 368 370 215 149 246 380 146
2 15 22
470 41 204 465 350 417 281 247 280 84 263 210 452 300 265 292 142 99 153 362 307 301
5 16 12
327 257 176 199 456 350 161 170 212 254 70 301
10 4 23
111 354 239 226 223 403 493 319 351 110 283 185 28 399 146 361 18 413 297 163 402 94 328
5 7 13
106 282 149 299 304 159 195 481 285 154 374 196 368
2 2 6
423 187 207 348 445 336
14 2 21
397 415 407 435 198 334 201 1 291 381 135 267 436 420 227 451 432 414 161 457 14
5 2 8
12 96 41 329 225 29 428 185
2 2 15
381 374 479 179 314 327 354 279 190 113 201 115 121 338 143
5 3 8
31 175 170 346 44 299 372 498
3 12 12
285 111 390 28 483 32 133 113 37 303 311 302
10 3 17
300 327 190 32 279 241 447 147 133 457 29 378 35 345 413 412 484
11 14 22
296 15 100 448 129 424 363 205 26 132 490 421 103 412 260 276 226 476 425 74 340 477
4 16 8
386 172 34 366 490 441 472 169
9 2 18
19 242 80 34 161 343 330 368 78 121 249 429 474 119 360 456 26 332
7 9 13
188 385 276 75 316 290 490 146 393 403 92 397 411
2 6 4
201 428 225 273
5 18 9
50 77 356 150 112 257 464 118 63
1 5 2
149 286
10 5 17
208 381 99 2 383 302 246 312 243 141 140 85 252 169 309 158 10
10 8 18
28 490 209 137 185 304 130 301 257 218 273 431 201 33 5 446 474 260
2 10 22
79 71 271 227 354 468 174 219 447 224 38 316 188 31 217 76 398 278 277 256 281 73
5 11 18
191 187 427 395 365 130 177 124 212 355 456 66 323 409 270 148 398 324
8 6 18
71 40 267 482 70 111 22 352 194 138 110 321 20 432 243 254 353 478
4 18 25
198 212 325 111 414 307 291 12 444 396 379 470 299 50 236 56 122 85 300 370 59 114 139 432 160
3 9 18
388 96 51 487 430 455 156 112 359 262 449 375 372 368 21 53 138 94
6 16 13
42 257 475 462 239 450 369 323 115 150 69 246 329
7 11 13
453 13 171 488 80 495 445 339 473 106 247 432 375
2 4 10
401 43 130 216 416 174 9 187 261 481
3 14 24
295 187 217 453 278 195 303 248 258 196 352 431 32 471 467 36 8 478 240 384 421 323 159 465
14 17 21
146 289 34 370 368 71 154 414 96 485 170 24 384 166 41 275 317 261 265 198 395
5 11 14
227 208 89 138 343 194 46 210 396 54 438 233 151 65
5 7 8
474 101 108 219 289 259 151 349
5 10 10
477 395 492 217 363 61 247 443 194 254
7 3 18
270 233 430 359 468 112 327 212 85 206 110 164 389 269 31 293 116 434
1 1 7
412 145 104 431 317 321 59
2 11 12
2 259 165 431 320 200 3 206 363 188 55 7
1 15 2
95 80
2 2 22
188 334 134 455 92 329 259 355 305 393 108 146 394 273 395 4 50 98 321 106 302 342
1 20 14
225 440 239 121 363 399 48 213 386 444 220 197 103 70
3 11 13
358 379 188 229 178 206 19 11 446 498 138 490 462
1 10 6
192 331 431 481 184 169
1 4 5
457 59 498 30 323
3 2 7
216 9 358 475 120 139 41
10 2 18
186 173 363 88 408 296 20 348 248 76 384 252 157 154 334 38 41 237
8 20 21
436 443 435 303 81 331 334 35 21 8 451 308 184 2 25 57 455 243 279 210 449
4 2 11
23 133 308 386 442 58 279 117 80 152 67
1 12 2
2 171
12 15 21
133 397 145 44 224 11 255 291 450 9 247 210 159 305 480 131 252 354 445 144 14
2 1 5
320 471 19 239 487
5 3 15
318 431 291 384 496 96 150 408 317 173 212 378 353 265 9
1 12 17
69 328 214 493 388 299 375 70 168 403 104 355 295 60 126 24 193
3 11 13
475 408 245 327 46 436 259 456 124 16 285 4 188
2 14 12
207 450 329 348 118 296 479 371 240 398 31 298
4 17 10
333 34 321 104 141 211 9 155 335 270
6 10 18
118 73 431 316 208 300 453 187 55 323 335 102 69 381 10 373 48 14
8 4 23
99 479 263 383 25 103 370 66 261 487 93 287 286 68 430 227 50 16 353 376 317 176 326
2 12 8
414 354 143 129 187 286 210 96
2 19 3
212 225 320
9 8 16
211 376 353 284 93 349 481 463 278 70 30 219 285 161 17 313
5 2 13
484 406 33 420 108 371 474 24 197 28 77 50 350
11 2 21
204 482 15 468 459 473 399 109 368 256 478 121 60 213 33 157 28 208 108 215 328
1 18 15
121 15 250 486 283 219 255 153 359 251 129 372 344 341 440
7 10 13
107 458 493 180 36 117 118 438 353 22 365 74 309
7 11 12
38 338 432 417 397 138 362 333 252 368 450 21
1 1 13
480 32 328 180 165 278 157 374 450 447 54 405 61
10 1 16
270 45 170 499 148 215 292 379 457 344 34 276 448 303 473 253
1 3 11
328 368 86 145 497 150 402 143 427 266 443
5 15 11
397 172 376 165 256 251 259 7 440 292 407
6 10 21
212 14 208 334 137 227 360 389 269 253 442 49 353 99 455 492 375 187 153 0 259
5 3 11
328 86 444 211 92 259 304 296 348 112 77
6 16 12
275 184 489 379 225 57 43 319 456 79 338 66
2 10 17
214 161 370 347 182 230 134 332 468 227 331 375 142 459 195 250 269
1 14 13
306 311 422 69 402 111 121 73 454 164 320 30 89
6 6 22
263 70 115 433 361 283 354 141 267 238 13 394 98 187 262 373 278 43 30 474 189 393
11 15 18
369 249 431 412 32 303 274 411 481 11 22 484 253 488 458 4 291 235
1 9 13
270 386 348 250 190 371 114 285 126 109 44 181 225
1 9 2
314 7
4 7 15
121 240 322 115 385 480 26 69 270 208 1 408 55 155 6
1 18 21
461 212 312 273 131 465 268 311 338 284 262 352 236 193 58 326 343 65 151 209 354
2 17 3
208 230 23
2 9 16
194 105 206 222 412 153 288 148 425 253 126 24 357 478 175 101
7 11 11
391 167 34 424 195 197 266 240 137 35 425
1 19 3
63 81 29
7 4 19
253 181 322 159 366 277 249 83 163 319 98 222 459 254 23 3 221 118 326
3 1 5
94 446 295 196 148
6 7 13
432 341 259 457 164 401 171 382 390 344 422 467 190
3 18 5
286 1 5 246 289
1 17 3
207 54 378
12 16 19
421 466 8 4 56 57 484 241 22 388 235 35 319 486 94 177 359 444 126
4 17 11
228 382 82 474 217 432 369 163 361 436 258
7 10 23
341 227 67 120 238 11 261 93 353 16 468 425 414 459 250 388 138 497 237 359 465 65 125
1 2 4
248 243 90 98
12 19 22
10 98 430 304 358 35 284 412 472 14 38 20 496 179 48 347 443 120 308 229 465 134
1 5 20
439 382 124 367 241 398 388 7 323 43 293 395 400 300 203 366 208 433 103 115
4 5 21
61 295 352 93 338 23 465 161 414 480 321 249 119 17 495 497 164 174 435 125 143
13 18 23
361 259 150 140 294 437 222 276 247 455 50 314 321 156 4 492 378 281 482 465 398 387 290
10 3 22
418 115 313 25 214 255 314 196 122 190 244 406 471 246 14 0 69 395 194 451 498 458
6 8 12
241 156 84 403 142 471 264 152 107 459 491 425
1 15 14
291 277 88 219 348 186 39 41 338 220 79 319 240 175
2 9 3
456 54 187
16 13 25
178 467 408 103 341 69 405 23 351 96 93 247 350 104 131 114 225 454 36 177 75 311 193 302 359
6 18 17
412 400 424 430 135 78 341 110 186 475 468 35 216 66 336 470 398
12 16 18
344 386 324 360 454 269 497 105 424 210 81 225 130 278 168 243 135 378
4 5 10
11 81 201 307 191 153 298 18 73 424
11 11 23
261 247 373 1 227 151 428 346 243 36 203 119 487 15 93 473 57 405 406 427 320 466 426
1 14 20
472 164 173 324 122 348 372 110 395 413 126 31 145 118 302 471 194 376 402 278
2 19 5
354 148 477 15 272
1 9 3
296 309 494
1 2 7
343 347 180 53 387 385 465
1 10 6
316 134 201 181 86 496
6 10 13
221 219 95 414 482 364 2 431 456 465 226 220 60
3 17 21
75 164 337 108 301 426 182 399 38 438 8 131 442 41 139 249 434 380 439 262 423
4 20 16
132 61 153 425 460 57 238 24 354 228 170 447 475 302 376 143
3 13 8
286 168 393 174 378 182 287 150
1 12 13
421 77 406 410 114 137 397 35 170 248 294 94 123
11 12 17
24 29 98 394 118 89 116 189 385 141 243 100 108 254 71 440 7
1 2 4
398 379 90 63
2 1 3
434 479 104
12 10 18
312 224 206 456 56 478 90 347 12 185 92 473 317 9 397 380 249 283
2 13 20
52 12 383 117 204 55 461 130 337 49 94 471 356 48 29 136 318 371 264 151
11 13 20
267 341 102 292 81 290 349 187 393 86 311 408 21 120 5 323 84 160 350 255
3 19 20
63 36 435 53 61 468 361 408 18 165 215 270 457 159 467 257 312 37 154 236
7 1 14
246 221 396 383 358 487 55 392 290 157 152 350 142 69
1 16 2
430 416
10 3 20
34 335 328 396 460 294 114 369 347 57 237 18 448 116 483 22 352 281 413 210
12 14 20
477 99 97 51 33 47 413 384 207 498 288 164 96 395 336 161 389 73 194 335
9 1 24
187 178 350 410 332 373 437 450 465 220 488 41 329 108 283 162 464 300 234 228 456 493 183 358
13 15 20
213 227 299 45 185 120 378 369 397 297 119 218 389 315 401 77 259 167 242 95
10 10 18
451 159 92 352 113 479 492 142 72 357 288 422 397 320 15 417 18 27
2 4 4
407 336 122 322
4 4 16
2 412 216 185 153 441 115 31 177 326 492 147 279 442 414 169
1 11 2
265 211
12 5 19
327 356 456 384 54 450 483 458 373 233 302 11 318 235 48 50 445 209 482
3 11 13
212 93 189 379 419 455 91 449 465 256 5 121 213
1 13 2
483 308
1 8 8
61 85 182 398 358 107 311 171
8 12 20
22 296 104 493 30 65 362 498 102 286 287 97 367 93 122 247 237 15 410 150
1 18 4
144 22 17 214
8 4 19
251 306 314 69 299 415 168 295 133 179 155 192 99 245 371 226 158 347 144
1 1 3
148 64 160
7 15 11
334 142 405 86 107 237 174 217 407 494 227
10 15 21
234 225 157 385 194 496 470 384 336 293 243 198 82 289 108 438 126 4 78 152 291
2 8 10
100 404 49 491 27 2 121 366 401 221
8 17 23
129 321 35 327 430 498 440 186 420 478 370 250 229 170 56 371 295 48 72 499 68 285 60
5 15 20
235 167 403 195 314 104 373 358 226 385 471 112 486 454 140 10 401 404 3 495
9 12 16
70 347 109 449 354 468 106 48 476 28 426 243 12 392 316 47
11 10 21
197 244 216 493 377 285 322 236 192 303 174 263 421 54 171 294 114 450 46 58 269
4 14 6
435 471 336 102 375 327
1 7 4
455 284 407 172
5 6 22
36 192 75 106 14 376 156 345 310 427 434 187 53 324 353 276 443 3 428 124 468 360
5 15 16
405 333 328 421 125 36 231 109 21 90 402 408 497 39 373 114
10 11 25
359 117 50 9 138 7 179 341 93 61 90 491 89 430 250 409 128 297 219 460 289 73 180 120 493
2 16 10
412 246 9 401 230 111 151 83 222 361
1 17 4
34 461 267 232
2 2 3
238 256 389
12 7 23
382 189 13 307 173 367 116 247 495 479 2 375 437 141 414 426 338 265 49 202 266 492 152
5 20 9
153 301 310 148 496 479 163 225 277
6 15 9
414 229 58 80 385 190 102 168 62
2 6 3
327 293 145
12 19 21
52 192 301 374 140 188 204 37 105 304 415 461 235 189 209 175 363 294 73 136 390
5 15 18
7 11 170 33 364 484 256 390 476 389 176 251 411 363 49 246 415 24
8 19 17
455 367 413 399 388 269 151 452 376 10 403 209 224 350 149 384 78
1 12 9
410 195 85 243 116 147 302 227 464
6 18 15
435 286 95 188 420 370 352 449 396 152 453 432 137 236 297
1 18 3
307 419 460
5 3 9
472 94 340 41 410 458 267 180 26
14 5 22
258 478 176 385 104 474 395 213 101 320 46 294 397 484 256 186 485 405 150 34 16 40
5 12 25
261 258 485 90 199 389 349 288 325 357 249 231 148 327 160 52 478 204 178 354 32 309 265 47 271
2 18 8
134 268 292 265 92 10 305 70
2 2 4
313 357 60 288
2 8 5
390 384 173 188 242
6 17 22
60 221 222 207 361 309 149 272 383 395 234 237 202 414 17 394 171 155 474 140 491 287
2 2 13
455 159 457 204 6 409 320 76 461 158 288 227 478
2 14 6
490 408 54 111 213 329
1 17 3
476 4 136
1 13 3
260 69 292
3 3 10
155 373 334 101 83 410 158 346 172 480
6 3 10
287 117 348 97 183 460 424 403 411 29
3 20 15
68 224 12 304 256 104 124 294 136 298 469 222 355 424 165
7 2 12
450 164 161 111 16 362 314 313 298 449 428 367
6 1 15
70 378 139 186 287 283 479 251 203 420 412 153 332 340 26
10 12 25
178 165 480 122 397 345 188 17 146 265 260 171 269 394 21 135 392 364 53 98 144 37 391 48 42
11 17 22
158 180 137 239 67 292 174 111 426 28 91 197 368 450 3 177 306 284 148 481 248 277
3 17 14
192 350 248 208 97 421 124 125 159 486 252 232 407 404
2 11 19
348 347 431 286 434 494 166 489 461 249 283 459 439 392 393 182 147 356 497
14 16 23
322 273 241 68 404 55 348 407 460 249 448 491 210 155 484 257 479 346 101 136 438 81 33
2 3 17
60 143 43 226 141 388 232 138 109 137 147 340 296 323 301 23 318
6 19 18
21 172 198 116 277 7 406 107 389 60 358 438 87 20 161 216 339 115
1 12 21
254 415 93 337 1 158 336 77 480 347 219 67 496 273 442 154 384 322 103 167 159
12 10 19
400 27 49 282 272 86 169 140 264 286 149 84 21 367 223 206 291 311 114
1 3 9
202 293 341 42 247 1 440 474 98
6 5 18
242 418 382 348 477 108 370 176 174 141 403 47 238 407 185 423 138 4
1 13 2
345 370
2 20 5
63 98 475 300 424
4 16 9
399 193 156 70 119 385 58 176 345
3 11 6
385 76 377 134 487 448
2 6 7
17 418 484 359 221 457 222
9 1 18
171 47 430 14 107 103 172 112 213 462 6 452 276 239 127 491 274 316
2 17 11
61 385 252 395 324 209 317 302 211 79 310
4 10 13
122 472 423 60 375 358 216 303 431 479 398 93 413
1 2 9
443 28 318 254 237 83 156 196 449
2 3 7
381 386 294 295 121 161 402
8 3 14
395 129 30 254 373 43 442 133 314 422 20 438 293 171
3 5 13
338 375 190 139 406 288 411 376 39 47 6 350 123
4 7 12
40 21 13 374 425 324 452 496 366 100 42 27
9 20 17
37 76 429 212 349 378 347 327 251 421 344 467 207 194 310 40 91
4 11 20
291 382 37 64 69 140 298 31 441 91 221 320 390 290 461 418 40 246 179 430
5 10 9
295 335 369 142 145 148 130 115 497
3 6 21
119 386 39 265 397 160 21 345 219 19 392 339 99 45 463 303 65 291 234 129 43
5 2 17
35 10 68 341 83 427 496 318 221 169 156 273 30 445 424 233 326
7 11 11
127 225 206 378 197 361 383 97 59 416 158
2 17 10
259 499 97 173 42 74 310 356 206 1
2 8 12
205 441 467 110 163 73 342 26 157 99 118 146
5 20 23
335 263 168 404 475 201 78 261 230 277 442 235 281 268 359 83 461 51 132 225 286 52 181
15 10 25
130 236 2 167 79 242 180 488 439 405 185 316 347 254 464 315 10 216 490 155 145 82 474 482 346
12 14 19
212 342 424 395 141 134 9 168 166 178 91 494 326 456 346 260 139 339 102
9 15 16
477 186 138 122 43 173 499 266 229 286 479 405 177 387 29 139
14 5 25
24 142 83 494 274 392 380 175 110 54 291 269 491 216 63 168 124 499 81 442 467 201 227 308 388
6 15 10
4 413 226 47 488 136 56 336 362 147
8 5 16
8 490 141 359 44 461 259 352 330 35 303 364 178 270 60 413
9 20 25
293 85 414 357 419 449 17 415 131 220 450 437 142 473 212 10 11 418 421 331 275 404 451 346 389
2 13 8
248 483 399 40 317 148 335 167
2 12 13
222 26 193 229 3 338 328 57 182 301 415 226 237
7 19 11
75 342 377 262 128 363 74 384 409 121 497
1 17 5
41 216 109 175 20
1 14 3
1 263 190
1 5 7
160 93 268 94 75 170 255
12 6 18
60 25 187 88 311 194 20 22 406 447 41 225 217 399 295 303 339 361
11 15 19
204 189 135 308 381 229 26 258 455 413 238 358 88 492 332 378 316 252 248
6 17 11
237 186 319 51 379 1 434 145 246 62 315
1 10 11
132 274 117 163 142 199 413 300 68 121 398
1 14 4
27 286 54 61
9 13 16
28 83 5 299 214 58 378 1 243 192 278 323 31 330 249 72
3 3 7
346 220 336 330 186 139 450
5 1 15
328 403 288 287 255 211 258 221 415 418 169 340 50 476 450
5 5 22
268 458 418 113 155 429 225 91 481 10 336 48 369 150 471 296 392 373 140 244 253 214
7 19 13
27 410 53 51 164 79 157 228 409 454 91 136 456
3 17 5
132 291 21 193 139
6 2 16
352 116 267 188 96 47 280 387 345 493 300 18 499 198 479 140
4 17 16
262 353 487 419 20 117 453 288 44 34 413 92 414 328 418 382
3 15 15
380 466 247 307 54 482 165 242 367 61 29 158 95 357 332
3 17 22
224 85 210 411 382 174 86 206 334 20 160 38 329 302 244 227 65 35 183 24 200 240
1 8 2
132 182
2 11 12
343 4 416 69 286 128 79 243 20 124 297 190
4 11 8
285 140 180 344 359 234 200 272
4 3 21
397 231 415 455 190 261 165 112 467 387 477 121 158 132 356 161 152 153 136 119 422
1 11 7
111 87 368 57 202 227 357
15 16 24
415 405 484 297 355 260 295 274 318 216 427 109 26 416 179 428 209 17 182 81 313 231 100 60
1 18 16
24 333 9 100 17 364 143 298 106 60 59 88 247 179 378 184
3 13 15
50 180 162 381 423 489 236 22 250 185 487 492 305 129 159
10 6 20
268 471 358 329 302 444 370 276 177 25 193 368 356 253 68 182 491 386 478 54
2 3 12
413 363 198 130 186 231 185 276 300 100 180 178
4 14 16
276 118 327 37 346 298 382 295 209 106 262 108 467 397 163 119
1 2 2
70 121
10 17 23
225 387 336 330 161 435 80 35 426 237 143 325 284 380 296 480 217 478 482 2 390 292 244
7 3 22
277 17 247 22 496 354 177 87 184 228 396 39 358 235 347 168 60 95 336 5 12 427
1 1 20
181 53 65 377 423 258 188 289 6 362 146 461 104 92 84 245 374 144 430 349
1 20 3
220 120 344
2 9 5
63 478 453 304 38
10 6 19
302 365 224 2 440 319 306 450 469 470 258 189 387 109 252 136 23 207 488
11 11 18
13 22 15 312 106 441 480 360 289 316 384 48 217 36 85 270 286 342
6 17 9
124 14 225 7 272 477 392 463 218
1 5 2
127 418
12 10 19
436 156 175 306 331 373 218 421 1 25 204 493 116 487 115 22 295 153 232
2 10 4
497 414 327 142
9 5 21
209 272 213 373 8 310 192 466 443 266 193 40 108 188 1 323 130 86 67 261 181
2 5 3
47 483 385
4 15 13
78 404 485 476 488 261 170 44 160 487 288 115 231
10 8 17
400 355 389 313 366 178 28 165 225 307 184 117 139 326 133 17 170
2 15 5
360 211 10 468 188
3 12 5
354 417 308 102 89
1 5 2
117 325
3 7 10
284 130 421 267 230 138 289 233 68 312
7 19 11
80 320 64 477 273 492 200 251 259 74 387
6 1 11
211 78 327 490 157 402 215 199 364 248 485
4 1 10
15 318 320 443 331 341 40 421 249 169
4 14 7
366 451 162 209 460 459 48
9 10 23
408 455 321 301 406 480 214 420 223 160 240 139 349 300 100 213 390 136 198 188 165 140 379
8 4 20
50 129 203 55 395 267 0 236 418 92 176 106 295 135 31 482 84 264 195 288
2 13 4
417 295 480 45
8 8 12
456 259 453 83 118 96 387 192 407 318 422 467
5 3 11
366 5 413 392 410 19 66 387 243 382 20
2 12 7
445 365 154 473 16 93 20
8 15 12
52 100 346 295 70 329 246 1 80 441 396 9
8 15 16
190 495 355 154 227 146 266 491 161 413 16 80 321 247 319 376
10 6 24
431 475 262 460 428 371 114 367 487 109 316 168 376 244 341 347 95 30 291 35 246 27 151 227
2 6 11
142 24 459 123 78 9 411 352 287 70 477
2 1 18
329 336 203 423 378 131 32 72 218 355 206 385 331 426 209 99 416 420
1 11 5
183 58 62 125 286
1 11 3
333 235 116
12 4 25
344 68 330 435 159 154 488 498 290 406 323 331 158 456 87 20 324 57 223 85 279 150 297 114 34
4 11 10
52 234 13 460 487 61 3 90 354 28
1 10 15
75 260 489 154 241 309 370 36 131 25 167 400 317 298 212
7 12 19
404 479 392 484 271 176 102 483 52 69 44 434 349 403 277 474 191 152 470
1 9 5
433 142 174 279 155
3 5 5
120 366 485 403 66
8 16 12
495 298 277 204 61 236 6 322 383 384 281 372
2 4 14
167 157 374 486 468 363 189 135 304 254 265 105 300 415
3 13 20
232 187 57 215 477 22 21 339 157 64 144 444 135 324 9 411 0 140 189 80
10 12 23
390 16 213 474 15 78 87 354 56 320 221 18 29 203 271 115 407 377 449 489 421 255 3
3 1 5
426 423 266 347 319
1 6 4
281 369 252 465
4 16 15
123 210 114 453 446 301 21 482 144 383 396 417 304 329 199
2 5 16
263 451 460 384 251 212 296 478 238 227 204 420 351 254 136 343
2 11 8
461 490 496 99 422 31 200 19
1 1 8
254 297 278 452 359 406 128 240
7 10 17
473 177 290 200 20 85 9 404 328 183 2 170 391 88 130 360 338
3 10 9
288 358 410 384 226 346 186 371 275
3 19 14
417 418 357 279 4 491 165 301 454 426 375 238 205 353
6 9 9
161 309 272 499 204 123 166 254 274
1 11 4
494 224 178 296
7 6 23
433 353 140 133 103 139 8 456 122 232 275 142 328 489 458 159 148 269 3 404 438 460 221
2 9 4
288 340 318 436
1 17 4
125 171 307 465
3 5 19
141 65 380 88 145 411 435 70 271 26 448 89 315 485 235 446 278 161 162
1 18 24
112 320 491 56 475 456 341 150 24 239 375 360 132 301 166 402 94 18 408 334 225 407 111 229
1 2 11
58 434 452 421 251 454 325 395 447 293 277
2 19 14
489 301 331 384 353 484 480 33 283 35 231 70 160 161
5 4 14
170 44 360 53 258 401 312 192 251 73 14 74 108 242
5 20 9
493 134 442 405 81 216 277 170 182
1 20 6
180 95 486 25 101 316
5 9 22
127 26 462 125 144 241 426 160 499 39 231 376 358 266 74 382 131 252 380 486 274 3
3 4 11
100 477 203 171 69 462 363 94 400 380 255
10 10 23
261 64 394 197 391 322 251 462 346 50 146 450 260 268 444 232 22 363 134 219 477 142 292
7 8 14
53 445 479 267 442 258 465 450 214 143 209 410 11 354
1 10 19
402 360 62 468 349 309 258 462 443 51 320 261 396 45 299 272 303 407 209
1 3 11
250 165 17 146 325 134 64 367 479 196 138
2 12 12
116 311 1 211 269 497 345 238 59 143 322 186
2 20 3
445 404 241
8 15 19
300 453 108 87 156 253 137 439 422 141 218 292 70 437 443 331 196 116 285
3 2 5
316 333 190 59 183
16 19 24
283 310 128 126 208 353 487 254 217 19 421 422 159 150 234 428 110 293 198 362 364 429 138 257
1 6 8
20 490 212 478 76 165 276 17
1 9 22
69 97 329 21 431 297 280 229 447 496 0 488 421 492 437 314 80 251 77 90 428 202
2 5 9
306 297 154 192 373 318 228 274 105
2 10 8
499 396 222 355 142 292 311 3
1 15 8
25 298 152 139 296 226 290 367
1 18 18
236 171 378 367 116 238 16 98 314 307 11 114 248 224 215 315 172 395
1 17 17
182 379 305 275 108 298 30 439 220 478 271 495 486 320 422 250 65
13 10 22
148 420 304 312 212 195 474 280 76 162 72 198 1 334 74 485 109 249 26 17 264 186
1 4 20
383 29 115 312 42 465 194 188 390 384 83 248 213 178 183 126 349 394 205 144
12 15 19
398 238 297 497 122 283 262 67 403 237 385 406 69 367 284 184 285 416 239
3 4 5
344 124 61 405 315
9 4 25
192 294 265 399 309 474 44 116 295 402 5 135 351 179 271 275 241 75 343 53 139 491 288 111 494
8 15 13
401 58 112 471 250 360 328 159 336 131 2 232 39
6 2 15
173 113 83 436 316 276 165 338 127 63 53 172 200 151 147
5 6 17
84 95 121 247 343 298 51 233 387 101 285 272 366 324 135 254 425
11 18 23
469 284 52 201 16 132 457 71 368 285 243 116 269 281 380 172 386 236 425 153 412 333 214
1 18 18
290 373 206 316 359 109 127 71 378 305 318 337 264 343 362 101 463 263
1 12 5
464 490 265 40 473
2 6 3
29 498 491
7 2 23
443 368 427 419 485 206 360 127 372 28 163 467 141 451 4 39 70 208 283 66 418 16 295
2 10 23
444 141 87 99 439 482 354 219 8 291 80 496 322 98 214 342 22 83 333 30 37 319 64
7 14 25
321 414 181 336 174 36 123 127 448 445 89 442 252 310 42 454 338 327 136 322 232 126 80 244 270
2 16 5
198 148 353 113 129
3 18 5
345 499 102 34 72
4 14 8
455 464 396 117 444 391 275 200
3 19 5
140 286 376 12 248
5 11 13
189 29 437 0 489 14 487 341 145 397 392 84 275
1 20 15
47 434 330 116 479 202 314 140 393 61 40 321 220 96 286
2 6 6
214 259 275 425 306 39
6 14 10
52 449 325 168 324 178 160 69 181 334
1 15 2
463 472
1 8 9
265 395 10 282 131 236 489 189 29
6 20 10
168 293 183 298 327 382 111 149 202 439
4 7 7
165 87 352 404 391 444 357
4 6 9
409 91 213 106 246 413 84 330 188
3 10 13
41 75 109 1 185 171 241 158 245 180 322 398 495
1 3 13
186 154 290 166 215 441 339 170 346 427 128 205 422
7 11 15
339 264 311 242 418 284 196 344 120 108 134 212 347 2 119
9 9 17
375 101 84 425 476 117 234 273 63 33 99 240 197 73 156 88 482
5 5 8
59 166 85 244 259 421 18 360
1 12 20
254 105 180 445 331 206 309 407 102 457 389 21 203 79 135 363 210 36 339 297
1 13 5
178 425 198 343 42
2 18 8
35 93 254 172 493 453 281 307
3 14 13
110 323 361 225 330 113 392 274 402 188 169 424 267
3 8 6
283 276 309 261 452 257
4 1 10
460 479 197 399 435 286 379 180 273 109
1 13 4
315 232 148 368
3 12 10
68 483 469 369 309 167 249 231 230 189
6 17 23
403 34 157 24 2 372 384 12 455 186 334 136 7 243 69 414 219 437 268 229 304 235 408
2 16 20
104 105 328 219 190 432 383 254 162 232 185 440 320 158 5 14 266 146 112 499
1 16 4
318 443 230 98
9 4 17
445 187 134 221 169 19 124 52 420 326 101 218 291 292 86 352 232
14 2 23
171 370 174 140 192 474 130 85 489 307 212 278 314 344 31 422 7 464 200 117 209 352 50
4 18 20
184 405 173 9 87 239 61 209 130 318 304 119 42 268 475 91 265 397 148 365
6 16 23
481 327 287 251 266 19 193 338 486 248 235 178 140 480 129 381 204 28 464 20 101 232 254
8 13 14
262 444 343 273 376 245 452 405 165 21 227 340 240 86
3 1 8
400 307 483 42 158 232 90 201
8 14 19
88 79 36 83 114 357 242 102 302 92 198 207 51 2 144 19 469 61 150
1 17 2
315 365
2 11 5
194 468 153 58 268
1 11 4
142 149 28 170
12 4 18
232 369 329 494 47 129 9 425 3 280 345 368 105 159 309 196 235 132
6 6 18
136 247 487 258 327 138 203 96 18 199 418 188 240 384 49 393 173 259
1 19 8
416 110 218 300 32 126 88 329
7 5 16
465 324 457 90 95 64 464 183 83 275 486 273 59 147 268 43
2 12 14
263 381 228 216 350 21 480 170 287 331 3 227 476 402
1 1 2
168 280
13 4 22
312 386 279 200 405 246 24 366 327 44 107 410 495 416 99 370 491 451 419 28 336 58
1 15 11
138 324 160 207 474 13 492 213 309 112 453
2 18 16
372 123 470 267 346 301 334 410 56 357 313 321 319 177 25 173
5 19 19
311 271 292 179 359 220 370 298 111 112 412 291 463 42 174 26 350 496 326
1 1 3
425 71 199
5 11 8
226 485 230 13 265 303 149 143
5 3 11
363 463 374 200 25 250 113 132 58 280 490
9 19 21
332 438 351 404 101 443 210 194 103 23 110 226 60 389 171 465 174 77 394 359 360
8 2 15
71 243 130 249 190 477 176 471 499 168 59 277 434 267 203
2 19 4
11 209 130 290
11 12 24
125 170 16 390 218 165 83 140 8 6 366 27 335 300 238 496 480 423 270 36 225 459 474 56
4 1 20
164 260 365 78 248 305 116 11 243 85 245 354 209 439 115 65 252 482 480 484
2 1 3
490 7 339
11 2 23
87 455 179 451 488 486 112 495 288 226 481 284 67 203 44 482 391 11 397 20 398 254 249
8 15 13
22 95 72 469 165 216 96 200 430 178 110 345 329
4 8 20
415 58 24 130 366 237 303 306 493 121 172 44 245 309 391 380 205 386 155 85
2 9 5
265 281 325 318 420
3 11 6
31 10 142 226 432 411
2 11 4
482 130 353 264
1 8 6
175 357 312 13 456 213
1 14 3
222 136 69
7 20 21
381 62 282 63 206 310 495 277 305 413 95 204 294 427 267 196 177 92 179 195 211
4 6 19
298 421 495 211 384 168 430 369 148 296 7 341 436 428 150 59 316 163 135
6 12 20
377 125 231 375 155 405 358 105 134 6 243 429 59 37 355 252 175 485 239 165
3 4 21
490 425 104 304 308 330 466 24 29 351 212 389 70 474 436 28 222 73 13 189 213
1 18 2
281 486
1 12 2
399 78
3 13 6
122 449 289 313 31 111
2 8 3
296 244 155
13 11 24
100 97 78 111 239 370 33 166 285 67 228 402 157 254 137 85 337 103 206 242 221 435 61 245
2 8 14
369 462 99 26 399 168 293 356 274 322 113 392 429 364
2 17 22
141 39 216 362 117 46 173 237 459 473 287 297 421 462 142 441 310 98 36 346 45 258
2 18 17
281 344 248 299 419 18 456 168 287 68 110 466 280 437 63 461 268
9 19 14
44 287 285 286 310 441 147 431 145 200 271 160 335 166
16 17 25
372 56 53 118 114 432 210 398 461 219 360 334 307 485 230 113 231 457 227 374 189 289 445 182 52
2 17 3
451 400 82
2 17 4
117 439 398 408
5 13 10
24 83 342 236 468 430 227 15 155 163
8 4 22
363 109 490 181 202 383 173 183 40 327 274 73 125 431 348 213 351 333 373 305 193 287
2 15 17
382 496 131 22 317 147 333 468 377 451 77 280 299 401 367 256 445
2 17 6
115 214 311 474 97 61
3 12 24
137 166 236 239 482 191 204 100 392 192 224 306 235 165 254 272 323 108 339 96 121 177 118 389
8 8 18
129 348 75 420 11 431 462 296 203 253 166 140 320 457 472 445 181 319
3 13 11
301 23 134 6 152 81 297 193 167 396 187
1 13 12
247 257 175 468 466 355 266 8 184 108 478 349
2 15 20
19 490 495 181 439 141 474 137 493 138 227 161 266 376 324 94 12 240 17 273
15 5 24
84 234 281 323 370 448 71 400 47 39 493 496 427 177 320 90 237 473 137 62 103 114 445 248
11 1 19
142 137 1 8 184 56 464 317 338 360 219 357 403 124 395 141 444 411 107
8 14 13
41 141 378 85 279 286 477 446 161 67 408 407 125
6 5 12
174 456 294 145 491 72 105 77 195 54 466 301
6 17 25
25 486 70 333 326 321 126 40 366 472 336 331 395 199 132 388 231 462 339 473 82 329 352 265 107
1 16 2
18 76
6 16 21
92 304 20 32 1 74 234 341 325 181 477 296 487 271 223 86 328 429 363 137 364
1 1 10
151 67 211 284 179 96 277 21 358 118
7 13 16
231 181 350 382 215 54 28 332 261 82 86 414 377 311 137 151
2 2 5
192 424 235 190 87
2 15 18
113 259 392 229 345 407 215 443 241 195 455 223 459 360 47 275 171 130
5 11 8
408 190 267 160 273 61 51 488
1 4 11
428 29 251 27 393 353 188 358 139 200 72
1 4 2
182 60
3 13 19
233 46 320 22 431 369 270 364 81 487 332 172 432 72 122 304 403 189 429
10 14 16
457 135 425 74 414 196 40 347 4 45 36 449 478 23 33 65
1 5 8
23 485 385 198 176 186 205 206
4 14 12
50 297 164 221 117 215 309 390 110 182 447 106
3 6 14
112 168 472 205 463 445 247 207 301 467 75 428 383 323
8 12 12
107 339 480 119 84 106 173 495 345 217 332 270
7 14 23
493 453 316 266 341 256 194 104 295 121 440 180 468 347 310 315 219 374 357 152 165 84 114
6 3 11
412 146 435 265 132 387 18 307 400 0 235
5 14 19
365 5 105 10 119 375 335 453 67 150 168 2 73 40 181 50 249 326 424
5 20 17
261 446 4 59 468 348 3 289 487 108 358 310 304 130 318 427 87
6 18 9
74 94 451 437 357 398 124 254 294
5 1 9
474 2 105 285 290 466 366 348 45
6 16 13
411 435 474 310 12 91 443 114 169 176 407 135 79
11 15 24
424 372 297 377 387 477 185 263 25 256 76 284 17 442 396 144 56 35 303 487 398 203 119 147
2 11 10
297 68 466 324 241 95 350 217 427 51
1 15 13
308 450 373 50 76 430 25 365 178 9 496 243 386
2 8 11
342 353 281 33 84 130 400 184 280 478 2
10 6 19
358 469 200 170 100 282 190 355 144 172 373 410 288 343 150 361 233 171 375
2 15 25
486 47 246 157 101 155 310 44 372 446 417 286 436 170 282 483 315 65 358 218 375 239 285 484 253
1 6 3
333 59 101
9 7 17
292 72 59 334 474 331 378 175 244 144 160 353 316 309 181 442 96
6 19 14
353 229 430 285 228 149 480 335 422 0 273 146 303 61
1 12 7
438 155 95 4 387 380 250
8 11 17
387 281 36 156 323 227 381 357 93 208 237 257 269 426 115 447 354
2 18 3
312 155 142
7 18 19
375 127 156 474 382 94 480 70 493 215 8 389 51 165 188 131 328 301 317
5 6 8
451 32 21 37 280 209 274 438
2 5 4
260 428 124 449
4 9 14
294 68 248 7 367 281 228 188 263 238 297 215 169 151
1 12 4
62 436 468 399
3 17 19
38 35 473 499 363 148 265 414 246 215 406 433 199 271 33 128 276 334 256
1 15 25
162 249 350 441 158 280 136 213 106 9 354 299 422 187 332 47 435 53 498 164 109 235 372 413 91
9 13 15
73 80 495 128 188 438 353 327 400 342 458 164 377 422 459
9 2 21
97 60 288 358 181 438 440 93 384 59 156 1 170 203 213 419 308 481 127 242 241
2 17 4
462 371 251 142
2 14 20
91 281 195 33 441 493 116 82 447 36 123 53 368 54 137 156 282 421 404 309
8 14 18
208 451 326 281 133 28 276 332 137 311 65 52 22 362 244 237 369 307
1 8 4
42 446 453 463
4 7 9
382 379 132 346 75 462 239 350 180
15 2 23
309 228 445 491 116 78 30 489 73 308 390 363 488 8 297 99 410 461 232 339 376 76 251
5 12 16
7 290 419 251 287 320 22 313 152 154 8 36 202 199 422 88
3 1 14
266 278 222 218 367 48 399 451 15 423 141 64 495 205
3 6 5
42 59 316 200 254
11 9 22
244 103 97 332 236 211 151 42 411 406 398 426 341 407 167 309 156 229 259 10 350 430
1 4 4
433 134 386 63
3 9 11
458 354 494 36 44 167 286 323 405 60 61
1 7 3
329 436 348
10 4 25
377 457 211 148 271 216 157 245 223 123 378 351 462 30 93 402 468 202 190 477 465 220 80 159 408
1 18 5
23 374 366 438 345
4 8 7
229 369 207 394 185 194 444
4 20 9
497 472 199 94 140 466 330 355 213
11 8 25
327 190 115 156 283 478 188 413 373 289 408 92 35 2 13 381 182 496 192 32 393 358 45 346 441
5 12 15
336 499 162 262 311 252 304 364 449 73 346 24 316 480 285
4 20 9
43 497 349 455 117 229 485 285 467
6 17 13
54 57 66 193 49 366 89 323 307 490 81 65 302
12 16 19
369 211 299 119 334 49 209 331 457 375 194 163 317 52 182 452 78 278 339
1 2 2
434 351
2 1 5
300 274 34 418 135
1 14 3
314 277 212
2 12 18
64 194 395 390 142 33 93 296 209 237 449 472 298 315 422 22 460 289
2 13 5
260 146 31 444 19
3 16 7
334 12 495 333 420 429 193
9 4 15
424 301 97 75 307 442 170 259 288 433 230 374 124 98 338
1 15 13
396 193 209 422 105 479 217 34 395 392 478 15 40
13 1 23
114 213 372 457 361 347 483 248 174 395 66 217 301 378 455 144 21 280 180 424 474 399 377
8 13 17
498 75 131 29 266 303 133 225 151 119 458 345 471 116 104 61 273
2 4 25
49 229 492 158 435 182 499 50 127 39 233 83 131 198 164 295 168 217 175 93 255 185 346 155 283
3 14 10
393 137 356 463 249 125 81 263 72 388
5 10 9
261 18 141 420 394 205 123 262 409
2 11 3
466 220 23
3 4 5
225 85 32 272 227
7 2 19
9 454 469 498 46 290 69 325 30 343 440 23 129 263 441 461 362 39 344
2 1 17
318 17 23 253 340 467 289 343 136 60 305 272 443 171 26 414 385
11 4 20
70 440 187 203 37 454 117 353 323 126 280 332 419 256 89 41 314 43 162 308
2 5 14
34 203 328 271 269 441 394 348 486 244 310 356 351 479
5 12 8
304 298 188 213 339 36 29 48
5 15 9
476 319 262 488 472 107 180 138 168
3 7 11
231 30 246 200 278 393 113 54 304 337 347
7 15 21
211 230 3 468 46 285 22 263 214 240 40 428 262 165 462 319 226 83 476 91 93
1 8 2
332 0
6 6 12
107 73 384 33 318 38 197 307 10 339 382 273
7 18 20
218 208 165 13 364 435 22 280 131 400 14 447 132 115 397 68 291 395 73 323
1 15 3
329 212 310
5 10 21
312 151 131 7 75 414 400 275 469 365 123 5 246 112 302 332 103 292 218 167 322
2 13 19
443 141 169 391 147 49 46 252 406 303 208 472 493 328 65 479 166 23 138
4 12 24
49 431 155 408 217 284 228 416 165 401 399 206 366 248 48 280 393 415 252 422 225 468 412 148
6 9 18
314 475 154 348 23 237 195 491 198 129 248 83 446 424 225 141 489 176
1 13 7
211 417 73 345 317 119 124
6 5 11
46 382 118 153 40 366 400 374 131 342 1
4 6 7
470 114 453 244 274 139 447
4 3 19
329 48 102 203 89 22 210 95 465 49 405 15 323 119 454 255 215 32 387
1 17 12
265 16 39 300 178 151 311 99 138 192 361 392
12 10 22
109 309 294 12 78 334 64 377 401 238 462 200 489 219 392 23 2 411 3 269 378 181
1 4 2
152 118
2 19 3
444 482 319
1 2 2
283 324
3 19 15
194 482 481 20 178 65 363 155 366 376 106 173 298 163 296
2 17 12
485 330 26 59 230 451 282 228 486 183 131 189
4 5 6
130 418 308 485 61 408
1 10 4
320 372 22 491
1 14 3
279 261 55
10 3 17
165 84 275 301 291 61 421 303 461 110 367 378 410 429 366 431 15
3 1 7
420 73 77 414 325 52 4
3 9 21
271 13 301 407 166 142 40 411 490 95 496 463 102 49 130 308 452 11 307 320 17
2 10 4
330 348 395 47
8 20 13
426 295 51 195 225 214 244 294 16 413 258 497 213
5 18 13
160 206 487 76 308 265 345 412 433 454 196 407 149
5 20 21
298 473 176 494 119 333 385 108 264 132 109 4 230 438 356 163 36 16 318 295 434
9 4 23
466 386 416 494 273 284 351 346 49 374 341 177 149 19 475 228 11 88 32 464 451 62 231
12 7 21
205 29 131 142 409 35 487 114 257 448 480 301 384 428 361 318 419 425 473 44 78
2 17 7
110 40 36 318 302 329 104
3 2 9
370 4 343 22 319 106 471 3 72
1 5 19
416 84 273 259 3 364 125 413 223 144 368 470 275 235 92 445 4 432 495
5 6 10
453 253 235 309 84 325 28 203 449 437
5 17 22
54 304 477 39 26 245 361 257 481 196 300 237 241 487 394 34 244 218 274 262 348 407
7 1 20
389 337 106 264 189 391 210 197 270 101 457 47 458 139 212 234 495 82 176 60
2 16 3
174 385 178
2 13 3
382 425 333
5 17 12
166 395 299 240 302 209 382 295 267 483 480 53
15 19 24
279 303 134 10 267 382 147 455 383 92 256 221 120 281 109 2 266 294 32 97 402 469 363 18
15 12 24
167 354 235 427 178 66 316 170 193 149 58 451 381 143 389 497 94 61 13 211 443 48 379 403
7 19 21
203 451 132 99 275 353 156 257 108 9 478 355 368 462 401 153 402 110 391 308 5
2 17 9
464 86 434 55 95 385 124 51 386
5 20 23
474 134 362 214 101 368 37 141 97 349 197 446 66 483 348 83 464 363 65 80 204 29 105
5 20 11
363 98 253 282 218 423 24 413 42 466 49
4 18 6
280 182 259 113 379 302
1 2 4
366 318 327 293
3 14 8
191 265 366 11 115 82 154 156
9 1 23
47 334 187 156 180 258 307 292 389 22 439 304 98 94 357 382 391 329 186 111 313 207 483
1 18 6
345 222 204 342 318 199
1 6 5
152 235 138 310 317
2 1 5
165 293 173 404 43
3 7 13
302 274 98 292 478 435 248 398 205 157 208 210 337
3 5 5
184 272 461 1 129
4 16 9
166 331 481 401 173 7 290 126 498
3 2 5
70 124 266 84 272
5 16 9
221 383 389 451 89 340 209 320 406
12 9 19
412 132 6 311 95 231 44 34 112 314 1 27 45 29 188 77 141 291 392
4 18 12
355 412 9 473 361 185 365 130 140 51 410 234
2 11 15
73 31 51 209 9 360 252 292 189 411 55 301 161 351 97
1 4 9
197 342 365 344 90 480 313 372 6
9 19 14
124 38 201 267 375 357 103 96 252 412 132 323 109 85
3 20 7
294 21 481 387 144 404 18
1 9 8
489 386 215 429 392 298 282 245
4 17 12
128 325 245 409 248 434 350 269 377 76 379 406
4 4 9
497 104 99 105 473 256 381 462 59
3 20 12
89 132 70 90 193 177 440 66 289 480 267 40
5 12 16
15 116 73 76 299 398 62 6 277 227 294 138 320 211 472 185
2 17 14
300 226 209 212 446 60 373 120 491 98 407 188 353 296
13 1 25
447 455 489 297 61 153 130 231 314 291 275 76 445 411 71 73 324 146 298 433 394 235 178 383 78
5 19 19
37 65 317 366 145 265 351 196 320 369 378 303 258 327 428 69 368 262 74
1 5 20
479 482 488 40 317 395 289 110 445 134 274 171 38 246 224 302 292 421 370 497
12 15 25
17 106 96 305 268 218 133 150 120 439 252 241 65 177 277 407 304 494 219 372 365 403 163 390 0
8 8 18
204 219 428 424 278 74 400 385 442 180 183 147 170 272 327 456 46 84
2 12 4
27 254 334 235
3 2 12
282 118 125 352 116 492 250 52 242 39 477 150
9 5 15
227 392 21 259 362 170 119 361 188 436 197 167 58 124 378
11 15 24
312 260 439 165 382 67 419 322 194 57 191 90 231 263 425 141 279 207 41 86 54 311 199 276
4 5 18
179 415 291 218 262 121 68 209 55 455 383 476 278 365 325 119 183 400
10 7 25
93 189 248 89 251 369 367 151 280 173 470 24 153 179 15 131 157 146 491 209 64 443 121 393 259
14 9 21
19 384 2 347 49 303 170 387 326 333 159 405 20 174 399 199 402 362 93 185 5
4 7 13
106 440 51 484 334 397 462 441 27 267 5 212 298
1 9 2
341 8
2 8 14
341 237 462 97 378 427 200 303 111 94 373 102 206 108
7 2 12
411 181 322 96 150 403 163 149 368 103 90 437
3 9 21
290 67 76 460 311 334 59 42 464 163 322 308 425 361 170 178 329 182 289 234 353
3 5 5
452 341 472 326 167
8 16 24
339 344 107 369 134 206 187 230 478 310 408 288 192 93 298 416 411 205 65 127 144 320 362 365
7 5 15
219 382 357 142 115 378 144 114 364 181 449 374 1 490 436
2 3 7
352 108 393 303 297 154 313
7 4 17
464 180 498 303 193 144 56 65 491 150 254 83 163 466 445 448 44
16 20 24
424 164 13 132 201 135 221 246 284 51 49 447 160 122 422 161 250 52 47 407 176 150 42 110
5 19 25
434 467 289 275 163 318 396 193 331 96 131 90 23 53 47 376 137 133 233 330 470 430 485 248 40
1 11 4
435 332 175 376
2 17 23
67 482 454 5 64 142 485 159 105 53 472 43 0 492 477 210 398 171 481 329 60 15 404
2 6 13
268 223 190 328 216 434 68 289 154 360 178 207 212
8 17 23
432 256 186 453 182 352 108 13 37 434 325 129 32 365 340 150 7 125 293 208 28 267 190
4 13 24
317 417 237 201 337 394 165 113 285 352 438 21 262 4 404 250 425 464 320 146 399 147 379 196
1 18 8
252 111 425 105 288 313 141 414
10 16 18
395 89 111 467 271 42 356 94 460 174 326 372 169 80 190 77 70 388
1 6 6
204 145 487 475 148 57
1 1 24
402 160 220 377 300 172 374 321 223 4 54 383 449 186 285 385 193 191 406 411 93 31 72 412
13 11 22
276 376 126 189 146 210 160 448 233 185 186 465 274 229 259 50 264 402 221 70 282 11
1 15 12
73 238 459 497 96 79 282 276 149 67 49 396
10 17 24
356 219 402 195 471 382 77 50 329 3 420 419 58 346 56 147 280 72 341 305 46 115 33 315
1 2 7
64 457 300 469 454 154 297
4 20 13
130 159 471 455 167 450 236 409 284 302 49 81 312
1 2 24
27 168 440 45 18 229 112 130 268 145 192 293 467 227 56 138 203 477 152 427 132 406 64 457
3 17 5
195 243 467 132 431
7 3 25
287 409 374 284 460 455 305 404 485 157 89 320 294 153 421 399 174 41 45 168 482 233 385 82 403
4 16 18
50 75 462 318 434 372 46 96 266 401 90 61 482 36 377 157 3 153
9 2 17
81 181 69 335 15 30 493 339 9 349 438 75 483 325 447 35 459
13 3 24
394 257 425 56 412 239 362 280 88 263 218 48 6 204 50 346 358 183 95 155 73 223 149 75
1 11 7
437 383 82 75 450 252 9
8 9 14
470 401 371 379 110 112 138 135 69 0 468 81 488 19
3 19 9
116 0 60 394 100 229 494 42 357
1 15 20
81 67 0 198 380 59 170 130 144 356 28 311 103 467 460 4 357 215 140 481
3 19 9
306 441 120 264 307 14 273 64 156
6 6 22
69 272 114 415 130 247 460 317 158 279 244 197 36 138 481 280 38 123 212 467 452 113
3 14 7
157 360 28 464 208 277 368
2 12 20
192 11 92 352 338 156 144 54 317 460 99 100 284 43 140 483 123 34 417 116
4 18 6
480 113 99 121 291 246
13 3 21
91 402 313 109 476 206 473 189 239 5 138 292 163 394 9 135 94 32 293 18 137
7 12 22
204 317 239 475 480 62 116 400 481 176 231 416 149 152 442 468 402 465 495 297 434 453
7 2 15
139 308 37 378 5 176 175 415 26 283 52 225 11 466 494
3 12 5
387 398 47 341 172
8 5 13
337 357 436 66 8 207 329 72 17 170 232 229 444
2 11 7
485 390 85 342 349 385 473
5 1 10
281 170 344 7 114 227 386 460 98 230
2 6 4
87 234 63 45
3 11 7
137 360 402 3 30 365 491
3 3 10
148 14 271 104 345 204 455 145 49 365
4 5 25
418 300 378 87 159 362 439 139 209 257 60 490 263 70 200 389 236 465 129 322 4 419 15 489 125
10 14 20
182 355 364 377 428 401 218 143 253 447 340 200 271 423 276 397 255 150 342 396
8 1 21
119 296 56 216 421 195 244 3 95 75 288 433 108 284 471 442 286 46 23 139 241
2 3 3
140 210 469
10 10 21
463 465 73 311 61 309 103 370 288 191 79 43 338 390 413 274 238 213 277 301 270
1 7 3
400 163 371
4 4 9
122 450 95 341 111 301 119 259 69
1 4 16
389 270 352 49 257 201 268 73 12 423 280 265 456 158 267 461
3 10 16
388 52 436 81 464 349 374 103 83 289 226 47 490 276 208 188
2 9 5
205 494 279 422 160
9 18 14
296 489 269 369 236 88 356 302 79 438 337 41 18 376
13 4 20
438 146 389 382 183 464 331 108 402 260 443 110 258 263 315 247 388 242 394 151
2 19 7
286 301 159 272 29 49 427
7 4 25
115 77 458 195 241 90 64 434 107 429 188 65 242 419 329 442 238 262 23 359 495 485 273 493 342
15 16 24
419 218 266 440 48 386 256 177 31 391 496 445 350 139 161 35 65 172 214 135 69 323 362 267
11 13 23
41 399 141 285 246 330 52 177 243 496 369 1 83 123 175 252 199 86 413 352 212 344 51
4 14 15
146 421 471 292 233 161 378 497 481 250 340 430 190 6 388
12 5 22
111 63 344 14 239 132 152 461 352 2 211 441 8 164 401 377 206 156 226 18 427 346
1 13 4
25 71 318 469
4 13 11
295 23 264 213 367 289 252 13 106 435 341
4 2 20
214 371 49 379 397 155 253 476 292 324 386 404 451 53 331 90 267 137 473 207
6 19 11
135 489 129 391 410 491 246 225 105 2 396
3 14 25
232 226 20 9 57 138 86 52 218 223 269 118 377 406 471 185 498 352 290 60 50 235 448 139 360
13 13 22
142 290 99 85 110 65 128 7 376 170 250 349 127 420 283 116 297 226 263 288 184 60
6 7 10
134 212 141 298 65 492 472 48 122 328
1 17 2
142 418
7 18 12
448 248 135 157 181 13 100 12 305 144 232 462
4 9 7
142 193 308 171 261 417 325
3 9 17
424 110 492 16 182 479 318 94 55 229 344 216 8 461 219 255 275
2 9 3
66 27 320
3 2 11
391 442 105 16 138 141 227 320 279 167 15
8 12 25
432 405 465 369 124 312 197 113 261 343 280 151 115 96 148 358 43 342 460 476 170 274 449 357 480
2 16 3
248 416 155
2 15 3
476 204 389
7 5 17
275 115 377 499 414 116 279 455 423 53 316 50 364 80 241 330 371
1 18 4
155 50 69 437
1 14 3
204 340 261
3 8 11
39 385 363 484 237 384 233 46 355 177 20
2 4 4
287 295 268 299
9 5 23
252 266 138 291 218 430 187 77 364 128 7 425 231 485 397 281 314 116 404 350 126 295 27
11 5 23
155 328 152 113 485 235 330 133 212 491 171 213 377 335 263 211 355 52 7 103 408 222 223
3 13 17
387 421 352 309 350 161 246 53 158 49 68 77 146 466 18 420 256
9 9 19
77 105 368 58 34 374 200 153 257 133 208 437 219 291 387 280 123 469 108
1 3 13
10 12 371 175 250 427 272 383 307 291 340 315 209
8 14 14
352 346 166 419 189 485 489 317 59 162 224 475 56 436
1 20 2
165 229
6 14 17
233 123 259 392 439 497 444 296 399 470 134 493 218 178 335 305 219
1 17 3
54 446 451
5 1 14
224 444 139 302 288 163 27 394 449 445 144 425 337 400
3 19 19
254 301 243 499 443 92 244 493 233 368 215 16 118 294 91 451 281 466 162
3 15 7
491 239 374 274 406 172 259
1 6 23
162 78 74 2 40 91 54 399 426 150 364 81 442 440 114 192 174 45 227 29 175 486 37
3 1 13
412 467 421 245 124 162 204 330 56 389 157 242 490
1 18 23
436 198 486 270 482 173 265 15 1 391 372 443 318 286 180 9 140 379 171 340 176 107 297
4 1 8
227 92 219 284 56 359 471 274
3 18 8
296 85 65 55 200 41 284 162
2 12 6
482 103 194 258 381 244
4 17 10
409 152 364 373 10 452 50 491 82 335
1 16 19
270 80 68 195 323 234 5 58 207 176 23 369 113 283 452 381 93 325 42
9 1 23
218 210 479 306 33 331 111 357 55 442 256 8 85 433 62 53 484 457 66 352 116 409 34
1 17 2
399 454
1 19 5
344 197 255 482 468
13 10 22
262 457 102 320 373 83 238 107 223 49 374 192 306 111 464 73 60 145 52 453 315 473
2 17 24
42 9 325 133 219 410 400 17 240 190 486 171 30 8 197 88 274 416 383 15 449 366 332 263
4 8 14
54 393 227 267 59 47 25 444 483 199 114 139 421 467
3 16 6
304 226 217 85 403 174
11 14 20
467 485 222 117 74 332 280 371 317 294 418 244 111 469 127 403 324 425 58 21
2 12 7
342 68 118 334 326 473 254
1 8 3
482 456 85
5 4 18
412 468 475 251 497 31 212 408 95 330 244 110 35 498 23 452 371 449
3 3 19
318 76 44 345 305 350 468 194 369 59 162 38 9 409 25 346 165 450 182
3 19 8
425 245 254 458 400 203 92 457
11 11 18
52 432 321 17 104 455 439 263 38 492 217 399 300 285 220 48 431 260
9 9 16
302 197 414 178 450 440 411 349 498 422 173 366 316 252 204 267
2 16 23
491 198 199 291 303 114 179 229 458 439 333 256 433 309 106 16 389 321 381 451 460 157 337
4 16 7
94 134 339 149 236 241 29
8 7 16
449 38 447 278 158 359 187 407 231 433 211 16 374 0 94 113
4 2 10
207 99 405 471 453 458 305 114 185 242
12 7 24
469 364 135 445 147 330 396 480 307 263 356 415 87 334 336 44 427 338 282 441 229 256 325 299
2 10 7
109 10 45 49 357 8 341
5 7 17
194 109 25 124 415 251 417 206 403 409 103 46 38 192 478 310 197
1 18 10
170 9 41 184 355 491 141 497 310 378
11 2 18
487 318 114 323 212 102 231 83 413 454 208 211 111 402 245 363 492 161
1 4 7
446 144 80 403 204 124 495
1 2 2
310 494
10 14 19
320 366 38 107 109 420 80 266 298 426 390 201 251 182 277 453 279 135 324
4 20 6
148 292 215 97 376 49
1 14 2
399 468
2 17 22
490 270 224 180 354 27 146 467 366 420 147 94 451 136 230 77 333 302 394 184 87 475
4 20 11
372 257 42 124 456 480 328 3 187 449 471
6 2 10
19 491 63 32 311 431 23 221 143 362
2 12 9
308 302 67 431 383 85 158 455 299
8 14 15
425 42 426 319 160 487 165 306 407 12 32 410 351 182 409
1 13 2
302 113
1 15 2
315 89
3 12 5
460 140 269 223 23
6 15 12
426 439 243 235 407 123 251 26 48 272 49 33
2 8 13
256 420 284 167 356 395 120 330 358 227 172 105 17
7 5 18
267 373 150 169 499 235 81 421 456 376 114 61 76 144 97 371 377 423
4 10 13
129 244 246 76 259 369 95 232 236 184 357 475 326
1 10 8
119 331 165 391 307 236 39 359
7 11 12
262 382 153 59 424 91 324 218 352 97 305 497
1 19 8
152 494 168 53 261 73 166 449
12 12 18
246 297 96 410 3 279 343 221 345 335 87 310 143 348 210 200 206 423
1 8 7
278 60 301 258 64 36 361
1 11 5
367 87 344 244 153
6 13 12
94 257 343 197 29 58 284 166 156 410 235 374
4 6 14
243 126 291 312 497 283 71 136 105 394 274 153 155 414
10 10 24
388 275 366 396 352 443 300 248 255 117 58 315 79 304 174 478 13 134 216 431 362 389 17 477
2 20 23
361 224 274 194 326 219 457 241 436 367 458 262 188 365 472 51 179 115 459 357 276 447 148
4 16 9
223 54 264 114 486 105 276 412 166
10 10 20
105 39 117 397 424 223 277 75 81 180 410 158 170 398 94 174 156 239 368 112
13 14 22
149 112 444 350 403 452 142 261 399 355 231 477 171 248 343 56 353 288 157 67 356 208
5 13 20
270 459 165 327 468 21 253 367 453 94 79 490 146 163 141 403 267 324 352 133
1 2 14
162 464 254 237 386 259 298 196 493 106 221 473 274 294
1 11 2
96 473
5 2 25
22 269 439 495 405 446 437 459 336 260 125 408 357 473 52 212 226 325 150 476 135 90 261 449 333
4 15 6
193 477 260 169 354 82
1 2 5
88 82 22 259 287
2 19 3
344 286 457
3 7 21
461 313 475 126 479 374 70 259 257 430 55 333 394 144 485 445 232 304 82 403 346
1 14 14
103 454 64 166 311 370 321 319 304 432 498 40 452 459
3 10 9
201 137 262 104 218 400 30 470 401
3 8 12
360 356 127 349 487 476 147 16 261 370 412 192
11 10 25
43 418 494 143 233 349 100 485 401 217 299 350 339 305 481 157 97 251 22 150 301 492 410 282 81
6 19 21
387 239 461 422 418 0 459 224 75 475 69 12 177 374 145 159 136 448 144 356 121
7 10 19
115 69 124 103 429 219 61 264 51 453 147 59 129 180 405 345 316 438 163
8 16 19
270 248 476 144 280 73 327 294 496 435 149 317 188 57 279 433 61 452 22
2 12 11
186 430 143 11 424 133 324 284 446 150 458
3 13 12
376 419 396 51 2 480 381 295 312 35 1 374
4 19 7
442 213 30 50 487 105 342
7 9 13
197 401 183 25 307 378 101 61 414 281 157 438 478
2 3 4
188 231 149 380
4 15 9
199 228 291 169 323 386 218 143 278
15 2 25
13 291 85 416 390 181 90 63 141 279 461 494 293 393 91 363 66 167 78 488 247 404 334 377 195
5 9 24
210 368 249 24 420 371 152 10 186 120 61 76 393 361 165 419 485 118 177 47 212 75 194 409
2 17 3
66 306 20
6 7 23
133 77 103 478 336 275 307 338 128 372 258 236 361 287 297 90 89 377 417 265 10 197 383
10 9 16
343 198 177 131 156 149 391 483 397 322 278 395 297 109 327 88
6 6 18
97 250 493 81 198 391 273 202 485 285 92 8 73 3 491 267 83 303
9 13 25
484 69 119 160 439 336 99 272 343 205 449 10 475 348 338 327 251 164 142 131 274 411 190 95 43
1 13 3
153 383 356
5 17 12
286 395 180 492 19 106 31 155 50 255 333 239
13 14 21
186 125 219 38 23 218 423 52 369 360 364 475 92 277 126 129 210 220 382 339 194
4 20 6
484 344 13 242 164 210
2 8 3
45 306 185
7 4 15
55 418 456 171 211 263 129 139 189 237 318 479 295 317 227
3 15 13
367 295 186 108 452 363 264 48 261 39 267 420 179
7 13 25
464 148 301 142 250 46 294 465 161 414 452 227 177 380 233 475 150 231 483 57 382 265 497 159 73
13 17 21
153 312 185 262 171 367 310 435 353 104 386 94 283 407 427 306 296 468 219 150 445
5 12 15
10 324 134 425 126 331 238 20 81 14 199 388 466 245 149
2 11 7
302 13 145 251 310 140 49
10 3 20
171 241 355 248 206 235 60 467 399 474 471 319 125 357 326 1 121 437 14 294
2 10 4
414 299 454 8
6 5 10
470 419 189 132 28 297 18 43 286 282
1 8 2
205 98
11 8 25
435 129 459 441 191 467 465 299 431 440 274 111 156 340 433 358 478 90 101 284 387 175 75 487 197
5 13 18
105 339 229 274 366 271 63 247 263 460 338 261 381 155 101 207 70 160
5 20 8
96 497 155 478 193 327 225 60
6 20 14
464 252 151 103 146 54 260 222 235 69 440 399 96 411
8 20 17
408 78 465 214 395 267 275 326 349 362 491 90 461 218 499 415 294
2 15 19
30 424 360 409 318 11 389 39 428 83 443 453 202 97 461 130 407 162 404
15 16 24
141 130 11 336 311 221 454 191 289 43 149 119 318 393 426 219 316 487 213 484 78 480 116 237
7 6 17
288 239 142 87 173 77 79 406 146 104 184 203 388 222 204 326 422
1 13 10
245 274 261 34 266 146 243 111 319 68
5 1 15
387 416 468 338 428 44 123 281 469 151 18 175 265 459 340
2 2 3
267 55 90
1 9 16
493 306 204 367 464 488 434 340 299 242 389 490 454 252 213 331
2 10 4
36 73 30 42
3 7 5
99 65 203 164 161
5 15 21
64 279 355 42 329 326 328 458 44 293 477 16 175 274 179 453 378 97 63 469 85
1 4 9
200 426 301 55 100 225 21 92 212
2 1 14
260 400 275 138 226 77 392 336 83 87 357 94 436 401
2 6 3
405 412 220
1 8 10
446 168 383 402 48 194 380 285 347 128
9 17 15
49 306 38 196 413 91 265 352 300 86 288 45 89 187 407
2 17 10
241 358 380 102 348 178 96 363 340 300
4 5 6
369 385 259 433 475 38
5 10 10
235 74 192 282 78 466 340 35 219 121
3 16 17
277 7 239 45 34 117 246 428 261 89 453 422 109 14 489 77 304
10 7 17
155 407 41 52 472 428 60 245 260 438 19 319 318 479 13 169 302
2 4 15
462 316 169 102 66 492 98 300 411 231 101 9 190 468 268
4 13 12
29 325 209 77 146 396 243 420 259 361 468 208
5 6 8
307 150 329 235 160 205 493 361
3 13 16
336 480 409 128 344 134 250 395 146 249 7 65 443 28 497 228
11 17 25
158 475 258 447 496 75 439 310 160 171 397 482 456 81 229 377 488 420 70 281 125 109 299 312 386
5 7 17
299 358 104 433 29 453 11 251 469 271 181 137 320 179 306 117 447
3 16 8
299 73 415 277 295 205 391 119
3 19 7
473 245 18 355 493 13 281
10 10 22
388 299 325 103 251 56 186 313 206 91 254 210 12 93 320 201 233 270 274 72 120 232
6 16 13
369 58 380 452 241 169 75 215 461 459 202 19 462
4 18 18
246 188 125 158 264 362 10 24 61 22 387 275 414 181 349 210 140 135
1 14 5
265 214 213 190 458
13 14 21
14 167 51 80 186 295 305 127 144 85 344 140 379 340 47 105 146 360 26 101 58
7 4 25
234 33 101 76 0 453 161 229 124 21 387 250 269 302 317 335 72 287 412 345 367 458 305 352 266
1 3 9
196 418 387 303 222 292 197 480 340
2 14 11
455 129 292 342 370 120 474 487 440 22 23
3 16 11
431 345 286 111 320 409 125 78 58 374 413
1 17 2
63 123
6 7 14
260 171 439 190 357 200 193 4 422 455 497 397 189 389
2 7 4
306 3 327 146
11 6 23
380 190 90 80 136 242 478 48 99 162 200 68 426 54 56 472 2 423 421 203 101 116 29
1 17 2
78 83
6 16 21
95 268 375 6 36 209 185 35 241 109 400 371 270 94 38 233 55 144 364 251 197
1 13 8
231 200 6 274 36 307 66 357
4 8 20
357 298 175 396 238 474 8 424 220 413 358 114 33 368 414 374 165 438 412 178
3 20 18
289 239 166 371 294 284 290 132 357 391 498 450 474 176 246 301 213 414
13 6 21
6 71 461 361 404 48 352 415 315 28 149 271 120 469 371 392 256 327 2 220 299
11 17 17
358 427 160 4 326 136 66 486 307 163 56 162 352 21 94 416 141
8 4 19
313 138 484 403 235 85 161 422 475 349 53 61 308 5 3 149 400 23 43
9 9 15
150 122 148 416 306 216 200 217 356 106 330 111 225 202 240
1 20 8
467 213 142 422 206 370 97 30
1 20 4
478 333 286 206
1 6 2
431 210
5 19 25
411 5 119 128 42 57 105 447 364 12 352 172 351 120 156 10 412 404 328 306 1 52 225 60 420
4 10 10
102 96 144 366 324 461 217 472 497 1
1 16 16
384 493 212 491 392 124 451 67 123 484 184 386 440 140 333 369
1 6 4
462 288 176 349
1 4 3
101 189 403
4 5 13
351 389 235 138 248 61 315 331 119 106 57 393 79
1 15 4
25 206 369 127
1 6 13
267 470 397 252 464 467 245 458 46 171 36 170 334
11 2 25
398 371 487 188 402 499 235 436 358 9 96 147 234 239 405 114 346 82 423 112 332 280 286 206 360
14 20 22
28 249 461 98 311 198 272 483 125 248 158 487 146 161 51 69 418 266 317 213 424 388
5 7 23
55 12 226 60 285 360 201 319 265 295 330 429 420 421 235 112 444 79 486 168 492 140 357
3 14 11
378 319 172 298 19 411 265 350 39 215 328
2 8 4
319 475 243 221
2 16 16
484 326 155 223 412 292 340 254 355 378 94 357 3 303 347 72
2 6 10
70 36 125 167 26 89 481 472 1 413
3 10 21
422 426 217 335 299 44 413 80 303 388 236 374 403 353 273 7 68 125 243 91 323
1 7 4
295 216 366 154
6 1 18
383 68 273 406 399 69 373 395 223 468 457 140 90 80 456 206 481 63
7 1 18
148 401 357 23 463 302 415 294 15 88 307 331 153 136 107 336 245 350
1 2 4
239 487 426 83
3 10 10
451 455 175 1 33 171 101 264 472 284
12 20 25
191 385 468 210 171 434 57 493 461 448 114 180 14 77 248 296 421 494 400 316 419 399 403 195 265
1 7 6
153 61 226 332 202 262
3 18 14
77 72 154 183 367 225 78 82 216 96 173 108 101 106
8 12 23
143 288 294 435 242 238 150 350 457 473 413 285 171 84 270 33 495 482 499 34 258 391 456
8 12 23
199 288 292 374 465 107 82 462 296 69 493 244 85 308 297 4 196 352 384 341 1 8 387
16 17 25
309 427 13 144 429 111 141 442 205 117 99 71 217 438 339 370 159 240 410 400 33 68 109 200 476
1 13 17
182 186 52 284 461 286 423 155 288 387 441 323 418 161 93 351 17
1 19 4
210 246 208 328
4 11 9
44 398 190 245 38 392 306 388 469
4 10 13
335 235 136 304 400 379 25 472 142 348 443 129 297
2 7 13
469 213 448 25 466 198 69 460 294 8 108 384 276
1 5 4
161 237 429 235
1 19 3
414 0 117
1 17 8
58 277 342 264 394 496 198 199
1 14 12
125 77 448 73 487 399 284 100 452 64 470 37
9 18 20
281 491 416 344 462 65 233 105 274 304 446 35 132 246 232 371 24 477 93 187
8 8 19
416 474 455 496 13 460 401 238 129 224 279 299 265 112 255 286 171 3 297
1 4 2
367 45
5 12 15
143 485 319 134 444 65 242 182 433 342 47 272 61 379 294
1 8 10
177 487 1 118 52 328 77 64 430 115
2 13 22
387 222 159 47 319 171 382 294 16 301 182 317 204 233 221 400 388 397 349 412 26 95
7 12 16
59 437 312 428 417 156 496 120 50 221 355 250 358 293 351 352
12 16 18
454 231 453 278 151 478 499 240 492 13 362 469 8 238 71 491 100 430
10 3 15
38 43 400 32 293 77 28 155 184 434 364 372 29 198 435
2 17 7
344 481 408 329 258 111 257
5 1 16
288 471 86 0 132 425 298 37 491 199 417 430 367 261 463 478
7 5 25
423 237 288 448 37 230 461 141 186 26 149 104 100 287 401 468 323 92 131 276 238 270 421 97 56
8 16 18
390 255 88 456 10 325 430 469 466 393 155 301 346 396 59 422 308 392
4 17 9
328 100 218 30 399 62 79 361 447
2 6 4
227 0 444 314
4 19 9
125 400 488 399 108 327 95 320 279
4 2 24
19 316 154 289 426 328 497 293 395 367 307 189 366 287 194 218 415 48 496 217 498 142 105 256
4 17 6
387 393 453 438 126 213
5 15 11
479 66 433 94 336 369 159 367 14 335 410
16 17 25
409 360 314 105 464 433 271 128 139 494 407 190 219 318 24 63 448 463 453 72 215 348 81 267 29
1 2 5
377 447 23 26 86
3 5 15
352 489 39 248 45 51 111 261 61 246 36 440 167 486 8
5 1 9
10 437 146 117 314 181 131 300 446
4 11 15
497 407 456 391 382 258 343 53 70 223 279 49 87 265 348
4 17 8
3 367 213 386 293 322 333 280
3 2 7
319 250 231 301 40 494 480
3 17 9
344 262 188 347 187 371 233 135 411
1 12 14
94 335 433 161 107 264 55 27 342 422 369 311 99 166
4 4 9
75 98 414 32 328 189 267 63 78
9 13 17
354 21 201 74 488 135 494 228 286 492 129 383 78 240 478 148 367
2 3 4
255 423 18 156
1 6 24
474 331 339 21 425 60 59 87 245 106 471 355 412 264 420 390 466 183 1 215 266 242 465 389
10 9 18
156 133 378 67 120 284 257 129 264 99 87 164 131 370 89 296 114 77
2 18 14
217 112 2 314 292 245 169 452 164 221 394 449 345 126
3 4 15
370 88 154 143 322 489 311 53 411 194 198 4 377 55 449
5 20 14
239 253 185 131 74 49 468 465 269 317 338 28 260 106
2 17 14
66 168 115 333 149 403 164 388 81 224 72 272 479 340
5 9 20
190 355 358 330 428 43 289 406 366 421 238 191 351 495 64 379 485 282 38 216
11 12 25
58 197 93 325 204 337 37 86 441 233 327 131 476 395 363 227 364 294 104 29 124 326 206 481 40
1 16 6
315 24 104 22 473 434
13 12 23
80 270 136 102 81 435 259 78 59 123 117 73 41 37 181 194 478 234 203 33 329 249 294
7 10 16
215 135 331 150 160 41 101 391 488 140 340 477 343 119 75 412
10 17 17
460 345 173 55 390 90 318 198 32 1 292 281 332 263 91 9 122
2 12 3
78 455 220
8 6 23
332 420 486 384 497 330 168 458 407 341 495 81 467 466 42 180 126 276 104 66 463 436 129
9 8 22
410 401 274 108 294 49 400 30 8 409 21 190 231 391 124 377 266 46 20 268 392 399
2 20 11
159 306 217 294 93 397 92 88 308 181 60
2 17 7
254 2 191 431 80 212 289
4 17 21
169 340 189 2 448 345 480 45 119 258 194 269 36 349 489 51 213 471 30 403 283
1 14 8
426 193 499 377 93 143 254 338
16 16 25
323 404 375 308 321 42 92 1 470 276 435 327 23 374 451 416 172 459 490 409 441 436 134 163 204
10 1 20
177 451 164 242 108 84 55 368 145 152 287 304 286 115 464 78 36 423 387 405
11 12 20
333 399 248 19 408 480 288 22 395 17 118 305 397 466 30 475 159 402 9 86
2 6 6
401 27 392 28 107 404
5 4 18
408 155 64 12 495 45 131 207 443 85 137 474 339 66 26 409 214 229
3 13 6
389 245 359 45 294 1
6 20 17
368 425 13 96 347 409 487 462 217 64 213 404 410 102 202 46 93
2 5 3
495 415 125
6 17 23
469 82 207 219 411 493 375 429 204 485 347 496 449 475 177 450 17 413 425 103 343 40 355
2 16 6
43 117 323 345 242 436
4 5 13
249 190 234 469 410 359 116 345 457 280 26 130 440
5 11 16
472 336 215 350 211 457 314 492 102 286 466 250 18 316 93 465
7 10 18
269 0 361 251 407 246 260 229 81 215 438 327 273 213 466 116 418 288
4 8 25
362 272 209 4 213 237 271 128 281 211 268 56 93 436 210 455 424 20 465 383 288 112 486 36 95
2 8 5
333 314 256 263 387
1 20 19
459 376 191 145 48 16 384 61 418 171 254 67 460 194 471 272 301 350 69
1 14 2
200 16
1 6 4
185 322 407 127
4 13 8
451 435 133 352 456 164 426 288
10 5 21
7 10 125 416 397 8 295 399 53 29 9 168 134 40 261 259 117 400 382 130 23
1 12 11
332 385 309 21 487 329 7 112 411 482 64
12 14 23
387 30 17 60 465 432 237 203 78 189 242 396 283 15 405 161 28 58 100 145 271 248 102
1 3 8
312 156 239 18 230 209 323 274
2 10 14
119 277 434 311 149 15 293 144 145 123 36 99 16 61
3 19 18
488 20 407 415 10 391 362 14 174 231 365 57 383 175 374 139 144 197
4 13 10
410 316 54 220 301 222 71 395 411 342
5 5 11
374 315 218 199 200 317 230 457 17 128 189
7 13 11
142 222 279 409 216 198 437 159 392 412 336
9 8 14
89 457 356 395 249 335 69 163 439 238 478 427 383 419
13 2 20
278 441 380 423 32 164 17 9 114 54 271 254 195 273 354 420 161 153 230 259
6 1 11
33 472 162 234 216 300 177 60 492 194 127
3 19 14
104 445 42 389 461 68 219 40 240 54 118 309 425 133
1 7 10
342 334 327 389 49 255 346 291 471 101
12 18 19
384 9 306 229 376 362 302 115 441 295 161 435 101 479 185 381 197 74 449
2 6 12
337 401 372 126 206 38 375 314 197 390 122 473
2 1 11
60 458 294 85 56 391 200 311 446 347 335
9 9 22
354 82 67 83 195 323 135 363 358 184 59 404 241 183 73 44 134 127 450 178 188 277
12 14 23
66 422 240 161 382 266 70 31 398 301 216 457 227 461 280 345 283 247 53 425 452 86 184
2 9 17
457 243 357 10 441 61 280 78 427 263 262 444 247 244 227 390 264
3 19 11
341 371 239 354 119 81 134 454 72 124 332
1 17 20
155 44 439 208 411 96 347 83 431 407 207 112 194 412 200 111 397 48 67 292
13 5 25
80 253 243 234 364 454 415 169 249 27 457 121 262 491 112 297 355 312 2 397 465 492 294 21 452
8 8 21
268 77 473 106 340 54 343 334 212 172 329 323 362 409 390 142 371 145 187 105 230
3 7 12
370 233 496 68 207 254 206 463 475 291 472 199
2 15 24
420 305 317 351 12 368 111 137 152 144 339 211 173 238 346 128 391 348 231 298 81 493 165 219
5 4 13
453 279 493 450 206 394 406 374 157 340 479 276 424
2 4 6
145 185 376 459 167 123
4 15 17
138 295 454 344 198 131 153 232 383 483 482 415 61 443 311 114 300
4 10 7
426 141 176 0 142 289 403
2 4 6
458 455 275 73 39 496
11 20 20
57 9 135 311 348 486 330 257 412 427 290 366 160 299 297 358 488 4 60 445
1 13 3
487 22 493
2 3 18
342 79 240 129 194 143 404 344 378 336 323 248 279 250 274 273 479 12
6 13 9
15 5 91 164 445 408 342 147 63
1 1 12
174 469 226 199 470 17 290 130 62 195 249 494
11 14 22
474 27 1 317 223 263 487 464 63 437 189 221 141 432 107 271 209 295 300 145 201 325
6 13 14
153 205 235 215 130 352 185 137 40 206 413 104 460 173
1 1 2
360 155
3 13 6
36 182 74 499 248 202
10 16 18
344 485 470 294 398 394 452 413 306 56 438 343 360 242 338 269 487 104
6 13 17
309 127 432 19 344 296 270 251 379 194 375 146 249 391 255 496 122
2 10 10
163 472 335 189 356 139 295 206 319 314
7 17 16
144 438 85 230 366 402 275 83 481 480 330 328 391 58 6 414
3 16 11
83 439 408 328 436 355 368 293 65 203 311
1 13 14
292 119 225 428 395 161 149 306 63 328 417 302 305 257
6 4 11
85 200 280 29 13 46 495 107 147 416 424
4 12 16
147 63 283 117 246 134 454 88 491 214 175 136 9 138 54 389
2 8 4
167 296 287 223
5 2 8
173 456 108 372 315 283 2 79
6 18 13
81 160 139 244 178 351 356 254 268 333 152 226 13
7 19 17
168 42 183 119 41 74 261 363 75 311 337 228 346 88 171 274 446
10 3 16
277 149 116 333 103 90 31 361 238 325 357 317 309 294 339 223
2 5 5
467 27 13 4 84
5 17 8
265 281 313 172 21 496 9 472
13 6 22
331 207 33 251 234 416 347 266 247 431 498 116 188 455 89 357 332 435 321 365 32 459
4 11 8
138 3 263 60 116 420 437 104
7 9 20
150 230 199 418 98 372 262 152 351 184 157 146 268 44 471 154 300 145 126 455
2 13 12
447 313 436 96 171 113 469 445 100 327 462 287
1 17 2
370 16
6 6 11
144 419 153 363 85 117 278 243 68 15 237
6 12 11
187 69 95 424 160 410 99 399 140 65 480
9 7 17
81 13 413 41 437 197 323 236 402 487 218 430 372 333 243 187 40
3 1 7
211 248 331 191 15 203 39
1 4 14
232 287 388 370 279 458 6 88 335 298 140 65 289 294
7 12 13
487 319 369 401 452 204 342 332 323 58 326 473 152
1 19 9
432 414 226 6 244 270 282 284 390
10 11 15
0 239 199 86 22 376 382 298 193 190 157 114 401 80 219
1 1 17
277 127 273 105 476 134 146 464 90 303 494 241 111 8 39 100 169
4 18 6
396 111 122 212 454 225
4 15 25
180 271 456 174 459 233 269 94 101 266 227 213 121 401 426 85 53 51 48 163 75 474 412 197 87
3 9 5
486 225 24 306 94
1 8 18
309 411 490 97 294 251 95 470 83 478 406 60 19 203 145 280 224 499
1 1 2
51 404
1 5 9
118 98 145 94 176 162 316 493 125
4 14 7
69 305 376 123 438 257 206
1 5 22
449 361 49 139 129 481 417 37 77 53 473 488 340 88 15 100 57 245 478 451 322 308
8 10 13
72 370 476 306 475 451 188 71 425 480 85 466 346
5 14 10
464 345 155 128 405 129 489 423 307 104
6 18 23
43 39 171 262 291 34 260 312 381 218 94 56 434 237 350 124 135 22 174 156 162 77 184
4 9 10
308 174 73 43 81 328 228 212 483 345
5 19 17
270 468 86 489 482 136 93 360 71 137 369 348 180 107 382 404 353
9 3 21
291 288 473 259 317 63 95 197 165 257 65 24 163 201 224 3 389 497 181 447 130
2 18 5
414 132 280 388 66
2 8 24
296 159 72 21 171 115 414 79 335 468 400 415 131 348 477 214 225 151 28 123 177 363 23 91
3 17 24
274 39 143 423 220 308 215 304 54 226 144 269 378 212 32 281 466 124 409 413 72 339 297 319
6 3 24
151 340 383 121 485 320 384 2 35 176 317 367 250 155 253 462 20 282 369 304 411 385 126 10
4 4 9
436 77 327 84 209 7 481 6 457
2 17 17
465 458 7 19 4 86 114 436 84 138 145 18 116 405 11 306 400
9 10 25
97 2 348 464 160 406 339 266 439 7 96 117 111 129 347 421 72 364 342 490 424 15 151 338 425
2 18 5
174 129 228 374 152
6 17 9
470 68 330 446 75 380 466 246 89
10 14 18
60 176 6 235 159 20 386 202 389 476 3 243 34 334 459 217 257 403
1 4 14
306 405 318 117 4 221 460 355 51 147 325 363 137 20
8 19 25
280 4 120 74 351 240 273 318 474 457 152 52 326 459 55 493 438 143 82 81 133 198 338 491 251
7 15 13
113 159 6 443 42 179 277 462 468 64 21 273 477
5 11 14
409 305 334 31 26 109 480 445 151 438 333 44 22 16
1 17 3
491 326 141
1 19 3
297 123 15
5 16 18
358 404 305 64 152 21 144 33 287 444 379 376 18 490 482 488 363 246
3 7 19
283 287 257 12 252 64 316 214 159 56 378 333 129 108 26 15 179 45 486
5 15 24
358 114 165 135 57 347 423 314 471 217 231 281 380 404 14 259 223 26 388 101 279 92 153 181
4 3 16
229 250 252 278 449 175 187 393 106 402 397 203 53 84 131 28
7 5 19
419 173 69 384 86 22 248 491 220 392 471 14 291 264 121 323 59 240 140
12 2 25
208 92 165 34 355 411 184 40 472 388 257 50 16 370 109 192 267 390 268 152 448 167 176 287 441
1 18 16
9 416 260 446 333 207 426 4 407 322 439 120 162 343 54 172
10 11 15
264 52 312 188 379 272 85 40 364 285 130 257 160 487 327
9 16 14
38 381 394 390 363 146 464 115 286 498 481 288 187 477
1 1 4
146 114 331 125
1 20 16
343 494 32 192 230 444 253 199 115 71 340 27 5 28 403 381
8 19 14
180 243 299 355 25 216 132 115 359 164 358 414 423 421
14 3 25
74 346 395 63 467 309 21 12 211 19 460 98 428 270 151 120 357 352 233 339 277 45 117 338 170
5 11 25
5 4 231 112 41 475 78 496 213 331 182 241 228 217 176 382 365 111 155 91 70 368 84 186 8
4 15 21
307 316 314 151 167 325 11 136 161 2 200 12 420 252 176 412 440 131 354 235 260
3 7 15
130 373 295 184 215 266 487 320 332 322 443 202 331 68 239
10 1 16
263 86 372 360 231 435 290 414 423 275 250 433 128 201 380 199
2 9 17
334 202 162 302 217 366 7 298 262 98 250 278 352 496 41 485 280
3 15 5
460 97 429 5 166
2 2 6
360 74 112 166 262 219
8 8 12
29 87 60 432 486 228 106 319 180 274 97 246
5 17 10
94 375 178 36 132 250 136 299 280 71
6 5 25
25 311 289 61 400 129 229 315 317 287 185 270 449 497 290 188 163 41 494 323 147 432 10 177 106
2 11 12
176 473 52 199 318 326 365 162 439 115 45 371
5 14 20
64 37 301 486 354 119 214 319 218 95 39 366 93 403 256 212 359 116 374 404
2 20 11
373 163 172 5 26 379 37 236 141 45 318
15 4 24
362 67 379 40 428 357 174 41 443 185 245 462 455 413 176 322 248 28 468 412 408 347 19 106
1 18 11
111 234 261 163 488 386 311 400 102 9 167
1 16 8
442 287 137 211 351 289 1 305
1 15 2
384 335
5 20 15
390 231 180 196 67 132 305 451 130 352 177 295 266 251 5
2 2 17
112 125 97 54 474 222 443 93 18 301 130 397 100 275 235 344 392
10 3 22
385 9 442 172 212 363 304 131 450 345 14 46 59 223 279 414 214 316 300 134 296 218
4 18 17
15 359 293 101 435 443 132 206 31 158 344 11 184 337 205 438 47
3 1 9
17 216 424 345 60 68 138 211 266
6 3 16
145 100 413 23 318 32 274 225 406 442 144 132 362 357 192 236
5 9 18
272 208 417 69 289 276 466 327 89 468 0 204 68 409 226 98 485 376
4 1 6
180 472 161 278 421 400
