500 1500 775
11 33 34 40 39 31 40 20 18 28 37 36 21 33 25 25 13 16 32 30 22 40 17 30 21 30 25 36 18 20 20 30 17 36 32 29 13 25 15 31 34 19 25 12 34 38 39 23 34 17 32 15 19 23 37 20 29 31 40 23 22 26 19 18 37 20 40 38 13 16 25 18 40 31 28 16 35 22 17 26 32 34 22 26 34 27 11 19 36 27 30 26 27 38 32 39 11 27 30 40 25 25 19 17 23 33 18 27 25 35 13 23 36 14 31 30 15 29 33 23 24 33 20 31 27 24 21 34 29 14 17 38 20 27 33 34 24 23 24 13 28 16 14 32 37 12 22 27 25 36 20 15 16 19 32 40 29 18 38 30 24 23 14 30 32 14 21 35 26 19 11 23 38 18 26 31 23 19 33 39 22 30 11 18 12 37 36 22 18 18 27 26 17 15 19 27 31 19 21 15 29 24 39 13 13 32 33 22 29 14 23 19 36 22 38 32 32 27 28 16 17 28 35 16 12 33 34 11 36 28 35 28 25 36 26 29 25 23 20 36 31 16 31 16 19 12 15 16 27 35 18 36 14 20 27 37 40 38 37 35 28 29 38 40 24 29 39 20 27 13 21 30 18 23 20 29 26 18 36 30 14 35 28 32 25 32 14 31 26 15 36 36 29 13 25 36 30 24 22 16 37 16 31 33 33 30 29 32 24 13 24 39 23 14 29 13 40 16 14 38 14 28 36 37 33 12 34 23 12 26 29 39 38 17 19 40 29 30 39 18 24 35 20 40 25 33 20 14 27 33 13 25 24 18 29 23 37 22 33 40 32 24 39 35 13 15 39 12 14 32 17 38 16 24 17 23 18 31 23 28 16 32 13 14 15 39 39 15 14 27 23 11 18 21 22 37 30 29 40 13 30 38 30 23 21 32 32 25 27 28 31 22 13 24 20 20 29 17 34 39 25 20 37 12 23 18 29 13 29 30 16 34 38 23 16 25 23 33 21 17 19 34 20 20 37 33 39 14 16 14 23 39 17 19 40 21 35 39 17 35 30 17 29 21 40 31 30 17 18 38 16 36 34 18 12 33 28 20 30 22 14 38 21 12 37 37 17 20 32 17 38 23 31 17 18 26 14 22 32 14
1 23 24 30 29 21 30 10 8 18 27 26 11 23 15 15 3 6 22 20 12 30 7 20 11 20 15 26 8 10 10 20 7 26 22 19 3 15 5 21 24 9 15 2 24 28 29 13 24 7 22 5 9 13 27 10 19 21 30 13 12 16 9 8 27 10 30 28 3 6 15 8 30 21 18 6 25 12 7 16 22 24 12 16 24 17 1 9 26 17 20 16 17 28 22 29 1 17 20 30 15 15 9 7 13 23 8 17 15 25 3 13 26 4 21 20 5 19 23 13 14 23 10 21 17 14 11 24 19 4 7 28 10 17 23 24 14 13 14 3 18 6 4 22 27 2 12 17 15 26 10 5 6 9 22 30 19 8 28 20 14 13 4 20 22 4 11 25 16 9 1 13 28 8 16 21 13 9 23 29 12 20 1 8 2 27 26 12 8 8 17 16 7 5 9 17 21 9 11 5 19 14 29 3 3 22 23 12 19 4 13 9 26 12 28 22 22 17 18 6 7 18 25 6 2 23 24 1 26 18 25 18 15 26 16 19 15 13 10 26 21 6 21 6 9 2 5 6 17 25 8 26 4 10 17 27 30 28 27 25 18 19 28 30 14 19 29 10 17 3 11 20 8 13 10 19 16 8 26 20 4 25 18 22 15 22 4 21 16 5 26 26 19 3 15 26 20 14 12 6 27 6 21 23 23 20 19 22 14 3 14 29 13 4 19 3 30 6 4 28 4 18 26 27 23 2 24 13 2 16 19 29 28 7 9 30 19 20 29 8 14 25 10 30 15 23 10 4 17 23 3 15 14 8 19 13 27 12 23 30 22 14 29 25 3 5 29 2 4 22 7 28 6 14 7 13 8 21 13 18 6 22 3 4 5 29 29 5 4 17 13 1 8 11 12 27 20 19 30 3 20 28 20 13 11 22 22 15 17 18 21 12 3 14 10 10 19 7 24 29 15 10 27 2 13 8 19 3 19 20 6 24 28 13 6 15 13 23 11 7 9 24 10 10 27 23 29 4 6 4 13 29 7 9 30 11 25 29 7 25 20 7 19 11 30 21 20 7 8 28 6 26 24 8 2 23 18 10 20 12 4 28 11 2 27 27 7 10 22 7 28 13 21 7 8 16 4 12 22 4
1 19 20
104 334 296 106 455 147 374 473 76 149 407 93 443 479 392 432 239 110 437 412
9 5 14
188 42 274 215 477 357 411 225 462 298 335 97 347 125
2 16 6
366 117 141 326 413 377
2 4 17
220 463 90 483 423 106 47 397 404 267 408 324 335 223 132 146 273
8 9 18
176 220 89 288 175 485 294 244 306 361 408 419 28 272 283 333 354 464
13 13 20
73 177 370 126 493 490 354 322 389 247 324 323 192 332 421 249 365 201 256 334
3 5 22
89 473 37 101 279 354 416 322 398 181 159 106 364 394 430 234 142 464 145 348 284 250
1 5 24
352 235 427 435 146 441 19 494 114 286 382 385 335 488 47 451 89 424 356 42 457 41 493 124
5 14 13
454 10 71 105 237 481 243 347 84 80 169 319 378
1 20 9
54 205 471 337 277 490 42 195 7
2 16 15
489 309 108 442 366 195 210 397 228 389 317 348 324 339 289
3 12 5
365 26 111 73 477
3 4 21
100 422 271 81 67 231 30 130 442 360 162 49 429 320 78 245 451 253 399 304 84
4 10 6
439 336 234 232 430 453
1 16 4
484 283 187 409
1 13 7
52 475 75 191 199 323 144
1 6 4
268 207 428 478
6 14 12
279 18 333 395 449 170 245 271 260 92 321 62
4 18 23
350 482 151 341 287 471 446 410 222 444 185 480 263 197 492 440 238 31 176 198 305 387 309
1 10 10
153 410 113 207 93 293 409 120 332 90
5 3 12
161 359 183 451 270 129 435 386 364 124 414 24
2 6 23
122 491 151 380 225 0 77 348 215 161 157 445 332 400 51 221 413 24 140 130 75 227 65
3 7 9
142 496 99 256 439 491 51 457 263
1 20 4
89 128 412 482
3 2 7
100 409 493 219 265 356 116
5 20 17
284 300 304 264 89 499 143 490 237 448 141 451 481 138 246 119 459
9 4 21
263 156 88 11 447 169 448 414 483 399 30 481 243 456 196 400 383 91 392 3 34
2 1 5
339 88 285 215 314
5 5 10
182 27 286 105 75 265 358 462 467 121
1 12 3
141 424 232
3 8 8
316 441 457 345 220 376 446 381
1 15 6
320 186 272 493 294 115
2 14 5
317 178 421 124 341
14 8 21
123 165 488 193 392 466 464 124 111 431 418 411 86 441 201 87 348 179 257 477 11
2 2 3
51 145 149
2 13 4
94 2 266 195
8 11 12
494 80 379 155 140 382 55 148 138 399 374 205
11 20 19
196 460 95 441 486 185 168 137 47 150 410 119 141 8 335 361 214 349 51
1 4 4
385 210 188 143
9 4 23
488 91 289 343 17 173 266 213 260 438 338 191 143 493 332 240 114 3 123 444 101 290 56
5 17 16
433 277 248 212 74 52 187 26 273 495 6 270 356 41 200 48
2 3 6
494 139 371 165 227 115
11 7 21
194 137 154 23 130 242 133 415 106 19 238 235 111 186 60 32 176 496 83 421 214
6 9 12
431 415 359 223 304 395 45 165 428 15 386 230
8 3 14
61 16 372 99 114 390 422 83 292 310 193 197 322 256
1 7 7
375 243 29 299 21 205 145
8 3 19
341 102 101 489 160 201 348 487 403 472 169 37 183 356 200 389 224 375 386
1 2 2
34 413
3 13 17
485 130 84 315 169 180 210 196 328 389 7 289 168 163 179 164 149
7 13 14
299 421 306 109 115 345 240 269 473 23 102 414 21 8
7 4 11
437 88 484 396 236 363 3 227 99 166 86
8 16 22
10 363 131 215 420 163 205 176 397 68 178 66 398 185 189 193 341 92 358 127 479 306
8 12 12
105 14 374 283 274 424 288 289 232 9 101 82
1 18 12
405 267 125 50 390 367 200 475 270 131 36 205
9 14 19
283 398 116 182 276 328 394 59 243 338 106 72 479 119 65 267 149 274 238
2 20 9
154 131 373 404 385 50 246 346 473
1 9 2
402 182
5 11 24
455 246 395 376 41 432 219 390 214 206 54 133 231 291 391 351 135 34 183 165 287 496 138 302
7 20 12
464 347 424 238 55 292 293 281 319 100 176 305
3 2 12
220 10 203 212 458 484 317 34 235 120 471 336
8 3 12
367 329 207 224 263 9 162 61 91 396 57 485
6 4 14
274 325 29 126 170 41 3 208 485 463 384 435 310 223
1 3 2
36 35
2 10 23
461 467 62 224 66 231 405 494 203 318 10 425 182 128 334 269 474 482 39 137 174 13 115
6 20 25
253 318 263 355 489 369 445 75 302 493 356 85 352 73 412 161 494 418 9 310 52 470 485 244 335
2 17 17
196 274 5 242 342 487 184 479 172 348 312 68 16 444 89 313 179
1 8 17
338 388 417 469 188 10 309 221 384 454 68 89 362 21 339 467 103
2 4 4
75 384 409 94
1 18 2
458 461
5 15 11
429 91 34 474 2 395 405 420 342 438 232
1 8 2
121 48
1 3 17
89 424 238 13 318 422 291 393 142 127 493 17 235 182 6 85 297
7 16 18
252 231 268 465 386 253 229 406 233 115 358 347 471 210 482 460 9 27
8 10 17
114 449 255 261 97 262 499 232 461 174 475 152 119 260 480 41 412
4 1 8
43 4 363 55 447 38 90 100
6 5 19
339 384 397 428 126 14 355 95 377 181 274 122 92 426 322 70 468 3 197
6 14 10
380 111 178 38 264 92 56 369 293 212
10 3 15
471 165 30 220 210 343 275 307 68 106 111 354 278 168 22
6 2 10
51 69 491 251 38 347 28 419 24 128
5 1 17
313 69 2 302 333 82 199 370 48 397 25 53 308 167 212 216 172
2 7 13
446 150 460 98 79 259 340 27 458 239 381 243 257
1 16 4
466 392 152 184
6 17 14
122 92 96 170 279 165 370 443 484 400 402 384 135 4
8 14 13
205 370 489 12 36 244 407 179 314 95 26 311 265
2 20 11
261 423 141 151 480 208 447 223 338 192 193
1 19 6
275 35 189 93 25 121
1 18 2
264 347
2 20 10
487 303 417 386 239 144 178 126 475 67
3 17 22
320 115 49 86 184 148 381 471 190 287 470 113 56 213 22 358 497 421 488 188 240 285
5 1 17
115 200 491 69 209 202 281 371 134 380 457 151 462 248 290 251 499
10 5 15
482 11 123 210 112 202 381 31 470 262 289 385 285 287 267
5 8 21
247 325 201 335 278 225 343 358 251 324 116 140 92 197 496 27 108 50 107 129 177
9 13 17
157 359 82 231 174 63 421 234 23 455 382 254 448 341 143 385 177
1 19 14
397 161 68 113 212 198 154 388 188 226 41 53 428 442
10 2 17
126 458 482 383 230 39 479 217 335 171 242 140 112 203 95 207 80
3 16 7
1 280 110 409 358 162 119
8 4 25
89 198 224 30 355 299 347 64 221 300 289 63 433 412 183 423 435 22 219 327 306 362 368 267 457
2 5 7
360 0 27 311 158 265 468
16 5 24
45 146 460 64 231 21 391 276 160 84 314 110 173 50 290 403 138 292 175 93 304 373 424 317
1 19 2
402 34
2 16 9
124 442 445 138 441 226 456 291 469
4 20 9
363 349 370 493 135 212 294 217 309
4 13 12
150 262 299 427 359 166 351 321 45 143 362 470
7 20 20
253 334 93 105 320 141 445 147 330 265 458 63 416 179 464 419 74 24 219 335
12 4 22
27 377 44 385 96 474 94 17 384 229 161 263 85 248 469 18 240 116 231 207 131 46
10 12 16
356 102 330 141 191 202 190 88 384 361 226 338 25 452 448 39
6 11 15
53 80 75 356 264 7 382 235 260 309 110 245 335 201 376
14 3 25
26 379 228 28 210 331 149 367 108 68 3 198 83 43 488 473 173 17 27 31 132 460 130 428 62
6 16 10
115 188 449 16 268 303 476 131 337 121
6 7 10
196 206 374 349 132 314 457 27 94 397
2 19 5
396 178 101 43 122
4 12 9
191 24 459 47 81 329 451 12 318
6 16 12
4 420 383 2 74 327 23 407 462 62 390 261
10 19 21
439 201 125 139 18 244 355 409 101 452 417 186 109 235 55 104 420 68 315 91 151
3 9 10
247 308 309 24 234 81 378 244 140 390
6 5 25
256 435 467 466 123 436 250 41 329 338 383 291 428 453 26 321 78 349 114 341 382 480 408 14 62
6 13 16
226 25 2 485 356 420 12 385 396 107 467 261 338 235 294 238
2 7 9
294 191 24 441 229 411 268 110 153
1 17 4
435 339 415 499
3 16 8
45 9 349 60 73 164 410 293
4 7 7
487 25 254 66 207 261 290
1 6 2
186 41
9 20 21
492 333 318 484 495 304 394 471 411 34 202 19 332 242 223 374 320 316 348 79 441
1 12 3
131 36 364
4 9 9
27 79 186 473 355 234 132 193 381
5 8 22
200 341 362 444 216 83 284 132 248 249 150 262 144 176 15 186 45 271 117 296 65 25
3 10 23
68 146 310 460 443 257 258 476 326 337 125 253 83 63 194 398 45 124 20 51 238 89 174
4 18 16
485 424 243 164 241 10 110 413 94 351 342 458 248 333 124 187
1 5 16
418 1 326 63 90 153 112 23 241 318 353 62 225 471 80 231
4 19 7
269 189 301 77 452 389 142
6 12 16
238 481 1 143 31 195 445 262 208 352 94 47 59 488 90 237
11 5 19
417 439 478 407 347 406 346 484 343 101 275 432 451 322 3 23 121 143 390
2 13 4
452 350 442 490
1 20 11
27 34 107 154 342 272 60 474 117 306 408
1 10 3
496 198 266
7 18 15
37 86 292 145 341 454 71 238 417 105 80 50 389 478 363
1 2 24
18 474 140 220 477 145 443 253 454 166 198 435 292 221 353 144 269 429 243 90 242 362 177 79
6 15 11
487 496 19 421 407 22 50 232 159 450 54
10 5 19
467 291 338 224 226 205 300 330 275 214 169 176 235 7 426 259 393 374 57
10 7 25
330 23 287 263 418 185 1 33 327 95 442 294 244 111 115 13 333 298 337 281 306 248 255 30 133
1 8 2
258 154
6 2 10
49 345 423 307 77 445 112 319 232 380
6 11 20
416 419 16 310 494 369 435 219 150 453 229 352 270 146 213 485 113 102 381 243
5 2 16
255 9 459 274 392 288 494 361 420 230 146 351 191 334 5 187
4 19 13
225 448 134 319 251 254 335 63 9 442 120 170 45
1 18 2
121 194
5 20 12
400 398 473 62 8 180 309 223 47 356 367 262
1 19 21
216 387 56 182 70 192 196 315 128 137 153 278 318 311 497 385 98 97 416 442 341
1 14 17
31 412 126 450 30 211 155 274 177 357 27 76 454 148 80 237 289
1 17 21
323 429 72 8 256 170 193 37 168 145 39 389 23 150 296 59 405 178 386 439 171
3 12 23
21 133 153 193 206 379 481 59 212 444 455 392 80 247 185 56 197 398 414 318 284 7 495
3 1 15
133 323 157 492 457 499 367 398 338 135 21 187 472 361 224
1 16 23
345 408 425 67 327 411 215 482 198 76 422 209 166 452 193 311 261 316 453 436 235 102 78
11 2 18
22 33 236 58 0 106 75 398 346 126 387 443 403 288 485 192 438 224
10 13 15
221 227 171 247 465 458 343 72 376 136 201 229 396 144 450
2 6 4
389 310 33 385
1 2 3
188 128 62
5 19 19
369 25 321 227 499 22 318 189 319 494 386 358 282 2 343 138 150 11 158
9 18 18
266 261 417 397 28 459 73 437 77 236 359 9 278 318 403 449 329 362
5 2 8
383 266 163 169 179 450 103 199
6 6 14
157 333 74 11 362 261 428 460 167 343 171 406 463 427
1 12 6
375 163 14 133 379 421
10 2 23
144 368 336 71 352 139 77 126 150 37 382 225 182 364 23 322 122 114 387 399 255 252 288
9 4 17
44 219 415 227 165 92 444 48 348 341 3 360 250 220 134 357 109
1 1 9
338 42 329 458 470 175 133 254 406
1 7 2
450 347
4 9 8
492 179 466 144 216 101 301 319
10 16 17
45 344 442 147 216 352 111 267 484 407 207 82 156 171 397 389 378
2 15 10
8 233 496 231 110 460 255 160 91 200
9 12 21
423 82 395 30 495 42 450 133 498 259 31 327 339 147 90 290 93 255 108 286 463
4 15 12
149 464 194 276 153 303 354 7 480 74 286 26
4 5 16
379 318 321 354 196 421 473 407 30 64 282 35 29 74 422 105
6 2 13
267 37 312 226 144 188 164 124 187 168 336 470 9
6 10 15
345 325 9 250 4 121 462 6 471 415 451 90 36 335 359
2 12 4
375 383 194 337
2 8 20
293 225 450 93 256 42 381 190 422 167 468 403 471 298 5 489 272 72 251 98
1 7 4
413 38 215 349
16 3 24
156 71 379 487 412 278 89 116 310 384 356 131 184 304 240 484 370 440 206 282 127 421 85 458
4 4 6
132 256 113 303 449 298
12 15 24
29 190 494 280 168 439 317 138 117 452 20 105 210 41 78 51 433 1 130 435 489 393 77 92
1 5 6
200 233 183 185 465 457
3 20 12
23 472 99 478 489 185 105 124 153 91 364 437
5 2 25
487 20 212 129 131 313 493 103 304 233 425 399 126 204 55 75 470 7 273 385 321 139 267 159 15
3 20 6
65 209 264 349 83 315
9 4 19
382 376 133 296 422 76 184 185 33 51 424 282 462 368 234 432 132 110 281
2 16 4
177 141 82 37
1 1 8
179 280 24 125 220 470 376 410
4 14 15
201 50 216 36 311 91 482 426 466 224 287 48 192 298 255
11 9 17
87 467 277 221 58 218 47 121 141 205 311 9 481 464 234 106 498
6 17 20
340 183 77 203 128 254 324 222 270 424 475 79 417 171 463 75 401 321 381 407
6 14 15
83 70 490 117 227 139 313 357 96 374 221 30 99 408 255
1 1 2
216 196
2 4 4
123 209 488 331
2 4 9
68 319 480 308 359 124 289 452 404
6 15 25
438 44 223 499 224 40 61 118 238 121 112 164 339 493 261 50 302 462 408 268 180 369 47 249 160
1 18 22
299 417 106 489 361 286 335 43 65 45 53 74 160 69 362 133 163 495 175 459 220 186
1 16 11
63 445 310 320 181 367 330 457 155 127 132
7 3 15
367 390 412 392 387 405 365 87 294 323 235 95 68 65 213
6 8 20
145 195 135 231 159 213 16 48 323 429 241 435 34 477 265 44 389 141 92 113
13 7 21
478 288 73 272 390 482 348 176 485 50 310 474 447 127 96 488 102 465 13 263 291
2 10 19
469 291 164 203 295 427 452 58 4 337 453 108 386 7 55 343 32 84 350
1 12 2
220 261
7 5 17
153 364 239 131 83 157 18 193 431 49 231 78 343 163 186 453 218
4 4 17
21 163 466 468 479 338 2 388 137 191 434 385 371 103 441 203 182
4 12 24
346 98 120 378 325 324 172 402 102 364 48 6 404 239 2 237 201 122 466 236 303 75 376 339
12 4 18
430 321 498 307 300 221 499 206 21 20 0 184 397 360 115 210 349 250
7 18 15
493 66 489 378 42 216 146 212 422 26 74 471 221 137 374
1 11 2
90 449
3 2 9
65 313 133 250 298 287 411 180 433
2 8 4
350 434 68 371
4 7 6
421 335 103 283 30 433
12 11 25
124 155 148 198 152 46 171 130 373 36 222 328 59 128 383 217 32 338 12 464 407 121 180 401 43
1 13 10
203 342 43 207 132 176 257 181 281 146
2 11 8
93 122 64 219 306 115 56 73
5 12 12
476 312 370 282 413 207 159 142 69 411 19 448
7 12 24
358 286 240 251 213 284 92 27 220 439 19 355 149 419 238 309 372 387 20 143 253 362 53 87
3 11 14
290 317 350 141 267 222 168 80 457 409 9 160 79 324
3 16 7
209 225 122 396 288 143 326
4 2 12
223 73 228 39 108 284 399 303 48 369 43 383
7 10 19
154 368 427 172 437 350 255 215 132 393 286 438 231 245 161 212 382 480 389
2 9 7
30 33 197 40 348 37 315
1 9 7
155 9 8 87 20 217 13
5 20 9
412 189 331 393 340 159 98 291 367
1 3 6
411 156 235 443 326 43
1 10 5
222 220 205 376 26
1 5 3
273 45 294
3 15 8
360 359 217 243 487 5 442 86
6 4 11
170 51 370 467 261 1 297 333 138 161 425
3 11 5
278 148 199 344 195
6 16 11
68 233 463 440 337 36 266 328 370 48 310
1 18 9
292 362 272 96 81 314 288 11 101
1 9 9
450 350 128 358 101 323 344 211 341
2 10 4
303 77 6 325
8 3 23
32 149 28 306 329 101 75 480 302 166 248 172 348 215 122 361 308 209 189 60 79 190 256
6 15 19
164 231 347 55 137 282 395 230 364 98 71 423 387 16 399 370 36 495 192
8 9 21
261 24 94 47 362 384 89 125 495 58 409 419 373 131 353 398 91 466 213 304 416
1 8 6
367 482 261 46 65 238
6 10 18
464 196 98 495 30 94 13 280 380 148 314 268 270 358 373 388 64 22
1 20 19
158 29 157 489 120 409 470 271 17 366 268 106 170 212 291 210 314 258 429
1 7 4
26 283 108 438
8 4 12
479 346 53 34 207 193 27 43 363 223 71 378
9 5 24
202 216 289 447 160 473 222 330 343 108 451 256 461 254 389 358 81 20 138 218 132 331 234 73
1 9 3
192 492 404
8 12 24
443 325 145 270 273 120 174 453 87 146 30 498 426 369 262 336 150 196 370 282 323 114 229 62
16 3 24
389 231 113 154 335 224 304 353 197 309 10 240 406 367 419 218 312 484 414 403 482 413 54 82
4 11 20
145 129 195 437 326 210 158 397 228 415 313 495 312 280 253 89 198 39 276 92
1 17 14
23 388 307 36 183 465 467 490 305 5 140 186 476 499
6 13 17
253 334 14 380 289 179 199 9 129 162 155 43 175 17 145 22 79
1 8 13
310 92 262 83 209 481 99 265 356 257 456 487 44
4 13 11
337 271 163 497 427 394 92 474 34 89 256
10 19 18
238 206 411 183 431 389 170 254 388 159 181 185 153 73 179 288 162 302
7 11 23
444 384 62 314 344 41 305 453 153 53 471 243 351 407 77 245 443 499 255 437 25 211 137
2 5 4
70 212 237 89
9 4 14
60 15 420 57 229 108 353 376 496 384 269 388 0 442
9 7 22
241 138 355 213 365 402 394 133 57 408 257 268 298 187 143 30 425 458 87 126 446 174
9 11 24
202 85 494 364 269 273 90 0 191 301 244 421 418 99 432 24 173 89 95 201 335 127 19 132
11 10 25
225 167 416 180 208 346 178 499 20 377 349 72 190 254 262 336 441 366 318 414 224 163 362 331 359
4 9 14
240 82 341 314 313 214 47 357 188 116 98 39 217 232
1 8 5
450 135 115 10 63
5 18 19
345 475 332 97 354 409 273 350 284 453 256 377 36 280 461 124 276 35 247
8 5 24
275 173 34 118 14 65 102 197 48 226 110 231 6 189 309 139 74 468 100 225 49 373 69 160
1 7 4
264 428 135 119
2 7 25
32 125 418 149 113 328 110 203 37 376 133 100 136 144 160 265 210 61 427 484 83 211 275 238 114
1 5 2
127 23
1 17 10
366 149 489 388 423 253 404 483 380 101
2 17 4
136 478 4 125
4 5 11
362 103 91 359 23 403 408 39 207 484 324
3 18 22
0 289 222 369 182 484 412 360 487 69 181 438 406 465 18 147 337 399 414 179 417 87
2 10 4
201 404 164 323
1 6 2
292 257
3 13 7
61 177 1 424 52 17 63
1 4 2
129 176
1 15 6
446 167 199 76 353 328
1 7 3
124 324 73
3 8 7
151 472 320 290 127 253 309
4 19 7
314 362 394 380 329 106 99
10 14 17
169 47 74 455 474 300 273 66 492 179 434 457 45 154 421 235 5
15 3 24
428 124 155 7 167 135 360 495 4 236 139 407 99 433 170 450 182 348 73 142 249 253 28 240
2 3 3
464 138 23
2 9 4
450 304 406 289
7 3 21
437 227 79 44 420 245 404 360 487 187 294 377 366 462 348 436 100 38 456 442 97
2 20 20
419 430 347 320 256 39 493 116 303 118 326 384 223 199 50 362 464 193 123 200
1 19 13
425 261 158 274 285 12 339 298 375 371 163 196 450
5 4 9
217 365 81 450 497 215 296 199 270
9 15 24
485 284 77 484 423 253 226 248 90 70 86 263 22 146 477 236 274 442 439 58 406 408 313 302
3 18 9
412 450 427 68 95 406 301 373 178
4 3 6
59 306 147 402 368 305
10 13 20
237 147 60 168 118 337 39 213 314 243 149 189 266 355 136 110 43 458 290 1
2 9 21
50 238 298 243 263 283 268 2 219 56 13 426 44 235 269 121 70 330 277 87 307
8 2 18
166 474 190 422 447 446 356 13 194 0 176 492 456 46 370 359 382 479
3 12 5
327 14 231 241 194
4 2 18
178 299 105 224 14 217 359 327 9 50 202 404 361 37 278 309 285 379
1 3 7
318 44 459 489 276 255 237
6 8 15
396 51 56 220 325 327 281 251 234 249 208 462 324 384 461
11 11 23
247 289 327 349 237 84 277 69 399 371 259 144 315 477 239 104 116 25 82 440 273 125 183
15 18 23
208 435 83 0 338 272 211 10 412 311 30 284 302 280 474 23 290 243 26 271 109 89 267
10 16 20
319 341 472 52 475 364 191 111 334 325 18 203 487 346 464 351 181 242 383 436
2 16 16
451 490 252 391 278 99 197 242 218 492 418 271 285 61 376 188
2 19 9
99 404 437 386 102 268 155 420 434
3 20 7
237 126 416 46 19 95 83
1 13 3
498 305 27
4 7 10
200 353 254 352 182 429 258 494 105 308
4 13 21
57 88 18 134 115 366 456 334 63 295 172 9 89 475 76 31 403 79 112 202 333
2 16 3
165 126 34
3 12 23
300 470 262 477 429 314 406 133 380 12 288 339 144 266 95 479 382 208 265 327 409 10 151
2 7 4
430 458 59 438
4 2 8
41 11 144 433 257 125 174 368
4 11 18
8 180 61 498 407 466 431 207 434 81 141 347 497 259 314 368 224 80
5 3 11
98 288 397 76 429 376 244 103 348 17 200
14 10 23
63 348 204 224 329 443 401 223 491 213 413 170 422 55 248 260 280 272 148 221 281 238 296
12 13 25
45 374 54 146 265 499 63 153 273 468 242 302 25 216 157 225 104 389 313 309 31 124 488 92 367
2 13 4
481 353 384 337
4 11 10
94 131 10 414 112 136 32 478 386 460
5 17 24
244 417 87 334 443 413 61 324 70 64 191 481 415 396 147 408 130 339 322 365 369 94 494 499
1 3 2
144 22
10 20 18
473 28 62 234 405 168 138 170 401 385 55 88 257 432 439 466 323 239
12 5 24
193 484 127 51 352 359 394 391 84 434 437 398 3 338 9 56 424 196 370 384 474 86 172 11
2 9 4
411 152 15 437
3 19 15
392 85 339 396 224 28 274 292 293 53 22 253 461 294 199
3 7 6
337 498 362 401 47 219
2 7 4
46 150 124 211
7 7 24
393 215 52 217 407 264 392 162 127 372 142 4 24 257 72 178 225 13 267 161 327 55 254 310
3 8 5
379 289 330 292 295
1 11 8
207 97 223 72 385 198 41 243
4 12 6
182 230 387 188 90 132
16 10 24
4 309 134 283 396 218 405 52 478 360 460 231 472 94 452 369 485 127 190 325 257 209 255 451
3 11 8
102 184 351 36 164 313 103 19
7 13 16
101 148 65 220 292 312 164 284 121 59 211 68 24 455 454 442
1 16 5
307 4 76 39 90
2 18 3
280 466 141
4 15 7
408 7 255 454 140 41 110
12 19 18
372 198 210 493 246 405 63 412 275 393 301 37 319 130 345 99 184 73
3 5 14
114 133 457 431 217 38 292 323 317 99 89 77 474 248
1 14 2
343 23
1 8 24
131 327 169 452 143 195 303 28 60 314 172 275 316 432 192 132 419 247 130 189 83 11 12 465
2 18 4
245 53 321 334
3 8 17
194 248 103 74 324 466 481 30 23 167 46 163 15 176 79 273 388
7 5 18
23 457 130 99 228 159 453 398 112 271 488 73 83 327 53 315 195 54
11 11 24
373 93 62 288 348 419 192 190 170 147 466 488 24 224 268 104 434 13 453 215 235 496 339 492
4 1 14
434 460 488 53 263 301 84 79 378 417 102 299 314 122
3 6 16
410 2 398 88 1 183 138 159 322 26 309 70 69 215 430 328
2 16 12
32 444 79 216 148 496 458 25 434 487 240 387
10 3 23
86 54 399 210 276 94 170 365 413 258 245 445 439 200 190 138 30 364 6 427 230 487 459
1 12 18
472 78 168 371 47 165 13 260 460 45 178 32 464 444 35 268 489 360
4 1 16
372 251 420 94 435 262 427 481 123 300 205 125 364 227 34 303
6 9 23
355 199 176 474 109 261 230 310 160 133 423 225 129 158 477 88 293 259 412 238 33 417 362
12 13 22
219 473 329 404 149 338 385 463 386 208 82 252 375 437 22 460 195 142 331 105 62 6
2 9 18
184 211 180 265 142 20 344 68 440 244 250 71 164 458 209 90 369 187
1 9 12
351 272 133 197 345 326 394 72 250 16 238 176
7 18 12
487 168 258 226 494 31 403 379 173 86 158 204
1 18 25
417 80 37 425 22 362 79 344 132 114 241 178 372 116 484 405 487 446 270 108 119 441 42 262 310
11 14 18
4 398 395 260 248 214 358 217 181 433 473 288 186 34 143 431 75 275
6 8 22
153 96 338 360 32 301 171 250 180 382 64 379 367 450 304 88 377 388 212 191 343 85
3 7 16
391 299 400 235 228 262 347 304 486 166 187 495 244 250 336 162
3 7 25
158 252 390 287 433 168 377 483 128 21 78 191 370 291 424 98 100 485 447 343 280 497 107 466 141
9 15 20
293 230 150 96 313 271 23 316 162 61 236 257 329 47 149 375 140 310 71 18
4 14 25
462 262 271 401 376 223 348 233 252 187 478 459 16 407 72 370 184 292 132 40 397 25 419 363 116
3 12 18
333 87 167 262 368 109 185 376 414 325 249 263 81 442 405 353 7 198
5 13 22
299 20 96 333 284 369 46 241 107 320 53 362 420 251 80 198 355 343 222 207 105 200
3 17 9
110 192 94 244 409 486 170 9 368
3 2 18
101 137 456 76 176 339 272 435 296 234 225 414 402 193 42 121 39 356
1 18 7
284 174 197 475 465 416 204
13 18 22
340 483 27 291 220 181 306 5 343 499 194 436 289 325 496 177 211 208 149 45 301 213
12 16 21
152 169 278 302 358 308 408 418 107 429 221 319 483 236 342 213 386 181 86 84 411
2 14 5
215 454 57 336 101
5 9 10
152 420 446 482 335 411 162 404 124 364
7 15 16
436 16 439 145 234 387 499 309 275 79 228 198 370 8 272 138
9 7 16
7 3 141 32 496 34 369 174 110 485 302 56 64 438 210 117
2 1 11
220 178 117 439 64 212 376 323 163 365 275
1 1 2
265 423
6 5 12
325 373 491 127 81 448 131 44 164 466 82 41
7 15 19
421 414 311 97 454 298 191 10 197 211 483 286 484 387 288 93 130 297 63
2 14 4
204 334 67 162
9 17 19
169 249 13 23 122 339 455 115 130 181 152 212 206 485 160 315 36 400 415
9 6 15
452 184 490 193 101 277 164 236 318 377 308 81 434 214 56
2 7 6
161 172 73 458 358 211
1 8 3
300 134 70
3 15 18
324 438 284 132 453 285 342 5 123 81 203 26 398 45 69 171 57 105
4 11 10
321 359 420 309 141 198 486 173 96 106
13 20 22
189 201 66 371 31 494 422 150 253 236 441 171 82 474 274 360 361 395 23 154 313 14
2 17 14
491 399 412 383 419 387 426 286 335 468 21 245 452 266
7 4 12
492 356 19 450 495 445 194 183 427 205 68 453
12 6 19
92 107 190 248 414 6 104 118 471 226 347 268 20 235 338 137 381 296 65
2 16 9
164 182 61 258 412 80 396 314 292
1 18 3
285 247 357
2 13 19
223 139 171 105 395 90 101 72 292 414 79 43 257 480 387 206 145 245 388
3 10 13
249 329 293 171 281 182 205 414 301 90 273 481 46
3 14 18
75 292 489 92 403 449 3 268 126 51 213 209 491 409 474 279 415 448
5 11 9
434 182 270 487 341 456 454 335 129
13 4 20
447 24 222 320 337 256 308 241 182 485 133 164 204 93 76 266 45 487 242 183
9 11 21
257 50 281 92 456 126 133 174 87 274 65 121 61 5 453 279 435 485 254 114 416
6 14 16
415 295 339 406 282 46 0 352 407 402 92 267 52 488 123 262
2 1 21
145 39 448 389 337 146 460 477 231 394 447 88 265 236 261 328 360 135 375 459 397
1 12 8
340 272 225 278 296 232 58 168
3 5 22
137 116 274 418 122 134 219 317 253 466 4 252 94 291 298 142 439 247 459 232 106 461
3 16 5
409 349 291 455 354
1 3 4
51 362 282 64
1 16 4
378 307 343 173
2 12 3
452 454 1
1 9 9
151 487 395 361 3 482 468 407 237
1 17 14
272 405 130 70 134 332 38 478 128 446 68 386 292 92
9 13 14
173 482 6 218 356 20 181 380 461 202 349 338 302 373
6 10 22
449 298 22 13 155 446 284 397 486 220 379 131 240 1 249 442 255 194 436 426 274 122
7 10 21
209 305 100 363 210 74 170 435 414 410 171 341 105 264 447 43 262 479 173 375 168
6 20 10
197 2 428 170 268 77 17 480 437 23
5 8 12
432 245 228 100 252 72 333 466 59 202 291 441
2 12 10
321 250 479 395 430 180 455 435 35 350
16 14 24
244 416 178 276 18 327 54 116 345 31 303 166 417 113 210 104 27 10 46 118 266 55 195 447
7 16 15
425 179 119 426 342 367 418 442 162 95 487 379 495 150 115
6 16 10
288 234 202 104 136 257 20 263 348 206
3 3 5
270 431 495 301 108
1 13 12
20 103 437 416 284 499 330 413 429 198 2 264
3 11 7
80 55 275 323 36 63 197
5 2 21
217 166 338 14 453 167 22 254 411 299 359 202 496 416 239 298 274 71 485 224 16
4 14 17
363 475 398 81 333 22 478 440 225 144 30 72 167 384 5 6 374
7 3 13
152 228 12 289 290 22 151 342 354 198 11 130 100
9 14 17
136 149 73 184 263 46 469 222 356 342 198 296 381 199 23 417 109
10 2 17
77 284 278 87 469 214 6 353 57 473 402 483 237 160 495 74 416
11 16 20
414 130 136 359 324 257 497 33 471 16 468 78 45 15 487 2 97 53 129 207
1 18 2
111 271
15 2 24
59 250 275 190 448 253 183 417 129 254 290 36 265 410 237 478 115 397 57 379 49 72 91 424
3 14 21
422 191 391 363 335 50 316 393 351 481 33 59 144 32 8 439 331 167 403 361 311
6 4 18
85 165 496 271 41 431 481 156 84 353 126 361 145 452 192 88 200 436
1 19 3
428 313 321
2 1 3
163 473 16
9 2 20
201 465 395 46 474 475 163 336 460 38 176 115 14 360 321 16 30 97 51 332
5 15 12
442 155 351 384 0 397 231 34 443 181 257 422
7 14 13
118 321 422 120 220 256 285 478 80 399 132 48 22
1 14 2
486 45
1 11 2
488 475
4 15 11
496 372 434 413 281 115 142 228 248 136 366
8 8 14
70 22 349 417 155 51 34 93 290 63 466 171 245 484
1 15 24
498 299 12 33 339 475 62 470 457 391 107 207 187 287 275 474 185 433 449 55 235 372 443 229
3 5 23
46 200 374 313 245 330 332 326 92 39 127 44 406 442 399 318 64 486 294 160 352 67 95
16 20 24
495 499 174 213 309 334 267 184 467 179 137 43 16 379 109 448 307 489 205 124 150 75 238 216
4 15 13
114 408 27 55 461 281 294 399 351 448 33 289 481
9 5 16
485 311 137 76 301 310 37 211 402 330 19 145 302 35 430 261
1 12 2
358 418
1 20 11
24 495 341 464 422 60 407 418 243 430 294
4 16 21
223 295 328 61 443 344 338 406 43 155 127 33 36 267 430 269 206 341 366 105 258
1 1 2
114 281
4 11 14
193 222 110 119 109 112 457 269 465 469 154 252 306 345
7 16 24
361 402 31 237 467 455 3 20 16 286 268 262 300 293 287 386 105 254 317 332 412 378 46 171
10 16 16
406 348 158 384 120 54 398 18 216 242 8 85 315 285 265 196
6 17 24
26 448 458 261 355 54 363 105 168 6 226 155 241 174 62 328 429 239 410 10 18 329 67 91
7 2 14
39 377 186 301 93 168 418 139 83 99 288 371 221 27
3 7 6
353 269 117 337 376 397
1 15 6
342 91 152 448 238 302
8 7 14
286 235 299 275 201 61 373 447 115 60 132 27 145 241
13 4 23
489 376 98 493 258 31 395 321 239 443 267 27 475 35 202 330 312 233 68 273 253 389 409
1 9 12
133 304 195 354 246 18 353 187 239 472 159 255
7 18 19
397 382 276 454 256 29 379 308 407 413 304 76 479 234 196 246 337 264 338
1 14 4
172 475 382 355
1 5 19
82 70 161 393 419 443 88 216 30 478 466 271 39 388 447 9 175 327 272
1 6 14
212 225 315 86 285 203 133 412 156 60 219 316 98 492
2 1 16
324 256 221 296 442 474 165 490 460 302 197 378 429 70 189 164
10 10 20
218 166 56 76 372 456 277 498 33 273 274 184 286 395 422 488 384 464 276 88
2 15 23
147 80 67 374 440 281 411 211 485 323 298 197 395 401 359 498 48 98 126 192 260 264 304
10 9 15
196 220 440 174 200 476 62 111 240 207 352 398 284 152 404
1 8 2
116 77
3 18 6
204 189 77 483 375 459
6 13 22
257 156 269 38 351 25 276 158 3 169 74 133 401 337 492 192 146 140 53 447 26 170
5 16 8
262 199 352 108 462 413 403 261
2 20 12
163 148 33 32 413 158 486 22 443 30 47 463
5 16 13
335 417 57 12 246 343 170 14 190 348 133 115 157
4 8 17
120 201 227 417 211 48 492 218 38 42 402 346 329 7 358 150 462
1 8 3
66 356 319
2 7 4
497 48 50 203
5 4 11
102 345 334 343 261 141 50 406 446 346 339
7 11 14
217 167 304 313 391 200 175 443 121 187 489 78 208 21
1 13 21
370 440 141 304 436 318 354 96 461 172 132 292 245 138 186 38 26 100 36 247 59
2 3 19
459 309 340 159 88 272 373 142 183 287 77 445 130 347 13 162 62 490 197
2 10 5
90 113 54 378 163
8 19 12
108 281 122 26 386 69 332 45 5 154 57 95
12 17 23
331 142 385 213 451 379 174 225 490 344 29 485 275 194 201 414 262 422 388 367 394 449 191
5 10 17
277 11 305 238 164 156 36 491 281 384 258 385 445 428 4 114 5
7 10 25
279 414 20 173 447 396 376 451 254 198 149 273 425 267 178 421 1 333 334 322 300 93 13 361 464
2 1 10
316 18 113 439 108 64 32 63 212 80
13 19 20
276 408 444 221 292 377 305 4 169 400 143 485 74 53 98 154 209 455 208 223
7 16 16
188 434 208 404 234 296 276 197 113 74 90 221 439 286 487 361
2 13 10
391 399 418 39 119 384 289 466 195 245
9 6 16
473 498 474 252 483 302 322 82 312 352 499 309 451 221 96 395
2 11 4
251 259 39 5
11 9 19
384 394 397 38 136 456 336 36 144 206 198 431 358 56 263 461 122 77 220
1 13 6
342 452 483 496 312 81
14 4 24
190 490 155 294 57 265 17 459 152 295 81 263 96 33 330 208 53 301 158 327 83 386 381 127
13 4 23
94 216 360 323 178 369 357 447 81 306 200 104 247 103 284 301 112 358 263 186 391 136 383
14 1 21
480 144 343 397 357 33 232 287 243 289 472 320 454 499 143 98 327 202 361 168 196
10 14 18
295 473 409 286 318 260 183 382 188 494 166 465 489 466 56 289 110 84
2 1 14
238 173 79 138 123 481 143 217 232 309 275 18 299 197
11 19 23
49 136 75 137 441 60 107 15 372 483 289 218 220 160 283 144 31 386 3 480 471 197 451
7 2 19
269 206 13 51 439 126 39 48 153 81 110 264 325 100 486 425 285 478 207
4 9 21
493 273 488 109 134 433 424 259 76 122 55 401 265 396 475 308 496 314 181 242 218
9 10 19
119 141 327 397 352 169 497 379 267 492 127 159 5 303 250 473 148 334 345
4 14 21
430 291 268 172 243 224 484 313 328 471 270 144 323 398 177 94 92 133 369 392 98
11 4 17
310 105 398 300 90 53 112 377 303 341 470 236 43 332 288 348 328
6 8 16
237 432 485 348 325 179 109 53 451 361 216 71 58 406 321 170
13 20 25
199 18 48 123 493 69 11 360 9 467 330 369 417 65 272 435 393 46 332 413 87 98 57 111 371
8 4 23
169 108 144 137 48 283 147 409 193 191 424 341 329 317 29 464 469 25 436 110 334 423 153
2 15 10
46 409 116 261 3 163 214 396 254 355
1 15 4
148 407 124 432
3 1 21
151 51 400 55 498 16 220 97 250 455 481 471 433 477 13 126 256 98 68 18 344
1 16 11
327 189 484 84 255 177 124 108 101 126 385
5 19 14
148 252 432 12 481 287 123 183 0 37 15 468 215 450
6 3 18
448 215 122 307 444 249 58 317 303 203 462 9 190 285 297 163 257 112
12 19 21
419 394 21 380 98 409 398 216 462 160 355 472 72 466 325 307 71 139 116 290 23
3 3 17
451 114 252 489 73 267 126 235 313 112 131 162 130 426 202 15 396
6 1 12
485 475 453 80 459 93 420 56 172 121 271 77
2 1 8
372 196 338 132 120 44 89 362
5 13 8
265 392 159 467 442 285 486 24
2 2 3
491 38 247
9 15 15
305 107 295 499 131 21 148 281 146 486 255 202 480 51 154
9 13 17
127 428 438 311 338 319 273 151 473 392 221 418 108 147 24 369 175
6 5 9
22 483 225 130 403 72 293 165 200
5 19 18
6 110 465 446 179 321 78 251 449 93 325 10 140 209 497 66 113 369
4 3 19
449 5 332 289 216 8 30 151 61 79 159 238 118 427 437 177 440 54 189
3 13 9
469 210 424 431 260 408 438 130 163
6 4 19
496 208 4 165 174 495 436 455 249 489 64 358 125 353 113 309 402 395 417
1 18 2
120 70
7 13 14
240 4 51 391 415 398 365 484 385 209 448 279 46 399
3 7 15
21 412 133 23 191 125 390 340 274 144 325 328 227 275 57
2 18 7
193 392 256 299 352 216 274
14 1 22
186 108 395 22 351 70 283 365 390 380 409 252 14 413 328 471 255 232 18 291 210 50
1 18 11
178 282 295 492 327 399 398 230 463 346 308
4 3 22
229 387 266 479 278 428 45 104 365 204 136 206 245 218 363 458 361 215 347 12 62 465
1 4 2
435 453
2 10 13
85 37 428 284 66 11 52 215 479 243 398 5 386
9 4 25
207 278 89 492 456 241 216 167 229 315 233 197 337 200 65 254 240 348 94 309 458 109 289 100 284
2 3 5
78 174 155 214 325
12 4 22
487 442 108 385 155 94 213 448 54 315 383 57 357 134 152 446 75 325 140 214 283 248
2 3 7
444 402 137 254 122 231 226
4 7 18
16 106 212 279 154 170 479 488 276 77 226 43 299 412 114 137 147 484
6 12 13
165 10 57 155 158 94 387 335 436 420 33 60 415
10 9 16
26 498 149 387 13 148 418 241 448 282 45 74 386 496 199 436
4 16 14
396 295 405 409 440 265 275 180 191 218 159 480 138 233
6 20 9
263 48 412 340 31 393 223 388 74
8 15 15
80 25 224 146 400 459 38 412 159 407 192 121 142 350 49
3 8 15
248 213 5 228 34 384 236 232 332 462 268 406 162 59 183
5 10 10
104 55 243 452 495 402 150 24 460 212
13 19 22
384 218 302 281 81 250 469 86 285 118 337 273 455 21 243 217 329 233 307 412 427 479
10 14 17
314 64 159 356 465 186 461 442 217 424 440 92 201 8 282 206 439
4 10 7
348 47 149 253 370 398 144
5 10 13
81 87 493 455 262 410 175 88 250 135 107 446 347
9 5 21
481 386 320 178 309 466 223 364 442 330 169 361 486 293 141 120 46 9 408 148 451
3 16 14
145 131 402 253 400 377 160 299 348 58 86 87 218 304
4 4 11
419 432 135 461 214 53 405 462 457 210 383
3 13 7
192 148 68 182 20 98 320
4 18 11
328 283 20 427 131 456 426 362 460 344 363
2 5 19
71 186 430 103 402 379 34 350 153 168 369 150 47 108 19 459 475 89 39
1 12 4
360 224 54 200
2 20 5
92 366 343 286 86
2 20 15
39 498 241 152 242 96 238 356 158 289 109 219 478 140 489
1 5 21
464 276 139 40 20 274 474 283 197 455 392 2 48 263 456 152 399 98 175 233 200
4 1 9
114 6 234 43 215 240 394 242 185
11 18 21
383 143 385 496 123 235 355 425 14 30 247 489 18 229 400 82 23 151 444 29 227
2 20 3
15 83 213
6 18 22
428 196 303 135 266 465 222 441 221 126 1 445 46 301 169 176 70 183 71 199 405 377
9 2 16
469 10 146 495 471 59 227 248 14 435 243 260 116 206 410 157
4 2 18
457 488 337 162 466 342 86 234 41 214 325 240 25 432 196 335 213 118
4 1 14
66 328 345 418 297 405 242 348 325 126 110 263 406 127
2 4 3
121 353 410
13 7 20
470 456 346 367 251 153 319 144 159 74 26 339 35 295 321 484 440 299 473 18
1 20 13
89 80 301 215 267 339 452 16 425 56 489 422 391
9 8 16
187 373 390 247 291 128 494 233 180 216 311 370 363 38 245 240
12 12 19
158 83 9 389 114 13 173 131 358 445 219 17 303 413 149 346 408 0 321
4 1 7
498 456 246 328 89 240 350
7 6 18
469 29 99 12 438 112 147 108 96 16 462 332 78 164 208 354 184 88
8 15 19
153 20 11 273 484 183 403 25 362 100 8 469 31 328 280 393 364 374 193
2 8 9
124 274 7 47 74 182 378 24 313
15 10 25
436 413 87 125 405 310 398 156 472 174 230 60 345 37 343 35 80 318 16 299 235 197 362 402 322
1 4 2
53 210
1 10 2
98 141
4 17 7
366 225 256 250 269 278 466
1 19 2
185 193
8 6 21
448 339 295 293 406 255 43 52 365 420 491 53 343 90 480 193 14 394 381 280 82
4 8 24
67 344 36 132 158 182 430 98 208 165 267 284 26 261 96 35 368 362 329 359 45 226 337 423
2 7 6
497 118 79 348 82 104
7 14 11
473 340 313 182 170 168 35 345 238 229 239
15 20 23
216 453 47 408 3 432 246 296 385 7 89 455 16 232 290 381 379 298 217 338 18 286 307
10 18 25
185 102 229 315 466 271 328 259 46 460 345 166 253 428 117 168 286 388 347 340 12 417 0 108 338
2 8 7
88 479 44 135 402 309 87
2 20 4
393 392 486 20
6 4 10
296 449 82 260 267 492 360 402 394 30
9 8 20
480 224 363 194 106 72 456 315 117 324 329 3 201 226 436 450 469 347 85 274
2 20 10
65 136 254 21 486 102 373 363 232 328
6 9 13
107 448 48 227 9 490 378 92 310 263 219 60 23
4 12 8
178 66 481 43 436 85 420 418
1 10 2
273 445
8 15 19
371 386 38 224 253 61 295 262 252 331 438 21 151 122 425 301 270 36 297
7 5 20
271 152 324 103 420 47 102 172 427 438 179 170 365 379 349 421 356 442 368 124
5 10 23
191 33 138 257 88 148 320 244 135 170 474 296 22 427 193 143 160 354 6 442 488 152 345
3 18 14
211 435 232 270 66 158 194 345 459 144 306 229 351 445
1 14 4
192 334 394 300
7 16 18
371 80 249 477 114 454 418 48 276 419 281 382 6 347 267 381 73 285
6 12 14
402 364 124 136 236 302 54 482 57 242 490 234 382 455
3 7 5
47 406 65 119 391
4 15 10
309 389 391 284 188 68 274 432 10 483
3 1 8
450 247 328 412 191 72 278 487
6 5 12
162 376 463 373 192 90 459 181 22 96 245 36
1 7 3
362 308 120
5 17 22
424 246 66 133 383 35 86 89 348 482 127 432 197 454 94 100 243 421 484 45 417 233
4 20 12
385 191 341 186 264 470 217 326 487 214 270 166
1 7 13
51 60 325 82 158 285 493 368 233 0 252 26 151
1 6 5
437 249 154 188 0
3 5 11
492 19 0 189 149 23 396 58 236 359 81
3 7 22
231 436 426 380 490 179 118 132 304 309 59 378 393 216 277 124 428 16 246 418 447 425
3 10 25
324 285 416 268 441 321 92 69 365 397 73 194 52 377 190 427 145 318 136 112 328 146 438 57 65
12 9 20
262 313 223 469 260 228 2 246 279 383 236 102 312 147 169 450 222 330 42 233
5 5 9
53 352 469 281 443 81 471 485 475
12 19 18
169 31 43 353 67 288 22 63 227 154 87 418 359 455 480 39 210 332
2 10 9
310 211 76 265 46 98 468 16 113
1 1 6
341 203 132 185 64 230
3 12 10
449 48 498 76 406 301 456 161 57 36
1 6 4
273 67 419 146
2 1 15
428 411 116 345 148 390 457 405 90 403 256 229 19 352 454
14 1 22
91 1 475 420 424 440 18 12 289 476 319 393 257 93 66 15 77 143 404 126 453 39
5 15 22
389 93 116 56 476 49 311 393 316 180 79 434 119 308 168 387 59 181 384 391 213 43
1 9 16
274 486 171 463 80 378 468 300 48 342 14 168 294 89 207 467
6 12 21
194 6 351 104 120 341 240 248 217 449 48 293 258 39 311 68 109 232 28 130 470
5 6 16
323 478 217 118 440 251 463 314 33 357 366 160 250 29 425 77
2 15 22
416 390 13 386 288 406 14 171 4 392 301 162 300 349 57 404 324 251 375 419 175 148
15 15 24
143 383 79 184 405 319 348 460 438 451 292 114 205 193 428 304 265 344 470 4 211 443 317 422
2 10 7
93 135 237 121 251 265 268
2 19 6
401 375 346 67 165 108
2 11 3
202 11 468
1 18 9
95 29 355 116 426 109 183 19 369
3 17 16
76 53 337 338 419 166 411 211 263 215 400 24 13 218 402 61
12 18 21
245 417 263 71 251 415 285 347 378 463 146 42 311 36 366 459 412 490 355 485 354
5 18 22
253 238 418 333 401 402 11 480 216 261 97 179 371 220 307 455 16 180 92 225 263 475
10 14 16
404 420 98 306 193 115 36 287 435 56 140 316 185 417 60 176
11 15 23
391 469 393 6 489 143 468 392 358 209 278 88 79 334 484 74 92 308 313 458 351 133 57
2 11 4
471 365 401 29
4 19 12
401 440 147 164 112 495 473 184 414 38 74 280
5 15 14
150 379 434 278 36 474 443 109 399 166 17 238 90 336
7 6 25
489 482 28 393 378 105 172 254 260 495 211 421 302 10 433 285 210 400 387 199 442 395 247 275 58
2 20 8
367 263 146 302 203 139 251 495
7 5 11
221 10 110 179 232 480 327 359 126 170 185
13 9 21
130 265 414 199 58 188 470 338 448 497 435 132 105 445 313 377 484 112 172 184 355
5 4 9
374 471 270 442 211 447 56 245 292
8 9 12
296 108 60 165 198 467 473 448 388 369 476 27
6 10 15
104 70 105 327 93 314 68 1 208 285 37 240 265 401 164
10 1 21
400 285 320 253 343 405 451 311 69 309 328 403 126 243 442 375 90 85 430 67 119
2 13 4
435 488 440 395
8 4 15
345 303 384 178 440 191 476 323 358 461 370 263 402 186 30
1 14 4
98 327 437 157
1 10 22
17 196 291 354 24 470 83 309 81 131 347 450 367 489 376 218 175 129 490 348 286 400
6 11 10
9 484 298 426 0 216 2 167 396 343
2 11 16
347 218 159 451 220 318 495 497 217 190 316 205 225 236 124 199
13 3 20
28 270 90 167 386 400 475 317 476 223 144 297 456 153 139 471 104 282 110 147
5 13 8
483 41 481 244 215 220 472 167
7 14 19
103 250 421 47 132 371 183 175 159 425 498 46 486 391 106 480 400 261 361
1 9 18
422 238 177 183 80 173 266 492 274 3 425 4 399 112 119 128 315 162
13 2 23
71 444 222 141 217 6 229 190 403 241 324 248 276 132 184 281 471 327 412 482 98 495 267
1 17 17
352 304 374 314 199 312 155 431 476 369 441 436 124 146 398 477 163
2 5 24
139 158 201 21 421 255 175 91 188 9 315 260 495 148 146 358 116 160 42 3 291 378 327 367
3 20 14
167 102 52 139 285 310 109 75 353 143 317 436 96 346
12 20 22
443 289 439 153 52 115 446 250 329 119 53 164 201 353 374 12 398 4 122 243 229 444
2 14 10
314 237 186 46 348 397 4 414 68 493
1 13 2
321 433
2 5 20
427 107 363 154 496 240 403 15 263 342 17 484 267 329 493 34 346 76 245 368
8 1 16
460 433 78 389 71 477 203 43 81 207 137 169 129 260 106 31
3 18 12
352 9 206 164 65 304 406 87 36 303 11 105
9 3 24
250 313 338 209 287 20 459 142 144 206 29 406 349 286 202 387 214 181 322 431 273 118 294 291
2 15 3
316 118 431
1 14 5
446 26 54 297 84
1 6 7
37 271 372 140 119 230 152
5 5 8
217 346 293 45 322 492 227 389
1 12 4
238 340 402 79
7 7 14
94 462 116 216 374 322 245 254 131 440 233 347 149 120
2 13 3
389 22 33
1 19 12
79 209 24 30 345 223 75 360 431 385 380 140
5 2 18
193 25 428 250 14 400 412 135 39 51 23 278 46 320 146 74 358 300
2 6 4
381 196 414 394
4 19 8
53 397 237 493 192 199 135 488
1 19 2
8 341
7 2 19
52 222 480 191 178 247 373 245 235 93 468 392 422 244 13 146 231 38 333
5 13 11
46 291 157 198 380 474 479 451 49 124 430
1 10 8
448 364 240 221 112 343 116 256
8 15 20
206 59 359 38 76 264 309 392 448 254 61 293 26 430 125 353 100 179 34 105
3 2 9
496 389 43 245 398 44 486 424 37
10 9 25
316 7 436 359 284 105 430 11 101 410 454 464 194 387 367 81 285 120 271 10 420 6 82 461 371
4 18 21
191 382 337 374 379 252 102 448 202 320 476 211 364 47 176 57 463 303 158 423 0
7 17 12
298 306 361 322 295 259 106 376 65 327 212 458
15 2 25
343 237 172 211 63 159 79 383 17 450 188 277 316 384 420 324 372 230 73 177 417 47 326 81 399
3 20 5
10 469 467 28 337
4 7 25
193 101 409 391 38 225 307 50 104 370 260 495 437 286 264 192 374 243 457 203 15 117 245 198 18
15 6 25
39 193 9 11 104 416 38 207 474 36 370 49 486 283 464 396 22 181 132 123 421 110 218 431 121
1 11 3
20 232 215
1 15 8
280 494 240 359 493 299 223 11
13 14 25
382 85 186 37 254 498 24 458 29 101 182 464 35 161 343 365 308 201 236 205 168 251 269 339 411
6 7 17
302 281 0 51 86 263 39 157 111 284 421 325 101 241 419 84 31
2 12 13
52 384 28 438 394 54 90 61 451 152 448 301 290
8 9 20
304 378 441 100 363 198 362 328 257 380 329 98 4 438 145 383 253 162 41 425
4 1 7
136 185 476 464 3 411 6
4 15 7
358 47 249 307 356 160 487
7 12 11
201 137 315 253 142 146 333 125 233 177 44
8 8 20
74 235 292 120 73 296 59 82 373 60 67 196 343 455 47 96 256 130 13 250
8 10 17
427 254 267 149 166 29 63 126 363 15 472 461 20 6 152 202 4
3 1 5
148 47 124 252 420
1 8 20
16 371 312 296 77 392 398 116 36 444 342 224 133 305 101 478 27 269 313 124
5 7 18
305 78 386 51 87 110 249 75 328 258 12 271 309 115 450 113 298 208
6 20 22
203 346 354 258 318 455 387 79 320 446 221 95 418 486 386 427 311 316 472 31 268 370
3 10 14
237 391 280 256 275 456 356 234 117 315 291 351 414 170
2 6 6
495 143 289 399 186 228
3 5 7
147 253 148 228 476 137 132
5 2 13
16 139 283 176 31 339 89 99 54 206 471 122 356
2 2 3
3 59 7
7 19 11
484 46 405 81 479 398 213 219 476 86 407
11 6 17
304 373 81 339 410 31 88 362 332 381 269 211 243 133 466 11 341
1 16 16
183 60 176 93 151 224 396 63 115 407 336 213 486 490 94 412
5 2 18
19 34 250 287 315 251 175 455 353 248 382 463 134 468 2 429 347 401
7 9 15
362 499 227 363 310 207 435 158 440 377 73 369 214 476 79
6 11 18
199 30 119 286 114 263 65 169 144 16 165 157 417 10 98 118 259 232
14 6 21
241 390 259 223 211 107 41 54 346 398 349 448 490 158 122 495 478 273 447 313 483
6 5 15
20 90 173 373 450 135 414 13 243 259 226 361 255 384 457
1 8 6
294 14 498 412 59 26
8 8 15
174 85 381 179 15 356 276 216 71 312 437 157 318 50 134
5 13 9
72 157 92 252 351 322 143 69 170
1 9 7
282 173 385 12 127 268 246
5 18 8
307 219 33 260 397 192 72 175
5 19 24
187 428 266 182 270 5 145 464 191 450 434 457 112 337 150 97 436 209 80 193 16 432 152 0
10 12 16
432 446 270 83 42 429 486 218 129 344 281 312 46 490 98 466
4 17 21
498 318 205 33 468 235 460 40 340 392 204 25 171 345 353 62 415 363 407 217 49
5 13 11
18 294 83 385 380 440 451 50 150 254 402
2 14 15
467 309 174 464 186 415 483 258 261 275 244 76 472 162 315
11 14 18
182 370 468 331 216 64 458 130 279 489 457 94 9 213 95 270 363 333
3 6 12
432 252 413 187 98 35 456 82 122 454 286 91
6 15 15
1 230 448 113 469 323 493 272 452 453 5 497 380 331 143
10 16 23
156 408 184 269 248 294 350 419 398 374 246 215 411 328 175 454 286 214 139 13 252 7 43
5 20 9
367 222 356 141 410 232 148 439 236
6 17 16
450 396 309 141 426 436 22 273 315 419 272 129 179 307 300 10
1 11 19
142 277 26 232 212 321 172 22 193 198 237 316 324 376 409 140 134 54 101
2 10 6
126 148 382 249 269 31
3 18 7
40 269 122 358 63 264 425
5 13 14
245 97 102 101 257 167 24 49 119 422 20 108 69 417
11 13 25
230 436 482 431 476 251 172 98 424 8 42 183 405 325 221 302 166 227 441 469 245 459 361 404 59
6 2 10
24 213 450 78 116 371 421 425 144 307
11 1 20
482 308 123 453 156 54 313 118 188 223 336 73 422 71 186 121 467 480 132 393
2 12 6
487 428 260 407 273 401
11 17 24
64 365 242 217 58 222 368 281 381 464 466 68 1 249 188 195 248 126 185 278 32 161 318 158
7 3 18
346 165 37 434 358 379 464 113 130 487 383 183 120 491 489 343 407 171
5 10 8
229 86 62 430 81 162 106 4
2 9 4
166 284 122 427
4 4 10
195 432 437 307 461 252 438 101 311 29
5 10 11
453 318 264 10 303 400 24 212 270 189 72
6 16 10
251 131 281 348 64 230 86 245 179 224
7 1 13
216 30 93 118 463 347 314 162 323 403 104 355 344
1 5 6
327 388 268 104 432 264
1 2 11
251 217 134 252 353 76 128 162 246 176 153
4 3 14
140 210 214 252 358 158 409 353 434 304 281 367 129 186
11 14 17
222 98 160 24 290 358 435 443 171 19 100 314 162 192 194 243 282
3 17 24
60 58 331 2 79 406 376 203 473 385 17 120 88 70 160 389 14 359 182 267 354 277 332 28
5 14 20
390 365 229 202 306 271 85 68 17 45 70 286 364 276 188 66 76 24 323 46
3 17 13
28 362 279 495 254 269 346 291 375 439 217 397 347
4 10 16
95 473 221 154 47 412 474 402 379 225 169 191 53 51 239 83
2 14 9
28 328 412 122 258 114 162 274 174
3 17 13
249 279 497 83 461 21 177 133 255 44 90 298 154
3 2 24
465 165 261 373 122 414 448 459 330 282 107 337 96 25 209 472 291 207 317 152 334 134 401 132
11 7 17
167 41 422 1 478 253 9 196 320 314 395 76 434 415 465 138 315
2 3 19
303 268 381 391 351 489 206 123 170 404 270 322 93 372 498 39 46 346 207
2 20 3
200 5 440
12 20 23
303 373 311 436 47 110 481 307 215 117 29 160 243 41 64 193 141 240 191 58 299 122 100
5 8 9
145 242 57 124 190 428 11 279 72
2 15 8
295 474 22 74 252 103 271 338
1 3 25
219 436 182 268 446 433 440 106 54 37 423 123 267 388 151 201 417 255 286 393 273 367 295 454 490
8 14 13
102 90 99 233 165 146 387 303 429 287 63 325 389
6 10 15
156 398 147 477 33 487 297 36 460 295 241 427 245 311 81
2 1 3
48 265 392
16 16 25
280 50 274 492 262 71 382 424 300 275 460 244 119 253 165 204 102 111 324 17 266 109 73 127 351
2 10 6
15 316 197 11 135 145
15 5 23
285 312 172 283 154 169 338 174 139 65 423 36 281 141 462 256 206 299 477 135 202 452 363
2 9 8
319 137 266 43 375 213 135 101
4 14 13
166 395 387 432 210 325 488 8 498 382 338 68 201
2 19 9
119 85 23 365 296 56 380 121 389
2 18 18
286 158 295 206 407 426 193 155 439 116 471 181 226 299 405 77 180 324
10 16 15
414 92 292 106 141 429 213 432 50 422 455 199 39 128 24
5 16 11
498 54 77 300 180 321 123 442 207 499 476
1 4 20
1 240 192 494 74 499 421 49 270 61 268 278 488 187 454 415 186 459 267 123
2 1 15
223 225 434 284 496 144 87 359 355 206 365 107 21 126 483
3 20 6
314 83 146 167 337 408
5 14 11
211 168 311 32 46 249 463 339 135 103 408
2 19 22
342 316 275 213 314 274 234 227 303 341 263 340 486 393 389 140 56 196 72 30 96 243
2 19 5
93 416 183 370 248
3 11 7
64 438 53 87 303 357 428
1 16 2
232 81
10 6 25
410 469 240 325 326 68 178 245 486 146 271 238 260 223 184 49 193 348 20 343 197 368 345 34 268
8 18 19
163 411 294 410 492 216 243 389 7 189 270 41 127 283 341 177 474 495 156
2 20 4
202 90 235 326
13 10 22
109 367 5 81 355 463 407 12 428 433 242 443 291 179 30 174 69 368 374 277 238 356
3 9 9
347 26 113 498 102 89 297 371 310
1 7 3
23 276 111
2 14 15
361 446 188 453 76 118 165 99 419 26 150 317 163 318 497
4 11 7
387 470 147 477 117 76 293
1 18 4
117 266 348 473
6 16 18
102 232 295 207 351 355 282 271 393 416 96 25 233 252 60 191 67 354
5 13 18
122 110 350 445 443 194 369 322 148 481 185 139 424 49 4 309 426 109
1 1 2
463 268
1 3 20
406 357 175 112 64 183 461 499 119 142 180 413 201 345 233 317 311 123 466 189
1 8 4
498 335 383 271
8 2 13
340 181 11 64 314 412 188 495 243 81 49 493 427
16 7 24
119 395 177 89 425 442 223 443 169 32 419 445 207 360 279 139 460 140 297 117 301 7 131 82
9 16 23
163 172 237 321 15 326 251 48 276 359 246 36 133 334 206 0 126 90 84 23 342 408 417
2 8 17
378 296 18 290 77 373 1 444 193 417 320 58 136 291 294 52 164
2 12 15
269 111 130 87 115 190 331 125 346 319 464 96 113 453 184
13 6 24
100 324 283 203 475 490 65 88 38 455 227 62 325 32 480 207 127 247 272 83 121 451 78 334
4 20 17
299 367 164 46 181 1 101 391 54 205 366 276 498 464 423 245 329
4 8 25
439 60 436 43 56 109 179 46 226 314 117 372 185 234 349 71 247 13 425 192 277 240 326 223 329
6 14 18
323 128 283 200 6 458 457 160 143 399 65 76 60 139 254 132 38 211
14 9 25
473 7 23 88 130 217 78 141 82 188 431 249 420 167 83 441 228 337 214 350 16 260 497 255 137
1 5 4
79 140 3 27
7 19 13
254 94 398 241 71 304 445 385 323 459 114 110 310
7 11 16
123 334 103 415 375 307 288 86 306 497 472 262 32 174 234 424
4 8 16
429 453 42 329 476 490 211 78 147 287 86 299 53 218 298 193
2 11 4
16 363 316 442
5 14 9
70 113 50 107 239 373 287 361 117
4 11 11
68 141 205 53 369 88 206 356 492 128 438
1 7 3
12 198 150
8 2 24
388 17 65 262 449 441 384 486 357 113 482 216 302 311 95 146 269 140 238 376 372 374 36 46
6 16 23
30 60 462 336 276 456 471 317 158 199 444 14 400 249 315 299 333 178 171 0 496 449 200
1 3 5
47 398 78 324 337
1 1 7
256 101 174 70 438 100 111
5 20 12
241 179 109 302 334 44 194 361 154 245 331 121
1 19 23
176 299 204 93 41 467 418 121 62 20 270 66 387 114 230 224 269 106 400 151 260 70 439
12 18 25
327 359 401 431 378 136 7 361 408 322 190 285 117 18 212 84 499 348 451 483 474 66 381 288 40
1 14 4
426 108 300 238
4 2 11
364 33 479 148 367 65 374 433 179 102 471
1 1 11
430 143 74 261 395 467 69 224 136 124 134
8 6 22
348 233 25 165 396 55 274 228 12 207 24 182 339 223 206 297 424 342 42 70 309 255
1 8 4
331 442 469 198
4 15 7
313 435 159 268 344 480 122
1 19 5
5 44 21 431 85
7 12 11
484 62 248 50 210 17 176 297 404 317 16
2 9 4
154 157 173 258
1 8 7
410 2 438 72 356 140 428
15 1 23
479 329 244 406 353 91 462 15 196 470 208 365 330 351 493 318 445 132 153 288 175 1 256
9 19 21
129 351 432 407 47 417 140 298 64 160 404 287 270 110 393 306 219 263 175 221 143
5 2 13
249 5 146 50 483 241 379 111 8 476 230 494 401
1 18 6
475 372 266 78 236 232
1 6 8
381 16 92 82 383 451 476 410
9 6 15
45 196 364 305 218 16 431 39 454 479 293 74 262 10 333
9 18 16
402 133 147 243 267 44 242 249 488 122 170 124 355 21 344 346
3 17 15
235 25 384 184 382 437 197 475 85 136 491 17 113 104 226
8 12 13
455 242 386 359 287 248 446 78 366 4 85 39 418
6 1 10
272 225 460 130 267 77 108 274 187 199
7 15 22
149 404 249 420 38 119 89 276 445 457 466 392 490 257 27 28 75 236 321 199 50 377
5 15 15
57 58 278 89 155 134 196 364 4 69 78 107 28 303 232
1 8 3
269 47 447
2 4 18
60 432 256 468 358 168 294 474 243 411 110 74 210 102 218 114 316 152
14 6 25
412 191 451 340 341 402 32 230 388 160 463 329 156 192 84 50 54 239 252 102 7 273 441 213 342
1 9 23
201 85 84 352 146 133 394 358 454 122 348 212 184 41 430 100 77 264 155 330 130 401 403
7 20 13
480 468 65 67 396 445 158 330 36 473 34 466 119
6 3 9
426 100 460 411 254 108 408 28 329
2 19 6
137 382 399 306 321 349
6 7 16
79 350 189 4 216 86 255 284 3 319 382 318 25 330 446 146
1 10 7
190 239 18 305 268 36 235
5 11 16
281 346 240 370 49 131 8 271 345 48 220 388 475 485 116 368
9 14 14
23 96 443 108 290 83 202 407 268 174 210 237 106 286
4 19 25
207 266 368 10 306 275 324 214 213 225 386 102 170 109 316 482 248 15 193 164 415 334 319 361 17
7 4 20
439 259 112 424 304 138 223 59 469 350 175 317 460 248 434 290 115 220 409 346
2 5 12
231 236 41 8 422 207 220 254 492 307 467 0
4 11 14
335 86 368 230 155 469 130 477 431 269 257 436 327 319
9 14 16
66 17 421 312 326 268 132 44 322 227 385 208 287 18 404 419
1 10 6
163 57 261 35 327 82
7 5 11
73 335 102 449 474 417 382 295 348 415 315
4 7 6
398 321 424 51 412 222
3 13 7
321 345 455 179 201 325 250
1 15 12
424 458 183 149 306 258 287 246 219 338 102 490
4 14 9
370 381 295 493 315 65 101 178 186
4 9 7
202 249 346 492 103 304 305
6 16 11
49 163 427 37 402 433 4 30 360 168 142
1 19 5
163 143 275 195 384
4 17 20
371 474 285 417 490 470 50 209 41 54 379 387 271 385 55 435 311 139 384 260
11 12 21
24 287 225 383 201 421 199 442 452 294 175 149 47 38 455 310 52 189 78 28 427
1 11 3
494 459 81
1 2 12
191 207 73 380 312 30 422 110 289 442 444 234
4 12 21
267 98 370 288 490 283 435 448 18 157 77 476 327 430 129 268 73 76 410 486 428
15 11 24
111 439 282 46 53 375 327 245 427 35 424 33 137 66 155 338 234 489 289 379 319 129 349 163
1 13 4
94 388 176 361
2 5 4
332 150 389 409
1 14 2
253 498
6 3 23
253 263 61 368 277 135 270 206 7 230 430 477 419 95 473 249 444 247 334 44 445 40 209
1 15 9
363 314 370 483 78 491 49 261 389
9 13 19
240 417 266 381 69 76 189 231 249 464 292 104 429 391 328 166 279 164 379
1 3 10
98 175 383 371 234 29 487 456 160 478
2 20 3
36 288 99
5 6 13
96 1 331 131 10 247 258 353 349 107 119 301 87
7 20 13
146 459 62 327 148 375 392 395 109 39 94 104 443
2 20 15
110 472 329 247 493 81 473 204 313 47 465 431 163 355 87
2 2 3
333 381 194
5 11 22
216 348 455 228 200 298 386 494 425 475 350 384 417 98 251 333 310 197 286 227 273 420
11 18 25
217 310 177 215 75 129 85 8 418 430 439 119 390 22 179 68 325 21 132 98 222 41 245 205 324
14 1 23
295 424 302 46 472 440 250 9 442 478 344 220 345 5 398 137 307 215 280 183 408 15 257
3 19 11
304 154 183 390 216 200 275 446 421 482 277
2 1 5
271 402 30 231 296
12 5 21
301 54 285 257 371 283 199 48 472 448 8 402 25 56 459 100 183 221 255 242 319
6 2 9
384 289 172 92 99 121 377 46 113
8 18 22
103 496 131 8 259 19 235 262 337 46 422 161 308 182 91 171 280 238 115 198 109 373
4 2 8
275 441 269 405 155 16 463 74
2 1 15
411 189 106 285 51 65 393 417 307 23 232 69 146 96 4
4 11 6
1 340 321 285 480 10
13 1 23
144 351 289 405 458 10 352 112 348 287 4 139 237 26 362 16 299 466 331 114 470 73 463
6 9 21
167 464 462 205 49 44 138 455 302 256 114 456 286 385 422 72 331 255 164 412 245
2 1 21
228 453 2 320 133 301 266 39 425 156 64 463 426 434 186 264 69 259 193 318 8
1 6 4
54 34 312 440
4 16 20
370 362 411 95 22 66 209 495 294 21 304 91 16 482 333 423 108 169 498 324
1 13 2
55 92
1 12 2
482 377
7 11 11
300 442 39 221 458 137 163 252 72 281 175
3 17 24
425 294 435 140 419 66 297 221 469 318 60 80 57 241 463 51 244 458 15 113 22 212 115 71
1 18 4
83 159 28 482
4 4 9
258 101 7 288 402 486 290 293 245
9 11 25
233 359 117 186 377 17 383 497 297 315 271 195 461 124 137 110 328 462 213 14 200 46 247 183 239
5 3 20
108 233 368 353 416 310 12 109 99 79 320 468 266 422 426 25 188 56 136 49
6 8 9
361 22 161 265 451 157 138 19 114
1 17 3
125 497 318
1 11 16
227 121 156 259 251 338 75 45 486 23 261 246 148 129 49 499
7 13 20
454 270 340 105 159 150 39 139 463 140 169 283 441 494 18 276 444 86 101 263
7 3 25
379 191 497 246 255 223 424 385 491 320 244 9 222 273 377 152 112 405 207 457 418 0 156 133 381
2 13 4
274 152 239 92
9 18 15
433 78 279 412 474 106 88 57 365 344 47 479 418 109 166
1 10 4
470 431 382 290
7 8 16
174 452 171 175 383 481 3 437 257 154 309 173 111 86 109 124
4 7 7
479 107 382 435 40 383 290
3 5 11
476 91 3 299 50 120 418 448 215 297 259
3 11 8
409 426 68 19 64 141 92 172
2 8 3
134 308 425
3 19 12
262 431 99 289 266 270 254 426 1 479 236 343
2 8 23
25 446 221 182 247 486 9 65 88 289 405 86 202 389 90 15 179 396 29 380 115 317 338
5 13 22
320 184 404 162 444 154 311 39 249 456 9 49 244 155 248 95 203 120 161 470 75 280
4 8 16
391 35 262 230 121 387 346 31 298 128 263 112 27 406 181 29
2 14 9
320 185 272 484 333 426 362 60 457
1 12 5
303 96 129 74 56
6 19 9
161 70 51 20 22 339 0 225 248
4 19 22
468 230 163 92 358 229 1 22 397 434 132 360 374 249 423 467 447 75 127 351 11 14
1 3 13
190 153 36 188 492 228 292 275 340 20 318 29 334
3 15 6
259 315 148 100 293 313
1 20 4
338 336 83 487
4 10 11
328 14 478 17 48 319 259 411 250 395 148
7 2 16
481 132 52 72 428 279 44 127 408 258 451 456 307 174 272 45
6 4 24
367 302 389 20 431 416 159 378 169 76 126 132 446 263 404 155 415 330 60 85 428 100 0 348
4 3 17
127 419 86 257 37 34 333 298 214 348 280 179 202 108 417 421 180
2 2 4
59 411 37 245
12 18 20
98 178 117 451 151 398 344 292 281 487 19 31 134 470 209 300 399 308 345 276
10 16 15
469 205 367 232 149 141 351 288 492 323 233 416 59 188 415
1 4 11
343 112 353 458 390 295 201 203 467 184 362
2 5 15
452 0 92 488 424 463 459 295 151 408 449 435 61 371 342
1 4 5
54 118 210 108 497
1 7 4
360 147 26 74
1 7 2
411 223
2 7 11
24 393 97 331 228 354 346 450 318 200 50
2 13 7
212 104 178 494 245 150 378
2 4 4
492 26 64 241
1 1 11
46 194 326 183 75 205 368 282 273 110 137
1 5 21
150 256 14 296 155 485 172 154 94 87 16 197 146 328 277 398 223 2 365 368 9
2 11 5
146 100 46 474 50
2 9 8
491 422 336 98 197 238 217 265
6 1 15
327 440 429 393 232 277 274 489 6 350 158 284 87 135 473
5 3 23
437 440 248 278 12 59 370 231 429 372 1 316 132 117 149 257 245 436 226 353 443 152 444
6 17 15
437 13 147 402 414 364 66 229 387 191 251 362 54 115 231
2 12 3
130 57 201
6 7 12
16 44 234 467 438 148 42 489 173 73 262 345
1 17 2
3 485
1 16 3
124 242 187
2 10 5
163 14 54 398 437
2 17 10
466 232 303 403 240 399 190 433 345 37
3 10 7
320 96 274 35 256 233 32
4 13 13
492 92 76 366 54 330 380 320 424 18 99 293 1
1 14 4
156 222 35 379
7 2 19
371 209 421 398 36 76 469 367 333 122 265 348 389 111 70 27 212 466 136
1 4 2
52 419
3 1 11
108 124 22 169 4 335 422 2 104 192 452
5 2 10
73 151 217 45 87 328 14 423 372 436
14 7 21
492 472 465 455 202 458 277 419 427 49 231 89 186 355 73 282 22 213 224 493 497
1 9 5
331 325 495 342 181
15 5 25
64 368 9 318 100 108 183 469 96 119 430 422 499 192 85 485 277 224 35 444 343 434 456 182 153
7 10 12
238 51 87 350 363 335 448 476 465 437 351 226
10 20 18
253 95 263 207 342 8 422 188 443 399 223 56 366 378 40 149 499 82
5 1 8
321 32 114 4 13 414 365 261
1 16 5
269 104 416 5 493
16 13 24
446 301 424 107 450 313 365 451 59 150 364 159 9 48 109 388 227 339 249 260 210 314 327 172
10 14 17
440 368 82 213 66 85 280 9 415 297 340 20 103 357 441 454 418
4 18 11
381 488 124 183 494 187 91 321 98 31 5
11 15 17
293 49 465 296 188 30 449 209 229 259 468 473 455 25 118 272 51
11 7 19
169 181 220 279 38 242 199 310 117 65 337 329 137 317 19 494 99 183 103
1 9 17
379 143 83 42 482 35 265 440 170 272 225 60 406 222 227 178 499
10 5 25
284 119 83 403 498 460 191 406 263 345 16 411 295 170 287 397 250 230 363 210 86 361 188 102 294
4 20 12
312 23 406 265 144 457 212 153 413 438 60 363
4 10 23
254 357 325 190 227 63 437 208 315 441 219 328 349 91 319 153 339 96 204 246 81 0 304
2 3 9
132 186 139 391 148 103 324 219 497
10 8 17
101 19 263 115 94 496 4 345 137 119 248 334 305 70 113 157 333
4 17 24
368 235 153 322 237 251 311 53 183 398 380 401 16 263 31 370 78 168 77 113 36 69 334 149
11 10 20
204 423 274 352 156 62 176 422 325 22 194 318 284 266 196 228 331 218 454 465
1 20 2
133 41
1 19 7
357 222 356 82 47 160 276
10 16 17
206 294 389 174 214 344 239 96 279 452 140 313 366 391 440 245 411
1 19 2
233 61
2 5 10
236 291 220 30 233 184 172 212 466 280
9 16 15
279 433 247 299 335 134 414 347 310 462 398 491 405 475 378
6 14 23
218 74 398 192 116 96 199 174 61 427 335 240 68 377 243 86 328 341 141 332 319 248 21
8 5 15
361 201 237 6 329 475 242 250 454 41 267 4 202 55 386
9 13 16
86 174 241 482 302 444 328 144 455 330 90 94 225 257 10 324
4 5 7
310 489 345 386 182 370 52
6 8 9
438 210 57 436 466 90 384 382 40
6 2 9
411 256 352 152 399 122 215 182 490
4 11 9
371 325 294 19 198 357 406 477 67
4 3 7
77 39 183 153 302 217 480
1 17 19
401 56 250 236 221 200 341 321 169 34 104 53 389 409 358 122 203 136 478
2 13 4
43 203 181 354
1 2 8
305 331 179 184 263 96 137 68
3 2 7
134 275 166 460 249 109 353
3 13 7
50 289 449 244 357 467 266
10 13 24
402 90 102 456 333 154 210 485 224 414 438 86 252 497 231 477 300 439 288 132 277 419 169 230
3 18 18
440 19 76 41 138 35 388 499 454 189 472 204 268 314 15 240 161 280
5 17 19
269 92 348 460 418 476 413 292 245 110 148 241 473 445 235 28 205 242 421
5 12 8
272 301 364 316 78 495 66 46
7 12 17
48 471 26 374 301 254 371 124 134 65 439 72 114 25 239 149 316
5 7 9
405 341 496 209 187 499 336 281 207
6 15 11
490 219 222 164 243 194 495 231 429 372 295
14 15 21
410 145 130 450 201 320 273 447 21 256 223 227 250 454 114 406 466 203 218 217 435
2 5 12
312 64 133 27 306 235 440 288 125 52 316 493
10 19 20
211 440 51 57 94 472 122 192 382 434 147 476 391 259 490 48 156 178 432 20
1 17 7
77 321 489 346 323 312 44
2 9 4
433 217 235 337
3 10 20
498 102 228 409 301 227 28 372 190 6 398 434 369 21 146 130 94 299 149 402
1 14 7
23 423 322 480 387 215 66
3 5 15
32 316 445 133 62 429 388 97 275 377 116 360 265 21 479
1 3 4
418 377 0 81
2 3 6
257 314 312 141 100 475
3 7 9
214 202 121 179 262 73 96 188 416
6 1 17
282 62 349 274 351 242 162 487 149 208 54 334 233 101 57 114 348
3 12 23
377 208 264 156 368 478 215 203 205 308 492 241 155 457 353 307 269 52 15 455 43 498 162
13 15 20
200 100 29 473 497 463 494 314 353 187 381 155 5 493 259 73 7 162 229 319
4 17 6
335 72 142 396 266 419
6 16 24
15 162 190 228 56 492 79 338 146 194 140 23 236 163 89 446 184 246 367 344 145 168 326 130
1 14 17
203 13 228 205 422 200 275 488 240 316 7 177 237 68 280 193 419
3 15 7
135 9 426 23 392 366 293
6 12 12
202 234 170 63 382 416 143 38 87 51 21 269
4 11 18
446 1 273 96 104 431 489 333 225 261 93 310 330 117 167 432 89 210
8 1 15
428 150 382 396 350 172 40 144 360 322 280 126 7 296 324
1 7 8
251 162 51 88 1 151 30 455
1 4 19
378 416 244 319 243 83 76 99 288 62 279 223 199 476 343 359 119 458 191
4 18 10
414 31 1 216 215 249 131 295 212 315
2 14 12
286 449 489 171 226 102 181 338 172 237 66 383
11 3 24
94 396 191 237 120 329 275 326 221 310 35 341 441 53 288 196 400 344 422 272 220 45 140 115
5 15 20
18 193 490 269 37 236 247 187 432 219 159 147 436 40 251 458 113 381 259 418
12 1 22
367 162 307 11 347 373 227 326 120 451 466 394 73 229 175 152 214 226 140 104 118 151
9 10 16
347 71 137 93 491 367 133 208 339 350 351 202 346 483 90 57
10 8 25
261 488 490 289 353 175 183 28 284 12 95 411 379 111 147 13 205 373 69 252 414 50 164 496 229
11 15 18
55 491 360 158 295 178 406 79 0 364 142 446 207 225 187 87 205 387
4 1 24
189 397 418 114 109 499 193 259 288 317 232 430 156 213 323 377 168 127 490 483 66 73 158 268
10 9 15
93 11 239 432 43 250 293 119 458 441 184 314 13 180 91
6 5 9
499 98 249 439 142 226 238 301 327
6 17 14
323 465 395 168 328 53 496 170 355 336 261 19 4 165
3 17 15
112 349 332 378 422 84 93 104 53 275 13 265 42 173 41
1 9 6
137 83 161 351 456 166
7 12 13
332 469 287 273 88 191 201 396 298 439 90 397 5
8 9 12
288 311 426 280 149 37 460 407 375 169 378 354
5 15 22
384 186 193 494 78 476 283 445 202 306 315 403 322 118 138 243 248 481 348 260 394 114
3 7 8
389 429 133 90 324 126 130 149
14 5 23
333 0 65 443 365 442 90 59 31 220 470 309 286 14 63 271 317 163 480 84 77 434 146
7 18 20
45 113 23 134 407 73 64 47 18 190 437 362 451 294 411 122 194 365 289 32
12 17 18
243 363 34 288 283 230 49 69 452 263 88 46 235 246 219 416 270 139
4 16 19
234 140 85 346 51 226 183 170 44 110 297 354 398 76 262 483 112 471 295
3 13 7
330 386 466 128 59 224 66
1 7 5
284 71 257 245 424
5 6 15
254 179 274 336 242 77 378 190 394 465 157 99 380 30 449
14 5 23
138 101 242 473 243 364 492 483 125 99 418 245 158 428 231 487 128 390 482 145 201 291 75
2 8 13
195 144 59 461 250 416 458 374 17 184 450 269 74
5 1 11
201 61 208 403 308 496 196 385 51 291 429
1 13 10
337 123 255 353 192 434 11 432 394 21
1 12 2
443 302
4 18 7
499 103 193 386 119 245 496
1 11 22
97 267 351 353 332 494 227 143 158 110 171 372 23 390 103 45 76 85 287 150 154 436
4 5 9
193 433 103 128 253 217 25 355 353
6 7 11
161 418 262 391 112 230 337 360 341 94 404
2 15 3
326 278 419
2 6 8
481 326 427 255 8 258 113 322
6 5 9
127 474 380 219 152 232 464 255 256
5 16 24
153 92 265 296 308 155 420 166 392 390 494 6 15 158 159 418 460 380 477 165 457 274 1 138
7 12 25
67 263 415 176 136 200 20 406 145 308 80 11 473 266 427 222 492 190 161 468 386 157 478 73 477
1 9 21
194 368 184 496 324 488 9 15 251 409 174 162 167 208 136 8 76 465 275 273 214
8 14 14
89 376 434 21 237 72 43 263 492 420 456 172 222 362
6 10 18
499 242 241 103 489 466 163 175 262 23 232 101 265 281 453 404 144 193
2 5 5
302 149 178 493 61
8 17 12
218 326 478 180 422 276 428 472 335 354 118 223
4 16 22
430 309 129 381 37 347 407 59 229 356 185 180 447 228 489 409 386 440 104 336 387 478
11 10 20
218 110 268 365 81 198 243 44 89 194 323 97 436 156 61 28 435 143 381 359
11 1 24
399 369 87 465 414 426 433 491 135 90 149 123 415 154 145 32 161 98 79 194 121 251 117 73
2 10 11
414 493 333 473 286 490 405 249 172 42 287
2 5 5
367 459 427 161 492
6 11 22
437 191 247 66 90 350 91 106 303 306 248 214 8 231 14 492 332 451 49 129 125 404
15 5 23
369 499 78 97 290 494 212 76 121 489 259 487 340 38 248 277 193 413 304 337 59 275 210
4 3 9
427 18 17 241 489 198 187 239 440
2 8 23
44 16 47 435 115 67 57 481 253 400 322 384 451 423 240 260 227 183 385 209 369 239 348
1 9 4
128 60 282 185
4 19 9
175 280 157 424 181 165 117 149 456
4 3 7
430 139 198 8 165 175 39
3 14 14
188 314 12 208 150 115 51 174 473 266 131 436 132 25
4 14 8
385 337 25 141 237 411 316 223
2 17 4
284 233 341 463
8 7 12
217 125 494 245 449 141 142 317 404 338 129 120
2 20 10
336 200 210 77 284 166 38 129 94 64
3 10 11
268 413 234 167 333 37 425 39 121 110 466
4 20 8
454 125 189 226 358 485 111 18
3 6 8
56 17 354 48 304 211 436 475
1 11 4
295 394 126 274
2 7 5
462 121 421 174 452
5 17 11
310 373 489 413 473 302 202 33 111 483 402
12 8 20
386 328 138 252 172 336 146 8 403 340 67 350 126 415 472 30 466 364 59 83
7 5 14
322 304 496 164 59 497 416 372 445 94 330 130 426 176
4 14 13
428 419 204 465 136 410 39 257 25 409 56 30 192
3 15 7
289 188 280 413 33 60 106
4 1 6
427 468 31 240 3 114
2 11 5
108 30 208 205 140
10 20 23
215 74 382 320 66 174 201 2 90 331 10 102 326 205 496 374 324 493 98 241 419 481 212
10 2 21
446 35 250 5 414 408 452 450 433 447 127 71 336 439 182 342 476 240 46 190 229
1 20 4
33 36 383 40
1 7 5
276 388 263 42 243
5 15 15
329 319 116 183 122 268 447 149 389 266 233 350 215 314 156
13 18 21
285 400 196 401 329 7 295 250 16 277 129 19 436 24 236 81 353 416 212 288 110
4 4 6
26 333 284 166 418 331
4 9 21
178 364 408 97 307 107 426 4 476 346 303 379 248 102 443 206 397 64 246 207 405
7 18 12
461 97 45 483 52 0 60 320 407 367 190 98
3 19 17
393 127 189 233 36 453 347 416 107 163 315 165 345 262 254 229 154
1 4 9
48 13 286 40 92 373 461 460 20
9 18 18
186 246 130 392 401 230 368 212 370 177 193 447 144 140 280 439 128 107
1 10 2
161 76
5 2 18
96 105 1 278 131 340 243 303 98 37 381 65 339 174 459 452 264 488
6 11 17
149 23 58 260 367 344 259 421 315 218 433 127 183 497 179 394 300
4 10 7
120 272 314 91 392 283 281
3 13 8
313 423 467 108 174 390 85 466
1 20 22
462 147 490 271 358 252 207 178 383 220 485 34 338 3 273 434 277 386 101 93 217 205
1 9 5
97 21 157 453 395
4 5 12
198 40 304 104 274 139 184 10 377 91 126 15
1 20 4
338 45 39 463
10 18 16
312 448 290 190 62 103 85 444 118 429 481 445 34 176 3 488
1 1 2
458 232
2 5 8
356 133 21 365 344 25 304 468
11 9 20
163 107 476 136 464 51 299 14 191 338 105 187 243 489 123 242 466 235 322 83
2 11 20
190 250 367 436 218 431 479 143 32 255 244 3 178 80 59 8 492 279 265 88
6 1 14
109 351 420 33 42 388 132 423 293 208 393 11 414 148
13 7 25
173 336 360 431 446 167 174 253 169 224 190 30 365 334 401 332 486 144 459 123 125 230 240 48 366
8 7 23
226 209 142 384 322 458 311 338 230 391 349 247 135 188 292 87 124 127 282 86 170 50 492
4 11 7
455 479 162 464 227 131 275
4 1 20
281 411 78 257 340 88 499 497 265 186 185 14 443 353 325 217 292 251 213 447
1 18 2
1 325
1 9 2
263 74
5 14 14
96 170 5 407 273 328 221 242 211 465 375 496 163 286
8 14 16
286 182 94 59 198 203 102 129 310 8 231 239 70 448 423 419
4 7 9
432 120 483 48 131 326 455 127 103
1 14 25
201 394 360 322 460 340 497 351 316 362 234 457 368 335 324 96 263 345 331 479 116 436 119 94 488
3 1 20
342 233 144 32 408 431 166 123 361 48 80 445 490 487 66 488 62 397 103 131
1 2 15
9 317 373 91 335 94 482 134 70 278 353 470 473 463 451
3 17 5
419 465 263 162 456
1 17 3
252 250 297
2 7 6
286 31 120 229 95 133
2 14 3
471 349 19
2 2 4
285 303 361 87
11 11 17
302 389 313 59 264 49 406 82 328 32 80 323 173 170 405 7 126
2 13 18
101 266 10 120 348 86 294 88 448 364 378 282 173 27 390 220 473 480
14 20 23
89 203 94 42 377 402 496 92 442 46 441 444 109 282 100 425 485 221 450 45 387 480 227
3 11 10
355 446 135 114 11 64 244 268 291 343
1 9 6
151 218 489 382 324 297
1 16 2
461 253
1 5 10
459 276 423 472 67 483 438 53 304 445
1 6 13
281 31 141 285 231 276 239 125 67 383 207 433 122
6 8 16
481 363 403 250 95 410 319 32 424 240 47 420 442 431 499 381
2 17 7
463 343 101 176 362 446 356
1 3 3
346 102 262
3 13 22
175 259 486 288 337 134 371 383 434 182 14 153 437 210 67 442 168 406 184 169 214 452
10 2 17
56 452 108 454 449 372 396 498 442 261 176 307 79 443 61 42 324
5 5 12
151 141 214 317 139 329 49 5 438 402 47 57
2 3 13
226 0 176 267 110 172 272 89 492 432 447 403 239
1 18 4
490 24 370 386
2 1 23
16 83 408 439 363 95 292 224 267 434 195 369 263 190 35 492 351 251 77 341 75 424 222
7 16 12
484 156 238 245 2 164 25 357 64 490 443 29
5 13 8
157 203 102 486 296 358 272 73
9 20 15
19 473 20 192 145 481 291 326 352 225 480 144 50 76 424
9 6 15
352 302 223 192 407 183 51 58 413 421 336 188 355 360 249
1 7 16
62 141 159 90 410 449 321 306 342 454 256 78 262 341 168 192
2 15 8
224 275 226 86 64 162 469 417
2 10 25
350 208 125 254 460 146 68 289 461 310 65 273 23 389 241 332 480 8 115 416 430 406 256 331 102
12 15 21
354 239 474 196 289 141 19 42 157 66 420 303 174 311 133 410 255 329 219 88 305
2 20 7
82 140 11 281 100 74 296
6 15 12
351 8 409 179 20 345 354 236 367 58 74 229
1 10 7
52 136 438 345 382 53 314
5 8 12
338 272 91 120 273 275 264 340 297 162 312 140
2 10 11
300 1 456 99 153 138 8 290 323 232 191
9 8 23
362 260 273 480 78 402 330 464 240 284 258 346 301 194 62 246 410 220 263 257 365 435 317
3 8 7
239 227 218 323 59 318 490
10 9 25
75 14 96 7 283 483 184 359 233 345 71 39 107 264 93 422 310 12 437 281 356 367 166 267 192
2 2 6
75 86 436 283 162 148
4 5 7
311 21 164 479 440 263 192
2 3 5
454 212 363 386 364
2 13 10
101 380 161 344 260 34 24 263 134 444
1 16 4
216 382 180 49
9 18 15
433 36 142 373 489 145 360 223 331 326 451 404 405 167 240
2 12 4
389 24 187 211
5 9 18
140 55 3 413 407 166 376 154 364 41 105 96 297 485 72 320 218 361
1 9 20
392 430 344 8 93 221 13 139 219 144 174 452 324 179 305 29 99 465 280 209
11 18 24
214 465 374 23 380 351 476 135 190 498 150 210 166 274 75 256 294 261 306 112 125 369 297 251
10 19 25
251 452 236 88 5 41 377 182 438 242 19 95 366 48 397 124 84 233 62 81 132 282 268 364 461
1 17 6
311 392 97 258 0 349
1 2 3
103 206 303
4 13 9
58 490 87 421 280 349 396 124 90
2 15 25
185 325 334 17 290 134 221 64 239 271 159 395 12 124 226 2 183 186 223 321 465 190 367 283 372
5 5 21
432 94 235 457 445 350 162 391 43 353 396 39 72 330 158 60 280 104 22 408 198
5 10 17
31 159 412 91 124 268 42 387 324 377 428 280 486 311 41 74 216
6 9 11
333 380 325 430 284 175 144 474 457 337 385
1 7 2
354 62
1 17 6
19 459 410 426 149 421
11 7 25
373 283 95 123 446 316 377 175 43 444 305 176 315 337 425 351 213 263 341 180 350 355 268 21 401
12 18 20
476 151 349 472 51 357 427 237 463 230 339 392 157 445 473 290 161 167 0 263
6 4 25
486 445 386 279 101 242 161 6 408 333 272 270 415 351 470 418 74 212 427 66 70 334 450 98 209
8 4 19
137 147 481 388 14 459 376 336 98 258 237 64 109 312 428 231 127 75 277
1 13 5
183 1 466 307 428
4 18 11
153 336 236 312 287 429 154 258 222 254 223
1 8 7
313 252 318 128 234 470 475
2 17 9
480 205 275 303 83 464 59 112 7
1 13 2
357 273
8 13 16
353 330 275 25 371 343 193 378 114 101 408 157 315 397 9 109
1 16 4
35 302 191 145
8 9 17
27 106 404 209 366 242 270 235 396 408 411 407 233 440 152 41 42
10 1 15
481 284 478 354 462 293 408 326 346 282 191 252 98 297 418
5 12 8
426 233 138 32 140 306 281 438
7 10 21
474 204 435 75 65 135 484 362 13 276 171 452 271 34 335 454 402 99 475 210 334
9 13 14
377 419 345 479 143 458 289 403 177 354 278 430 396 487
3 17 12
285 54 437 294 51 67 139 77 218 120 56 138
1 5 13
272 402 169 323 380 220 249 391 59 182 306 19 435
3 16 18
479 221 364 499 164 200 344 73 480 53 107 246 178 425 370 118 224 264
3 13 7
241 28 405 81 247 171 26
4 4 18
481 421 405 363 323 411 28 374 274 416 50 31 249 176 25 92 93 497
2 18 13
117 216 153 371 451 339 253 329 119 328 159 234 18
5 16 17
489 155 451 271 175 233 481 68 35 314 278 331 484 490 88 227 165
1 11 2
152 42
6 14 22
465 449 433 187 42 475 202 160 246 217 408 208 259 283 197 457 4 258 96 242 249 140
7 20 24
398 10 104 277 12 489 338 244 233 86 58 187 102 127 159 336 396 468 87 210 260 84 31 209
5 2 21
285 150 478 493 277 173 184 195 367 446 483 491 384 391 224 234 310 131 386 86 477
1 6 7
162 473 245 47 336 242 128
6 3 25
327 475 156 466 344 198 28 47 257 139 448 205 124 107 333 340 359 245 44 120 52 163 269 136 161
1 18 22
182 47 16 137 443 396 285 372 456 383 64 221 180 242 491 81 271 164 354 419 190 458
2 2 19
364 305 82 61 161 263 191 237 3 204 170 193 155 163 151 216 40 94 105
4 12 9
138 164 203 478 408 31 293 62 289
1 8 2
9 470
2 2 4
440 471 81 357
2 18 11
425 258 136 112 317 385 29 310 2 43 67
11 2 18
208 328 376 57 325 387 398 317 37 324 255 347 29 358 426 66 54 479
5 16 14
4 287 451 176 34 300 137 325 227 53 437 73 69 162
3 2 12
268 67 228 252 136 470 185 459 122 26 348 200
4 5 8
209 315 423 488 81 115 438 13
14 6 21
350 156 334 13 2 266 62 21 294 443 98 248 142 374 52 338 497 377 380 295 202
1 16 11
376 116 172 158 271 210 148 57 194 303 281
4 17 6
155 158 139 398 433 132
14 8 24
492 233 352 229 193 47 195 393 154 311 9 5 257 399 270 52 179 157 72 244 312 23 481 421
3 18 5
336 57 458 184 252
5 18 11
116 404 433 245 192 7 247 214 184 220 243
10 2 17
132 398 140 390 383 265 315 50 494 499 288 224 110 296 419 191 14
9 6 17
406 173 401 125 347 323 333 156 318 375 364 498 149 200 290 5 285
7 4 22
196 244 150 181 449 482 123 448 440 199 465 463 230 417 112 373 305 168 489 78 243 60
4 12 10
59 489 33 447 9 216 449 83 439 416
12 1 25
154 452 231 329 272 80 105 210 198 492 305 419 102 167 115 485 191 274 184 396 324 244 85 173 218
3 1 14
173 347 211 267 106 359 223 30 314 212 31 34 61 120
1 15 2
201 367
4 8 7
459 95 436 133 177 277 308
5 7 8
40 436 235 343 496 81 116 33
1 6 6
479 289 66 273 211 46
1 18 8
459 292 486 422 448 450 73 22
2 1 4
413 409 203 456
10 8 17
379 409 314 0 384 471 317 177 477 16 231 375 74 365 306 291 217
2 17 6
74 380 352 277 267 25
12 12 22
29 207 135 474 62 437 156 371 389 479 377 367 265 357 201 327 84 75 449 177 140 472
8 4 25
64 92 441 194 159 296 269 186 373 359 94 146 166 165 51 351 306 256 343 199 208 59 345 229 143
8 1 24
285 397 312 180 296 369 13 95 229 209 323 224 289 93 448 133 379 10 472 497 434 122 37 91
1 19 7
82 304 469 461 63 406 130
3 20 13
100 451 223 374 393 88 458 76 496 266 43 478 220
3 18 7
224 476 313 248 303 185 119
1 13 2
387 233
1 8 7
285 177 237 163 426 493 238
2 15 8
181 471 357 180 466 385 437 150
9 20 17
434 214 206 466 472 486 192 230 52 305 121 319 217 33 20 120 10
8 13 23
393 484 0 73 447 427 289 212 21 270 394 13 361 413 437 357 263 495 84 391 229 97 257
10 3 16
378 484 14 338 7 470 87 21 194 141 313 393 348 176 346 210
5 14 22
368 297 467 106 154 451 16 199 32 308 232 340 494 298 206 384 237 250 378 437 116 293
7 9 25
145 455 264 305 308 325 172 483 347 247 406 321 258 488 405 408 303 90 413 484 454 29 139 15 152
1 17 2
366 208
2 6 9
371 434 261 114 375 429 448 276 100
3 7 12
476 146 5 380 379 463 456 315 485 29 247 232
2 7 22
390 145 139 370 419 361 342 456 429 490 33 438 420 316 488 409 457 481 432 125 162 368
1 6 6
348 143 218 396 177 481
10 15 23
333 165 217 437 119 256 124 489 105 346 122 151 491 265 189 486 313 186 65 395 443 182 239
6 9 10
138 274 164 86 57 268 209 415 362 482
2 12 14
211 174 428 367 344 279 110 373 332 369 232 147 88 322
2 6 25
232 412 2 235 417 423 122 488 147 146 217 169 95 63 173 358 410 274 152 111 266 483 205 474 237
6 10 15
93 307 58 350 315 135 254 231 115 434 242 41 176 178 92
6 13 17
320 187 465 1 291 73 282 124 241 46 146 371 196 26 172 446 391
2 5 14
295 195 426 356 455 245 74 92 45 101 428 120 479 231
2 14 9
175 66 357 80 187 172 8 311 59
2 7 7
492 205 277 108 156 360 24
2 4 11
257 161 21 1 460 383 356 152 109 429 7
4 9 8
382 2 388 272 287 248 492 278
8 10 13
404 112 206 146 485 478 482 365 205 487 298 491 215
6 10 15
187 102 355 116 142 50 351 129 446 323 263 490 124 128 373
10 5 22
476 289 119 170 369 457 115 54 245 422 297 281 225 206 148 410 217 292 28 450 196 55
6 15 20
453 143 203 275 328 331 219 277 297 421 169 21 390 233 463 48 442 353 113 317
2 14 6
443 79 255 370 474 425
12 18 25
374 47 188 174 141 420 70 4 270 16 167 331 425 463 51 54 160 168 332 59 454 421 343 180 55
6 2 10
157 452 486 340 41 346 246 350 3 434
8 4 12
271 73 479 405 366 134 114 211 160 147 392 100
3 2 9
273 399 26 383 323 351 68 240 45
6 10 18
137 29 423 301 30 41 168 122 235 250 108 436 256 11 296 66 345 46
2 10 18
231 303 46 16 56 135 401 247 204 467 483 21 351 294 268 288 57 491
1 16 3
484 93 272
1 9 10
97 344 18 105 434 380 163 178 470 423
9 9 19
147 123 101 328 384 385 353 150 462 40 109 48 283 264 170 127 397 33 313
7 19 16
24 362 219 176 27 81 488 134 345 185 109 150 320 435 112 334
2 5 7
304 334 277 363 238 428 150
1 2 2
477 209
6 18 21
119 234 433 484 81 458 264 305 53 279 70 72 28 466 71 191 479 9 238 432 207
4 15 7
290 443 353 181 179 343 222
9 16 16
413 138 47 197 358 101 32 207 344 179 266 106 322 105 65 58
8 12 23
228 455 23 210 283 458 300 93 172 155 352 365 443 418 53 164 267 358 305 274 186 51 82
8 6 19
81 362 209 432 482 77 345 211 478 215 399 82 29 380 103 490 330 255 232
4 9 22
304 493 441 449 183 29 421 27 176 52 28 313 362 447 296 291 141 202 244 181 64 372
2 20 12
470 393 236 31 209 486 119 224 55 192 344 245
12 18 25
175 407 461 136 124 362 168 195 405 366 242 272 150 478 59 390 45 422 256 489 444 381 322 129 198
3 3 11
68 310 452 222 264 161 147 266 361 86 8
9 5 16
284 482 484 363 131 433 416 219 274 91 179 250 159 0 170 184
1 10 6
164 304 334 6 305 310
12 17 21
145 215 14 83 179 16 448 165 200 46 191 176 135 348 54 138 157 394 206 81 137
5 2 25
92 122 397 225 106 311 382 324 469 440 329 453 16 451 20 376 82 358 475 297 432 224 275 218 236
7 11 11
298 387 440 494 44 468 477 355 239 92 424
2 3 21
469 35 159 205 69 259 148 186 122 200 255 338 100 315 92 56 175 230 99 280 158
3 6 6
115 84 45 26 102 264
7 18 19
355 356 89 99 382 88 342 217 330 145 266 354 404 336 276 397 105 251 102
2 1 5
156 340 461 400 411
14 3 25
374 377 288 131 144 317 287 214 30 102 467 253 228 336 199 284 212 446 73 326 178 32 85 461 47
2 3 23
44 159 207 386 24 96 254 376 110 104 479 223 69 133 201 193 396 81 350 263 273 86 257
2 19 6
282 90 439 446 241 196
15 10 25
169 191 233 211 198 379 71 499 92 465 21 273 49 34 99 186 24 212 108 389 407 321 61 464 107
2 17 3
152 499 163
3 4 20
474 31 367 229 294 335 286 264 80 34 325 297 107 207 375 89 408 204 56 213
5 19 13
126 345 116 301 239 247 59 405 159 212 330 179 373
4 15 7
417 264 166 11 329 177 463
1 18 19
180 275 261 369 142 170 82 18 314 491 31 140 156 443 358 12 292 56 300
6 12 22
286 333 393 463 287 480 337 444 154 117 171 475 116 9 156 399 274 103 436 195 406 44
3 16 5
277 77 174 163 439
3 4 5
223 32 10 211 134
1 9 2
458 481
2 1 13
114 242 246 107 478 243 24 59 36 347 499 63 299
3 9 5
466 414 434 328 215
7 8 17
224 276 417 489 110 243 143 310 291 1 284 304 400 70 173 219 340
12 19 25
33 247 314 265 235 64 472 353 399 168 311 364 449 454 393 396 118 238 21 53 29 245 79 412 433
5 1 14
78 358 52 73 353 435 27 13 423 394 292 71 451 388
4 2 24
189 397 7 394 386 285 8 303 129 70 239 211 150 185 138 33 165 219 475 420 192 282 431 213
6 11 10
1 386 13 494 370 63 288 104 467 268
2 7 12
277 337 95 384 111 236 75 97 109 127 227 160
3 7 14
252 343 163 344 398 451 318 291 456 8 334 155 399 465
2 6 5
209 153 423 62 9
2 3 4
44 319 81 440
1 9 2
335 362
3 17 8
409 65 243 5 427 119 181 105
2 7 13
29 201 125 44 236 7 245 35 128 348 371 3 113
1 15 3
15 290 359
2 19 5
18 245 35 220 51
1 8 4
189 37 421 228
5 15 16
456 388 221 152 346 86 340 477 305 326 352 361 408 233 219 309
2 15 4
495 297 282 440
4 15 21
364 269 110 371 317 209 486 35 173 340 413 145 298 167 86 192 420 92 368 390 143
3 1 6
473 321 173 102 171 162
10 5 18
486 15 427 450 425 473 445 162 88 464 127 426 235 397 126 403 89 21
8 4 17
341 234 206 402 301 411 303 229 215 95 54 453 397 108 92 151 180
7 16 12
324 181 203 75 435 299 294 163 195 439 440 48
5 5 8
233 363 45 152 81 102 201 279
4 7 9
174 130 346 490 465 11 311 285 355
3 1 15
123 69 309 377 198 414 449 391 346 3 32 233 150 421 61
5 16 12
226 174 61 368 424 208 56 84 92 271 265 374
5 9 8
471 110 185 313 251 71 42 486
3 5 12
388 195 109 383 211 465 34 444 11 49 103 296
4 1 13
392 303 242 120 361 59 466 49 51 121 419 6 367
1 3 12
130 493 281 224 203 379 185 245 393 139 318 327
4 1 13
132 438 282 420 349 141 443 40 286 450 385 19 264
1 5 8
110 50 355 211 489 378 424 368
2 16 17
150 209 327 157 421 254 319 83 133 349 59 233 118 338 282 0 119
7 18 14
88 83 411 283 456 243 351 359 124 118 333 327 139 430
2 12 6
331 42 463 316 462 250
2 6 4
422 484 452 232
3 16 18
267 347 471 104 143 62 10 457 306 161 223 33 121 302 375 322 49 35
9 9 16
372 52 229 14 307 364 194 242 159 467 170 339 48 354 154 6
3 5 5
148 442 95 467 468
4 9 8
246 265 205 498 355 281 10 195
1 3 2
447 404
10 20 21
215 474 321 431 317 48 182 133 281 245 360 266 240 123 40 425 119 314 439 51 222
1 9 2
207 30
2 9 4
226 455 119 384
11 15 22
362 215 387 276 282 126 132 293 92 205 311 14 359 473 200 389 406 40 203 117 5 307
4 1 12
449 250 459 270 425 158 114 67 332 382 103 156
1 15 5
424 314 197 309 297
7 14 14
319 459 265 139 136 296 241 491 464 82 295 5 280 21
2 14 9
293 231 264 285 194 3 497 257 345
4 18 12
334 262 135 121 295 403 104 187 382 248 318 274
6 14 9
128 483 79 206 370 46 142 66 108
3 20 5
306 472 166 456 220
6 2 12
430 126 79 65 1 66 111 33 146 108 159 298
6 17 18
23 9 393 171 427 139 13 334 145 400 441 355 482 401 420 291 173 295
2 11 8
100 107 22 46 375 165 186 417
5 4 12
367 141 26 262 478 41 210 148 108 214 171 468
12 9 19
152 223 293 248 483 18 419 447 20 475 47 92 187 385 225 340 489 463 115
5 5 14
60 306 323 473 251 297 41 1 459 286 210 408 426 468
1 9 7
245 208 469 429 23 265 53
2 16 10
101 245 81 50 74 342 153 346 210 339
2 7 8
261 282 227 393 439 106 175 322
1 17 16
199 384 70 40 463 246 71 261 23 90 179 48 390 491 107 85
10 11 16
100 121 441 347 80 497 472 25 115 22 279 270 448 207 324 358
1 6 4
394 188 23 60
3 2 10
497 149 159 258 417 177 327 127 395 257
6 10 16
349 436 77 287 137 305 124 360 256 377 308 104 343 225 96 191
6 6 17
429 22 341 133 465 477 304 396 262 25 142 291 160 131 240 229 100
1 8 2
346 241
4 17 13
181 57 261 124 349 75 380 205 424 306 497 1 23
2 4 15
121 223 448 42 91 271 319 282 388 148 311 110 367 353 398
2 8 8
78 378 302 362 199 435 164 82
1 15 9
145 330 361 171 26 38 191 197 70
4 4 6
211 316 268 34 257 318
5 3 18
57 85 200 499 250 412 380 247 257 266 464 64 219 49 362 48 135 238
2 8 4
241 165 224 58
6 4 20
107 99 482 199 282 399 256 400 423 223 215 229 211 0 497 395 493 351 193 450
1 9 19
223 296 130 116 117 18 427 348 238 470 335 222 16 460 371 309 368 269 356
1 4 2
8 185
1 16 4
257 42 449 388
8 11 18
156 385 291 241 365 297 189 443 482 105 266 208 111 455 32 52 293 179
6 5 25
247 335 73 499 65 125 444 53 269 22 402 399 327 124 77 356 371 431 167 92 293 176 191 228 233
4 11 8
479 307 493 350 64 309 5 259
8 1 23
144 206 212 488 424 403 366 467 294 209 224 410 58 30 292 232 263 458 327 452 378 181 153
3 1 15
239 111 316 278 237 439 103 370 255 296 350 310 382 467 366
5 2 22
451 304 158 60 71 300 118 314 95 135 326 467 143 59 115 309 64 91 360 9 393 427
3 11 16
97 425 224 339 344 48 409 463 401 99 37 265 308 410 386 329
1 10 14
73 95 388 219 449 152 430 358 389 138 417 490 496 107
5 4 16
405 477 339 248 122 32 268 201 185 294 371 482 5 63 415 499
13 7 21
320 31 341 232 265 228 137 203 151 412 36 18 103 494 476 48 381 194 472 78 123
2 18 16
320 134 281 123 305 291 118 27 57 446 275 495 268 124 414 47
3 6 5
42 394 451 102 233
1 20 4
5 254 74 261
2 3 17
336 0 292 424 235 315 39 222 346 321 294 214 204 370 246 487 128
1 10 2
23 412
6 17 16
467 45 420 117 324 328 177 400 370 360 404 9 475 132 386 43
9 16 17
426 445 358 485 218 201 449 8 6 130 419 290 52 393 10 321 47
1 17 4
264 258 480 360
11 1 17
16 187 438 91 229 328 147 100 416 191 482 456 384 238 436 470 14
1 4 14
483 258 369 453 396 307 246 294 131 455 329 213 323 174
7 6 18
256 239 203 4 9 0 295 492 491 218 57 383 473 498 94 39 105 254
8 6 14
305 275 439 293 250 287 236 27 196 89 209 199 146 374
5 8 16
296 138 319 403 458 103 325 274 392 246 182 380 268 405 90 55
5 20 18
161 499 422 184 69 93 473 337 253 223 129 178 342 208 18 27 456 109
4 16 15
9 112 233 187 17 220 323 475 402 298 11 109 286 321 340
9 6 20
309 122 28 102 59 416 29 437 207 225 100 209 331 82 489 300 395 51 472 445
2 2 7
88 486 176 318 229 452 83
7 17 17
472 163 36 384 452 345 22 275 398 131 31 319 83 494 39 257 299
1 11 9
276 370 225 476 88 474 46 489 96
4 18 17
285 167 469 44 466 260 170 177 203 296 441 82 142 387 321 79 224
1 14 3
381 315 0
9 13 20
397 227 46 281 224 293 373 412 322 256 442 1 245 86 369 307 204 483 385 13
4 8 9
367 27 335 480 49 295 71 293 181
1 14 10
63 50 296 236 38 10 298 18 101 113
1 16 12
485 100 78 30 330 435 207 341 256 300 176 249
1 10 2
168 429
6 9 10
387 448 137 135 233 175 321 90 47 138
3 17 19
194 271 124 348 428 122 225 139 109 101 448 456 204 138 317 69 197 418 192
1 16 4
47 266 384 338
9 11 19
224 314 398 311 183 119 415 460 440 363 406 331 51 259 428 333 211 152 359
14 6 25
72 399 70 213 435 78 21 467 139 433 403 269 474 164 315 42 143 481 74 177 189 173 22 453 398
11 17 24
324 47 101 497 485 398 244 334 361 459 161 369 276 246 52 255 114 179 406 96 187 103 168 377
6 15 9
419 103 76 59 254 232 454 141 386
11 10 21
173 296 440 166 82 324 111 86 268 207 77 343 25 242 389 136 438 412 131 153 292
3 3 9
294 135 55 136 194 8 436 224 329
4 14 11
320 426 360 100 324 41 209 97 241 108 405
5 2 18
163 142 150 262 97 334 316 373 159 14 117 113 450 393 22 496 180 56
9 6 15
262 465 413 428 261 254 294 359 219 208 346 119 143 142 147
10 8 19
11 233 89 151 68 41 278 367 85 167 74 52 73 96 87 0 345 47 164
2 13 10
485 202 497 258 113 153 226 77 407 302
1 3 4
442 175 5 104
3 7 7
336 66 2 142 178 376 236
3 8 19
14 383 88 246 198 111 143 341 19 369 272 268 87 469 256 274 326 264 41
2 13 21
97 81 472 386 344 351 308 416 177 49 341 405 40 212 387 369 300 126 349 445 239
2 7 5
24 186 381 187 175
3 18 11
359 463 280 102 350 433 375 223 161 31 27
4 13 20
101 158 265 402 205 266 118 165 309 194 361 371 22 217 98 466 310 300 479 367
7 17 19
59 431 193 435 32 395 429 360 342 343 262 264 200 198 93 309 499 225 53
3 11 5
445 436 211 90 398
9 6 17
450 296 420 169 275 143 4 456 70 438 366 122 32 90 355 27 306
10 20 16
3 133 17 231 111 383 419 458 393 300 185 261 350 447 115 309
13 19 24
370 344 329 143 395 452 269 207 346 354 327 476 488 151 460 369 216 412 116 266 309 326 135 247
9 19 16
68 390 493 206 230 336 317 108 136 475 486 467 345 58 432 341
10 2 23
49 411 443 72 261 451 28 427 137 170 404 254 175 14 132 486 160 357 343 213 333 490 389
9 20 19
46 450 103 478 48 351 338 88 270 389 304 123 107 394 248 335 55 252 154
3 4 10
85 100 344 313 58 151 488 302 135 46
10 20 16
144 172 5 148 401 324 427 423 11 343 498 7 456 432 453 419
7 18 23
373 36 39 453 406 89 297 85 418 352 344 2 161 450 411 335 47 57 166 198 117 170 98
4 2 17
425 415 186 272 286 426 114 328 175 64 244 432 257 289 468 265 203
7 10 18
343 293 312 242 115 130 12 297 354 434 243 244 164 273 44 72 204 260
4 11 24
385 388 37 30 17 15 114 284 123 148 453 220 327 360 151 9 235 203 71 178 359 137 367 122
