3400 0.500578
3290 0.500541
3370 0.500324
3360 0.500301
3340 0.500237
3330 0.50165
3270 0.500629
3370 0.500663
3400 0.501299
3360 0.500433
3300 0.500195
3430 0.500468
3290 0.500742
3210 0.500686
3400 0.500177
3370 0.500277
3310 0.500267
3250 0.500551
3400 0.500265
3390 0.500202
3400 0.500352
3470 0.500377
3320 0.500468
3340 0.50035
3470 0.500267
3410 0.500287
3360 0.500632
3290 0.500276
3310 0.500478
3400 0.500279
3320 0.500302
3330 0.500241
3280 0.500457
3350 0.500199
3380 0.500269
3330 0.500486
3260 0.500585
3320 0.500366
3290 0.500487
3340 0.500234
