676 0.600147
687 0.600106
718 0.60013
740 0.600131
667 0.6001
647 0.600121
712 0.600126
680 0.600142
732 0.600123
744 0.600102
257 0.600095
264 0.600106
243 0.600106
255 0.600105
276 0.600115
262 0.60009
263 0.600099
230 0.600132
219 0.6001
237 0.60011
1587 0.600121
1618 0.600106
1682 0.600133
1634 0.600141
1682 0.600119
1614 0.600858
1670 0.60018
1590 0.600276
1703 0.600131
1630 0.600118
1508 0.60017
1514 0.600169
1561 0.600127
1541 0.600175
1514 0.600141
1597 0.600151
1559 0.600111
1572 0.600197
1517 0.600152
1565 0.600129
