1245 0.50202
1145 0.500188
1205 0.500533
1093 0.52866
1395 0.500209
1145 0.500263
1205 0.500896
1385 0.500156
1285 0.500145
1245 0.502643
1345 0.500439
1345 0.500835
1304 0.50037
1275 0.500341
1225 0.500163
1215 0.500283
1294 0.501736
1265 0.500193
1305 0.500195
1254 0.507874
1305 0.500575
1355 0.500308
1305 0.500214
1275 0.50076
1285 0.500241
1295 0.500235
1315 0.500196
1285 0.502698
1245 0.500309
1265 0.500247
1295 0.515888
1265 0.500296
1265 0.50019
1315 0.500359
1293 0.500489
1254 0.50017
1305 0.500208
1305 0.502718
1315 0.50038
1344 0.500116
