555 0.600124
516 0.600137
532 0.600128
531 0.600154
595 0.600164
580 0.60014
539 0.600141
522 0.600172
533 0.600107
552 0.600136
226 0.600128
200 0.600103
169 0.600114
198 0.600121
160 0.600099
195 0.600128
167 0.60013
179 0.60017
187 0.600147
190 0.600154
2113 0.600135
2180 0.600221
2131 0.600145
2219 0.60022
2101 0.600118
2189 0.600122
2132 0.600121
2168 0.600131
2182 0.600149
2109 0.600168
1978 0.600177
2023 0.600113
1984 0.600111
2006 0.600592
1968 0.600111
1993 0.600103
1881 0.600104
2036 0.603767
2008 0.600131
1935 0.600135
