832 0.52825
809 0.517886
816 0.540779
761 0.500691
810 0.543353
799 0.549451
816 0.547362
838 0.502344
762 0.512208
282 0.501774
304 0.500421
354 0.514767
334 0.500384
349 0.510727
328 0.580488
352 0.50051
341 0.532984
320 0.533115
295 0.50706
1237 0.500464
1268 0.544488
1253 0.511713
1247 0.554657
1276 0.556543
1320 0.502476
1275 0.605504
1269 0.578511
1251 0.500112
1236 0.514326
1162 0.523929
1176 0.500277
1215 0.525113
1182 0.513857
1167 0.534786
1159 0.553151
1130 0.583127
1118 0.535326
1136 0.503314
1159 0.510335
