466 0.317532
454 0.15687
461 0.101908
445 0.0934585
476 0.233234
477 0.11582
451 0.277423
497 0.224945
448 0.159698
436 0.144016
175 0.294359
182 0.132623
165 0.11003
179 0.117052
196 0.182938
170 0.215284
193 0.146662
183 0.308949
184 0.390245
180 0.156338
1153 0.150855
1165 0.118278
1080 0.0832327
1034 0.108141
1118 0.128104
1230 0.084029
1115 0.0983255
1169 0.0863197
1168 0.142231
1066 0.119305
885 0.122786
911 0.152372
947 0.110649
983 0.231409
824 0.305616
1018 0.22111
913 0.369541
883 0.423538
874 0.251945
903 0.126991
