321 0.268496
282 0.299921
315 0.496233
266 0.219321
307 0.234762
280 0.230196
278 0.229938
244 0.214802
252 0.244674
315 0.317091
128 0.500822
120 0.373518
126 0.320746
112 0.501413
120 0.500572
106 0.506978
118 0.500423
109 0.502718
125 0.5018
116 0.500268
1257 0.307628
1240 0.240025
1225 0.303868
1238 0.380654
1235 0.392138
1391 0.231332
1247 0.21668
1182 0.285383
1267 0.469661
1239 0.372319
990 0.426266
959 0.502829
941 0.468406
894 0.501583
995 0.501484
1057 0.400291
926 0.380012
941 0.279961
849 0.290226
780 0.345887
