3904 0.500182
4131 0.500111
4041 0.500442
4043 0.500125
3975 0.500122
4947 0.500297
4444 0.500108
4072 0.500126
4514 0.500254
4062 0.500293
4050 0.500181
3390 0.50019
3836 0.500223
3860 0.500249
4135 0.500227
3527 0.50027
3546 0.500109
3840 0.50038
3525 0.500211
3512 0.500195
3943 0.500115
4084 0.500125
4006 0.500108
4011 0.500132
3837 0.500182
3801 0.500261
3782 0.500207
3962 0.500317
4114 0.500146
4220 0.500151
3825 0.500665
3921 0.500181
4035 0.500265
4507 0.500101
3764 0.500282
3774 0.50024
4090 0.500307
4033 0.50024
4434 0.500344
4084 0.50012
