5172 0.500276
4871 0.500263
5079 0.500345
4706 0.500229
4591 0.500282
5229 0.500101
4986 0.500133
5160 0.500365
4916 0.500182
5049 0.500234
3878 0.500277
4308 0.500545
4470 0.500303
4069 0.500172
4062 0.50057
3882 0.500645
4321 0.500209
3946 0.500292
4071 0.500186
4055 0.500201
5115 0.500376
4689 0.50011
4485 0.500236
4455 0.500207
4734 0.500225
4881 0.500131
4960 0.500195
4513 0.500209
4742 0.500274
4652 0.500101
4508 0.500114
4565 0.500113
4727 0.500123
4770 0.500435
4584 0.500072
4795 0.500254
4569 0.500106
4583 0.500061
4873 0.500736
4431 0.50026
