500 0.0378118
539 0.0394213
458 0.0357692
493 0.0374917
559 0.0377949
536 0.0401696
512 0.0401434
496 0.0465129
489 0.0538462
457 0.0537266
228 0.0856525
239 0.0450981
216 0.052169
218 0.041972
247 0.0461702
235 0.0550601
211 0.0456092
248 0.0462578
243 0.0694909
235 0.0472758
772 0.0394328
912 0.0297252
722 0.0325125
822 0.0400821
877 0.0309205
837 0.0276373
860 0.0352917
789 0.0246309
812 0.025586
834 0.0217313
676 0.0361545
664 0.0440636
717 0.0454916
769 0.0439898
677 0.0696298
778 0.0521288
655 0.0636108
746 0.0547351
605 0.0595046
671 0.0636003
