1616 0.500114
1580 0.500079
1752 0.500117
1591 0.500083
1695 0.500107
1494 0.500099
1555 0.500114
1622 0.500068
1647 0.500092
1608 0.500076
1846 0.50015
1886 0.500107
1778 0.500228
1755 0.500154
1666 0.500221
1718 0.500209
1764 0.50091
1764 0.500107
1780 0.501974
1575 0.50021
1552 0.500073
1584 0.500114
1544 0.500057
1433 0.500129
1706 0.500113
1476 0.50016
1469 0.500105
1593 0.500187
1435 0.500086
1494 0.500059
1451 0.500093
1529 0.500069
1398 0.500059
1523 0.5001
1471 0.500061
1437 0.500097
1529 0.500097
1499 0.500074
1525 0.500106
1525 0.500077
