2757 0.500223
2911 0.500121
2922 0.50015
2929 0.500172
2836 0.500243
2947 0.500086
2972 0.500157
2759 0.500167
2643 0.500191
2811 0.500137
3061 0.50015
2976 0.500255
2951 0.500223
2991 0.500573
2751 0.500343
3008 0.500302
3052 0.500236
3203 0.500205
3069 0.500193
3156 0.500128
2467 0.500169
2537 0.500163
2388 0.500176
2444 0.500081
2472 0.500206
2563 0.500168
2693 0.50013
2476 0.500108
2508 0.500123
2376 0.500193
2729 0.500135
2540 0.50027
2682 0.500158
2425 0.500169
2385 0.500162
2514 0.500095
2329 0.50021
2450 0.500299
2591 0.500136
2659 0.500166
