298 0.153182
317 0.197239
327 0.500502
333 0.315436
322 0.342949
299 0.227526
322 0.207523
306 0.148724
377 0.149238
292 0.143808
191 0.243144
192 0.282302
205 0.274773
204 0.257682
247 0.251454
234 0.281135
198 0.271044
217 0.294589
196 0.304813
167 0.299991
985 0.159826
998 0.135874
1077 0.128396
957 0.143174
1035 0.121105
997 0.152708
1047 0.139758
908 0.143796
990 0.131835
964 0.121722
805 0.163437
826 0.153781
894 0.168327
836 0.138969
803 0.400767
959 0.323198
970 0.231686
875 0.244613
845 0.18919
906 0.226499
