420 0.600764
480 0.600423
418 0.588491
467 0.318248
465 0.600989
476 0.511449
463 0.462546
427 0.309863
414 0.512633
490 0.295954
371 0.600933
338 0.480366
309 0.600508
335 0.596066
329 0.458874
323 0.601066
345 0.601387
327 0.600482
337 0.600163
338 0.600858
1250 0.415456
1384 0.268533
1346 0.600282
1345 0.373449
1358 0.389775
1342 0.354317
1335 0.43971
1284 0.600585
1336 0.311147
1312 0.36684
1251 0.60034
1265 0.517339
1214 0.600887
1181 0.37497
1178 0.600662
1216 0.600144
1156 0.421295
1249 0.404354
1157 0.592671
1246 0.512855
