324 0.176214
272 0.192821
338 0.220502
323 0.218605
403 0.212968
298 0.171072
299 0.16065
334 0.161602
290 0.164051
335 0.158232
176 0.278526
261 0.306291
214 0.369075
212 0.324613
202 0.261335
195 0.251839
197 0.2405
204 0.295602
262 0.25613
175 0.248009
1074 0.272362
1064 0.166032
961 0.194113
1020 0.195935
981 0.202401
1036 0.302224
1080 0.185452
1138 0.246606
993 0.202902
973 0.184807
930 0.329948
937 0.338275
943 0.500446
955 0.26432
923 0.213468
928 0.194672
887 0.284772
892 0.296091
836 0.233539
908 0.210015
