410 0.451182
418 0.501935
457 0.325413
428 0.312982
429 0.361404
452 0.502251
449 0.354295
445 0.379521
403 0.50158
427 0.501119
163 0.501914
171 0.501587
161 0.501413
165 0.502462
150 0.502141
171 0.501324
161 0.502058
178 0.503034
167 0.501579
169 0.501716
1737 0.418886
1715 0.501964
1631 0.502016
1612 0.332738
1898 0.501
1632 0.391318
1702 0.502508
1871 0.502367
1633 0.476231
1864 0.501324
1442 0.501279
1372 0.358709
1391 0.501257
1313 0.501158
1497 0.501743
1300 0.502678
1271 0.50079
1476 0.501648
1396 0.500827
1261 0.501278
