593 0.395025
572 0.500697
563 0.27195
543 0.220719
514 0.501576
550 0.361511
556 0.48355
557 0.220762
513 0.286933
561 0.287246
201 0.35836
223 0.244579
230 0.157084
209 0.224139
249 0.397154
201 0.201385
220 0.204818
226 0.510459
219 0.35569
226 0.501119
1323 0.248765
1381 0.251195
1241 0.206274
1246 0.175325
1328 0.333088
1477 0.50124
1270 0.184639
1409 0.324138
1391 0.486982
1305 0.200418
1012 0.451863
1102 0.252165
1186 0.286012
1175 0.204811
1088 0.344134
1239 0.48205
1119 0.218234
1108 0.37739
1158 0.343702
1127 0.213883
