369 0.500411
1050 0.500747
549 0.500493
420 0.500387
345 0.500482
390 0.500474
602 0.500533
511 0.500407
636 0.500403
507 0.500498
724 0.50159
372 0.500404
351 0.500494
306 0.500771
388 0.500421
341 0.500721
345 0.500486
530 0.500391
836 0.500475
630 0.500524
585 0.500517
1112 0.500577
370 0.500521
1019 0.500437
789 0.500419
454 0.500433
947 0.500423
622 0.50053
791 0.50043
764 0.500455
782 0.500433
682 0.500486
710 0.500485
943 0.500486
872 0.500425
1033 0.500451
828 0.500453
614 0.500653
915 0.500606
890 0.500437
