391 0.502255
380 0.500834
386 0.435423
370 0.501223
415 0.501542
377 0.512673
393 0.50159
344 0.443114
386 0.501485
361 0.501626
142 0.501772
145 0.505273
126 0.502192
150 0.504435
131 0.502059
126 0.502375
131 0.501955
120 0.502273
149 0.501842
127 0.502715
1642 0.50163
1744 0.502655
1835 0.502752
1914 0.501048
1825 0.501668
1939 0.501325
1853 0.502311
1733 0.501946
1674 0.501584
1676 0.48353
1516 0.50177
1465 0.501039
1281 0.502059
1358 0.501543
1358 0.501617
1478 0.501342
1352 0.502521
1350 0.502281
1285 0.50237
1265 0.501233
