512 0.500471
490 0.500335
591 0.500518
524 0.500436
506 0.500412
646 0.50049
523 0.500446
681 0.500454
671 0.50042
555 0.500444
614 0.500607
717 0.500824
923 0.501041
756 0.500677
686 0.500864
729 0.500889
675 0.500889
654 0.500453
723 0.50034
1295 0.500486
1018 0.500685
1141 0.500399
1428 0.500373
1195 0.500422
1962 0.500442
1687 0.5004
1300 0.500367
1063 0.500359
1397 0.500375
1527 0.500452
1687 0.50082
2011 0.500332
2139 0.500476
1734 0.500492
1848 0.500463
1459 0.500396
1432 0.500409
1245 0.500437
1844 0.500458
2000 0.500627
