500 2500 775
11 32 39 38 26 34 38 27 16 20 35 39 21 30 20 11 18 19 32 38 29 14 36 13 30 39 32 40 24 18 29 29 25 27 21 36 35 15 37 17 38 24 31 30 25 25 21 13 26 21 38 37 21 33 20 38 33 12 40 32 20 14 22 22 23 31 38 38 25 12 27 34 38 33 13 23 27 22 29 21 33 30 18 28 40 19 28 32 17 33 29 33 18 39 40 21 31 35 27 27 15 25 33 18 16 25 26 23 40 19 29 18 24 38 23 28 12 31 12 13 20 19 22 39 22 37 11 25 11 16 24 18 18 16 17 11 14 15 17 34 26 31 33 12 27 36 33 28 21 31 35 11 30 30 32 37 29 13 31 26 13 40 21 33 28 39 35 12 13 14 16 25 12 29 14 17 32 39 20 11 12 29 14 38 30 21 29 28 24 15 22 17 28 32 20 16 33 39 29 16 21 32 16 17 14 36 20 30 26 27 37 16 30 13 25 23 12 13 29 40 12 14 34 26 15 20 15 17 21 37 26 37 37 38 33 23 33 23 27 40 23 16 39 33 39 37 32 11 30 39 37 19 39 27 28 39 36 11 32 21 28 12 26 33 19 20 19 36 33 29 38 15 15 22 11 14 14 21 38 21 15 28 11 24 27 37 38 19 25 14 27 13 20 33 17 37 24 36 30 21 40 12 36 40 31 22 27 11 18 12 15 34 25 23 39 37 27 37 11 17 24 33 29 39 18 20 17 28 40 16 17 22 34 30 16 16 15 30 31 40 15 31 38 23 38 12 38 21 13 27 29 37 31 18 17 20 31 31 29 38 36 38 32 39 13 30 28 16 24 23 33 31 12 21 25 31 39 31 18 18 28 16 25 23 34 17 16 13 38 21 13 37 21 19 32 28 39 40 39 16 15 21 26 15 15 29 21 36 15 22 31 12 17 30 20 40 25 35 20 15 14 40 33 34 14 17 38 21 14 24 38 16 17 34 29 23 20 11 14 21 13 28 17 29 15 25 39 35 31 31 15 25 39 30 37 35 19 24 25 30 14 24 20 20 39 39 17 39 34 11 27 20 38 35 12 33 37 12 35 12 14 39 23 32 13 17 21 25 37 33 24 30 21 30 31 19 34 33 17 13
1 22 29 28 16 24 28 17 6 10 25 29 11 20 10 1 8 9 22 28 19 4 26 3 20 29 22 30 14 8 19 19 15 17 11 26 25 5 27 7 28 14 21 20 15 15 11 3 16 11 28 27 11 23 10 28 23 2 30 22 10 4 12 12 13 21 28 28 15 2 17 24 28 23 3 13 17 12 19 11 23 20 8 18 30 9 18 22 7 23 19 23 8 29 30 11 21 25 17 17 5 15 23 8 6 15 16 13 30 9 19 8 14 28 13 18 2 21 2 3 10 9 12 29 12 27 1 15 1 6 14 8 8 6 7 1 4 5 7 24 16 21 23 2 17 26 23 18 11 21 25 1 20 20 22 27 19 3 21 16 3 30 11 23 18 29 25 2 3 4 6 15 2 19 4 7 22 29 10 1 2 19 4 28 20 11 19 18 14 5 12 7 18 22 10 6 23 29 19 6 11 22 6 7 4 26 10 20 16 17 27 6 20 3 15 13 2 3 19 30 2 4 24 16 5 10 5 7 11 27 16 27 27 28 23 13 23 13 17 30 13 6 29 23 29 27 22 1 20 29 27 9 29 17 18 29 26 1 22 11 18 2 16 23 9 10 9 26 23 19 28 5 5 12 1 4 4 11 28 11 5 18 1 14 17 27 28 9 15 4 17 3 10 23 7 27 14 26 20 11 30 2 26 30 21 12 17 1 8 2 5 24 15 13 29 27 17 27 1 7 14 23 19 29 8 10 7 18 30 6 7 12 24 20 6 6 5 20 21 30 5 21 28 13 28 2 28 11 3 17 19 27 21 8 7 10 21 21 19 28 26 28 22 29 3 20 18 6 14 13 23 21 2 11 15 21 29 21 8 8 18 6 15 13 24 7 6 3 28 11 3 27 11 9 22 18 29 30 29 6 5 11 16 5 5 19 11 26 5 12 21 2 7 20 10 30 15 25 10 5 4 30 23 24 4 7 28 11 4 14 28 6 7 24 19 13 10 1 4 11 3 18 7 19 5 15 29 25 21 21 5 15 29 20 27 25 9 14 15 20 4 14 10 10 29 29 7 29 24 1 17 10 28 25 2 23 27 2 25 2 4 29 13 22 3 7 11 15 27 23 14 20 11 20 21 9 24 23 7 3
2 12 3
414 129 208
1 9 3
493 184 328
2 20 7
219 338 144 228 135 58 86
6 15 9
291 482 276 115 474 382 27 234 496
1 11 2
57 464
2 1 5
212 34 383 428 328
4 8 8
475 469 88 275 128 148 309 381
1 5 8
0 154 67 363 190 242 429 35
4 6 6
310 98 255 266 166 240
1 15 2
452 286
1 18 7
231 133 170 193 279 224 417
1 8 10
362 69 328 49 398 269 121 137 225 460
3 4 7
137 369 413 115 139 325 451
1 14 5
222 147 337 44 365
3 18 7
407 405 49 452 4 245 239
3 7 5
382 223 45 151 3
1 14 2
174 435
3 11 5
24 494 271 473 330
1 7 3
123 453 421
3 12 10
430 366 258 222 149 174 16 267 110 354
3 19 5
94 298 421 385 151
2 9 4
324 82 357 30
2 5 9
217 363 416 465 443 63 498 122 393
2 14 8
261 441 97 247 40 486 414 116
1 5 4
70 234 303 455
2 17 10
213 204 289 458 381 209 124 311 34 237
1 11 6
336 367 161 331 72 340
4 4 9
402 128 343 105 41 419 58 372 91
4 17 7
136 296 225 245 247 458 65
3 7 6
464 341 383 208 246 254
3 4 5
52 179 129 290 147
2 6 6
404 7 286 167 454 231
2 12 6
99 2 17 123 194 479
2 4 6
9 204 133 402 29 314
6 4 10
39 134 141 493 191 58 374 448 457 288
2 5 5
375 145 406 410 235
3 19 5
384 32 348 8 353
1 6 3
237 131 30
4 2 8
134 220 179 385 420 287 209 240
1 20 2
294 341
2 4 4
305 463 162 105
1 5 6
348 323 154 476 199 446
5 13 9
78 383 201 425 367 471 139 28 228
2 1 7
185 187 52 82 491 259 380
5 3 8
165 81 441 243 92 69 302 52
2 16 3
179 237 16
3 1 6
432 161 169 237 359 439
2 18 10
38 374 187 350 112 22 197 125 55 274
2 11 6
64 107 217 258 225 135
1 12 8
320 277 213 190 181 453 389 477
1 19 3
9 117 347
4 12 6
143 260 330 201 269 342
2 5 8
461 92 109 93 61 391 485 255
4 4 6
497 361 377 151 23 184
1 3 4
458 203 94 434
2 19 4
398 333 48 65
1 11 9
107 425 427 183 104 110 3 351 11
1 3 6
142 129 295 221 13 101
2 3 7
420 466 206 77 409 191 105
1 18 2
490 402
1 17 9
257 34 441 313 118 53 336 131 139
1 7 2
418 175
1 9 2
277 176
2 2 3
126 427 479
2 11 9
205 180 4 23 346 435 28 165 22
6 4 10
31 18 114 314 366 143 182 193 268 57
2 13 4
251 321 406 395
1 11 6
252 428 357 284 148 85
5 10 10
370 321 340 156 32 41 443 293 120 73
1 11 10
237 440 245 160 405 459 473 342 3 349
4 17 7
324 136 43 393 144 64 231
4 14 6
7 393 186 445 269 86
2 5 6
402 468 365 27 230 354
4 1 7
360 235 450 55 331 213 385
4 6 10
30 435 112 493 294 148 411 123 161 26
2 18 9
403 474 84 244 206 449 222 470 339
5 20 10
2 131 154 279 492 254 30 6 303 215
2 6 5
376 275 208 274 461
1 9 9
446 33 396 233 343 303 236 409 484
2 11 5
308 332 428 261 408
1 17 2
254 225
1 7 7
296 283 70 356 279 280 291
3 1 5
320 199 125 457 403
1 18 9
80 229 421 157 475 355 413 143 159
1 14 3
467 481 473
3 11 7
49 375 472 239 425 218 484
1 11 4
213 257 51 412
1 3 3
422 210 230
2 20 6
66 72 416 19 231 151
1 1 4
248 492 222 65
5 3 10
114 499 431 110 287 289 70 167 223 208
2 3 8
178 310 444 188 114 467 195 90
2 5 8
491 105 454 365 151 119 364 235
2 1 6
109 398 149 327 314 52
2 14 10
15 280 204 421 31 450 199 209 284 233
5 4 8
379 422 261 320 150 61 178 275
2 4 8
260 290 203 205 74 311 489 397
1 14 9
260 374 144 205 163 288 142 67 305
3 16 7
51 350 3 65 235 311 446
1 5 10
384 469 357 483 268 341 276 355 380 370
2 14 4
55 267 443 130
2 14 4
191 228 118 59
2 2 9
428 282 350 192 337 352 311 433 185
4 10 6
170 325 154 85 388 318
1 8 8
88 171 245 488 350 460 116 100
3 6 10
319 345 366 57 79 101 496 74 214 424
2 2 7
250 373 244 457 176 237 387
2 13 3
158 452 447
1 8 3
187 274 318
1 7 2
156 215
1 6 2
443 240
2 1 3
333 489 214
4 4 9
475 446 98 125 415 56 468 2 379
1 4 8
485 487 298 183 281 242 160 373
3 11 9
454 422 86 188 308 425 447 463 322
1 19 8
61 66 300 177 476 30 430 274
1 12 6
445 376 463 457 121 374
3 1 6
131 205 11 59 215 4
2 12 5
199 82 51 92 367
1 3 2
21 193
2 13 3
160 56 4
1 18 5
92 405 246 492 216
2 10 4
182 387 384 191
2 8 5
95 105 434 223 43
5 18 9
460 452 310 329 441 77 94 185 374
1 6 7
137 39 432 71 339 142 218
1 15 10
468 215 423 409 69 278 216 350 40 54
2 18 4
188 110 133 293
2 8 5
331 258 97 79 91
1 17 4
101 339 385 405
3 5 7
382 460 292 179 10 397 495
1 18 2
459 369
2 2 10
10 355 370 311 168 118 194 335 254 123
1 3 10
110 78 121 385 57 175 220 145 70 66
2 9 3
157 245 286
1 3 2
448 325
2 1 9
150 209 457 445 72 143 116 69 364
3 6 8
464 15 465 205 26 276 66 90
5 4 8
136 122 468 224 183 108 285 128
3 1 9
388 263 459 150 287 478 31 80 322
1 2 3
149 159 272
1 12 2
448 463
3 12 8
411 38 251 261 480 457 35 495
1 12 4
192 21 131 374
1 12 2
83 468
2 18 5
299 154 173 493 251
1 8 2
239 392
1 20 6
468 55 317 284 193 83
4 6 8
2 155 472 352 358 328 437 412
1 16 5
307 306 291 235 115
1 6 5
462 299 43 212 380
1 7 4
420 211 267 402
4 9 10
54 416 149 170 359 110 183 335 151 116
4 2 9
452 29 443 59 155 378 83 354 401
1 5 3
497 397 3
2 3 3
118 435 254
4 20 7
252 379 116 78 269 108 193
2 11 8
168 469 13 9 176 272 304 434
2 18 3
190 471 409
1 17 9
372 251 405 356 182 254 45 169 395
2 16 5
376 190 284 350 6
2 8 8
154 278 421 461 221 347 226 165
3 1 8
369 6 414 476 413 151 304 135
1 9 5
414 4 366 275 456
3 18 7
272 108 36 1 277 118 239
6 13 9
184 295 297 89 3 23 165 139 170
2 11 3
52 90 306
4 3 6
190 77 195 3 380 304
3 10 6
126 80 210 346 415 28
2 20 6
106 250 90 451 51 179
2 2 4
7 159 422 457
5 3 9
158 21 170 307 338 482 144 372 350
1 18 9
100 45 143 132 272 78 221 148 298
1 15 6
23 138 63 247 213 449
1 12 3
186 121 269
3 5 7
41 433 138 236 239 260 81
5 18 10
28 435 450 296 384 318 99 460 114 190
6 15 10
434 389 63 429 267 224 327 320 480 393
3 9 5
469 346 401 80 185
1 6 6
296 171 449 246 249 406
3 19 5
49 190 478 166 52
2 4 4
328 16 345 486
4 2 7
421 481 92 429 276 230 350
3 20 7
373 310 127 390 17 321 3
1 9 3
399 221 417
4 18 6
463 381 84 417 492 416
1 5 10
158 225 320 210 264 30 359 475 187 224
1 1 4
478 68 389 296
2 16 3
339 365 195
2 8 9
38 447 433 313 288 221 101 333 6
3 11 5
18 356 498 147 30
5 7 10
170 202 78 126 478 324 494 362 311 59
2 7 3
335 362 2
3 12 6
2 186 409 355 180 441
4 16 6
320 332 341 428 225 366
1 9 2
66 208
1 1 5
155 343 109 142 68
1 9 4
34 383 12 176
1 3 8
266 146 438 496 319 417 295 281
2 4 4
161 129 9 233
2 3 6
399 298 33 324 239 377
1 4 9
70 313 474 416 86 239 97 185 360
2 14 8
87 26 405 150 261 34 222 28
2 6 4
119 189 58 220
1 4 9
58 70 309 450 311 39 424 318 49
3 5 9
265 167 477 436 367 215 176 349 22
5 4 9
147 190 356 211 302 386 176 152 134
4 9 8
31 304 283 417 266 191 204 22
1 18 2
330 286
1 16 2
273 348
4 14 10
48 342 404 215 464 315 463 194 297 216
3 20 7
167 35 66 408 69 306 256
1 16 4
311 473 120 270
3 3 7
398 291 265 330 430 64 384
1 9 4
499 483 291 434
1 4 3
226 239 114
3 2 5
436 182 315 24 370
6 18 10
363 380 261 272 262 59 389 492 424 223
2 13 4
62 410 481 354
6 20 10
151 465 21 82 286 210 461 0 410 187
1 6 2
282 93
3 4 8
304 364 58 100 335 222 433 145
1 18 4
377 184 416 357
1 12 2
338 435
1 15 4
315 408 427 108
1 9 9
265 403 171 397 106 26 295 219 362
4 1 10
7 327 28 453 125 285 398 223 415 448
2 1 4
47 389 373 284
3 2 7
204 117 120 399 340 374 274
2 16 3
63 248 234
1 13 2
89 268
6 8 9
447 219 271 275 335 387 190 161 433
1 7 2
374 340
1 18 3
315 342 177
1 19 10
84 278 487 130 334 346 168 290 281 116
1 17 2
70 217
2 19 7
245 110 91 54 131 94 199
1 7 2
246 432
1 16 2
84 6
2 20 5
221 398 120 203 477
1 15 2
162 219
1 20 9
263 484 28 17 375 3 83 239 431
2 7 3
156 31 381
4 14 9
439 305 418 88 363 240 5 243 347
3 9 10
349 127 206 213 174 365 110 77 454 19
2 8 8
431 125 211 485 380 145 10 334
2 1 3
218 360 130
1 1 10
15 44 233 226 245 314 172 284 321 432
1 7 6
225 462 344 28 320 402
4 1 9
255 183 362 381 479 78 220 334 345
4 5 6
92 272 363 239 199 137
2 8 3
315 392 105
2 17 8
149 432 363 160 207 143 394 436
1 9 5
496 267 3 111 319
1 9 2
359 129
4 3 6
68 182 217 458 38 136
5 20 10
21 106 179 27 301 54 217 420 479 402
1 10 6
8 423 140 126 494 225
3 2 6
262 327 5 248 330 438
5 13 9
198 464 449 166 279 479 141 124 499
1 19 4
161 124 361 188
3 20 5
314 271 113 120 124
5 20 8
40 163 259 367 329 131 207 239
2 9 7
73 448 311 1 381 195 300
1 8 2
89 357
3 14 10
227 310 44 36 421 24 76 365 0 380
4 18 8
368 21 452 479 214 13 316 492
1 18 4
242 314 214 375
2 9 5
104 240 135 13 151
4 12 6
334 382 92 131 130 106
2 4 5
287 182 346 345 330
1 2 4
87 235 61 355
3 10 7
98 293 31 277 425 436 445
1 9 5
156 376 120 374 486
1 13 4
52 371 10 427
2 18 8
158 345 133 266 378 232 299 219
3 9 8
352 475 256 275 71 424 116 58
4 18 7
36 400 1 243 198 117 59
5 4 8
491 245 248 67 324 387 396 337
3 14 7
138 6 20 311 297 451 65
1 1 10
4 468 450 331 297 45 89 2 247 228
2 9 9
398 402 382 277 11 88 274 461 339
2 1 4
46 472 219 287
1 5 4
467 49 189 11
2 12 4
443 96 464 469
5 1 8
376 410 393 214 199 453 51 460
4 16 6
27 268 296 255 352 322
2 16 7
62 472 177 146 470 223 309
1 17 3
167 28 260
2 11 3
383 45 272
3 19 5
42 159 461 187 125
2 10 4
177 305 337 447
5 2 10
170 273 432 477 479 40 269 191 319 299
1 9 5
43 169 59 284 462
2 12 8
440 495 416 457 122 129 342 257
4 1 6
460 114 327 108 393 490
1 17 4
195 203 152 23
1 9 2
215 324
3 15 10
415 35 56 27 451 271 53 222 2 270
3 12 8
307 224 403 239 104 249 60 223
6 1 9
147 314 92 332 87 175 11 32 16
1 2 3
381 60 97
2 12 8
489 258 286 91 400 498 397 451
5 16 9
175 376 74 223 140 12 224 323 244
1 20 2
203 50
2 4 4
119 38 123 422
2 6 4
190 386 9 134
1 9 6
42 469 130 365 126 256
4 5 6
393 384 359 255 155 229
2 15 3
396 5 167
1 16 10
465 457 383 112 233 18 346 91 45 484
1 10 8
338 498 97 425 355 350 112 216
4 13 6
268 211 52 187 95 89
3 19 5
216 227 428 346 499
2 4 10
117 216 402 143 499 57 162 168 75 154
4 20 6
437 311 1 75 60 273
1 17 2
99 50
1 6 4
382 258 466 66
3 8 8
470 58 188 249 436 358 82 199
1 10 5
218 445 93 249 320
1 16 4
349 26 17 346
3 10 7
403 363 194 243 35 139 169
1 4 5
53 152 17 129 355
5 20 8
121 93 233 393 359 13 351 277
2 8 9
287 153 280 46 486 150 279 56 249
5 8 8
400 416 340 180 15 0 490 256
4 9 8
198 77 159 324 5 435 396 434
2 1 9
372 366 62 262 114 59 171 197 384
4 4 8
221 224 25 31 94 450 303 429
2 4 5
257 377 148 322 432
2 17 9
451 445 496 430 119 47 123 254 100
3 13 5
310 260 197 37 85
4 19 9
410 263 47 15 451 423 112 348 375
2 1 4
82 447 43 107
2 14 7
235 169 49 167 103 289 32
1 16 5
65 343 475 129 380
5 4 8
110 27 241 163 320 261 194 321
2 12 6
271 491 48 66 461 191
1 1 2
200 444
1 17 2
404 227
3 10 8
345 101 442 74 323 263 242 176
1 20 2
302 31
1 13 2
86 461
1 6 8
467 240 124 410 460 151 440 470
5 7 9
20 25 159 210 34 192 413 484 118
1 19 4
135 55 304 197
5 7 9
411 327 209 260 464 97 271 281 419
2 7 5
423 463 197 326 68
1 6 7
98 399 21 161 274 35 7
1 19 2
4 404
3 20 5
45 490 183 346 452
2 13 3
79 460 1
3 17 5
374 429 231 239 497
1 10 2
167 305
4 7 8
7 455 359 281 221 87 386 293
5 16 10
226 1 479 359 387 314 52 258 132 406
4 7 8
270 27 55 94 166 71 241 435
4 18 10
387 214 98 143 169 241 374 146 451 488
3 19 9
406 273 198 53 499 158 24 395 135
5 19 8
495 307 148 341 297 180 392 374
1 14 4
493 12 17 343
1 5 9
125 232 487 128 27 413 361 22 42
1 20 4
436 492 281 224
4 9 7
265 183 22 263 194 176 438
1 10 4
410 435 179 249
1 19 6
290 209 200 19 460 392
5 18 8
470 185 164 380 388 13 431 236
2 16 4
137 351 378 275
1 10 4
452 120 26 410
2 2 3
370 227 73
2 7 8
146 9 263 195 116 486 488 347
2 1 4
233 156 22 482
1 10 5
213 141 274 104 61
2 11 5
51 292 223 479 305
3 8 6
170 256 24 477 322 435
1 13 2
19 75
3 17 7
73 307 166 297 348 397 226
3 13 5
484 332 376 218 186
3 13 9
350 328 318 255 172 202 256 492 98
4 11 10
486 3 268 108 457 201 180 10 33 424
1 19 2
311 257
4 10 9
103 31 2 224 134 498 448 382 248
1 5 9
330 230 238 96 301 298 354 244 280
2 7 8
415 197 235 180 449 182 90 351
2 11 9
170 49 119 458 17 336 426 480 20
4 15 8
248 474 108 187 446 436 54 468
1 9 2
304 15
4 1 9
321 189 41 126 410 403 257 246 405
5 6 8
189 137 86 440 271 362 199 79
2 14 4
240 364 142 113
3 6 5
103 144 14 289 86
5 13 8
247 22 479 285 196 444 435 447
2 20 5
222 374 96 55 101
1 7 5
165 182 19 88 142
1 15 10
125 413 322 385 298 319 189 200 277 243
1 17 2
273 142
3 11 5
164 480 7 114 279
1 7 2
232 332
1 16 6
251 255 102 150 281 456
2 3 3
273 494 245
1 13 2
82 225
6 11 9
91 56 455 9 412 133 116 121 96
2 2 8
426 124 239 427 115 287 309 325
2 9 6
170 436 58 304 409 204
1 6 4
317 303 238 270
1 11 3
307 433 369
6 6 10
268 236 442 301 308 19 41 300 484 43
1 20 10
290 411 204 1 286 154 39 329 434 97
4 13 8
96 294 398 369 456 359 51 1
2 6 4
247 310 177 252
6 20 9
65 318 240 315 294 389 199 404 102
1 13 7
305 212 271 328 284 32 108
2 20 3
370 128 125
1 20 3
319 498 104
5 4 10
411 47 90 456 400 392 97 131 422 121
6 17 9
14 148 223 452 360 53 182 51 407
1 8 10
447 356 154 0 302 292 346 49 464 162
1 7 3
344 272 163
1 20 9
115 148 355 342 14 278 190 149 166
4 20 7
405 466 161 209 55 306 256
2 2 4
128 292 371 86
6 13 10
233 281 220 416 208 387 472 139 226 422
1 3 3
359 358 87
1 14 2
180 293
1 5 2
436 465
1 6 3
436 308 201
1 8 9
280 470 117 312 351 238 23 255 378
1 6 2
357 312
1 13 2
419 197
1 5 3
114 334 94
2 11 3
407 308 166
1 11 2
286 412
4 17 6
231 300 52 383 442 478
1 7 4
103 105 50 125
1 1 2
399 124
4 7 7
93 80 99 113 370 301 453
2 17 4
405 75 312 191
1 7 8
326 81 418 65 315 17 100 344
4 2 7
389 15 12 244 390 0 315
2 6 6
110 241 484 182 479 93
1 18 4
64 411 9 284
3 18 9
161 175 299 269 328 199 373 477 252
1 2 3
182 429 156
1 9 2
394 427
1 3 2
362 123
3 19 7
250 206 450 205 326 358 474
6 6 10
160 9 58 303 359 54 217 170 49 333
1 2 2
497 415
1 15 4
254 284 297 116
1 18 6
198 467 203 178 238 8
2 14 9
475 260 225 259 196 53 461 300 168
1 17 10
326 44 1 260 195 445 54 302 3 91
4 6 9
162 294 37 400 440 72 211 396 228
1 10 6
175 103 378 26 106 389
2 16 3
73 338 278
1 12 3
258 104 166
2 4 3
50 429 294
2 10 3
179 454 79
2 14 3
131 411 361
4 20 7
5 155 272 120 157 212 146
3 20 9
101 131 377 444 102 184 298 16 90
2 11 7
198 433 393 338 415 365 283
3 5 6
163 281 221 258 456 47
1 4 4
166 66 460 154
1 20 4
260 331 291 337
5 4 8
340 126 83 413 319 409 396 389
4 12 10
380 226 145 410 70 295 260 211 495 1
2 8 6
471 190 365 438 208 28
2 2 10
220 360 205 300 171 401 288 277 215 424
2 17 6
381 431 172 247 131 242
4 13 8
304 85 183 451 208 19 236 337
4 9 8
160 328 11 135 379 485 233 141
2 1 3
342 359 69
5 12 10
369 240 279 189 439 340 411 498 70 255
1 9 7
43 379 346 457 63 267 233
1 12 10
98 185 260 223 318 148 67 199 174 217
3 12 7
15 329 20 62 424 288 310
1 8 2
6 399
5 18 10
340 468 364 243 212 302 63 304 191 458
1 10 2
337 287
2 11 5
328 355 33 458 270
6 12 9
215 309 371 299 409 106 184 68 350
3 12 10
119 272 26 168 144 323 55 292 52 270
1 6 2
498 130
3 5 10
208 218 296 9 306 386 329 126 253 144
1 9 6
39 75 7 8 129 416
1 16 4
120 408 70 221
3 9 5
93 210 104 145 329
1 4 6
446 399 286 300 271 167
5 20 10
320 149 304 48 182 16 40 25 226 117
1 15 2
279 68
4 3 9
252 176 197 248 362 317 165 11 117
1 13 2
141 282
6 2 10
172 57 96 362 31 406 38 407 297 40
1 19 4
345 176 295 464
2 2 4
113 268 92 68
5 17 8
20 462 218 93 230 193 227 168
1 12 2
120 283
4 10 9
418 481 23 342 269 136 37 384 58
2 9 7
473 372 324 347 267 109 276
2 4 6
105 163 176 409 379 484
5 9 8
158 9 69 356 483 211 343 378
4 5 9
146 315 15 174 131 342 255 423 340
1 19 2
146 372
3 18 7
162 330 314 226 161 278 49
6 10 10
245 326 426 237 441 148 408 489 197 136
1 19 2
119 154
4 10 7
175 7 435 94 136 426 323
2 9 5
270 173 240 425 330
2 5 3
482 173 132
3 13 10
423 166 429 172 96 138 42 328 224 436
1 5 7
365 382 142 394 403 352 174
1 4 2
244 126
4 16 6
4 390 473 162 465 78
5 18 8
238 384 116 267 57 52 153 325
2 20 4
476 358 103 45
3 14 7
417 336 347 89 274 180 164
2 15 9
257 283 107 372 114 12 197 351 238
6 15 10
256 184 284 245 388 229 177 484 53 425
1 15 5
230 303 263 299 309
6 12 10
235 31 256 413 284 281 447 276 6 487
5 17 8
49 52 85 200 425 276 445 156
2 4 5
404 260 346 430 66
6 1 9
177 270 198 230 225 309 448 221 72
5 3 8
318 380 84 175 283 472 116 374
1 2 4
4 445 350 309
2 15 8
365 200 168 130 66 391 266 455
1 17 7
388 285 237 376 245 317 442
1 2 5
313 26 190 140 139
2 12 9
487 459 121 369 44 460 331 482 192
1 9 5
176 104 148 405 477
3 2 9
35 297 432 471 207 90 418 299 438
4 14 7
110 64 397 360 87 432 235
4 6 10
226 342 44 23 320 295 229 313 135 277
6 9 10
258 372 232 76 427 359 360 336 288 486
1 17 2
79 395
3 8 10
406 464 337 170 168 33 245 488 52 331
2 8 7
255 139 18 110 225 68 315
2 9 7
498 302 268 124 193 454 416
3 8 7
222 467 144 25 99 132 369
1 7 4
66 421 73 132
5 4 10
25 358 411 361 360 409 349 393 416 382
2 1 4
388 166 14 200
2 18 5
290 260 22 82 263
2 19 3
306 336 444
2 19 10
442 159 387 22 16 251 234 492 348 480
3 3 8
125 426 230 325 342 465 75 437
2 20 6
104 346 3 209 421 375
5 20 9
376 330 395 263 63 114 483 485 308
3 8 5
388 148 55 96 162
5 12 8
448 127 93 180 226 268 418 281
2 18 3
323 266 421
1 13 2
32 28
1 7 7
361 243 280 36 420 224 53
5 12 10
411 410 301 342 76 490 165 491 259 313
1 11 2
193 207
1 3 6
449 156 254 206 132 278
1 5 3
52 402 472
4 12 6
25 88 485 464 333 428
3 15 9
374 100 375 227 138 406 283 120 321
1 8 5
58 294 87 124 333
5 1 9
4 486 465 498 347 168 111 443 494
1 6 7
345 286 355 88 446 328 358
2 19 7
186 112 402 468 165 315 262
4 1 8
318 125 440 23 339 496 53 299
1 9 10
43 392 331 84 293 5 461 188 409 206
1 1 2
188 367
2 12 10
20 256 443 197 175 293 292 226 454 274
2 11 4
17 41 359 284
2 5 9
339 256 337 261 426 317 112 322 111
4 20 9
284 297 463 22 216 475 488 260 191
1 6 2
368 405
2 1 5
78 256 461 81 241
2 19 5
460 375 71 21 270
1 4 6
467 131 408 214 82 157
1 4 2
133 487
1 9 7
87 42 138 489 315 453 479
4 1 10
447 124 230 394 224 188 236 173 98 10
6 7 9
274 165 71 70 129 411 493 343 388
1 15 6
372 194 240 393 30 209
2 4 5
17 186 304 327 101
2 3 10
481 317 248 161 240 455 231 474 217 459
1 2 3
174 357 415
2 6 4
356 285 100 209
2 12 7
419 322 267 86 349 338 382
5 13 9
368 422 24 375 210 271 383 334 497
1 14 2
6 365
2 18 5
164 440 198 204 126
1 11 10
41 401 400 443 51 107 419 25 181 425
2 12 3
302 142 190
2 20 5
157 144 194 348 481
2 7 3
331 0 154
3 16 10
311 163 325 71 378 2 473 457 397 122
3 8 6
224 420 448 269 380 134
5 8 10
476 209 387 281 417 394 91 334 478 279
1 5 5
367 163 431 203 475
3 19 8
455 400 409 137 43 462 61 173
1 17 9
493 204 38 164 370 243 200 427 409
3 2 6
302 244 218 451 22 433
2 6 5
289 76 217 368 244
5 5 10
354 122 492 45 372 397 387 202 426 349
3 4 5
69 12 372 160 408
1 20 3
367 421 351
6 5 10
330 288 159 255 31 68 108 73 129 419
1 19 8
110 398 353 381 361 0 397 184
1 2 3
336 271 136
5 15 8
378 279 26 234 498 343 221 30
2 20 5
257 436 431 217 79
2 11 3
71 439 429
1 11 6
394 362 25 321 481 100
5 5 9
35 479 288 333 420 183 175 233 275
4 14 6
480 136 150 37 185 29
1 4 4
370 307 366 422
2 16 7
96 57 88 201 352 388 62
6 10 10
340 180 356 202 406 210 139 48 112 80
4 11 6
437 394 251 94 360 175
1 13 2
235 271
2 2 4
418 17 381 480
2 2 9
104 89 388 80 228 134 380 179 301
1 19 3
348 43 275
1 2 8
217 405 30 173 111 472 236 230
3 3 8
369 236 38 23 439 494 96 443
4 1 7
437 230 432 481 428 162 41
2 15 4
439 316 248 47
2 4 3
278 15 97
2 14 6
295 493 439 348 129 267
1 9 10
475 158 82 445 479 476 266 61 347 157
1 10 9
387 314 189 299 323 129 432 400 107
1 13 9
275 401 286 389 274 8 460 481 55
6 1 9
257 31 35 219 325 3 140 384 394
2 20 4
305 399 6 191
4 6 7
68 210 177 334 458 106 96
1 6 4
206 27 218 249
2 14 10
249 268 405 209 404 440 311 414 74 174
3 6 8
159 300 448 361 388 369 317 106
1 3 7
271 20 85 374 205 460 232
1 19 6
473 477 377 310 131 155
1 13 2
469 482
1 11 2
245 305
2 10 9
65 47 74 472 60 401 349 193 144
3 3 8
317 449 463 179 359 156 364 84
1 12 4
212 320 142 241
2 1 8
455 497 31 309 41 373 255 232
4 12 7
39 369 97 382 418 289 466
3 20 7
384 254 180 267 429 230 97
2 3 3
375 482 491
2 8 10
417 315 359 193 411 287 44 32 419 201
1 19 10
480 94 437 441 179 182 469 89 80 364
3 6 10
375 349 231 51 34 425 117 198 134 365
1 18 2
365 169
2 17 6
100 123 464 264 283 47
1 8 2
111 305
2 17 4
267 147 473 294
4 5 7
51 136 173 316 455 489 319
1 12 4
70 368 237 188
2 14 8
491 398 66 138 263 106 407 333
4 3 8
202 59 114 447 373 7 404 403
1 12 2
305 480
2 1 8
7 256 466 326 373 5 206 472
1 14 2
482 326
6 2 9
377 448 323 373 110 10 118 35 231
2 17 4
236 469 31 257
2 15 4
449 105 437 124
4 1 6
210 394 249 224 430 177
2 19 7
428 330 276 177 279 252 154
5 12 8
296 441 165 451 463 295 29 307
1 12 2
334 195
4 9 6
319 297 360 187 161 212
2 7 7
289 80 46 288 188 425 144
1 12 8
166 482 79 64 415 418 225 202
1 2 2
299 99
1 8 3
347 88 462
2 8 4
404 309 163 263
2 12 9
195 382 12 40 128 156 317 336 447
2 1 3
121 378 298
4 15 6
386 396 55 10 273 197
2 7 10
492 362 263 164 402 316 66 469 320 64
5 3 8
298 106 85 293 299 489 101 432
3 12 6
103 390 107 423 112 312
1 6 3
490 308 277
6 2 9
134 387 275 91 180 145 388 18 170
1 2 7
48 487 320 4 203 437 394
2 11 7
148 496 24 164 391 137 108
6 16 9
127 404 17 478 261 415 75 29 34
1 4 2
195 192
2 5 4
170 481 27 492
5 7 10
203 296 4 452 470 36 108 417 70 152
5 14 10
455 464 236 204 279 71 188 403 56 392
3 6 7
50 62 319 402 33 281 458
1 18 5
492 205 189 220 275
1 5 5
350 211 229 138 146
1 16 9
38 9 332 180 19 363 216 231 427
1 4 4
315 347 170 264
2 8 8
326 162 186 58 474 248 284 238
2 17 7
100 186 86 471 30 227 143
2 16 9
269 368 435 342 164 165 457 206 143
1 3 2
347 97
2 17 4
229 130 468 137
2 8 10
444 318 220 33 398 293 59 478 66 179
1 7 2
318 275
1 11 10
249 493 220 417 58 310 290 374 45 238
3 20 5
441 325 340 425 213
1 10 5
417 0 210 274 292
2 1 9
481 421 117 462 253 368 56 58 142
1 5 4
109 124 387 128
2 7 4
300 452 28 134
3 7 8
481 397 456 251 33 215 134 446
1 17 6
76 455 183 463 317 244
5 3 9
188 318 28 416 422 288 341 72 430
1 18 2
119 149
1 9 6
76 103 474 209 418 222
1 1 5
201 213 129 87 268
1 4 3
49 108 50
1 9 6
479 296 259 92 123 155
1 9 3
204 280 286
2 4 10
391 170 163 216 352 458 322 397 179 362
5 11 8
60 269 221 141 88 257 303 385
4 5 6
215 246 71 499 160 25
3 5 8
219 486 337 248 34 115 411 142
3 11 9
308 346 377 376 1 139 380 393 359
6 1 10
114 70 260 190 7 193 331 423 436 30
4 2 6
236 429 231 103 487 322
3 9 8
384 234 458 89 137 430 145 85
1 20 2
352 317
5 1 10
380 316 445 349 382 273 329 127 343 342
2 12 8
327 311 156 368 60 238 492 45
1 14 10
119 178 374 390 385 103 262 363 392 217
2 2 4
54 78 427 149
1 14 2
61 278
4 16 7
382 372 3 44 277 134 233
1 12 2
473 318
4 1 7
414 80 208 430 215 105 4
2 18 10
142 327 213 155 109 226 357 228 202 216
3 3 10
227 454 364 301 457 366 155 412 464 351
2 17 3
435 178 37
1 18 7
477 139 207 259 33 261 294
1 12 2
119 396
3 12 10
157 390 388 64 470 444 166 298 0 56
1 11 2
88 359
2 10 5
447 213 79 98 261
4 9 8
401 99 498 222 281 227 471 371
4 6 10
203 370 286 469 42 470 106 40 355 289
2 9 3
252 219 190
2 13 7
224 169 7 110 35 421 192
1 7 2
34 426
1 4 8
417 385 104 346 244 323 476 371
3 11 5
6 376 234 262 321
3 3 7
144 319 409 209 290 197 248
1 6 4
379 412 284 58
1 8 2
101 367
1 1 7
46 115 355 26 300 430 12
2 1 3
194 128 236
2 17 5
432 392 28 240 137
2 20 4
50 34 393 345
5 7 9
465 298 411 10 463 202 320 184 323
1 20 4
344 110 146 105
2 17 3
392 382 5
6 1 10
74 357 393 189 322 425 486 444 311 228
3 13 5
477 483 25 472 0
4 17 10
427 116 251 489 237 334 139 430 283 404
4 15 6
494 372 124 193 397 360
4 2 6
361 194 75 339 49 481
5 16 10
394 194 199 134 293 414 462 421 278 355
3 14 7
180 245 278 243 284 481 196
2 17 5
460 392 427 183 181
2 9 3
352 33 133
1 5 2
343 75
1 6 7
357 143 286 362 415 63 447
2 17 3
289 412 235
1 9 5
18 100 314 495 357
1 11 5
137 278 161 332 7
3 5 7
182 111 188 147 280 442 60
2 7 6
283 476 127 408 279 224
1 8 2
116 123
3 16 8
84 162 94 464 51 302 213 118
1 2 2
427 9
1 12 5
60 263 95 128 125
1 3 5
213 352 272 466 169
3 6 5
14 366 176 297 487
4 13 10
152 207 376 186 461 251 78 250 265 8
4 11 10
56 279 367 205 47 113 420 224 220 218
3 8 10
278 111 327 243 398 418 365 155 323 299
1 14 2
29 124
2 1 9
38 254 318 57 142 234 194 303 46
2 8 10
461 480 412 156 414 395 135 475 378 460
2 2 9
12 192 53 283 49 205 57 396 67
4 17 6
14 180 368 395 241 378
4 7 9
198 230 142 296 154 301 259 424 437
2 4 9
349 449 175 164 45 85 25 238 224
3 11 9
300 250 7 309 80 458 69 35 289
1 19 2
158 154
1 11 2
7 50
3 8 6
224 187 288 322 281 215
6 3 9
11 268 81 412 261 59 133 436 431
3 7 9
352 213 247 242 492 288 314 316 13
1 19 2
171 267
2 19 9
422 253 433 125 335 240 156 45 316
1 17 9
94 202 347 229 38 123 295 368 141
2 20 7
402 53 241 480 132 157 25
4 6 8
357 23 267 429 115 336 135 474
2 20 8
257 144 94 316 211 305 426 88
3 1 7
218 469 235 40 121 367 264
1 4 3
450 34 296
5 5 8
118 410 201 36 240 172 158 469
1 20 8
348 206 46 14 1 395 182 56
2 14 6
370 368 264 214 108 327
4 16 8
26 34 278 371 233 44 459 302
4 5 7
319 354 436 493 136 494 172
2 8 9
183 416 303 4 354 113 6 30 491
3 1 5
282 4 391 151 412
2 2 5
106 427 57 83 396
1 10 4
26 439 107 369
1 5 2
320 279
1 13 4
222 308 175 34
1 20 6
365 447 7 155 178 65
2 13 3
87 67 58
2 4 4
64 309 474 331
1 14 10
125 446 401 81 207 146 416 40 469 229
3 18 8
491 97 300 349 320 435 363 418
2 6 4
219 129 432 139
4 20 9
291 275 401 23 385 391 432 330 297
6 4 9
467 95 287 86 442 63 424 269 306
2 17 4
325 447 161 25
1 12 5
288 430 167 236 13
2 3 6
244 488 420 430 358 255
3 15 7
334 348 381 216 55 245 120
4 13 6
35 96 11 88 248 10
6 18 9
310 498 184 136 223 473 359 362 494
1 3 3
169 33 358
3 7 9
351 228 389 330 139 311 340 411 73
2 8 3
332 64 52
1 9 10
80 283 60 125 102 417 149 288 208 412
2 5 5
297 352 5 201 180
2 4 9
335 485 44 300 381 252 370 280 358
2 10 5
38 110 95 219 467
2 19 3
499 114 464
1 18 10
332 429 79 404 451 105 410 193 338 211
1 15 2
429 344
1 5 3
380 431 413
2 16 8
204 15 464 171 243 315 164 37
1 9 2
216 342
1 3 4
213 159 329 232
1 12 9
192 464 125 80 330 93 232 91 362
6 10 10
249 160 312 124 96 289 378 9 297 401
1 10 2
224 48
1 3 3
498 173 460
1 12 6
69 73 298 156 265 213
1 3 4
478 110 441 457
2 16 3
49 304 78
1 10 3
266 425 235
3 11 6
287 93 144 332 13 21
4 17 9
465 190 66 179 228 392 112 65 430
5 16 9
62 258 381 31 14 465 101 8 198
3 14 7
320 203 237 71 434 331 448
1 10 6
21 207 10 26 71 221
1 2 2
424 403
5 11 10
103 37 112 88 444 451 384 282 209 15
6 2 10
415 171 305 495 397 209 277 323 298 308
3 15 8
213 462 419 221 324 308 146 317
4 1 10
24 264 480 446 334 450 248 448 63 318
5 10 8
161 125 194 65 371 157 15 454
2 18 7
443 139 405 495 372 58 423
4 15 6
104 49 340 61 175 124
1 14 2
151 182
1 20 2
450 451
6 18 10
438 26 64 23 216 103 232 7 498 46
2 9 6
228 76 133 298 146 493
1 11 7
299 442 9 45 394 4 330
4 2 10
450 264 277 209 494 344 176 47 361 329
3 4 5
110 54 351 267 65
1 16 6
238 35 170 283 39 19
2 12 5
472 177 241 450 343
3 1 10
439 20 96 412 264 141 395 147 131 333
5 17 8
432 122 287 201 310 53 165 34
1 16 2
25 255
1 14 6
469 264 94 434 19 462
3 2 5
437 177 256 384 289
1 15 10
84 331 342 119 59 175 220 37 219 330
1 1 2
425 42
1 13 8
175 0 401 85 217 329 157 324
2 3 6
3 104 54 50 184 136
1 3 2
438 177
2 1 8
121 460 170 401 417 186 379 60
1 4 3
153 266 396
2 7 4
250 286 356 444
4 8 10
233 438 279 27 70 486 155 119 88 224
2 16 10
279 174 44 274 78 177 231 402 371 441
4 16 7
225 238 160 228 244 227 75
4 10 8
303 291 236 302 210 87 60 81
1 1 3
164 29 156
2 11 4
253 6 236 355
5 13 8
259 300 211 434 480 430 189 209
3 4 9
38 411 61 294 422 444 103 431 238
1 14 2
196 193
1 12 2
327 271
5 14 10
454 265 344 102 258 323 129 370 71 28
1 2 5
371 305 302 312 117
1 1 4
171 328 150 200
1 13 3
445 284 110
3 11 9
316 390 173 292 68 334 186 155 236
1 1 3
264 342 221
2 6 3
208 102 426
1 2 4
335 379 414 249
1 2 10
268 225 249 422 417 316 414 396 324 25
2 8 8
101 338 141 472 240 126 66 425
2 16 5
325 15 133 273 341
1 6 6
219 445 476 146 206 482
2 1 4
157 203 254 16
5 14 10
194 203 325 226 482 333 191 211 128 220
4 17 9
310 175 482 98 242 47 21 388 343
2 4 3
194 403 100
1 18 9
212 20 95 175 338 44 402 81 68
1 19 2
65 206
4 13 7
159 409 263 73 79 32 151
2 5 10
125 201 203 280 329 80 304 45 394 392
1 11 5
164 125 464 409 90
2 4 7
272 260 369 320 149 61 62
1 18 4
214 130 170 371
3 4 7
424 426 477 313 174 90 107
4 16 7
365 395 292 318 209 481 20
2 7 7
80 106 423 126 260 199 165
4 13 6
27 343 108 368 61 376
3 10 10
263 265 410 23 425 324 360 189 184 424
3 6 5
293 137 469 12 264
1 2 5
118 50 310 312 182
1 1 7
411 293 419 407 121 361 424
4 12 6
63 99 297 252 380 308
2 9 6
460 23 172 479 239 75
1 10 7
390 381 76 220 144 211 314
5 18 9
150 202 383 309 147 198 238 13 61
2 9 5
202 203 310 450 233
3 4 9
354 38 364 81 493 281 490 101 193
1 8 3
154 90 428
1 4 5
156 349 158 488 101
1 17 8
168 313 472 239 315 340 226 442
2 7 4
183 441 232 456
1 2 4
299 322 437 294
4 1 7
305 154 149 238 171 386 152
1 6 6
420 295 0 412 423 319
5 2 10
125 217 276 282 16 166 133 91 15 66
2 12 5
461 342 277 185 271
2 5 7
288 411 435 406 23 63 62
1 3 5
14 100 497 492 430
3 15 8
291 25 18 226 378 97 468 87
1 6 5
324 214 318 189 101
1 5 2
203 82
1 14 5
281 17 327 378 288
4 20 9
214 417 160 60 82 89 433 400 63
3 19 7
19 437 37 446 268 24 468
5 5 9
458 233 235 300 214 51 474 408 488
1 13 6
40 150 332 400 264 275
1 10 2
250 440
3 20 5
48 429 178 136 71
1 18 5
114 238 383 189 109
2 11 5
230 338 55 39 145
1 2 2
465 458
4 6 8
122 294 363 52 441 204 267 365
2 15 7
29 51 70 164 268 23 10
2 16 4
399 332 393 60
2 18 9
204 326 201 212 366 112 52 481 205
1 18 3
17 493 464
3 9 6
323 102 261 369 41 282
6 8 10
178 361 261 90 157 431 451 219 78 27
2 2 8
12 19 117 398 446 177 369 241
2 18 5
137 238 430 380 158
2 7 4
303 339 464 308
1 6 4
320 194 473 174
1 3 8
139 328 295 368 452 339 448 416
1 19 6
495 448 288 309 373 24
4 16 6
382 327 72 142 192 21
4 3 6
177 449 76 9 372 425
3 19 7
349 432 473 19 252 443 77
2 18 4
202 443 168 82
3 18 6
241 112 50 209 292 375
4 4 7
137 434 418 473 149 68 237
4 18 6
242 415 31 328 152 100
1 10 4
206 435 420 72
6 12 9
457 285 321 427 10 20 314 454 4
4 12 7
452 348 270 244 443 292 162
1 18 7
239 111 332 224 455 139 206
4 10 7
0 468 113 126 391 275 223
2 19 4
37 393 426 69
3 7 8
10 222 422 153 92 135 174 46
1 4 4
351 479 266 9
2 18 6
97 52 181 447 107 89
2 2 9
28 75 156 340 284 117 200 250 151
4 13 9
134 47 26 258 382 176 182 424 396
4 5 10
492 73 466 479 67 436 369 280 429 248
1 15 4
102 60 116 375
2 18 7
491 89 23 56 107 242 267
1 7 6
355 20 333 216 163 51
4 4 9
179 309 356 258 264 146 46 195 152
1 2 2
447 299
2 12 3
333 133 499
1 14 2
79 136
3 19 6
182 41 216 51 209 413
3 7 5
229 440 114 205 437
1 12 2
167 164
2 13 8
436 124 144 120 427 413 252 421
1 14 4
5 469 83 381
3 14 10
468 339 216 467 404 59 247 62 252 480
1 13 7
449 422 338 19 419 309 262
1 11 5
28 271 57 193 141
6 4 10
265 12 346 489 177 230 170 80 7 446
2 7 3
189 426 425
1 4 8
70 306 72 316 261 132 250 77
2 17 4
427 17 353 163
1 17 2
318 390
3 5 7
326 301 471 51 434 4 426
2 11 4
319 109 490 159
5 20 8
64 363 173 267 491 53 4 316
1 14 4
302 393 358 360
1 20 10
222 307 52 280 23 441 440 303 160 357
2 16 5
260 291 314 473 44
1 19 4
80 382 168 259
1 6 5
337 376 209 250 17
2 8 4
42 173 370 231
1 5 3
446 23 405
1 9 5
434 342 44 480 251
1 4 2
19 117
2 5 4
434 435 358 42
1 8 4
282 317 376 81
3 4 6
168 90 311 371 228 452
1 16 2
232 352
6 5 10
305 445 353 367 99 425 443 424 373 136
1 3 6
50 258 28 306 146 271
1 17 8
145 269 478 433 51 382 488 194
1 10 4
301 309 126 138
1 10 2
244 128
2 17 3
494 381 492
5 15 9
257 411 269 497 75 93 289 20 60
3 10 5
437 158 417 297 170
2 5 3
466 312 114
3 5 6
250 322 68 116 42 367
1 7 5
414 191 413 271 395
2 3 4
93 362 383 150
1 6 6
147 19 385 125 384 412
1 10 2
268 225
2 14 9
222 482 437 170 109 449 439 485 229
3 8 8
291 77 455 163 233 273 447 120
1 13 3
338 168 390
2 3 4
107 462 422 349
1 15 7
245 499 55 208 428 166 270
1 19 9
68 157 169 435 197 61 256 269 166
1 20 3
5 383 205
3 17 5
122 275 418 3 445
2 10 7
229 404 458 205 87 108 498
1 11 2
164 76
3 4 7
132 378 218 492 222 86 313
2 20 9
261 351 441 291 136 294 286 139 489
5 2 10
481 270 384 418 80 424 347 1 28 338
3 6 7
276 251 357 36 368 361 285
1 2 4
70 492 247 489
2 1 5
215 218 328 24 429
1 3 3
348 194 276
1 19 5
438 427 152 325 0
5 13 10
1 116 330 63 229 161 443 133 111 221
1 20 4
435 449 8 71
3 18 5
271 225 107 375 421
1 1 4
381 448 63 389
3 8 7
307 341 255 72 181 435 236
1 12 7
436 140 300 123 4 485 315
1 1 2
463 203
3 11 6
391 214 4 2 190 247
1 11 4
203 160 438 486
5 20 9
425 104 157 280 289 337 306 259 320
5 7 9
157 498 283 260 290 149 197 271 488
1 14 2
115 414
5 5 10
37 468 246 476 76 67 463 464 361 453
1 15 3
368 294 302
1 19 2
304 196
3 3 8
26 95 392 391 232 4 2 32
5 2 9
432 373 245 125 483 131 12 36 345
2 6 4
239 100 21 483
2 10 9
451 229 105 46 321 120 260 173 50
1 1 5
283 161 125 116 335
2 13 8
109 304 414 433 41 242 428 125
6 20 10
73 286 285 194 472 150 179 244 146 474
6 10 9
45 19 197 311 262 98 329 168 157
3 9 8
290 75 409 138 262 473 245 363
5 4 10
148 240 156 494 251 228 114 368 463 416
2 6 4
436 232 288 294
1 17 4
50 352 243 239
3 7 6
84 163 486 335 460 430
1 11 3
317 331 334
2 10 3
183 52 380
2 1 4
8 217 198 240
2 10 4
50 398 1 212
2 1 7
93 259 92 200 301 486 157
4 18 10
96 6 157 44 279 136 22 444 287 436
1 5 3
214 405 370
1 12 2
224 395
1 6 2
361 36
1 14 7
350 181 227 82 72 161 180
2 16 3
106 401 353
5 12 9
54 481 314 360 404 183 279 230 491
1 10 5
17 359 224 191 207
1 5 4
346 321 196 274
5 10 8
96 139 322 345 114 447 35 303
3 5 7
411 441 166 252 431 395 432
2 11 10
467 43 136 197 322 499 262 473 440 482
2 20 9
217 351 212 105 489 324 378 376 402
3 3 5
466 129 451 471 436
1 20 2
324 429
1 14 3
299 152 487
3 14 6
115 260 3 114 132 39
1 6 2
401 429
1 9 4
174 4 68 356
6 3 9
134 437 72 253 462 338 432 0 18
2 9 3
178 400 262
1 19 4
168 493 476 210
4 6 8
150 186 404 434 50 182 297 38
1 14 9
450 382 381 15 451 186 201 169 404
1 11 10
184 418 22 96 388 243 106 165 462 173
6 8 10
189 63 410 254 393 93 324 169 234 206
1 4 3
207 466 274
3 6 8
126 286 329 365 358 389 392 473
2 3 3
425 343 314
1 15 6
308 201 236 154 54 278
2 17 7
285 352 282 423 413 71 257
1 19 4
139 214 253 341
5 16 8
234 279 492 95 476 145 297 228
1 4 3
468 452 442
2 16 4
441 28 362 341
2 13 6
359 215 65 372 10 339
3 7 9
265 176 56 42 224 309 247 235 146
1 9 3
243 174 256
2 7 3
85 410 466
5 19 9
456 119 411 157 273 413 494 126 351
1 3 4
305 379 340 258
4 17 7
285 473 347 43 435 400 34
1 5 4
15 469 480 137
3 14 7
302 192 129 202 361 440 401
1 8 2
184 315
2 11 5
205 119 88 178 104
3 1 8
141 173 195 406 187 221 421 420
1 5 7
33 166 43 399 417 365 413
6 18 10
129 107 476 365 283 7 323 320 297 14
2 8 8
473 187 223 457 147 133 489 272
4 4 9
372 448 437 325 253 177 189 258 54
2 11 9
395 280 108 139 454 15 76 363 382
1 4 2
127 141
4 7 10
9 125 28 1 178 272 102 264 90 393
1 13 3
211 439 391
4 15 8
482 236 136 328 295 498 394 55
1 15 6
82 326 194 488 351 301
1 12 3
43 159 73
6 16 9
207 68 217 160 446 237 62 200 481
1 11 4
3 271 108 478
2 1 7
149 361 63 330 337 70 432
1 13 2
25 46
1 18 7
13 396 460 31 355 453 167
4 19 10
335 270 410 224 381 493 440 275 438 499
2 9 4
370 186 119 352
4 3 8
393 114 451 341 249 190 220 354
2 13 7
414 474 222 132 193 229 326
2 12 10
236 313 260 146 231 484 217 350 238 441
2 14 3
466 424 133
6 19 9
476 72 450 242 255 16 399 19 328
2 6 5
499 174 481 15 22
1 18 2
417 243
1 13 3
150 114 377
2 19 8
245 264 491 442 25 193 269 303
1 15 4
274 362 16 52
3 2 5
63 403 386 89 441
2 8 4
36 150 350 354
4 4 6
166 56 92 488 99 96
3 6 8
458 416 395 252 472 89 485 286
4 4 7
127 314 421 141 94 320 2
2 20 3
333 292 195
2 9 4
89 320 243 187
1 7 6
241 362 299 233 23 201
1 5 7
307 287 186 327 121 434 345
1 8 4
70 182 36 375
4 3 6
290 118 263 226 275 92
2 13 6
100 151 237 258 13 57
1 3 2
153 230
1 11 5
263 237 71 238 111
2 2 4
394 184 474 7
2 15 6
368 130 180 408 117 178
3 18 7
376 426 381 24 263 399 428
3 9 5
246 397 425 224 421
1 19 4
150 118 382 287
4 1 10
255 3 461 460 217 219 91 328 485 49
2 11 6
39 189 27 277 456 437
1 7 2
232 58
1 19 2
380 301
3 14 9
389 439 294 88 415 94 327 22 38
1 9 6
95 308 232 100 128 448
2 15 9
403 196 316 279 474 300 163 268 92
4 7 7
344 6 241 71 465 48 463
1 14 2
339 184
1 5 6
221 411 452 35 276 202
2 17 5
6 262 415 135 86
1 9 2
440 469
1 1 9
338 173 224 310 152 2 294 92 419
1 10 7
223 104 338 145 344 452 3
3 11 7
305 72 490 489 220 65 256
1 10 5
225 36 43 415 234
4 5 7
42 277 279 157 97 315 135
3 14 6
82 422 191 66 244 188
1 14 7
205 222 266 385 123 32 350
1 2 2
201 441
2 6 4
3 31 355 111
2 10 5
314 292 155 85 372
2 17 6
236 101 67 327 284 300
1 14 7
483 89 225 434 480 147 273
1 6 2
498 345
1 18 2
160 61
1 13 8
298 404 104 472 255 3 344 354
1 5 4
475 27 147 2
2 1 4
323 278 69 427
2 6 10
57 198 240 16 472 116 249 23 109 347
3 11 6
247 151 474 385 399 465
2 6 3
307 160 433
2 4 3
371 487 462
2 1 5
96 10 457 263 91
1 4 3
229 469 314
1 18 2
100 50
3 3 5
135 124 103 139 170
4 4 8
212 495 351 47 469 128 313 325
1 15 5
159 70 285 197 287
2 7 4
37 216 324 160
4 9 7
85 3 249 240 83 416 265
1 7 7
356 27 160 384 440 100 5
2 1 4
110 5 312 249
2 7 3
457 43 497
3 7 6
244 467 113 37 136 447
5 20 9
395 73 95 252 284 11 233 91 148
1 11 2
472 364
1 20 8
267 97 307 163 18 305 165 245
2 14 5
316 133 397 164 172
5 11 8
80 310 229 309 415 295 316 203
4 2 9
483 216 26 122 205 96 458 137 404
1 15 10
235 226 144 398 39 147 103 88 130 66
5 20 10
395 491 485 397 3 7 377 24 235 100
1 10 6
184 40 353 222 204 122
4 3 6
65 351 278 212 274 77
4 6 10
378 403 95 14 386 464 117 50 90 204
1 3 3
122 215 233
1 15 2
100 446
4 13 8
267 248 424 124 224 239 310 208
2 4 4
370 81 40 141
2 18 6
314 319 167 30 94 219
1 12 8
251 147 261 188 165 479 292 2
1 8 2
68 268
1 8 8
202 448 346 447 334 168 427 350
4 10 8
230 339 462 115 8 73 394 99
2 12 4
392 497 261 435
2 20 8
294 261 165 447 318 422 107 227
2 15 9
304 115 268 488 204 6 37 359 239
4 3 8
4 293 178 64 228 253 451 127
4 17 10
203 283 19 408 357 267 487 419 242 60
3 15 9
493 403 229 185 25 472 167 252 246
1 7 5
384 400 270 329 284
2 14 3
277 341 26
2 18 3
334 47 90
3 11 7
411 289 396 261 386 311 142
1 3 2
158 195
2 17 4
391 219 423 225
1 17 2
52 51
1 4 4
439 38 345 372
4 18 9
200 197 386 166 213 318 330 378 390
4 7 6
499 443 136 1 488 84
6 2 9
29 488 93 363 264 111 245 61 405
1 15 8
140 147 337 318 89 339 396 220
1 3 3
447 306 195
1 17 3
261 495 496
1 3 3
197 5 458
1 14 2
350 94
5 15 8
194 434 334 56 263 316 477 42
5 6 10
27 360 367 322 365 144 245 112 488 352
4 18 9
490 255 465 297 482 428 61 382 166
2 19 6
61 303 60 448 478 472
5 19 8
304 278 46 217 130 39 410 205
1 4 5
324 259 441 75 209
1 1 7
62 69 444 493 441 11 18
2 19 5
447 307 37 255 261
2 5 5
327 119 478 165 29
1 18 10
14 437 340 2 68 41 293 118 362 450
2 20 4
313 362 398 212
2 12 3
32 336 274
1 6 2
456 223
1 16 6
77 243 469 40 76 358
1 20 2
225 257
3 12 6
439 178 49 55 3 396
1 11 4
262 115 316 462
3 1 6
376 271 36 460 142 8
4 3 8
58 440 394 288 3 190 31 142
4 13 7
325 474 95 228 290 482 193
1 8 2
319 82
1 5 2
322 425
2 10 3
491 184 424
5 15 9
377 147 392 177 351 496 269 102 491
3 18 6
368 326 428 96 263 418
1 18 3
262 145 201
1 20 7
462 444 210 63 289 337 55
1 7 7
209 422 226 467 497 215 47
2 6 3
404 472 323
1 15 2
411 373
3 8 7
256 36 112 410 21 499 498
4 19 8
193 333 85 472 419 462 319 46
1 17 5
260 222 26 358 436
4 6 8
255 60 143 303 162 215 139 484
1 11 3
449 429 368
1 15 8
35 2 291 251 345 458 318 367
1 16 7
397 398 34 222 438 380 353
2 10 9
176 314 102 245 279 459 302 412 375
1 1 6
95 86 221 1 121 360
1 14 10
81 162 331 224 156 359 41 72 247 9
2 17 8
407 462 226 9 323 300 121 254
1 4 7
275 114 408 154 317 456 381
5 5 9
118 185 377 360 411 278 16 272 497
1 17 9
165 187 314 33 402 68 232 301 411
1 5 4
428 199 487 274
2 7 9
388 181 272 401 359 454 262 14 407
1 2 6
201 369 295 258 499 155
5 13 10
267 287 41 270 403 397 139 58 130 223
2 1 7
207 52 222 414 118 243 178
2 5 4
306 484 122 45
1 14 3
147 109 448
4 18 10
54 147 410 462 347 144 9 405 159 434
1 13 2
360 124
1 16 2
335 234
1 8 2
441 31
3 15 10
277 124 126 49 112 253 174 72 345 273
4 18 9
385 223 51 268 159 176 199 329 431
1 20 3
237 254 465
3 6 6
215 251 135 48 133 287
3 13 8
321 452 307 139 418 260 87 490
2 19 4
438 361 39 175
3 7 7
30 137 91 248 254 108 471
1 6 3
285 26 97
2 20 5
97 333 99 67 381
2 10 4
53 105 187 440
6 11 10
457 166 492 192 443 141 381 169 23 101
1 10 5
466 189 464 119 279
3 20 6
101 115 23 422 266 339
2 7 5
432 33 123 364 442
1 5 2
208 57
2 4 10
466 405 254 412 305 201 90 312 224 335
1 1 6
120 319 454 408 223 211
1 19 3
390 160 444
3 15 5
377 340 184 372 136
1 9 4
51 219 196 217
2 18 4
422 304 283 299
2 16 7
431 275 22 302 307 346 252
1 9 5
335 421 101 159 139
1 4 2
415 191
2 14 3
228 181 94
1 5 5
349 465 336 23 376
1 19 7
441 415 15 287 38 468 87
2 9 7
218 145 41 114 89 262 406
1 9 4
39 418 92 226
2 16 4
269 339 167 54
1 10 6
113 91 379 318 172 167
1 8 2
87 61
2 2 5
65 101 242 317 91
2 19 7
64 375 452 391 14 69 356
2 18 7
68 257 325 459 408 318 320
3 15 9
102 438 283 440 42 222 387 166 397
1 10 8
128 401 241 202 199 284 340 283
4 13 6
416 390 285 256 154 349
1 10 10
344 68 127 223 492 66 111 142 248 479
2 3 5
384 482 25 186 8
1 7 2
404 309
2 4 4
161 127 240 241
1 16 3
106 147 496
1 4 4
472 203 89 304
5 2 10
231 284 287 140 491 312 434 416 174 107
1 3 5
284 485 380 117 137
3 19 5
235 128 163 9 327
1 1 5
159 411 497 213 145
2 11 10
203 184 486 339 160 493 165 189 176 265
1 5 10
138 14 216 80 233 206 129 212 450 242
3 12 5
189 483 228 288 107
2 10 4
450 231 134 352
1 10 5
146 184 113 278 232
1 15 7
63 229 425 150 478 322 351
3 1 7
291 203 139 89 227 352 101
2 7 5
383 434 399 388 413
1 6 2
159 244
5 17 10
176 309 306 144 384 485 483 189 138 415
4 3 7
133 373 11 200 86 339 193
2 20 5
370 262 479 237 334
2 5 5
346 447 284 25 347
4 14 9
200 189 357 274 390 60 174 401 124
4 10 7
389 347 223 322 107 91 336
1 5 2
411 477
1 12 4
97 316 231 17
1 2 8
412 458 481 71 269 285 113 188
1 1 8
90 386 463 453 145 216 282 117
1 10 8
146 387 97 69 270 296 226 150
2 19 9
225 440 222 56 493 442 380 379 237
2 16 3
463 290 320
1 11 9
393 130 107 112 294 327 477 69 297
1 3 5
467 341 83 221 11
1 7 2
435 203
1 12 2
279 425
4 19 8
308 274 337 51 75 449 169 373
1 4 3
374 386 419
1 7 2
129 293
2 17 6
308 472 237 28 42 95
4 1 10
496 193 18 357 400 269 202 310 117 391
2 4 6
64 177 480 498 146 363
2 3 4
478 457 0 409
1 17 5
17 141 29 212 463
2 10 3
370 22 398
2 19 5
249 195 372 499 224
1 10 5
120 7 377 171 434
2 7 4
189 309 300 182
4 17 10
358 302 205 239 86 44 428 426 491 59
4 18 6
82 143 144 486 25 481
1 5 5
432 57 325 265 49
3 18 7
320 185 194 355 207 26 377
1 8 5
12 185 181 29 277
5 8 9
470 263 279 382 280 171 86 312 434
4 14 7
87 190 481 225 24 394 361
2 2 3
84 65 145
1 1 9
431 106 126 224 488 372 158 24 402
4 8 10
453 324 454 349 291 145 37 67 497 243
3 19 9
257 104 44 57 176 186 456 303 128
4 17 10
378 4 251 80 242 66 2 353 344 209
2 1 4
351 365 50 313
3 5 10
309 192 37 229 302 368 198 237 166 390
2 20 4
397 385 420 339
1 9 4
193 68 428 66
5 9 9
406 130 163 208 332 232 474 101 450
1 15 2
447 157
1 20 2
219 260
2 6 4
270 482 3 324
2 18 7
276 269 208 46 298 272 264
4 4 10
179 10 193 405 408 28 174 23 79 102
1 1 4
216 125 224 467
1 4 3
217 91 371
4 20 10
228 142 432 460 130 246 1 182 267 407
2 16 3
137 172 247
4 2 6
218 1 243 251 460 57
1 3 2
436 416
1 2 2
140 379
2 4 4
441 303 435 417
3 2 7
115 255 332 459 214 292 299
4 2 7
142 206 11 203 145 87 5
2 10 5
373 440 419 267 386
2 1 9
387 402 166 117 223 448 125 390 422
4 16 8
74 188 222 495 407 198 95 335
3 19 7
399 1 158 44 15 479 332
1 19 4
330 417 229 448
1 2 5
274 447 276 78 334
1 3 3
335 170 39
2 10 9
396 345 198 344 409 428 154 418 365
1 3 9
453 482 470 327 74 364 3 0 146
3 6 5
185 408 74 264 331
3 18 5
267 359 43 489 82
2 11 8
284 392 450 199 169 106 207 103
1 4 6
224 93 353 148 68 58
2 7 4
341 375 349 371
1 16 7
313 364 354 246 438 368 121
2 4 4
446 209 25 78
2 15 4
302 481 136 362
4 14 10
55 47 457 86 163 94 140 489 363 21
4 5 7
242 151 142 216 388 207 149
2 14 3
441 211 280
2 18 4
291 13 461 172
2 14 3
36 446 71
1 15 5
283 329 361 382 68
4 6 8
227 314 335 130 112 404 230 29
2 4 3
273 32 378
3 19 9
345 383 370 16 288 124 329 183 413
4 8 6
279 323 53 198 344 399
5 13 9
141 323 178 498 205 465 270 257 462
3 17 8
437 47 296 326 459 146 484 358
3 12 5
178 438 372 177 373
1 12 5
216 425 368 36 99
1 20 3
385 32 441
2 2 8
318 297 337 241 395 118 149 351
1 20 4
218 222 338 197
1 10 8
441 86 21 65 199 164 299 437
1 5 4
188 208 229 299
2 16 4
106 455 93 353
5 12 10
45 482 20 476 134 473 82 413 40 354
4 10 7
147 364 100 166 16 315 75
1 8 2
229 157
1 15 7
83 178 492 363 174 318 261
4 14 7
240 215 134 410 232 403 282
1 2 8
18 64 447 50 61 157 474 119
3 2 10
124 194 275 381 228 9 244 215 170 201
2 8 8
288 326 468 474 86 261 183 384
1 10 7
61 368 316 77 432 398 198
5 3 10
53 161 389 213 168 410 68 344 454 48
1 10 9
413 284 234 408 117 266 232 34 321
1 8 10
430 168 146 366 60 334 274 97 11 10
1 20 3
256 94 268
1 14 2
391 387
2 1 4
210 18 410 223
1 11 4
14 337 36 346
3 17 9
497 313 217 432 308 314 107 414 234
5 16 8
36 430 184 412 255 299 133 370
1 15 3
425 46 397
3 16 5
299 198 235 306 316
1 10 3
119 469 309
6 20 9
358 466 367 177 350 255 158 400 149
2 17 3
298 284 469
2 17 5
223 180 134 366 55
1 12 2
320 412
3 7 6
445 86 273 64 51 250
1 19 3
355 285 184
4 17 6
481 214 351 155 307 146
5 3 10
33 41 335 277 424 213 379 399 43 50
1 19 4
250 64 110 144
1 17 2
151 12
1 13 2
349 436
4 7 10
157 64 204 300 111 255 6 121 287 313
4 16 6
56 150 133 340 4 490
2 9 7
461 357 185 147 225 405 347
2 13 6
241 479 221 292 69 465
5 1 10
106 8 334 182 264 443 423 271 279 118
1 6 4
378 253 485 320
1 11 8
312 130 266 137 199 370 308 74
1 14 5
52 423 96 261 98
2 17 9
181 356 333 440 493 323 44 254 135
2 13 4
251 191 409 127
3 7 5
63 352 74 454 354
1 7 3
97 496 66
1 13 2
451 318
1 15 8
339 496 174 240 63 236 3 155
5 17 8
226 42 176 242 186 381 390 313
1 6 5
55 203 208 14 263
2 13 5
336 121 44 244 327
1 4 5
305 37 186 223 460
1 7 2
421 215
2 4 7
43 309 423 279 354 338 315
1 16 2
379 340
4 16 7
25 103 345 346 395 440 302
4 18 6
246 371 453 340 186 254
2 11 5
403 1 217 234 137
1 17 2
131 46
4 11 9
268 386 117 19 57 468 187 173 97
3 12 10
144 299 116 471 219 259 442 89 352 478
3 12 5
60 338 26 427 273
4 1 8
89 107 457 372 404 322 463 154
2 13 5
268 64 485 322 434
5 9 10
334 116 134 193 202 68 51 425 493 424
1 1 4
275 349 171 49
3 2 7
392 99 115 494 136 65 481
5 6 9
133 152 19 350 236 443 456 202 408
2 14 5
495 431 457 190 269
2 18 3
18 375 91
3 7 6
458 246 174 128 327 488
2 20 3
424 88 184
1 6 2
187 163
2 2 4
304 320 474 179
2 10 5
222 239 249 463 73
4 17 10
489 17 186 177 290 164 21 492 323 41
2 13 9
285 475 71 454 61 126 9 341 263
1 9 9
257 63 489 468 343 313 97 250 298
4 5 7
414 217 124 161 467 439 275
2 19 3
407 63 146
1 18 6
288 292 216 222 289 461
4 2 9
225 102 440 462 81 62 360 147 370
2 19 4
202 400 63 25
3 10 9
80 357 201 265 309 268 484 314 436
6 18 10
171 25 365 21 88 396 220 302 244 361
2 9 6
418 498 230 121 170 450
1 9 2
10 18
4 4 10
387 139 198 325 294 287 323 308 343 230
1 3 5
307 132 86 94 135
1 11 2
389 451
3 7 5
276 148 27 236 152
2 13 3
79 471 213
2 12 7
160 177 485 155 11 297 408
1 17 2
423 352
2 1 6
198 269 304 274 376 283
2 1 5
377 375 230 404 306
1 20 3
416 306 90
4 11 9
104 453 377 152 256 209 172 463 299
1 15 6
72 256 261 413 222 474
4 16 10
21 125 482 471 284 264 306 431 218 266
2 4 9
231 483 161 153 442 250 240 374 409
1 15 2
406 205
2 17 6
40 205 99 144 222 195
2 10 3
168 309 189
4 9 9
358 168 362 408 108 72 480 406 126
1 6 2
284 387
2 6 6
363 388 373 70 349 157
1 12 2
23 368
1 11 4
175 389 436 40
5 11 8
344 207 94 335 66 29 177 351
2 11 6
198 406 209 491 397 333
1 9 3
37 122 472
2 20 4
228 479 399 265
1 5 2
386 394
4 9 6
139 81 197 259 4 314
1 10 8
250 21 193 12 79 430 17 22
1 4 7
102 143 313 432 406 72 15
3 10 7
348 230 410 54 359 237 212
6 16 9
143 279 340 206 478 383 126 396 142
4 2 8
312 176 462 88 159 119 48 216
1 10 2
138 448
2 3 8
305 175 299 260 330 253 249 154
4 17 6
70 140 217 416 380 468
4 2 7
155 472 487 16 156 311 231
1 3 5
380 288 213 252 31
4 2 7
174 314 42 59 354 92 229
1 8 3
62 308 161
4 8 7
389 486 82 382 147 312 437
1 9 6
363 68 455 312 178 144
5 7 8
236 190 361 105 332 74 301 168
2 5 4
103 89 28 204
2 3 5
67 467 17 152 494
5 10 8
282 155 342 243 470 289 348 267
2 6 4
357 307 383 388
1 11 10
134 32 213 80 347 300 307 171 489 170
4 15 8
218 362 78 429 372 371 412 304
1 4 2
68 383
1 2 7
101 236 330 302 201 456 486
2 2 6
157 412 406 113 366 452
2 13 10
261 399 194 110 441 415 460 190 193 474
3 6 6
225 353 323 200 244 381
1 16 5
303 44 365 38 479
2 5 3
269 270 293
1 5 2
154 114
2 2 4
81 372 77 293
4 5 8
484 324 414 356 498 350 171 103
4 1 10
23 187 256 328 284 275 174 351 106 82
2 15 5
316 413 254 391 102
5 2 9
416 45 219 320 368 153 411 285 159
1 13 3
407 146 288
2 1 5
61 84 479 278 30
1 10 4
178 281 242 397
1 17 3
160 291 273
3 4 6
44 437 12 253 318 90
2 10 9
38 418 73 226 7 197 137 167 232
2 1 8
445 60 308 479 149 51 98 29
1 20 2
161 217
3 2 5
294 283 453 281 269
1 7 5
436 417 493 395 350
1 15 2
165 328
1 8 7
314 244 231 247 404 210 447
3 16 7
151 293 286 314 89 362 68
1 17 2
429 458
2 7 8
211 149 48 373 126 413 185 296
2 7 8
132 118 440 356 480 148 315 75
6 7 10
320 121 189 38 251 43 188 472 378 439
1 2 3
5 452 361
4 10 9
203 288 31 411 407 207 265 382 484
5 12 8
288 192 37 499 118 403 127 254
1 20 2
393 430
4 4 7
383 173 377 44 478 244 325
2 16 7
243 112 489 286 185 496 110
2 4 10
264 427 78 102 104 251 153 145 475 373
2 4 4
226 351 430 124
3 8 10
421 461 66 4 209 474 226 48 15 399
2 18 5
431 21 455 129 473
2 15 5
32 370 73 480 307
4 8 9
242 421 231 238 187 86 139 370 182
4 1 7
254 293 239 425 499 299 150
3 3 5
115 333 322 273 388
3 3 5
401 29 112 433 148
2 10 3
479 174 154
1 17 7
231 135 293 351 362 91 66
2 16 9
254 1 266 53 468 278 233 139 310
1 1 5
220 134 423 294 82
1 20 2
208 367
1 1 5
420 343 270 448 145
3 5 8
215 148 237 59 98 73 58 211
5 14 8
4 323 387 489 385 399 435 99
2 5 8
31 20 237 394 49 82 188 473
1 5 6
331 448 433 380 265 201
1 11 2
8 248
2 13 6
137 465 238 148 243 361
2 2 6
128 112 475 218 445 345
1 2 3
246 426 15
2 8 5
93 113 419 262 140
5 18 10
152 87 420 256 379 453 3 136 332 59
3 19 6
28 492 383 470 312 226
1 1 10
244 373 103 228 198 452 252 226 62 492
1 2 2
214 292
1 14 7
486 155 280 37 226 418 318
1 3 4
324 182 156 133
4 18 8
329 104 103 100 276 161 119 115
1 7 2
299 155
4 3 7
314 395 447 454 244 364 317
1 18 2
143 152
2 7 3
420 131 415
2 18 3
54 57 115
3 16 5
160 388 79 392 91
2 15 3
66 373 91
1 20 4
163 98 144 146
1 4 3
327 163 64
4 8 7
442 483 373 133 349 401 298
1 4 6
213 35 158 216 64 301
5 6 10
41 356 256 250 192 273 207 182 233 226
3 15 6
250 475 86 363 438 206
2 20 7
152 443 467 242 58 431 324
5 16 9
237 103 49 496 416 377 400 71 122
3 19 7
180 239 67 437 293 275 167
1 6 3
135 44 173
1 10 6
369 277 301 216 414 283
2 8 7
247 487 40 356 462 491 145
1 2 2
361 326
1 15 2
191 464
1 3 6
235 54 215 439 420 316
1 20 7
230 362 337 276 64 339 45
1 13 7
174 496 335 70 221 166 279
6 14 10
107 249 464 44 58 227 103 90 448 203
2 9 5
58 37 236 120 387
2 11 7
183 235 190 102 291 159 82
2 13 4
194 136 305 325
4 17 8
82 229 257 424 411 296 481 30
1 7 3
321 96 334
4 5 7
94 337 498 241 430 206 355
2 16 10
427 432 265 39 9 451 219 64 62 431
2 16 6
69 497 412 455 122 296
2 11 7
344 295 195 470 361 478 64
1 10 2
233 393
1 6 8
185 48 287 436 95 213 370 376
2 8 5
473 304 319 71 33
4 4 8
36 121 255 103 74 418 294 144
6 20 10
181 175 152 203 311 186 302 268 115 441
1 13 3
275 88 237
4 8 8
47 259 162 357 153 92 313 290
3 12 8
200 118 343 113 229 402 384 470
2 19 9
196 280 236 309 285 241 108 67 214
6 6 10
249 65 88 330 447 205 490 476 458 202
1 18 3
373 7 83
1 2 2
135 319
2 18 3
253 382 11
2 20 3
2 425 443
4 13 10
284 360 399 174 275 55 281 375 333 324
1 18 2
256 435
2 20 6
474 88 423 212 406 325
1 12 9
398 99 399 131 450 179 422 100 111
1 8 10
393 208 318 387 253 137 415 402 428 342
2 20 7
376 98 131 16 475 13 307
3 10 7
127 80 284 39 154 59 440
1 7 2
462 455
1 20 7
179 457 145 446 203 338 9
1 7 7
266 315 444 394 18 109 8
1 20 3
494 204 143
1 17 3
436 448 383
3 8 9
410 45 284 157 226 229 53 38 244
2 20 3
12 241 425
2 3 3
227 22 92
1 9 4
436 2 128 301
1 18 8
121 367 451 178 129 245 220 232
1 16 5
54 483 271 67 31
1 4 2
348 170
2 3 10
179 70 405 151 256 392 267 206 493 30
1 10 4
16 35 55 156
2 2 4
22 412 323 452
4 3 7
210 267 462 7 62 75 100
3 17 5
346 148 407 218 175
2 16 10
13 194 392 63 10 239 174 384 267 429
1 10 2
363 396
2 14 3
77 445 216
3 4 8
396 216 296 376 301 81 92 345
1 1 2
38 365
6 2 10
158 41 444 35 197 137 401 139 316 88
1 4 10
290 97 228 145 405 18 284 298 6 361
1 11 5
165 143 92 5 168
6 4 9
470 350 200 241 475 248 203 289 99
4 8 7
164 87 440 159 332 461 351
3 16 5
368 238 242 255 75
1 7 2
355 172
4 14 8
81 65 121 145 205 388 224 379
4 14 8
248 60 46 365 307 306 117 364
2 7 3
127 53 473
5 2 9
152 210 156 313 145 320 188 120 30
2 4 4
209 383 369 202
2 19 10
372 395 268 455 106 77 148 9 213 410
3 2 9
229 309 265 93 314 127 395 198 431
3 4 5
12 457 193 403 96
3 10 10
246 223 388 6 233 25 144 17 440 426
1 13 4
0 373 262 237
3 6 7
121 327 105 336 409 82 1
1 13 7
327 418 117 407 427 240 215
1 10 2
237 477
4 18 9
230 299 183 200 133 181 113 489 50
1 15 2
129 193
3 1 5
371 262 356 469 106
1 15 2
219 336
3 13 6
303 400 467 375 31 380
2 12 3
476 296 47
5 11 9
147 207 106 247 166 192 118 440 495
6 13 10
183 459 278 207 398 281 248 172 117 347
1 2 2
161 406
5 5 8
181 370 57 174 22 140 286 452
3 14 7
178 469 129 116 86 306 347
1 17 4
445 480 124 410
3 17 9
217 190 81 249 139 386 254 306 253
2 1 4
194 40 239 133
2 19 8
421 249 224 390 140 42 74 455
5 16 8
83 321 442 428 374 369 155 51
2 11 6
245 405 264 228 249 498
3 13 6
398 247 182 349 448 184
4 3 10
479 453 411 135 381 345 363 485 413 322
1 8 9
327 173 422 163 12 281 9 314 132
4 8 10
406 268 273 164 445 145 432 373 335 153
2 12 5
491 73 56 116 94
2 20 8
421 242 480 255 7 391 138 200
1 20 8
66 266 398 151 437 192 250 184
3 16 6
50 45 126 332 460 313
2 8 4
180 485 7 44
1 18 2
372 166
2 10 8
223 59 323 126 487 145 493 295
2 6 8
324 171 133 229 350 241 472 401
1 10 2
445 309
1 15 6
281 44 75 191 432 27
1 6 6
333 56 406 320 148 118
1 14 9
448 411 362 180 49 373 357 128 420
3 10 5
68 260 98 152 146
1 8 3
11 412 305
1 19 5
453 110 280 4 13
1 2 9
59 436 353 422 227 258 157 70 196
2 15 3
76 320 395
5 8 9
104 178 97 410 85 62 206 402 250
1 12 8
98 44 239 290 86 84 206 58
3 1 7
391 411 196 154 499 291 57
1 9 4
275 236 292 98
2 11 3
456 407 281
3 15 7
45 148 264 100 262 486 9
2 1 4
118 304 369 445
1 2 8
492 308 64 96 66 41 296 218
5 20 8
486 297 108 225 186 9 392 261
1 7 3
101 206 5
1 4 2
467 338
1 2 9
256 465 96 131 199 375 454 311 276
1 11 3
474 156 299
1 6 3
386 179 55
2 11 3
284 10 296
1 9 2
325 223
1 16 3
96 133 340
1 13 2
329 452
2 7 8
64 440 394 267 30 278 279 486
2 10 3
36 109 203
2 13 9
310 422 328 128 37 90 27 466 44
5 14 10
301 175 255 321 35 387 305 462 241 371
6 7 9
170 198 193 43 496 417 18 240 405
1 12 2
22 480
1 2 3
20 149 75
2 10 4
27 345 160 244
1 15 9
164 193 372 215 177 489 179 496 49
5 12 8
101 444 317 2 111 143 452 180
3 18 7
492 382 454 493 82 410 213
3 5 5
170 350 340 257 208
1 1 8
121 79 166 360 437 332 311 381
1 12 2
208 369
1 13 3
210 405 347
1 9 7
15 416 67 75 301 193 124
2 2 8
10 482 46 109 367 4 429 201
3 20 7
476 153 310 9 101 272 43
2 18 8
300 317 349 424 172 301 399 363
4 8 9
442 202 331 328 415 347 256 388 121
1 4 8
492 499 372 236 348 134 392 179
3 1 7
119 311 90 155 394 273 424
1 17 2
254 218
3 20 6
456 125 434 158 121 236
4 19 7
267 254 78 383 46 405 246
3 14 7
436 194 380 200 343 5 89
2 9 8
56 474 416 277 0 69 323 450
4 1 6
233 348 111 160 479 234
4 16 10
119 306 61 1 329 104 342 13 383 428
2 19 7
310 292 159 168 92 1 170
4 16 8
401 127 22 151 383 283 248 212
1 9 2
347 204
4 1 6
202 292 462 164 52 99
2 17 8
82 16 326 49 388 52 376 463
4 12 7
5 473 412 103 470 243 318
2 19 4
223 263 313 181
3 6 6
132 193 468 421 166 486
1 2 5
220 386 464 454 70
1 15 2
378 289
4 10 8
365 297 306 169 429 424 79 363
1 1 4
475 53 442 456
1 8 8
421 29 196 496 153 486 386 232
4 16 7
445 33 24 309 151 18 69
1 20 4
282 457 242 462
1 19 2
497 265
4 15 7
288 427 185 113 290 102 148
4 18 7
29 227 358 278 288 406 272
2 11 6
357 202 219 267 39 204
3 20 5
118 129 5 374 135
1 19 2
433 218
1 19 5
156 127 317 62 359
5 13 8
121 363 473 358 433 49 239 383
1 18 4
33 326 442 89
6 13 9
421 450 200 64 235 237 342 42 1
3 10 6
140 498 180 0 273 30
3 9 7
297 279 42 165 369 106 368
1 9 8
231 316 272 348 4 468 150 406
1 17 2
231 34
1 13 7
87 104 418 152 262 70 96
1 16 8
153 484 305 457 376 362 252 389
1 17 4
139 60 117 168
4 20 10
471 290 381 406 307 259 1 178 332 418
4 8 8
150 110 255 455 268 175 371 322
1 5 2
392 72
1 9 2
241 449
1 20 2
211 119
1 18 4
392 400 145 269
1 14 4
23 94 117 311
4 1 6
12 45 129 372 46 469
2 5 4
240 133 322 214
1 15 10
387 270 395 287 288 490 144 100 250 185
1 16 7
330 263 19 410 486 74 11
2 6 3
449 453 114
1 4 4
245 13 56 324
4 4 7
55 80 54 351 425 400 221
2 3 6
178 201 461 405 33 60
2 8 4
306 280 100 264
2 2 9
492 421 342 226 453 300 397 167 177
4 5 8
220 194 264 21 402 445 274 413
1 6 2
88 48
1 18 7
401 85 152 329 468 396 486
2 16 10
236 366 369 156 32 263 52 232 159 464
2 18 4
415 463 108 363
1 8 8
210 390 482 303 203 141 430 445
6 20 9
273 264 257 138 267 317 384 316 458
2 1 4
231 149 121 74
3 10 9
207 354 226 105 375 112 179 106 279
1 13 2
450 143
3 13 5
214 186 253 151 57
1 8 6
95 124 487 463 227 190
2 14 3
338 31 187
1 4 2
267 195
1 1 2
35 286
4 11 6
76 268 234 66 4 272
1 13 4
156 459 67 443
1 15 2
293 56
2 14 4
324 220 221 481
1 10 2
253 330
1 13 3
38 456 475
1 8 3
154 295 257
2 12 6
351 221 494 7 60 241
1 11 10
51 433 497 95 180 134 492 368 416 174
5 2 8
5 182 416 325 205 466 256 96
1 7 5
223 455 211 260 280
3 3 10
209 11 328 380 388 400 136 302 194 138
2 11 4
469 75 100 386
3 10 7
409 280 358 273 231 182 15
2 9 6
370 146 341 131 381 375
2 10 6
88 418 121 130 296 211
1 10 2
150 218
3 2 8
80 454 405 315 187 19 204 458
2 15 4
355 317 387 385
1 10 5
183 159 186 371 265
2 13 3
229 348 242
5 2 8
155 80 254 305 246 478 486 432
4 3 8
289 300 89 55 313 159 131 428
2 18 6
187 28 288 309 107 483
4 17 8
329 54 374 344 472 436 108 210
3 9 7
82 455 485 151 127 358 174
1 15 5
151 428 12 248 227
2 3 8
461 190 339 177 191 363 210 150
2 14 3
499 484 153
2 2 4
64 2 73 38
2 9 4
304 485 237 353
1 16 2
322 348
3 9 8
303 17 168 182 29 227 379 152
5 2 10
158 301 366 370 338 277 391 156 406 353
1 6 2
200 435
1 7 9
146 247 188 98 305 115 240 285 403
2 9 6
39 475 460 407 447 387
1 3 4
67 30 348 59
6 1 9
482 116 117 263 206 61 24 465 338
2 11 9
475 245 84 79 226 52 118 67 238
1 16 3
362 75 377
1 17 2
344 360
1 14 3
324 393 292
1 19 10
48 413 16 160 457 18 344 359 285 279
2 19 4
171 357 451 359
3 17 5
173 274 95 236 189
2 12 5
337 32 218 156 147
2 12 3
390 450 120
4 12 8
48 481 344 201 197 459 121 196
2 18 7
86 228 396 454 495 10 443
1 16 8
125 410 16 384 246 474 82 479
1 11 7
211 331 13 485 11 386 324
2 18 4
211 478 330 52
1 15 4
199 495 130 80
1 1 5
229 287 333 183 470
1 18 9
331 318 112 265 242 498 424 473 385
1 7 3
88 295 367
1 14 5
200 282 100 138 298
2 8 6
223 15 457 149 106 124
4 12 7
52 166 99 189 246 321 157
1 20 9
379 4 73 444 273 493 287 283 285
1 10 2
244 197
2 9 5
131 180 271 212 278
1 6 5
15 118 458 467 135
1 20 3
277 386 138
2 1 4
242 380 233 90
4 18 6
385 369 476 153 33 189
1 10 4
357 335 288 134
1 6 9
32 484 168 371 3 214 343 16 341
5 16 8
181 211 166 349 381 249 63 182
2 17 7
234 13 259 225 83 269 213
1 8 3
290 122 185
2 9 3
243 212 319
5 13 8
385 311 447 190 419 353 344 351
2 8 3
108 281 35
2 14 4
411 178 35 196
2 15 10
296 41 189 432 127 115 367 17 216 116
1 4 3
382 26 53
3 3 6
102 199 289 241 158 46
1 5 2
469 459
5 15 8
148 195 441 251 139 131 333 259
1 4 2
241 157
1 6 8
147 214 254 356 145 103 5 395
1 18 5
326 147 124 369 403
2 9 5
101 447 192 117 223
4 9 8
332 227 280 459 44 498 88 408
6 2 10
205 64 145 73 133 102 97 85 17 390
6 16 9
395 422 25 473 36 159 308 254 405
6 16 10
8 382 307 221 156 326 108 462 447 292
4 15 6
124 209 222 485 116 409
6 11 9
101 468 269 311 201 177 462 242 239
2 20 3
221 385 70
3 7 6
321 326 238 180 56 208
6 18 10
235 80 33 5 429 239 277 127 205 278
1 9 6
489 47 113 488 191 195
2 13 4
363 111 34 459
2 16 4
472 164 64 113
3 11 7
331 389 54 69 155 345 306
4 10 6
317 465 93 76 402 38
2 9 6
493 452 398 190 163 22
4 10 8
494 274 312 135 308 193 153 255
2 3 5
117 424 154 338 74
2 2 6
261 122 467 438 37 336
2 10 10
298 286 441 299 194 173 93 317 376 367
1 12 8
11 224 120 94 108 104 401 222
1 5 2
287 184
1 6 2
84 115
3 7 8
463 130 290 375 275 328 45 297
2 11 10
289 314 94 188 379 368 201 164 171 156
2 15 3
421 255 410
1 5 2
492 114
1 13 2
364 356
1 11 3
73 112 40
3 1 5
465 431 144 380 62
4 4 8
372 100 315 146 310 412 417 151
4 6 10
45 271 409 239 429 40 495 174 210 265
3 1 7
169 229 242 145 236 288 0
3 8 8
464 444 89 191 94 224 383 226
2 7 9
167 44 133 249 437 449 346 265 296
1 6 9
399 299 211 163 66 423 58 141 225
1 17 4
379 274 440 66
5 15 8
210 193 112 50 469 191 391 75
1 17 4
5 467 162 57
5 2 9
245 155 420 191 253 233 13 193 478
2 3 4
51 243 497 232
1 10 5
493 455 222 252 263
1 7 3
388 22 178
2 10 4
293 66 223 345
6 9 9
73 494 393 227 498 109 444 222 132
6 17 9
266 443 405 30 216 181 409 226 432
4 7 8
283 360 200 39 314 339 101 261
2 20 5
48 143 94 36 388
5 16 8
474 59 290 434 342 473 306 470
1 17 4
27 213 350 136
4 12 7
43 334 127 401 442 161 68
3 2 7
248 388 298 389 368 65 162
4 10 10
50 334 426 371 407 492 24 151 86 25
6 13 9
209 144 280 270 398 257 162 430 229
2 4 4
468 301 450 278
2 2 9
198 382 38 292 471 244 289 207 39
2 8 4
312 281 234 218
1 7 8
406 154 332 218 191 182 297 269
2 16 4
436 342 154 157
3 13 6
400 497 481 260 240 31
1 5 10
412 262 238 345 302 373 268 464 68 4
2 6 3
389 240 249
4 10 8
335 360 258 241 252 479 336 148
3 16 6
381 115 470 369 384 47
3 3 10
161 360 427 149 46 490 283 483 374 220
1 11 5
4 70 332 217 377
2 4 3
160 92 173
1 7 4
229 438 15 454
1 19 3
255 289 15
4 10 7
460 34 178 368 459 166 103
1 18 2
292 367
4 2 10
95 417 314 90 143 99 149 351 126 131
1 17 4
47 84 492 377
1 8 10
211 213 58 381 205 67 193 240 54 331
2 7 3
431 22 360
2 11 5
149 419 125 233 306
2 18 5
104 316 168 448 423
4 6 6
86 421 107 36 81 321
1 7 4
142 249 379 199
1 17 8
350 172 424 327 80 44 272 154
2 12 3
427 294 178
1 7 2
412 325
5 12 9
93 177 126 460 286 490 22 52 170
5 11 9
390 71 228 386 343 271 261 88 208
1 1 7
445 126 367 236 227 397 165
1 2 2
380 162
1 1 4
411 404 363 456
3 11 8
343 156 252 301 169 197 305 414
1 10 4
224 456 475 366
2 10 4
208 278 23 89
3 15 5
129 49 427 3 340
2 4 6
244 479 135 274 220 400
1 18 7
31 81 199 193 94 449 308
2 15 8
482 444 382 334 412 239 462 350
1 8 6
490 487 169 293 115 221
1 5 2
56 299
4 1 9
222 417 353 364 197 66 221 331 24
1 13 2
292 367
5 2 9
229 67 296 388 82 112 467 417 132
1 10 3
34 52 330
1 17 3
429 82 474
3 14 5
51 407 396 108 219
1 2 2
29 280
1 16 2
109 33
4 11 9
345 12 126 359 35 231 44 389 420
2 18 8
215 99 479 290 242 420 389 42
1 12 4
403 363 202 401
2 2 9
392 467 496 91 208 438 177 261 168
2 15 8
364 169 472 488 285 115 47 88
1 12 8
23 180 135 364 390 283 26 295
1 8 2
324 22
1 5 2
411 388
1 10 3
437 45 356
2 5 10
16 416 373 269 222 371 198 81 333 475
6 18 9
8 489 74 389 188 415 27 334 119
2 3 8
482 224 292 57 256 445 453 467
2 14 3
79 445 330
3 11 5
352 333 440 9 313
1 15 10
464 486 129 65 404 22 229 334 375 143
1 19 8
358 51 76 492 111 331 364 325
1 6 7
211 116 262 372 294 293 131
1 17 2
335 221
5 16 9
305 241 221 477 310 178 154 259 197
4 10 9
228 280 462 7 370 425 194 220 278
4 10 6
82 253 81 407 290 254
1 2 3
98 333 204
1 8 2
190 99
2 7 4
34 112 297 389
3 17 5
382 344 42 208 112
2 7 9
425 442 0 418 58 343 258 373 57
2 3 8
453 343 111 475 336 142 486 441
2 18 3
374 52 4
6 13 9
277 157 258 315 188 215 42 477 376
4 13 10
49 273 99 426 203 28 300 301 311 39
4 7 8
87 327 344 329 431 460 172 97
4 13 7
132 416 490 83 430 365 381
3 7 6
29 219 69 33 82 274
1 8 3
311 184 319
2 18 3
223 157 367
2 18 4
251 379 206 110
2 4 3
349 63 213
2 15 5
472 33 428 375 164
3 19 8
291 43 170 132 8 191 125 250
1 6 2
118 341
3 8 6
273 105 168 28 0 453
1 6 4
273 102 176 95
4 2 10
213 366 469 360 201 108 174 54 327 496
6 15 9
426 195 170 236 224 427 226 471 420
5 12 9
414 402 288 105 0 486 293 196 281
4 3 10
447 491 427 468 228 16 113 472 357 421
1 6 9
176 395 60 175 483 106 277 326 385
1 4 2
124 181
4 19 10
306 163 483 233 423 220 435 491 225 309
2 15 3
469 24 462
1 11 3
413 495 426
5 10 10
413 159 229 8 140 249 480 190 217 264
3 15 10
406 259 163 477 248 198 147 243 6 90
2 6 7
320 142 139 482 176 108 209
3 20 7
387 425 88 24 248 389 442
5 5 8
229 153 15 223 415 327 376 101
2 15 3
64 122 142
1 1 7
251 329 168 45 158 368 276
4 7 10
327 316 347 57 108 438 226 178 227 323
4 7 9
471 491 323 107 6 420 432 223 95
1 13 2
469 385
1 15 4
388 397 145 431
1 6 2
67 497
2 7 4
350 432 280 385
2 14 4
355 119 487 122
6 2 10
377 386 338 474 90 281 429 43 301 415
4 19 8
230 456 18 141 268 160 83 350
5 3 10
471 60 146 328 493 117 69 14 453 291
1 7 9
82 378 129 195 387 423 251 205 246
6 19 9
409 64 235 268 18 57 76 51 296
6 20 10
124 149 131 489 107 469 128 371 152 145
6 14 10
312 92 237 389 210 146 140 173 47 123
3 5 9
21 470 423 77 411 263 422 427 298
2 6 8
281 195 486 433 449 260 194 91
1 9 10
409 391 445 235 399 472 389 244 44 261
1 10 5
414 291 347 401 99
2 11 3
220 175 73
3 4 8
382 101 94 186 229 140 313 416
1 14 5
382 386 4 391 28
2 9 9
442 415 53 281 299 107 163 142 447
4 12 7
245 417 207 169 52 196 392
1 15 2
81 299
5 15 9
365 33 20 32 333 154 236 262 370
1 7 3
286 161 17
1 16 9
332 235 314 334 227 330 223 345 20
4 5 9
363 110 449 192 55 452 497 199 434
1 5 2
360 207
2 19 7
448 197 445 365 170 107 463
1 19 6
81 265 27 143 282 221
1 18 3
362 23 88
4 13 7
135 460 151 455 166 356 328
1 13 7
305 98 131 113 220 49 298
6 14 10
75 426 240 121 249 5 374 296 282 373
1 14 5
415 471 113 144 491
2 14 6
468 447 8 170 141 398
3 1 10
359 219 98 99 114 378 464 381 454 481
4 18 9
329 258 452 84 190 482 478 195 287
3 13 5
152 342 496 41 62
2 9 3
61 206 308
3 11 5
246 257 419 182 395
1 4 2
291 183
2 1 4
165 415 370 216
1 19 5
455 416 47 396 210
1 7 3
104 238 424
1 12 4
163 259 190 114
4 17 10
162 417 328 410 443 146 455 464 484 173
4 4 8
313 130 96 177 94 494 169 115
1 1 5
20 382 208 228 183
4 8 8
139 290 137 179 143 64 454 387
4 15 10
340 164 253 475 196 21 180 134 194 274
3 15 5
190 126 446 431 159
1 7 3
434 100 254
1 17 2
123 402
3 13 10
143 77 322 12 159 127 240 346 299 128
2 20 6
359 11 167 358 194 425
1 7 2
22 360
4 13 10
306 435 453 158 280 362 376 215 361 334
1 11 6
47 61 202 478 81 426
3 18 5
162 240 353 50 24
1 19 2
49 432
2 12 5
243 236 94 204 134
2 2 10
404 399 328 322 43 121 140 333 243 174
3 7 10
323 430 210 358 405 484 104 296 349 102
1 4 7
159 171 247 414 237 422 120
1 18 3
283 248 493
2 8 7
287 401 420 267 89 413 370
4 17 7
367 49 163 103 132 295 16
1 16 5
66 219 363 344 209
2 5 3
353 19 298
1 20 9
170 136 458 169 271 443 384 329 292
4 20 7
81 495 239 16 246 307 353
1 18 4
55 288 243 404
3 11 8
227 145 31 488 73 376 333 101
5 20 8
499 377 487 432 457 143 99 413
2 6 9
308 427 437 209 193 115 270 442 22
4 15 9
433 100 344 354 77 245 74 311 53
2 4 6
115 444 416 354 180 494
1 6 8
309 16 267 166 237 393 486 311
2 9 4
441 335 481 139
4 1 10
477 58 484 23 137 391 66 106 336 243
1 16 2
330 272
1 7 2
215 287
4 10 7
207 301 463 64 25 107 60
2 2 5
301 0 284 6 247
1 1 7
412 443 136 422 151 221 252
1 6 6
9 231 168 48 278 33
1 11 2
198 16
4 11 10
181 448 388 12 260 9 1 53 116 139
2 2 5
220 43 109 344 478
2 3 9
391 106 64 352 484 55 257 371 215
1 8 4
408 130 279 238
1 15 4
170 371 108 224
1 4 3
440 121 416
2 5 3
219 15 112
3 4 9
56 265 35 247 270 278 368 319 301
1 8 7
408 91 290 297 335 477 352
2 17 5
87 180 357 394 300
5 6 10
247 367 199 456 427 420 103 45 318 260
1 2 2
45 465
1 10 6
302 454 18 300 480 175
1 16 4
400 85 269 390
1 8 5
455 447 431 191 212
3 11 9
451 473 67 214 367 497 388 119 202
2 4 4
190 132 444 46
1 20 5
499 319 33 352 357
1 17 2
23 67
2 8 3
176 244 3
1 1 3
459 490 109
1 10 2
469 237
1 7 3
438 367 161
1 2 6
14 470 382 214 60 89
1 6 5
413 401 330 276 308
1 15 6
163 93 492 86 291 285
4 19 7
293 471 379 216 310 329 398
2 1 5
256 10 206 187 295
6 3 10
332 216 226 280 239 197 249 468 80 367
1 13 5
131 28 406 158 386
5 12 10
34 229 264 117 242 231 423 407 173 68
1 10 7
407 453 377 439 363 449 420
1 19 4
425 324 127 225
4 10 7
333 159 317 429 446 170 329
1 4 2
247 329
2 10 4
157 481 161 212
2 16 6
64 90 428 48 478 56
2 4 6
297 326 186 228 355 397
2 19 6
263 126 189 216 362 417
3 10 5
384 470 158 130 3
1 19 2
377 151
4 5 7
434 359 136 143 444 342 318
1 18 5
167 42 488 276 203
2 9 4
29 287 317 126
1 20 3
49 183 70
3 12 5
442 37 493 356 485
3 6 7
460 70 72 316 10 422 303
3 15 9
218 84 389 24 39 473 338 304 90
1 11 2
169 116
2 4 9
235 323 41 336 159 471 161 258 372
2 18 4
408 245 1 282
3 10 5
34 123 355 63 228
2 18 4
131 260 423 92
2 19 3
109 249 208
1 4 2
463 103
2 19 6
67 109 188 253 208 25
1 14 2
422 123
1 11 5
297 473 461 318 389
4 6 7
493 442 286 323 85 449 260
1 13 4
437 371 310 345
1 7 2
272 161
2 11 5
211 325 337 143 174
1 6 7
235 94 412 171 252 309 204
4 10 9
30 166 267 254 375 55 216 1 210
2 14 6
49 129 53 418 241 442
1 1 2
64 479
2 1 7
259 424 25 203 311 183 427
5 2 9
154 131 310 103 445 275 53 488 177
2 15 3
37 312 111
1 7 9
142 371 328 313 264 445 280 401 31
2 14 4
448 375 403 464
6 18 10
198 202 214 10 454 193 440 321 268 154
3 6 5
362 433 73 166 347
1 10 6
447 116 425 155 216 249
2 18 7
465 323 249 133 221 36 327
2 18 9
2 52 91 399 279 103 76 69 497
1 1 7
119 225 275 280 434 396 294
2 8 6
64 220 13 217 367 448
4 17 8
89 74 296 132 424 228 55 10
3 8 10
166 387 314 436 231 370 230 122 202 361
2 5 4
96 390 180 76
1 7 2
82 62
1 12 8
325 316 405 437 160 111 359 167
1 10 2
488 375
2 8 4
240 281 267 223
1 3 2
365 462
6 10 9
326 371 267 415 225 104 87 343 169
2 2 10
355 304 193 267 125 240 30 192 311 285
3 1 7
416 79 424 404 3 57 75
2 3 6
205 438 441 217 486 191
2 4 4
165 3 270 497
5 2 8
468 18 55 391 3 122 60 113
2 8 4
19 212 298 28
1 3 2
230 42
2 15 4
480 344 393 72
2 12 3
357 222 421
2 7 3
269 91 10
2 14 3
229 85 58
1 3 4
100 493 167 353
3 9 9
397 97 350 426 269 336 465 212 218
1 3 5
387 346 421 28 337
5 3 8
343 434 43 394 310 381 115 93
1 14 7
315 442 311 323 356 104 40
4 16 7
1 230 428 104 438 454 45
3 4 6
148 98 368 201 443 237
5 15 9
170 130 104 21 286 254 118 182 379
2 16 5
130 481 163 97 208
1 3 8
403 175 465 155 35 308 8 17
1 17 4
406 312 46 417
1 6 3
2 493 126
1 15 4
83 69 282 472
4 15 7
461 145 400 287 88 96 139
1 7 8
269 276 16 119 387 327 74 365
1 7 2
159 424
1 2 2
340 338
2 13 4
398 17 373 317
1 16 2
255 438
3 8 5
468 369 340 31 357
3 10 8
188 98 280 154 436 82 383 315
3 9 5
481 482 73 375 109
2 9 7
307 2 157 372 123 119 335
4 20 6
21 414 64 314 254 441
2 3 6
332 133 90 480 19 254
3 4 8
146 475 33 482 269 214 68 73
1 17 10
188 271 408 314 470 310 104 377 12 445
2 18 3
286 326 459
1 12 2
36 306
6 16 9
327 366 488 19 388 0 175 47 74
1 8 3
310 211 362
4 15 7
324 470 282 244 497 318 327
1 16 10
403 491 432 302 129 446 27 204 402 2
1 19 8
92 153 338 274 484 258 414 370
1 11 3
431 274 244
1 20 3
454 153 92
1 19 2
140 352
4 13 6
80 398 133 292 62 67
1 10 7
328 462 43 175 194 363 189
1 1 4
438 358 425 437
3 2 10
35 262 330 417 331 119 468 246 112 290
4 1 8
321 448 189 318 35 488 290 415
1 17 5
478 482 328 44 383
1 12 2
405 439
1 5 5
364 22 237 305 455
1 9 7
63 396 434 455 253 112 298
1 9 2
74 358
4 14 7
332 343 320 407 455 458 244
2 1 3
22 237 40
1 12 4
257 329 409 33
2 1 4
295 485 1 303
3 18 6
364 174 469 306 159 164
1 3 3
141 326 38
3 19 9
163 498 327 422 84 420 443 63 464
4 4 6
435 44 422 20 27 478
3 7 5
297 224 251 33 196
1 11 7
207 45 313 386 412 94 184
3 11 6
133 150 401 479 272 90
2 19 7
283 125 444 404 344 90 378
1 1 3
367 201 198
3 14 6
383 105 447 464 177 79
1 14 10
274 160 371 122 366 249 464 250 404 356
3 13 7
54 287 275 98 254 473 315
2 11 4
456 445 138 351
1 15 6
378 441 110 405 391 349
2 16 5
4 252 64 26 391
3 1 5
56 89 317 112 133
4 12 6
459 299 475 479 327 341
3 15 10
331 449 225 452 55 389 448 116 104 260
1 15 3
455 286 265
4 9 7
138 127 124 312 215 407 255
1 14 3
359 128 184
1 4 4
190 291 5 393
2 10 9
204 401 284 56 304 463 466 59 138
2 7 4
321 489 388 291
1 3 9
327 425 199 235 464 129 360 124 18
1 2 3
168 429 147
6 2 10
329 226 131 247 315 201 80 210 276 237
6 16 9
87 38 461 250 402 293 252 456 141
3 15 9
424 244 282 337 368 450 221 24 116
2 3 4
403 428 221 212
3 20 6
376 26 485 167 13 252
4 14 6
472 146 476 64 485 41
2 10 6
436 471 432 316 208 40
3 5 9
473 130 477 184 472 257 51 217 232
2 10 8
386 16 480 453 199 192 81 120
1 17 10
144 485 102 46 194 356 350 260 326 281
1 1 4
59 91 233 56
4 19 10
403 186 397 154 110 230 239 17 282 93
1 18 2
452 335
3 1 9
40 143 265 197 279 36 253 363 101
2 15 9
0 75 102 37 281 347 342 416 153
5 7 9
272 101 50 291 379 346 105 279 318
3 15 5
419 375 278 267 8
1 14 8
371 411 372 388 117 238 312 134
2 1 10
475 210 84 16 122 80 74 30 123 252
2 16 7
390 213 362 139 49 92 137
1 1 5
141 295 146 188 82
1 4 3
100 148 200
6 19 9
157 405 68 119 466 497 30 219 350
2 2 5
358 151 94 335 324
1 19 7
157 337 268 499 219 314 329
1 4 9
270 278 396 395 198 138 352 25 210
1 16 5
439 30 283 478 403
1 7 3
415 190 460
4 18 9
480 424 201 39 55 36 221 110 429
1 9 2
100 490
4 5 8
287 285 24 208 205 488 230 276
4 14 6
435 346 266 273 410 204
3 20 5
453 334 100 484 201
2 6 4
26 410 257 20
5 5 8
57 292 99 307 449 407 405 376
1 19 6
170 121 143 20 320 468
3 2 6
304 177 378 432 417 390
5 3 9
479 224 197 392 161 92 474 306 106
2 15 4
306 499 171 280
3 16 6
47 112 219 160 196 306
3 18 5
72 499 420 266 212
2 13 4
164 173 416 108
4 17 6
199 87 203 123 182 398
4 9 10
267 388 207 428 260 86 232 321 206 36
6 16 10
400 88 25 159 60 113 76 350 24 300
4 12 6
93 477 253 498 323 281
2 9 6
334 43 153 190 339 389
3 17 10
201 116 275 41 406 196 40 224 451 327
3 4 5
190 486 254 258 446
1 2 5
384 403 336 147 112
2 5 6
401 38 394 54 235 128
1 13 2
332 125
3 11 5
315 102 61 412 55
1 20 4
129 26 427 40
2 1 6
215 388 342 466 444 414
5 15 10
322 29 359 67 272 107 321 360 312 193
2 8 8
429 309 85 111 473 426 293 491
1 13 9
96 428 341 443 397 286 125 73 130
3 12 5
130 212 133 46 407
2 6 6
384 3 108 356 116 447
1 13 2
222 484
2 18 5
52 169 248 413 436
4 11 8
310 342 19 454 380 111 393 233
