4468 0.411828
3990 0.445242
4299 0.500282
4019 0.500378
4113 0.458361
4263 0.500592
4211 0.399266
4284 0.393031
4007 0.335564
4276 0.327977
4155 0.500777
4491 0.500281
4339 0.500296
4005 0.500608
4304 0.500336
4208 0.488676
4309 0.500257
4154 0.500496
4253 0.500519
4320 0.465964
4600 0.505223
4249 0.500897
4061 0.369754
4209 0.500545
4415 0.474379
4469 0.500556
4454 0.50026
4149 0.452802
4128 0.410451
4339 0.424483
4220 0.500249
4052 0.500606
4259 0.50025
4296 0.500231
4082 0.500279
4276 0.500343
4069 0.500264
4264 0.500298
4200 0.500522
3937 0.500232
