572 0.500377
539 0.532784
517 0.500287
553 0.510593
537 0.550197
569 0.500511
483 0.503135
520 0.530537
482 0.500635
536 0.500208
186 0.506467
214 0.500666
213 0.509551
216 0.515012
249 0.552303
183 0.500265
237 0.500501
197 0.503589
219 0.533875
214 0.50011
1264 0.519557
1302 0.612146
1200 0.500189
1238 0.500172
1252 0.846839
1386 0.546015
1273 0.515931
1360 0.50027
1271 0.56374
1182 0.515702
1065 0.547208
1019 0.523553
1169 0.50844
1153 0.50026
1075 0.503056
1220 0.500143
1107 1.69255
1060 0.500165
1140 0.500315
1140 0.500313
