449 0.546411
448 0.508173
431 0.534695
464 0.500792
471 0.503948
453 0.540339
467 0.503486
486 0.663285
464 0.51108
458 0.500737
185 0.506157
164 0.576418
155 0.500419
183 0.63886
157 0.501545
183 0.504434
163 0.733109
153 0.509662
154 0.504037
181 0.508948
1585 0.773545
1653 0.500333
1554 0.551451
1648 0.505321
1640 0.502487
1402 0.55557
1616 0.557533
1445 0.53121
1617 0.507849
1590 0.52623
1275 0.500134
1310 0.50578
1375 0.510989
1337 0.500903
1174 0.507886
1538 0.509511
1286 0.52844
1420 0.502337
1313 0.500531
1446 0.508658
