1633 0.500187
1593 0.501329
1500 0.501404
1505 0.500219
1832 0.500278
1350 0.500222
1457 0.500232
1836 0.500167
1518 0.500926
1518 0.500403
1704 0.500872
1628 0.500141
1444 0.50018
1597 0.50017
1575 0.500162
1663 0.500386
1655 0.5004
1574 0.500298
1771 0.50015
1417 0.500264
1653 0.500137
1667 0.500307
1564 0.500227
1643 0.500218
1679 0.500261
1603 0.500352
1648 0.500198
1654 0.500184
1536 0.500425
1665 0.500308
1515 0.529944
1575 0.500428
1619 0.50025
1632 0.501407
1656 0.559359
1637 0.50026
1586 0.500122
1571 0.500237
1628 0.500186
1618 0.500176
