5072 0.500753
3159 0.500475
3333 0.504082
3879 0.500549
4791 0.500446
4589 0.500602
4626 0.500421
4485 0.500601
5088 0.500527
5076 0.500467
4775 0.500415
4533 0.502496
5004 0.500349
4078 0.500705
4690 0.500507
4715 0.500507
3342 0.500376
4122 0.500406
4532 0.500655
4545 0.500698
3781 0.500438
4807 0.50059
4847 0.500429
5119 0.50053
4926 0.500905
5479 0.513479
5149 0.500552
5073 0.500438
4823 0.500489
5152 0.500611
4777 0.500355
3663 0.501885
3839 0.500355
4506 0.500725
3694 0.502073
3232 0.500342
4895 0.500375
4779 0.500347
4792 0.500374
4161 0.501032
