500 2500 775
11 25 31 19 39 23 27 23 40 22 15 30 13 23 21 33 35 27 12 32 34 18 13 27 39 39 16 16 33 12 39 33 13 14 38 21 40 34 32 18 39 12 25 29 37 32 29 35 15 33 29 24 17 16 38 24 26 28 24 13 16 17 21 32 31 33 15 25 20 16 40 12 15 33 35 17 11 32 34 32 33 11 34 27 18 33 14 18 18 14 39 19 28 17 11 31 22 27 26 38 16 40 12 30 38 20 38 21 18 38 33 30 37 13 19 19 17 37 28 39 36 33 14 23 37 37 34 15 16 30 39 29 18 35 21 39 30 23 29 14 29 35 11 18 13 35 28 12 38 18 30 29 38 13 11 21 36 26 37 35 12 30 15 36 38 13 15 36 39 39 40 14 24 27 25 18 16 22 25 31 27 27 37 18 12 20 23 12 16 13 28 16 33 31 11 17 19 14 33 25 19 23 21 24 39 39 21 35 38 12 18 30 32 17 29 36 28 22 30 16 30 19 31 24 35 35 12 34 34 29 40 14 19 40 37 23 32 39 16 14 23 20 24 32 40 17 34 33 11 29 35 17 12 38 38 14 22 32 29 28 30 40 32 15 17 34 23 40 17 24 21 11 37 21 30 31 36 24 29 14 14 26 16 40 36 30 17 18 28 31 26 23 24 36 25 24 11 35 38 23 18 12 28 12 24 33 24 21 16 14 18 36 39 32 20 26 18 36 36 17 35 40 38 27 31 16 21 37 35 14 14 39 17 14 38 14 16 22 19 22 31 34 14 30 37 17 13 38 16 32 26 22 20 39 25 21 22 32 17 19 32 26 17 16 19 19 34 39 26 39 17 19 12 19 27 39 15 13 13 21 22 25 25 19 36 36 13 30 33 20 18 24 34 32 20 21 32 22 32 14 19 12 17 16 12 27 24 18 20 27 35 23 33 26 34 36 38 37 11 26 23 27 17 23 28 17 20 35 23 32 27 22 36 11 15 19 31 19 40 35 26 36 12 33 35 13 24 20 11 28 30 34 26 38 32 37 31 22 13 16 26 39 28 28 21 39 31 13 39 26 39 24 21 24 20 28 16 14 38 19 29 23 30 18 14 31 25 17 24 17 39 40 36 18 19 37 21 14 37 22
1 15 21 9 29 13 17 13 30 12 5 20 3 13 11 23 25 17 2 22 24 8 3 17 29 29 6 6 23 2 29 23 3 4 28 11 30 24 22 8 29 2 15 19 27 22 19 25 5 23 19 14 7 6 28 14 16 18 14 3 6 7 11 22 21 23 5 15 10 6 30 2 5 23 25 7 1 22 24 22 23 1 24 17 8 23 4 8 8 4 29 9 18 7 1 21 12 17 16 28 6 30 2 20 28 10 28 11 8 28 23 20 27 3 9 9 7 27 18 29 26 23 4 13 27 27 24 5 6 20 29 19 8 25 11 29 20 13 19 4 19 25 1 8 3 25 18 2 28 8 20 19 28 3 1 11 26 16 27 25 2 20 5 26 28 3 5 26 29 29 30 4 14 17 15 8 6 12 15 21 17 17 27 8 2 10 13 2 6 3 18 6 23 21 1 7 9 4 23 15 9 13 11 14 29 29 11 25 28 2 8 20 22 7 19 26 18 12 20 6 20 9 21 14 25 25 2 24 24 19 30 4 9 30 27 13 22 29 6 4 13 10 14 22 30 7 24 23 1 19 25 7 2 28 28 4 12 22 19 18 20 30 22 5 7 24 13 30 7 14 11 1 27 11 20 21 26 14 19 4 4 16 6 30 26 20 7 8 18 21 16 13 14 26 15 14 1 25 28 13 8 2 18 2 14 23 14 11 6 4 8 26 29 22 10 16 8 26 26 7 25 30 28 17 21 6 11 27 25 4 4 29 7 4 28 4 6 12 9 12 21 24 4 20 27 7 3 28 6 22 16 12 10 29 15 11 12 22 7 9 22 16 7 6 9 9 24 29 16 29 7 9 2 9 17 29 5 3 3 11 12 15 15 9 26 26 3 20 23 10 8 14 24 22 10 11 22 12 22 4 9 2 7 6 2 17 14 8 10 17 25 13 23 16 24 26 28 27 1 16 13 17 7 13 18 7 10 25 13 22 17 12 26 1 5 9 21 9 30 25 16 26 2 23 25 3 14 10 1 18 20 24 16 28 22 27 21 12 3 6 16 29 18 18 11 29 21 3 29 16 29 14 11 14 10 18 6 4 28 9 19 13 20 8 4 21 15 7 14 7 29 30 26 8 9 27 11 4 27 12
1 10 7
442 490 103 122 245 464 120
1 9 8
49 242 337 204 436 473 140 123
1 7 10
331 422 132 330 300 452 360 450 105 72
1 8 9
137 469 262 43 293 340 199 455 8
1 10 7
480 225 297 223 129 160 63
1 13 3
1 81 191
1 10 7
115 213 491 202 149 393 151
1 7 10
71 455 467 443 483 470 425 190 90 312
1 10 6
140 310 88 280 340 459
1 26 2
294 475
1 9 8
22 125 401 424 121 344 117 364
1 8 6
363 476 123 221 71 140
1 25 3
254 40 269
1 14 5
114 141 214 333 152
1 8 7
275 342 340 134 300 324 238
1 11 7
76 40 358 325 169 455 115
1 22 2
315 196
1 10 7
462 193 252 28 130 484 437
1 11 7
426 283 451 60 314 7 272
1 10 7
189 414 260 187 491 477 67
1 35 2
265 385
1 15 4
257 107 442 259
1 23 2
260 53
1 15 3
55 481 333
1 7 9
192 6 329 217 98 325 197 322 270
1 9 6
155 143 301 16 380 209
1 8 9
408 282 410 462 208 415 95 318 426
1 18 4
181 300 205 215
1 9 5
351 35 370 1 137
1 10 6
413 118 27 195 28 371
1 20 4
321 123 315 230
1 25 2
172 180
1 7 10
388 480 121 122 378 395 123 156 207 405
1 15 2
53 139
1 8 7
213 10 425 61 355 165 205
1 24 3
124 69 328
1 12 4
240 486 377 61
1 7 10
126 182 196 92 183 188 124 497 155 263
1 12 6
112 110 427 191 207 82
1 17 3
7 260 22
1 7 10
254 33 305 333 267 77 439 207 176 327
1 20 3
408 148 351
1 9 8
167 377 151 293 59 21 183 4
1 8 8
227 39 229 228 7 151 100 88
1 7 10
364 213 282 349 150 208 4 476 156 159
1 6 9
203 256 333 57 404 487 302 464 481
1 11 6
345 119 310 257 374 463
1 22 3
430 302 70
1 7 9
472 216 499 317 391 232 252 189 442
1 13 5
54 111 418 100 479
1 14 5
86 368 152 28 359
1 24 2
202 146
1 17 2
235 142
1 18 4
150 77 267 198
1 9 7
54 476 291 354 178 89 211
1 10 6
32 484 401 306 49 23
1 22 3
290 228 341
1 23 3
381 24 357
1 7 10
19 425 202 119 290 445 474 69 404 312
1 9 8
416 409 38 98 171 327 195 62
1 24 2
402 429
1 22 2
197 136
1 15 5
402 119 60 200 135
1 11 6
280 242 491 67 471 111
1 7 9
23 27 2 475 19 103 52 203 473
1 7 10
286 51 179 69 191 359 34 76 284 200
1 18 4
8 313 271 63
1 12 5
88 253 33 286 123
1 7 10
151 197 278 160 291 145 44 308 219 411
1 9 8
18 286 246 367 10 250 408 2
1 8 9
428 417 119 470 151 141 99 323 276
1 10 7
167 313 67 495 385 319 18
1 21 3
383 103 410
1 16 4
290 2 43 341
1 15 5
213 343 70 279 164
1 15 5
414 261 305 379 182
1 12 4
395 98 499 13
1 19 3
409 360 488
1 27 2
409 430
1 14 5
207 153 141 323 93
1 7 10
434 370 70 54 462 146 47 440 102 405
1 8 9
158 277 454 499 468 36 1 386 116
1 7 10
76 330 70 168 20 288 174 414 184 105
1 18 4
427 202 18 344
1 9 8
97 236 492 319 367 158 274 146
1 9 8
135 433 297 60 241 439 365 487
1 18 4
299 369 481 276
1 28 2
375 245
1 7 9
156 61 256 296 129 360 77 118 189
1 9 7
200 360 223 217 349 257 129
1 9 8
323 84 465 250 72 340 290 11
1 17 2
35 309
1 7 10
494 417 54 288 152 61 76 241 198 367
1 27 2
21 344
1 15 5
119 44 27 177 190
1 18 4
205 329 85 155
1 8 9
433 321 359 266 350 112 215 429 489
1 22 2
42 352
1 6 10
408 71 102 203 290 26 157 45 246 172
1 7 10
371 373 169 262 250 93 290 119 114 483
1 10 7
19 422 252 54 188 442 239
1 8 7
20 424 147 383 288 122 373
1 7 10
120 287 400 218 423 85 157 204 320 169
1 19 3
299 356 82
1 21 3
142 110 398
1 16 3
487 110 301
1 38 2
375 125
1 10 5
477 359 278 277 442
1 13 4
123 335 480 309
1 13 4
166 357 356 332
1 9 8
293 454 295 392 258 70 91 492
1 7 9
243 352 61 266 428 409 121 373 19
1 15 4
7 166 290 20
1 7 9
449 409 455 380 421 366 155 157 121
1 25 2
309 163
1 14 5
124 139 378 225 86
1 10 5
428 350 425 290 93
1 26 2
145 39
1 12 6
468 451 416 132 380 454
1 11 5
323 395 277 484 64
1 14 5
82 432 290 489 136
1 9 8
249 439 200 92 35 478 36 25
1 14 4
413 139 15 483
1 12 6
322 13 126 495 386 309
1 11 6
460 327 89 38 226 405
1 23 3
67 441 414
1 12 6
6 55 341 258 44 272
1 7 10
5 163 79 453 291 114 93 331 442 287
1 17 4
59 8 46 389
1 7 10
19 309 260 248 36 358 252 294 338 276
1 20 2
55 61
1 7 10
176 103 337 133 14 106 114 332 67 31
1 9 7
428 87 177 319 35 424 159
1 11 6
139 29 419 370 355 438
1 11 6
490 480 300 203 129 194
1 12 6
208 205 371 380 84 241
1 8 9
5 434 37 327 274 253 378 438 489
1 27 2
98 463
1 20 3
85 314 146
1 23 3
110 239 99
1 7 10
186 395 484 175 215 485 478 375 404 441
1 23 3
175 367 11
1 7 7
345 263 197 58 274 185 188
1 8 8
363 161 498 172 220 122 451 260
1 16 2
196 377
1 9 6
26 423 46 419 128 223
1 13 5
281 492 466 460 333
1 10 6
303 208 9 304 239 271
1 10 7
292 416 186 98 363 227 158
1 8 9
5 483 181 495 419 382 148 62 274
1 12 6
439 229 435 361 382 283
1 8 9
458 353 339 198 301 358 153 223 407
1 12 5
424 434 413 199 454
1 8 9
23 483 495 371 102 170 131 487 229
1 26 3
491 15 369
1 9 6
371 393 365 160 277 362
1 7 10
224 25 75 173 443 255 156 78 404 399
1 25 2
235 118
1 10 7
136 181 59 408 114 152 243
1 10 7
82 35 318 30 136 115 336
1 23 3
82 380 156
1 18 4
462 169 413 427
1 8 9
168 449 198 63 481 289 319 377 431
1 14 5
424 275 47 167 214
1 8 9
150 347 326 75 349 209 178 365 276
1 11 5
338 147 177 423 396
1 14 5
410 182 133 173 469
1 34 2
111 25
1 17 4
149 23 95 237
1 30 2
491 134
1 28 2
1 193
1 10 7
134 389 353 177 11 63 294
1 26 3
468 135 15
1 16 4
439 481 46 111
1 8 8
407 395 222 426 18 377 65 302
1 8 8
342 80 69 148 113 1 487 181
1 13 6
260 208 10 244 214 36
1 10 7
13 411 166 11 109 254 263
1 8 9
201 467 298 457 359 375 464 1 373
1 9 8
13 211 168 324 86 89 476 182
1 9 7
142 251 133 326 96 449 482
1 8 9
267 498 396 205 145 226 26 325 168
1 12 4
165 376 192 175
1 7 10
172 230 64 216 174 208 237 59 33 240
1 16 4
146 208 319 232
1 8 8
330 120 187 289 467 180 351 316
1 13 5
391 232 312 482 294
1 9 7
96 154 344 402 290 9 420
1 10 7
347 35 55 220 128 254 81
1 7 10
403 31 112 23 48 415 378 312 3 281
1 7 10
403 234 435 121 246 153 69 340 219 427
1 14 5
45 62 447 167 34
1 7 7
497 488 301 426 252 308 222
1 30 2
278 79
1 14 4
330 390 452 212
1 8 9
111 326 59 99 468 357 470 193 4
1 24 3
386 234 182
1 11 5
139 95 316 123 446
1 11 6
199 32 197 228 262 15
1 9 8
142 165 4 39 35 161 80 159
1 16 5
297 244 8 150 25
1 6 8
291 418 435 238 368 113 5 151
1 22 3
340 42 74
1 18 3
207 379 472
1 10 8
382 442 46 23 334 237 261 438
1 25 2
241 285
1 5 10
115 336 302 269 57 271 447 190 60 338
1 9 8
391 465 49 332 374 4 487 324
1 15 4
423 180 132 65
1 12 6
329 156 339 303 53 253
1 14 5
115 231 432 346 156
1 9 8
494 423 241 469 291 287 410 455
1 14 4
281 138 129 270
1 7 10
270 167 152 243 361 269 299 392 39 129
1 8 8
160 468 370 62 406 450 92 330
1 8 8
477 192 236 297 394 370 242 46
1 8 8
305 42 210 282 234 92 243 21
1 8 9
224 10 104 397 481 154 413 412 480
1 10 7
357 28 169 370 364 279 320
1 17 2
474 33
1 17 4
87 263 392 158
1 10 6
485 68 481 209 396 289
1 22 3
212 141 149
1 14 5
168 123 166 38 9
1 17 3
88 198 404
1 31 2
471 465
1 8 9
179 228 359 344 128 158 84 2 370
1 13 6
410 240 425 169 267 152
1 10 7
80 45 3 282 309 164 437
1 15 4
33 421 419 311
1 17 3
128 393 383
1 20 3
97 133 336
1 13 4
288 23 469 433
1 25 3
205 84 254
1 21 3
293 449 356
1 23 2
162 396
1 10 6
209 38 419 192 389 76
1 9 8
432 341 8 248 394 498 184 387
1 20 3
61 83 73
1 39 2
375 8
1 19 4
235 234 169 408
1 8 8
110 488 421 127 165 328 385 56
1 20 3
73 421 184
1 9 7
316 420 440 159 10 378 366
1 16 3
1 122 67
1 7 10
118 197 14 236 455 2 283 175 155 297
1 9 8
143 486 259 159 59 148 239 293
1 10 6
100 153 379 234 61 411
1 13 6
122 321 375 498 345 246
1 14 5
4 222 383 366 437
1 7 10
475 189 454 160 157 118 170 255 227 299
1 10 6
412 67 116 14 262 464
1 16 4
429 466 474 133
1 11 6
17 39 283 10 380 50
1 8 8
276 368 338 302 139 457 248 242
1 10 7
59 234 139 160 207 310 138
1 7 10
435 6 385 302 213 192 35 259 440 54
1 14 4
87 31 354 206
1 7 9
459 137 223 235 172 305 42 340 37
1 9 8
170 318 412 281 260 126 439 370
1 25 3
169 279 99
1 9 7
215 323 395 55 354 81 449
1 7 10
310 390 59 54 270 448 486 35 71 396
1 29 2
357 98
1 18 3
239 78 107
1 14 5
192 466 66 126 384
1 10 7
374 192 104 265 202 275 108
1 7 10
390 428 248 380 460 411 446 490 338 212
1 7 9
496 411 197 435 452 357 481 342 106
1 18 2
488 165
1 7 4
184 433 226 114
1 20 3
357 374 274
1 10 6
420 226 305 45 195 282
1 8 9
50 108 188 321 1 168 95 328 83
1 10 7
463 34 102 454 32 345 397
1 7 10
440 132 394 237 348 380 323 116 170 82
1 14 2
0 310
1 12 6
473 54 47 295 92 436
1 8 9
17 392 461 353 128 331 414 238 234
1 12 6
40 253 177 264 406 26
1 17 3
271 82 91
1 8 9
447 205 20 478 202 452 213 112 479
1 7 10
484 125 260 52 369 212 372 465 393 29
1 19 4
98 259 204 465
1 9 8
368 479 227 71 268 34 375 88
1 16 3
238 368 295
1 9 8
204 331 151 69 122 187 154 127
1 10 7
99 7 224 239 362 316 344
1 26 3
470 465 4
1 6 10
38 23 378 181 357 358 178 294 390 191
1 7 8
358 150 186 62 437 464 477 475
1 14 5
246 466 25 366 93
1 9 8
314 236 327 496 402 234 183 91
1 12 5
356 323 188 265 445
1 12 5
50 423 431 308 126
1 14 4
179 55 460 118
1 13 5
200 148 53 153 46
1 12 4
38 248 363 400
1 9 7
198 47 279 299 403 242 452
1 31 2
452 125
1 13 2
127 401
1 15 5
59 247 284 312 398
1 9 7
7 97 354 419 351 163 102
1 7 9
193 340 380 344 403 239 232 456 18
1 17 4
147 313 237 396
1 23 2
249 287
1 7 9
340 445 148 336 304 19 464 266 69
1 16 4
2 186 197 121
1 11 4
86 0 108 281
1 8 8
335 382 138 284 277 379 144 431
1 7 10
474 96 185 458 11 81 92 124 349 283
1 9 8
36 64 82 460 292 291 208 424
1 9 6
22 416 213 365 467 458
1 7 10
221 254 98 352 38 429 100 480 467 470
1 7 10
300 95 360 207 152 233 374 292 6 466
1 16 2
102 105
1 13 3
336 113 186
1 9 8
218 89 364 90 356 234 403 285
1 13 4
73 96 206 377
1 10 7
212 195 35 393 261 394 73
1 9 8
403 272 75 109 115 153 203 202
1 8 9
236 145 70 219 94 108 117 65 494
1 8 9
241 155 254 70 124 385 435 84 489
1 23 3
124 262 98
1 6 9
226 381 62 131 456 91 5 221 94
1 12 6
8 229 201 492 172 288
1 22 3
163 64 466
1 18 4
32 375 428 198
1 7 9
414 52 43 184 295 479 232 236 107
1 10 7
287 35 238 133 284 390 187
1 6 10
40 165 319 201 459 346 428 0 43 395
1 18 4
228 292 417 311
1 8 8
64 72 402 454 476 392 89 280
1 14 3
240 76 62
1 13 3
291 245 399
1 7 9
278 304 212 227 247 171 202 188 345
1 17 4
73 123 305 492
1 10 7
188 119 429 402 497 462 339
1 10 6
467 92 12 459 46 28
1 8 9
377 460 77 262 499 356 456 244 149
1 13 3
184 191 223
1 10 7
389 171 93 6 186 101 317
1 10 7
37 345 369 243 228 201 364
1 28 2
292 412
1 7 10
408 350 47 12 473 163 153 442 106 266
1 30 2
208 256
1 7 9
127 41 410 472 176 250 196 372 296
1 19 4
23 350 125 491
1 9 8
333 242 283 143 385 461 388 281
1 15 5
325 369 302 359 182
1 10 7
340 162 474 14 312 68 252
1 17 4
158 434 95 75
1 24 3
272 327 446
1 12 3
22 223 139
1 7 10
26 459 278 140 275 379 215 16 282 463
1 12 6
225 471 466 125 268 329
1 7 10
338 213 366 138 476 99 482 195 418 435
1 17 2
186 301
1 24 2
239 16
1 11 7
34 241 205 81 71 367 264
1 13 4
81 102 473 43
1 7 9
480 477 217 232 425 430 437 492 107
1 19 2
431 61
1 9 8
457 417 200 30 150 95 186 431
1 19 2
183 62
1 11 4
138 143 484 425
1 14 2
60 401
1 7 9
266 446 260 379 482 240 413 8 153
1 20 3
464 312 186
1 8 8
297 454 435 149 424 242 346 61
1 23 2
162 193
1 10 7
175 367 483 131 2 417 181
1 25 3
244 475 74
1 25 2
174 486
1 16 4
116 153 327 463
1 7 10
149 193 89 42 445 153 438 485 245 290
1 11 7
356 228 163 226 283 237 44
1 9 7
251 108 88 125 222 203 402
1 9 8
442 497 54 155 453 130 151 340
1 15 5
94 288 441 341 312
1 9 8
195 2 56 170 175 487 111 37
1 11 6
29 124 193 456 268 277
1 29 2
373 40
1 6 9
181 447 89 132 446 123 140 389 111
1 19 3
255 417 356
1 9 7
322 333 279 64 400 295 474
1 11 6
177 496 463 396 334 499
1 22 3
257 156 223
1 30 2
247 97
1 13 6
15 69 253 193 230 385
1 12 5
150 482 5 100 196
1 12 3
434 326 27
1 8 9
104 375 31 193 20 250 122 232 7
1 9 7
3 358 121 271 78 143 395
1 7 10
314 359 306 215 178 452 117 71 13 147
1 8 8
111 410 360 63 265 395 65 428
1 7 10
353 122 277 147 149 394 439 306 101 218
1 14 5
168 296 289 155 382
1 17 4
276 227 97 71
1 14 4
122 428 311 9
1 7 10
185 494 20 470 118 197 346 177 434 97
1 8 7
299 150 232 171 63 266 166
1 18 4
264 124 16 424
1 12 3
372 426 459
1 12 6
435 289 148 210 474 297
1 16 2
238 459
1 13 5
194 31 351 431 167
1 12 6
384 498 26 230 194 210
1 7 10
203 141 470 230 435 153 131 34 218 211
1 10 7
4 203 448 484 444 418 243
1 11 3
91 231 27
1 7 10
324 200 165 16 47 320 118 72 110 296
1 36 2
416 227
1 9 7
468 50 380 316 134 238 252
1 8 9
33 212 439 366 401 120 151 492 17
1 20 3
331 69 337
1 6 10
434 266 479 203 229 176 81 54 260 129
1 11 6
469 373 236 278 252 119
1 13 5
332 78 333 444 488
1 16 4
454 42 313 346
1 7 10
179 356 245 417 408 212 472 23 0 125
1 12 5
151 343 181 73 481
1 8 8
378 171 337 463 197 204 268 301
1 8 9
207 122 447 164 65 360 140 262 218
1 14 5
83 34 166 357 63
1 7 10
468 168 224 362 77 164 399 173 417 96
1 8 8
252 130 270 295 485 286 324 18
1 9 8
208 71 431 300 308 110 163 294
1 17 3
227 287 194
1 12 6
174 415 316 273 141 465
1 15 4
247 94 97 69
1 9 8
95 332 370 49 471 237 209 55
1 9 8
366 487 158 260 157 135 283 479
1 10 7
47 228 495 327 479 21 55
1 13 5
429 328 1 84 265
1 10 7
45 234 199 329 71 495 327
1 8 9
127 60 76 14 337 230 356 145 29
1 9 8
38 401 475 108 42 218 168 163
1 8 8
80 124 405 187 52 268 313 22
1 25 2
245 15
1 7 10
446 57 11 159 40 214 63 384 53 205
1 10 7
188 499 215 297 164 44 360
1 7 7
456 12 326 183 435 269 390
1 8 9
317 177 127 284 446 106 50 431 147
1 15 5
486 344 404 15 208
1 7 9
256 474 197 490 409 402 264 407 340
1 7 8
325 221 355 132 346 275 480 226
1 15 3
61 249 102
1 7 9
449 29 371 22 35 1 496 187 495
1 21 2
452 53
1 7 10
69 102 475 127 80 14 79 11 472 283
1 20 2
389 355
1 8 8
435 153 415 186 444 75 442 176
1 18 4
394 79 490 341
1 15 5
182 30 106 289 417
1 28 2
426 317
1 7 10
203 359 322 461 344 162 61 35 207 70
1 24 2
280 225
1 18 4
248 441 347 6
1 10 7
246 169 280 487 228 213 357
1 6 10
408 350 496 442 127 394 263 184 242 375
1 10 7
470 241 136 89 85 32 9
1 7 9
274 286 111 305 387 189 442 494 16
1 7 10
273 299 369 238 197 490 184 472 476 325
1 17 4
186 106 354 260
1 8 8
143 251 78 22 93 69 443 180
1 13 6
464 343 353 440 122 375
1 10 6
335 490 107 448 303 308
1 10 7
15 292 376 383 219 44 5
1 9 8
155 453 493 414 450 323 363 346
1 17 4
44 229 330 257
1 12 6
410 260 88 491 91 449
1 7 10
321 180 475 129 190 378 193 19 92 285
1 7 9
272 359 476 277 304 288 285 291 299
1 17 4
37 71 297 434
1 38 2
490 148
1 7 9
42 193 196 268 68 460 241 8 142
1 23 2
488 9
1 22 2
231 136
1 11 7
372 436 243 203 109 163 468
1 8 9
108 168 194 398 11 439 132 474 298
1 22 2
449 191
1 13 4
121 383 484 418
1 12 5
232 78 457 161 197
1 10 8
233 87 417 499 205 280 295 170
1 16 2
386 400
1 7 7
89 202 32 68 339 329 454
1 12 5
394 98 82 449 442
1 24 2
91 220
1 10 7
436 66 225 109 80 340 363
1 7 10
129 69 427 179 235 63 164 161 221 479
1 12 6
1 238 454 84 450 491
1 10 6
426 458 8 66 371 292
1 7 9
129 403 158 180 162 91 194 259 477
1 24 3
369 115 126
1 12 4
175 345 111 245
1 8 9
197 323 81 479 35 420 430 328 204
1 13 6
119 271 331 114 245 295
1 15 4
455 139 326 391
1 28 2
394 327
1 15 5
344 217 254 17 418
1 10 7
468 73 229 383 251 111 50
1 21 2
390 269
1 17 3
37 325 3
1 13 6
438 97 491 242 20 128
1 7 10
153 448 479 76 128 271 461 174 125 136
1 8 9
272 303 461 32 498 118 188 327 242
1 7 10
429 4 261 188 189 315 27 258 444 182
1 15 5
135 482 79 446 119
1 9 8
387 162 234 390 474 34 149 237
1 8 8
258 33 196 453 268 189 343 340
1 16 4
47 105 326 64
1 15 5
284 444 392 170 469
1 8 9
40 234 440 254 362 43 36 54 275
1 7 10
406 86 463 227 141 253 249 381 133 81
1 9 8
168 114 39 134 256 369 421 283
1 8 8
19 172 450 430 290 15 148 61
1 11 7
403 347 70 155 464 395 154
1 9 8
371 234 204 157 124 137 365 178
1 14 4
370 497 74 473
1 12 6
144 330 111 312 328 431
1 12 5
21 38 288 287 365
1 8 9
34 227 126 142 399 300 26 310 6
1 7 10
63 94 259 422 72 427 421 77 473 4
1 19 3
64 94 421
1 7 10
41 201 156 207 283 425 38 377 363 358
1 27 2
254 195
1 8 8
112 62 364 474 173 228 288 496
1 12 6
313 238 91 316 23 491
1 12 5
35 25 348 359 33
1 9 5
310 406 371 143 51
1 14 5
483 349 284 103 344
1 20 3
474 0 438
1 13 4
481 313 399 364
1 17 4
106 379 398 186
1 10 5
196 365 496 270 398
1 9 8
44 498 453 193 347 119 281 196
1 11 6
109 316 14 358 63 43
1 12 6
132 432 463 135 44 206
1 11 6
64 153 464 234 114 400
1 8 9
146 333 460 87 104 237 163 202 450
1 28 2
282 101
1 9 8
495 251 323 268 169 262 316 117
1 11 6
108 6 283 391 310 493
1 8 9
496 274 399 369 202 346 384 310 36
1 14 4
382 6 43 430
1 7 10
323 272 124 146 84 408 61 367 140 204
1 10 7
494 404 72 286 353 63 5
1 11 6
487 172 77 222 476 498
1 8 6
294 364 210 310 57 213
1 7 10
204 230 51 150 268 299 23 388 92 335
1 8 9
23 116 340 240 141 237 51 213 118
1 6 9
330 120 252 282 377 359 147 3 58
1 12 5
463 80 155 202 48
1 25 2
173 242
1 15 5
317 176 422 132 490
1 11 5
249 231 428 157 362
1 5 7
287 497 255 335 363 355 301
1 12 6
321 1 398 142 138 124
1 10 6
177 53 368 428 118 74
1 9 7
473 147 156 31 480 3 358
1 16 4
274 452 370 384
1 15 2
87 404
1 13 6
119 257 90 223 337 117
1 17 3
153 61 167
1 15 4
339 381 94 254
1 14 5
371 146 354 384 320
1 9 8
261 331 265 208 92 482 449 4
1 18 3
388 256 72
1 17 3
18 310 28
1 18 2
209 269
1 7 9
296 319 139 118 39 288 385 328 66
1 13 6
45 204 429 247 307 170
1 15 5
352 52 19 317 130
1 13 4
140 371 256 223
1 19 2
55 127
1 8 5
489 183 72 296 473
1 7 10
215 336 58 30 16 100 495 485 173 6
1 11 7
48 135 205 23 294 319 246
1 16 2
335 390
1 28 2
130 300
1 8 9
485 74 457 211 391 151 298 256 128
1 16 4
404 492 258 177
1 23 2
350 107
1 7 10
254 207 198 499 484 50 204 468 268 465
1 7 10
369 335 214 121 235 285 286 467 478 110
1 12 4
354 295 238 413
1 13 4
306 134 480 174
1 14 4
37 48 479 269
1 9 8
30 397 119 85 362 172 439 245
1 19 4
152 170 196 287
1 8 8
260 202 63 403 262 303 435 21
1 7 10
473 35 447 461 391 255 285 126 381 225
1 8 9
160 70 149 485 243 126 1 232 64
1 32 2
190 124
1 15 4
121 450 458 5
1 7 10
437 161 17 220 385 199 457 156 481 375
1 7 10
470 37 205 193 131 272 229 401 246 386
1 10 7
364 322 378 432 197 479 146
1 17 2
435 191
1 20 3
124 174 390
1 8 8
126 274 449 325 207 250 73 128
1 9 8
271 326 73 257 237 58 416 0
1 7 9
298 449 310 306 259 210 407 144 374
1 37 2
498 158
1 18 3
453 319 316
1 20 3
258 183 289
1 15 5
417 167 172 219 36
1 11 6
362 157 10 465 83 496
1 27 2
439 447
1 8 9
36 128 84 172 487 44 145 22 55
1 11 7
168 169 201 43 205 320 50
1 30 2
344 304
1 9 6
424 445 370 452 462 138
1 14 5
66 80 219 153 327
1 7 5
399 476 433 191 435
1 10 7
371 152 285 474 397 7 262
1 16 4
481 46 179 73
1 8 9
107 0 3 133 65 105 152 295 148
1 7 10
475 487 163 446 268 444 123 341 52 40
1 9 8
419 238 44 311 242 230 457 373
1 13 5
53 367 114 186 6
1 12 5
113 138 251 121 194
1 7 10
334 215 109 50 73 405 148 450 492 173
1 13 5
485 125 53 42 131
1 6 10
183 231 191 425 35 349 114 172 274 127
1 7 9
499 246 403 225 176 193 55 165 296
1 23 2
409 200
1 26 2
303 321
1 8 6
342 139 473 249 217 84
1 12 5
221 290 265 489 33
1 23 3
441 301 133
1 12 6
164 416 197 181 480 450
1 23 3
179 415 31
1 7 9
285 234 314 177 251 480 469 22 226
1 10 7
79 283 310 81 340 115 303
1 12 6
474 436 266 192 169 493
1 16 4
216 414 15 302
1 10 7
218 133 425 171 292 43 498
1 6 10
102 403 330 350 144 379 448 349 327 372
1 8 8
200 447 313 487 291 138 254 449
1 9 7
245 208 496 252 180 194 424
1 9 8
85 175 341 148 440 450 52 240
1 11 6
54 188 371 463 143 22
1 15 5
468 353 179 478 143
1 15 3
71 335 79
1 6 9
275 373 107 381 342 486 324 142 474
1 7 10
38 116 126 336 160 250 483 199 377 233
1 18 4
192 244 292 414
1 7 9
154 227 399 176 139 352 131 436 450
1 7 8
21 165 242 376 29 180 78 66
1 22 3
390 468 43
1 12 6
454 491 390 32 183 451
1 7 10
326 498 230 53 492 245 107 481 334 434
1 12 6
461 282 341 328 316 121
1 14 5
19 15 336 79 321
1 9 8
421 37 47 275 109 331 308 73
1 24 2
126 89
1 16 3
241 350 186
1 19 2
0 146
1 7 10
125 443 239 161 95 196 209 34 59 456
1 18 4
96 334 385 493
1 6 10
419 297 274 217 389 445 278 248 103 94
1 12 6
307 124 167 323 30 76
1 17 4
340 212 167 303
1 22 3
43 148 457
1 11 6
472 286 132 47 198 131
1 12 6
459 71 439 483 165 233
1 9 8
397 383 252 310 283 25 339 43
1 9 8
427 147 441 458 210 16 38 112
1 31 2
216 227
1 17 2
473 271
1 9 7
483 129 208 300 418 462 232
1 7 10
369 337 443 84 41 454 169 195 349 467
1 11 7
29 283 433 278 205 87 457
1 16 4
205 23 217 372
1 9 8
207 355 66 30 104 399 9 72
1 7 10
462 225 202 266 106 256 131 357 356 484
1 7 8
88 116 138 348 449 12 319 387
1 7 10
4 86 120 9 45 464 398 219 352 252
1 9 7
409 243 240 37 71 1 80
1 8 8
149 365 459 179 18 31 165 398
1 19 3
213 357 173
1 9 8
418 139 461 401 83 59 468 154
1 14 5
473 109 96 126 351
1 10 6
480 45 423 356 339 307
1 12 6
224 152 183 422 208 109
1 34 2
159 366
1 17 3
296 175 16
1 11 6
496 87 396 334 114 80
1 8 9
69 427 198 337 30 202 230 303 316
1 11 6
122 320 39 52 427 265
1 16 4
327 12 323 418
1 18 3
27 481 80
1 18 4
148 20 185 167
1 11 6
308 148 85 382 494 454
1 7 10
304 288 333 27 123 65 46 431 478 413
1 9 8
463 335 109 103 166 265 432 263
1 23 2
269 397
1 16 4
126 192 66 370
1 8 9
178 216 170 276 185 328 331 97 396
1 17 4
250 210 480 163
1 11 6
99 305 140 371 154 411
1 7 10
343 174 18 387 17 180 347 61 133 423
1 8 8
214 201 431 467 136 102 160 298
1 7 10
178 232 80 352 259 373 244 412 78 73
1 23 3
119 407 398
1 9 8
340 146 388 218 481 244 23 364
1 7 8
319 328 171 5 411 1 424 364
1 12 6
305 309 13 54 297 487
1 8 9
11 363 469 210 297 275 179 148 77
1 37 2
265 321
1 8 8
229 391 49 209 464 488 317 150
1 13 5
131 236 444 428 107
1 14 4
449 425 206 229
1 7 10
467 17 278 192 20 92 177 59 208 44
1 11 6
386 383 45 131 355 207
1 7 8
105 32 86 405 215 365 201 359
1 8 9
156 102 445 215 325 494 475 167 238
1 10 6
371 447 453 186 26 472
1 7 10
435 305 410 155 205 71 118 327 387 68
1 18 4
362 77 228 101
1 9 6
217 19 270 488 271 338
1 18 3
285 380 488
1 27 2
344 390
1 11 6
270 328 190 121 337 38
1 16 4
316 116 322 409
1 14 4
305 473 394 442
1 19 2
402 155
1 11 6
83 70 479 394 226 10
1 12 5
212 437 249 6 76
1 10 6
482 399 58 114 49 279
1 11 6
268 213 64 15 65 484
1 9 8
289 418 22 239 328 21 72 353
1 8 9
430 142 170 199 213 231 145 111 11
1 15 4
13 416 185 356
1 9 7
492 11 476 351 394 372 496
1 8 8
333 488 20 364 133 146 285 398
1 8 9
477 397 287 0 285 4 82 73 15
1 7 10
9 475 384 341 106 172 45 370 41 4
1 8 9
55 471 64 328 386 464 101 78 175
1 9 4
383 241 3 378
1 8 9
237 135 131 484 21 263 154 221 147
1 9 8
320 103 94 209 367 474 93 225
1 8 7
134 457 133 91 291 346 389
1 38 2
70 311
1 18 3
43 377 67
1 11 4
282 316 213 98
1 25 2
407 80
1 28 2
212 199
1 7 10
416 75 102 242 135 387 197 276 23 93
1 6 10
277 340 235 123 401 160 5 364 152 460
1 19 4
324 465 421 70
1 6 10
364 190 132 349 66 213 219 162 33 95
1 33 2
225 466
1 15 3
1 400 395
1 8 9
128 223 375 64 372 169 370 110 317
1 13 6
261 3 248 209 169 178
1 12 6
126 139 463 366 253 472
1 6 10
105 96 434 452 496 329 438 308 0 286
1 7 8
53 253 447 355 433 329 196 172
1 14 5
485 215 453 239 59
1 12 6
297 51 298 305 280 459
1 7 9
323 159 173 156 259 187 61 391 398
1 8 6
200 41 232 196 192 474
1 9 8
283 169 50 205 358 269 166 92
1 11 6
324 449 5 104 110 448
1 7 9
191 340 273 499 483 463 101 245 209
1 15 5
0 342 124 205 332
1 8 9
369 6 268 281 331 374 25 221 105
1 26 2
49 338
1 7 9
150 314 381 20 348 279 341 313 422
1 24 3
25 463 247
1 10 7
202 211 383 244 487 372 209
1 19 4
434 367 234 429
1 23 3
93 456 490
1 6 10
225 220 138 28 489 274 143 20 404 31
1 17 4
259 181 468 260
1 8 9
118 451 340 306 10 320 86 205 332
1 12 6
219 165 233 10 37 145
1 8 8
221 330 38 417 92 496 474 193
1 18 4
495 177 149 125
1 7 9
439 37 489 481 17 43 21 376 222
1 10 6
266 179 85 206 175 363
1 13 5
311 172 302 136 211
1 9 8
384 244 391 147 214 49 177 423
1 7 10
229 263 468 68 118 70 330 383 150 91
1 7 10
21 199 166 39 87 187 317 384 108 366
1 10 7
6 402 148 271 320 19 232
1 10 7
58 67 407 398 237 76 21
1 26 2
258 291
1 7 9
260 319 370 132 428 285 265 32 71
1 18 2
459 426
1 10 6
38 379 146 17 161 138
1 10 7
458 136 301 316 139 135 141
1 6 10
319 446 415 326 38 424 171 314 107 336
1 11 6
236 121 337 153 322 96
1 25 3
54 435 125
1 16 4
429 440 386 126
1 7 8
175 446 407 108 427 75 433 399
1 6 10
300 402 266 183 115 391 423 462 55 272
1 15 2
376 188
1 24 2
181 256
1 21 3
305 19 314
1 13 6
204 259 39 187 102 353
1 12 6
214 326 477 156 453 141
1 36 2
461 110
1 33 2
485 293
1 16 3
108 262 0
1 9 8
168 163 232 309 124 389 160 381
1 7 10
26 364 426 432 447 353 341 323 158 399
1 8 3
209 165 226
1 11 6
361 475 52 442 334 33
1 13 5
0 7 35 126 63
1 7 6
115 405 408 376 447 113
1 8 10
480 455 360 244 283 430 40 100 72 10
1 19 4
334 287 140 204
1 16 4
222 350 276 83
1 12 4
67 52 287 446
1 17 3
266 302 378
1 15 5
391 174 198 169 99
1 9 8
44 285 349 250 270 29 153 166
1 9 8
62 332 492 99 160 384 35 398
1 8 8
64 472 351 462 74 297 296 55
1 14 5
448 138 320 405 461
1 21 2
235 200
1 30 2
234 428
1 21 2
219 368
1 9 8
295 19 166 260 298 66 168 270
1 7 10
77 486 258 393 237 478 440 129 39 146
1 12 5
198 139 354 440 131
1 15 4
353 295 316 286
1 18 4
380 331 366 259
1 11 6
470 190 304 161 343 241
1 11 5
199 7 140 51 46
1 35 2
327 451
1 8 9
486 90 143 400 356 269 110 124 58
1 11 2
252 194
1 24 2
407 485
1 14 5
22 433 170 192 381
1 6 6
245 48 76 128 418 397
1 12 6
289 312 207 443 330 357
1 9 7
387 355 472 73 373 211 15
1 9 8
324 311 237 137 313 469 77 300
1 7 9
80 332 366 330 282 190 21 37 186
1 7 10
292 351 397 396 130 33 486 188 252 333
1 20 2
420 402
1 30 2
485 103
1 18 3
405 430 325
1 15 4
218 192 50 132
1 11 6
223 462 372 247 178 78
1 8 9
125 264 47 462 77 155 332 107 296
1 10 7
146 373 498 322 118 364 131
1 9 6
326 209 107 163 448 184
1 9 7
281 1 472 197 109 35 482
1 7 10
125 114 276 171 460 134 438 40 333 122
1 26 2
20 494
1 9 7
249 436 131 412 94 147 304
1 7 10
121 271 164 38 141 201 499 441 385 309
1 8 9
280 40 200 468 354 428 48 62 433
1 9 8
256 208 90 72 232 224 420 53
1 7 9
372 228 309 407 51 113 258 263 86
1 8 9
313 128 475 255 227 432 239 318 86
1 16 4
311 149 457 340
1 12 5
116 199 342 109 315
1 23 3
239 104 443
1 9 8
63 199 101 345 109 62 472 198
1 8 8
80 195 377 35 209 39 240 275
1 15 4
258 266 1 45
1 8 9
102 219 420 16 446 109 309 456 92
1 12 5
240 394 290 142 455
1 9 8
198 411 83 382 480 148 112 124
1 7 10
115 336 93 376 40 38 462 157 374 259
1 8 9
182 304 432 133 152 387 422 370 59
1 34 2
454 495
1 6 10
94 210 479 76 302 87 91 50 241 104
1 8 8
361 481 338 480 234 258 431 351
1 24 3
83 44 156
1 25 2
185 161
1 7 10
452 460 143 69 397 29 70 21 456 255
1 10 6
425 275 413 489 355 429
1 9 7
436 11 161 495 277 494 171
1 22 2
381 68
1 12 6
381 186 120 215 115 364
1 14 3
173 213 467
1 8 9
334 257 337 498 423 348 150 488 349
1 7 9
274 90 422 62 386 171 426 113 236
1 9 8
1 87 491 177 490 377 461 299
1 20 2
172 268
1 9 8
46 267 130 496 138 323 439 195
1 22 3
374 244 102
1 11 7
8 308 394 291 152 407 33
1 13 5
189 23 155 142 170
1 6 10
56 279 102 489 318 271 446 195 362 306
1 12 6
444 489 93 224 429 416
1 6 10
39 495 359 368 186 351 180 474 248 319
1 14 5
224 426 479 31 148
1 7 10
78 158 396 371 489 212 255 290 465 424
1 11 3
448 210 345
1 17 4
228 174 415 395
1 9 8
345 269 473 404 42 99 36 311
1 12 6
103 192 76 157 408 204
1 19 2
273 425
1 23 3
219 349 44
1 6 9
175 434 33 400 433 3 290 48 111
1 10 6
56 109 183 187 200 304
1 9 5
309 144 137 440 7
1 23 3
36 264 436
1 8 9
237 175 482 92 107 4 327 444 256
1 8 8
246 45 420 93 421 351 71 477
1 8 7
259 329 61 64 256 6 363
1 7 10
36 131 87 445 19 451 124 395 413 355
1 8 9
144 68 429 12 421 276 237 111 72
1 10 7
340 33 429 324 428 66 334
1 16 2
41 185
1 18 4
200 328 483 347
1 7 9
430 264 360 391 223 478 57 219 94
1 7 10
70 199 487 397 323 360 120 426 57 473
1 10 6
176 69 243 390 303 466
1 14 5
388 71 441 227 159
1 10 7
239 177 125 399 217 432 340
1 8 9
322 175 106 304 301 437 122 399 298
1 12 4
407 418 332 38
1 10 6
243 348 75 263 474 278
1 11 5
249 18 100 383 430
1 20 2
7 422
1 15 4
308 194 462 16
1 18 2
199 296
1 20 2
390 481
1 14 5
120 95 144 489 366
1 15 5
98 297 305 289 8
1 12 4
147 185 324 105
1 8 7
97 238 83 19 428 479 474
1 7 9
360 81 126 216 349 454 271 113 405
1 17 3
55 240 302
1 9 8
299 426 14 148 168 287 379 316
1 8 7
273 291 202 488 27 299 49
1 8 9
60 380 170 499 137 85 396 421 98
1 12 6
495 494 144 109 414 220
1 13 4
457 195 295 289
1 7 9
246 496 444 198 194 6 78 356 404
1 14 4
180 431 387 348
1 10 6
197 62 60 166 250 258
1 21 3
294 165 322
1 12 4
197 380 154 409
1 19 4
381 169 148 496
1 13 5
347 288 201 23 100
1 14 5
317 446 322 305 73
1 13 5
11 195 255 125 481
1 14 5
135 141 29 439 49
1 12 5
213 43 87 381 357
1 18 3
181 326 57
1 10 7
177 69 378 212 410 262 119
1 7 10
309 211 326 207 281 175 338 111 141 285
1 6 10
64 363 451 96 180 448 20 88 201 150
1 20 3
235 379 4
1 13 5
113 230 402 248 361
1 8 8
316 206 332 413 365 249 1 461
1 9 8
10 200 450 238 109 253 366 499
1 8 5
479 62 363 102 270
1 12 6
371 369 429 311 104 184
1 25 2
375 18
1 11 7
172 101 174 489 34 361 269
1 7 9
141 393 311 330 211 93 225 370 114
1 14 4
429 128 413 113
1 20 3
113 461 206
1 8 8
252 275 86 411 48 464 78 338
1 12 3
185 32 128
1 17 3
302 251 423
1 8 8
442 19 146 92 89 63 297 286
1 11 6
214 314 420 293 387 446
1 20 2
422 203
1 32 2
112 449
1 16 3
114 301 436
1 11 7
413 321 151 416 146 231 223
1 12 5
118 219 111 443 255
1 14 5
165 490 15 187 335
1 14 5
331 37 300 319 411
1 8 9
414 357 305 179 130 96 5 61 338
1 9 8
416 306 214 247 218 201 129 145
1 10 7
225 87 117 449 97 477 418
1 14 4
173 280 313 29
1 6 10
266 154 77 47 399 391 357 364 88 113
1 25 2
263 444
1 13 5
442 303 361 250 73
1 8 9
170 181 378 167 273 222 332 155 22
1 7 10
32 182 442 280 88 130 472 339 444 93
1 8 9
331 237 437 202 180 231 204 364 279
1 10 6
1 147 471 116 120 428
1 7 10
204 246 128 287 405 16 334 419 173 18
1 8 8
177 196 112 111 245 266 78 223
1 10 7
416 459 74 145 23 98 440
1 13 5
456 266 117 59 351
1 8 8
180 153 177 375 229 457 333 294
1 10 7
173 484 43 143 11 246 205
1 7 10
207 225 109 122 331 394 223 107 442 473
1 6 10
245 184 363 406 427 315 103 285 85 359
1 9 8
193 68 100 417 284 154 476 408
1 20 3
298 446 400
1 7 10
408 328 232 76 246 198 421 312 16 364
1 13 6
251 321 394 351 430 40
1 11 6
166 466 212 439 67 289
1 6 8
386 288 486 81 33 6 374 294
1 11 4
128 10 218 81
1 14 5
409 68 427 106 280
1 12 6
56 367 246 71 39 225
1 15 4
252 37 235 323
1 29 2
97 454
1 9 8
268 391 287 55 465 163 314 466
1 12 5
289 450 92 192 423
1 9 6
496 107 446 464 216 424
1 8 9
76 346 273 88 25 299 327 458 294
1 6 10
286 307 212 192 270 171 496 203 59 430
1 8 9
222 56 146 8 334 455 420 123 85
1 11 6
267 404 477 216 440 199
1 16 4
236 41 225 394
1 14 3
319 201 273
1 10 6
436 57 187 103 108 332
1 7 10
230 469 107 208 114 15 338 334 439 96
1 6 10
221 157 288 295 181 59 242 272 67 424
1 7 9
98 328 56 17 309 15 263 382 128
1 34 2
327 262
1 10 6
280 133 137 271 339 6
1 16 3
435 0 136
1 14 3
51 287 69
1 34 2
236 317
1 33 2
198 49
1 7 9
317 181 281 348 475 354 123 379 452
1 17 4
229 96 160 367
1 13 5
103 495 374 407 258
1 12 6
308 222 70 286 412 349
1 8 9
352 347 318 282 349 439 207 241 245
1 8 9
86 232 429 50 452 233 169 343 353
1 12 5
146 441 216 314 335
1 8 8
133 132 340 17 467 414 69 144
1 7 9
383 343 60 292 133 47 488 10 464
1 9 8
411 42 283 85 344 328 89 301
1 11 6
326 250 216 37 198 20
1 7 10
409 467 124 139 489 43 13 49 71 328
1 11 7
408 186 282 459 321 135 325
1 10 6
403 475 286 265 165 325
1 18 3
291 73 147
1 11 2
372 433
1 14 5
262 82 51 320 24
1 7 10
85 297 236 129 121 11 319 320 285 394
1 11 5
6 243 307 91 381
1 12 6
35 34 68 477 14 130
1 7 10
295 56 49 404 25 215 39 352 391 227
1 21 3
179 96 357
1 9 7
209 328 464 105 142 59 275
1 8 6
6 306 368 186 472 373
1 9 7
263 410 458 249 460 128 370
1 7 10
324 395 313 491 17 334 115 84 290 5
1 13 4
397 378 123 129
1 7 10
115 118 166 284 264 105 106 417 61 221
1 24 3
293 142 416
1 29 2
217 44
1 10 5
433 102 408 95 299
1 12 5
289 11 223 48 469
1 10 8
120 165 101 285 438 177 41 260
1 13 3
330 232 380
1 8 7
76 363 19 216 161 418 440
1 7 10
438 251 105 110 4 434 182 472 9 138
1 27 2
55 340
1 9 8
296 200 273 95 109 406 224 287
1 7 10
145 491 327 107 223 330 206 417 44 179
1 9 8
409 69 34 417 314 62 270 239
1 11 7
30 172 59 56 314 54 167
1 12 4
245 31 226 102
1 16 2
346 3
1 9 4
316 108 232 287
1 10 6
471 111 175 431 78 52
1 12 3
303 487 241
1 9 8
461 217 80 33 478 69 268 484
1 22 3
463 268 130
1 6 8
402 113 52 1 354 39 153 214
1 4 10
67 326 105 29 365 76 66 71 448 22
1 11 7
56 306 344 431 104 135 333
1 16 2
251 403
1 11 6
293 392 79 377 395 460
1 23 3
15 235 478
1 19 3
318 202 53
1 8 9
428 31 165 312 246 33 240 220 232
1 7 8
359 442 373 27 304 104 268 401
1 10 7
144 19 354 237 487 440 454
1 21 3
446 113 267
1 9 7
189 434 358 220 254 469 256
1 8 8
440 252 468 277 157 213 420 11
1 11 7
230 144 360 94 11 101 263
1 14 5
495 293 422 74 93
1 9 7
475 427 128 63 428 3 305
1 7 10
144 332 173 481 360 188 64 109 90 66
1 12 6
239 483 367 234 50 463
1 16 4
330 140 236 63
1 9 5
149 0 1 14 467
1 9 8
44 61 198 457 493 410 45 367
1 15 5
406 364 358 453 148
1 9 7
390 401 448 223 219 265 193
1 16 4
178 321 10 166
1 7 10
346 400 168 283 154 37 62 326 69 442
1 22 3
348 275 74
1 30 2
218 64
1 16 3
406 473 354
1 8 10
408 186 403 367 172 343 491 194 283 389
1 22 2
389 295
1 13 2
86 59
1 14 5
69 246 359 218 311
1 8 7
403 238 150 71 95 496 404
1 14 5
495 352 15 46 368
1 8 8
161 292 434 125 247 403 464 319
1 26 2
291 103
1 17 4
494 77 317 114
1 12 6
246 253 110 206 419 285
1 20 3
145 299 23
1 11 5
219 405 153 92 150
1 12 4
422 27 85 407
1 10 8
76 170 213 11 129 78 200 230
1 12 6
262 128 49 461 107 300
1 14 4
433 186 294 396
1 12 6
484 124 276 475 386 432
1 8 7
352 136 286 268 436 473 252
1 31 2
366 424
1 8 8
222 176 359 486 330 24 361 326
1 33 2
11 385
1 9 6
216 166 268 195 173 310
1 16 3
452 471 39
1 7 10
406 395 396 108 77 24 341 209 123 178
1 27 2
269 289
1 11 6
387 216 104 240 294 474
1 10 7
230 356 224 309 462 379 246
1 9 8
194 226 166 369 214 71 316 70
1 26 2
290 157
1 7 9
108 444 481 144 303 426 357 489 192
1 30 2
47 452
1 9 8
190 479 172 371 366 83 168 440
1 7 10
40 190 41 336 179 117 437 96 195 431
1 18 2
108 87
1 11 3
346 345 210
1 13 4
43 406 242 86
1 9 4
332 18 239 338
1 7 10
372 328 134 466 479 99 433 371 290 24
1 26 2
119 377
1 8 9
426 444 324 102 383 494 378 112 261
1 8 9
360 422 390 281 311 373 382 227 272
1 15 5
281 461 33 467 125
1 7 9
391 265 497 79 271 240 107 37 306
1 19 3
198 187 295
1 10 7
8 358 376 199 211 323 307
1 10 7
51 198 406 432 491 329 162
1 17 4
466 115 491 194
1 10 7
107 354 243 452 33 318 34
1 7 10
442 222 19 72 384 143 280 153 167 246
1 10 7
407 90 405 495 316 11 395
1 24 3
416 163 74
1 12 6
253 33 308 44 125 351
1 8 9
3 118 72 245 25 168 202 329 181
1 8 8
196 113 114 137 323 265 309 31
1 7 9
62 454 403 51 187 374 389 124 73
1 9 7
452 213 275 196 31 193 442
1 12 6
459 24 330 357 382 104
1 8 9
285 221 244 381 81 35 124 404 10
1 20 2
255 409
1 13 4
41 351 105 388
1 12 6
490 305 358 332 54 82
1 38 2
167 8
1 7 10
434 120 138 400 483 4 125 382 181 286
1 10 7
6 26 313 267 257 395 195
1 7 10
216 326 343 75 473 441 291 159 263 432
1 9 8
99 239 492 7 376 23 329 402
1 11 7
454 40 276 428 452 124 347
1 12 6
171 6 23 130 365 37
1 9 8
103 42 316 64 280 227 321 468
1 23 2
206 157
1 27 2
451 474
1 9 8
163 118 366 59 378 235 106 279
1 12 5
127 27 411 203 119
1 10 7
175 45 137 320 135 445 434
1 10 6
233 226 189 217 0 81
1 8 8
296 473 100 136 304 237 193 122
1 10 6
295 437 477 341 449 452
1 22 3
456 250 381
1 7 10
269 302 354 65 263 92 243 417 244 279
1 15 3
447 199 61
1 9 8
192 340 289 97 313 470 106 128
1 19 4
20 112 51 204
1 10 6
398 23 421 229 203 431
1 11 6
480 193 17 399 115 276
1 10 6
336 180 19 213 43 108
1 8 8
435 156 37 259 107 316 144 65
1 8 8
325 46 208 73 263 68 217 92
1 8 9
185 112 241 388 104 366 428 424 340
1 12 6
8 311 463 28 329 161
1 9 8
91 211 137 313 280 168 28 410
1 12 6
177 472 436 329 24 441
1 19 3
270 72 416
1 8 9
280 479 209 138 357 100 445 320 498
1 32 2
302 112
1 17 4
476 480 121 441
1 17 3
423 260 200
1 9 8
148 321 182 297 10 243 92 212
1 8 7
162 325 171 326 386 428 225
1 9 7
332 485 32 416 452 231 292
1 11 6
179 321 171 177 256 488
1 7 9
351 69 291 48 447 259 399 6 4
1 13 4
260 418 185 42
1 8 7
177 365 279 93 458 469 317
1 7 10
352 244 426 264 22 141 269 86 270 227
1 16 3
306 248 368
1 28 2
257 354
1 8 8
257 499 266 191 343 37 394 442
1 8 9
6 221 297 48 457 253 239 209 179
1 19 3
27 114 453
1 15 5
349 122 401 40 331
1 6 10
429 13 497 342 308 201 242 210 499 480
1 14 4
123 184 229 6
1 22 3
305 2 410
1 10 6
266 401 247 324 166 360
1 16 2
447 32
1 20 2
56 231
1 15 5
237 8 91 413 322
1 7 9
219 440 315 23 159 93 422 188 246
1 9 7
405 449 212 398 400 235 392
1 20 3
431 314 465
1 32 2
180 272
1 5 10
489 187 295 61 171 345 179 81 362 3
1 24 3
104 227 419
1 8 7
467 329 281 73 140 248 406
1 8 9
406 318 73 90 35 430 447 60 330
1 16 4
398 238 486 82
1 7 10
45 442 71 92 66 270 263 148 103 284
1 19 2
105 88
1 9 8
340 377 297 477 194 274 230 451
1 23 2
37 18
1 7 10
177 337 279 371 108 141 26 136 147 334
1 10 6
71 309 99 59 406 270
1 16 2
309 132
1 22 2
326 242
1 7 9
139 249 487 143 427 284 107 302 55
1 23 3
79 48 30
1 13 5
85 497 28 340 207
1 22 2
378 222
1 8 8
381 169 146 419 50 423 393 338
1 16 2
355 433
1 7 10
91 450 197 171 48 90 492 407 371 380
1 31 2
161 360
1 31 2
413 124
1 14 5
24 194 2 392 289
1 11 3
175 72 197
1 16 3
210 497 150
1 12 6
62 289 94 101 182 380
1 9 7
254 324 446 41 421 348 442
1 8 9
304 285 156 248 469 407 429 416 452
1 7 10
392 213 120 259 481 266 348 270 433 30
1 13 4
488 350 359 50
1 6 10
391 132 66 394 425 15 458 77 311 411
1 17 3
67 423 6
1 13 6
407 434 409 205 67 244
1 8 4
402 372 308 149
1 29 2
468 447
1 12 6
329 240 156 369 80 252
1 7 8
365 146 307 190 476 50 282 329
1 12 6
274 444 15 486 4 295
1 13 4
371 432 329 171
1 12 6
44 74 72 296 82 320
1 11 7
453 199 307 171 312 436 177
1 9 4
132 143 467 88
1 8 8
153 409 173 204 401 436 102 136
1 19 3
361 398 493
1 7 10
286 367 332 270 237 494 213 351 76 256
1 8 9
244 122 16 28 22 334 470 240 397
1 11 5
148 187 362 144 365
1 11 5
367 279 483 336 195
1 6 10
241 486 413 76 443 199 467 292 405 427
1 8 9
93 221 44 282 39 284 460 309 495
1 19 4
381 453 300 208
1 15 4
432 405 84 474
1 11 6
181 317 437 341 345 107
1 10 7
151 109 400 349 364 414 380
1 9 6
146 365 346 376 440 199
1 9 8
468 204 0 406 153 183 366 107
1 12 6
15 129 212 283 317 243
1 7 10
121 354 112 481 127 174 227 367 471 60
1 8 10
101 184 230 312 331 327 423 496 457 42
1 18 2
471 209
1 11 4
280 420 61 307
1 15 5
149 406 445 25 344
1 8 8
248 49 31 136 116 81 345 337
1 19 3
391 123 439
1 10 7
448 480 320 107 439 487 458
1 8 8
211 243 113 269 175 413 470 46
1 21 2
480 122
1 9 8
386 217 128 173 438 248 222 366
1 15 5
468 408 418 267 202
1 9 7
197 168 55 81 251 329 481
1 8 7
332 318 235 330 89 56 39
1 7 10
25 297 246 9 445 411 234 376 348 138
1 7 9
184 175 436 410 63 49 391 429 149
1 10 7
384 82 191 419 7 225 452
1 8 9
68 94 456 234 69 411 209 322 473
1 9 7
195 410 377 494 128 193 17
1 14 5
299 236 103 54 140
1 10 7
180 28 50 161 88 185 470
1 24 3
158 284 440
1 9 7
138 173 360 85 188 408 6
1 8 9
81 138 232 469 353 292 317 206 428
1 25 3
461 228 148
1 10 6
449 362 412 13 349 26
1 10 7
362 232 38 462 350 118 369
1 22 3
225 200 454
1 14 4
337 246 13 335
1 9 8
311 433 14 103 72 220 117 227
1 9 8
103 298 234 178 469 498 372 272
1 14 4
346 350 216 285
1 11 6
195 331 155 5 324 1
1 9 7
229 28 257 136 107 364 46
1 8 9
76 92 337 495 175 106 211 233 400
1 8 9
436 168 19 282 298 414 185 369 123
1 7 10
305 332 96 178 237 311 170 367 221 243
1 14 5
354 180 443 10 164
1 38 2
233 441
1 8 8
273 15 339 445 456 11 446 449
1 10 7
120 225 181 315 348 46 295
1 7 9
164 400 88 149 411 49 212 419 437
1 21 3
337 104 181
1 14 5
136 441 226 47 486
1 16 4
444 115 51 429
1 7 10
148 464 168 129 388 43 346 360 111 280
1 10 7
265 415 340 221 441 13 337
1 8 9
4 270 495 246 130 160 132 205 98
1 9 8
495 39 390 139 353 21 168 23
1 7 10
27 296 107 253 95 347 314 45 16 189
1 8 8
10 198 84 324 160 113 97 22
1 15 4
301 305 372 302
1 24 3
96 168 366
1 7 10
133 276 443 389 222 59 353 391 321 441
1 12 6
52 410 298 286 467 455
1 8 9
204 114 292 327 250 324 182 100 54
1 19 2
280 51
1 16 4
265 38 338 339
1 15 5
481 438 432 494 48
1 33 2
244 97
1 13 6
146 101 20 169 171 331
1 14 5
123 301 443 298 221
1 9 8
453 310 230 402 159 239 67 96
1 9 8
286 2 73 488 299 469 83 283
1 12 6
278 427 340 143 453 20
1 14 5
76 331 493 82 414
1 12 5
342 193 185 110 442
1 8 9
432 143 293 346 377 13 291 76 70
1 18 4
141 419 57 106
1 13 5
275 49 385 480 378
1 7 8
313 151 214 390 364 330 53 309
1 35 2
276 145
1 8 9
321 320 98 430 8 264 83 261 272
1 7 10
396 189 405 437 455 197 63 253 406 429
1 16 4
39 312 487 97
1 22 3
265 351 414
1 6 10
239 112 323 129 421 408 332 442 376 300
1 13 3
496 196 336
1 15 5
195 44 496 409 322
1 15 3
113 442 20
1 9 8
400 4 432 187 327 328 302 383
1 10 6
469 310 133 380 56 138
1 7 10
202 457 127 71 77 11 375 321 394 19
1 8 9
179 8 133 244 221 307 295 312 266
1 8 8
495 246 41 71 291 398 259 114
1 9 7
248 44 91 161 310 372 448
1 8 9
318 327 39 461 242 464 82 199 53
1 9 5
473 402 337 256 3
1 31 2
161 85
1 20 3
100 327 199
1 15 4
242 312 127 362
1 11 7
118 416 127 148 403 369 179
1 27 2
51 274
1 7 10
374 459 63 27 45 95 383 225 203 250
1 23 3
104 443 383
1 8 9
496 65 345 183 490 484 498 306 408
1 9 8
389 109 484 204 347 98 378 203
1 8 9
98 316 429 53 248 461 101 431 240
1 9 8
109 273 304 135 485 148 380 454
1 11 6
3 69 24 60 447 258
1 8 7
193 71 43 430 64 157 442
1 8 8
303 345 359 248 462 23 202 461
1 25 2
22 148
1 15 4
456 103 183 193
1 8 9
497 174 58 352 317 467 327 204 323
1 10 7
31 288 316 9 274 465 458
1 9 7
366 342 59 121 82 361 84
1 11 6
43 248 270 466 109 391
1 7 10
18 137 163 115 218 151 210 265 405 160
1 14 5
87 215 340 384 44
1 23 2
451 372
1 12 6
438 310 294 60 74 269
1 8 9
472 161 386 67 241 336 135 200 215
1 13 4
401 377 81 321
1 7 9
18 248 223 224 368 409 23 412 63
1 22 3
214 190 254
1 7 9
43 258 198 190 65 421 472 482 458
1 10 7
170 137 326 194 276 22 51
1 18 3
426 78 231
1 9 7
72 250 475 382 9 484 50
1 18 3
287 6 229
1 8 9
185 115 281 145 429 367 92 304 64
1 21 3
62 411 267
1 19 2
171 172
1 6 9
378 12 459 214 116 350 72 157 371
1 23 2
376 212
1 13 5
5 247 332 232 492
1 15 4
144 204 304 325
1 17 4
10 230 26 216
1 36 2
498 16
1 22 3
177 357 215
1 14 5
155 466 175 135 250
1 22 3
163 33 429
1 15 3
111 303 263
1 12 6
30 298 299 238 314 136
1 10 5
266 291 238 480 235
1 17 4
466 55 396 54
1 9 7
29 335 151 97 436 409 453
1 19 4
152 97 416 320
1 6 9
61 111 242 216 361 329 345 191 411
1 16 4
1 345 203 283
1 10 7
125 468 340 87 121 455 105
1 14 5
101 371 279 275 310
1 13 4
69 269 83 17
1 13 4
48 475 223 280
1 14 5
459 392 215 302 81
1 7 8
274 355 3 436 248 402 430 29
1 9 7
6 43 129 421 449 225 231
1 23 2
53 387
1 7 10
305 173 113 435 300 28 263 108 168 226
1 6 10
177 211 47 348 266 102 166 394 66 210
1 15 5
205 375 402 64 82
1 9 6
446 142 471 180 299 289
1 8 9
240 41 381 4 385 137 108 234 48
1 19 3
285 469 43
1 10 5
462 358 315 93 263
1 8 8
22 191 445 130 62 486 339 446
1 7 10
375 434 270 405 72 373 426 336 220 275
1 9 8
311 265 493 256 431 154 402 253
1 9 8
202 367 36 197 102 415 77 258
1 7 10
124 122 126 442 300 0 362 249 267 20
1 9 8
372 135 224 337 153 66 57 431
1 19 3
314 231 369
1 9 8
494 41 475 383 55 130 418 341
1 9 8
379 161 176 152 143 320 356 139
1 12 5
379 455 172 352 342
1 33 2
17 135
1 16 4
469 120 466 57
1 15 4
143 305 23 450
1 10 5
289 88 231 395 348
1 9 8
163 117 267 110 100 356 245 430
1 13 6
237 169 85 50 359 464
1 8 9
420 491 27 177 219 36 78 454 60
1 24 3
159 54 249
1 12 6
257 51 127 498 226 328
1 16 4
291 258 326 344
1 9 6
128 91 249 445 350 255
1 10 6
124 113 338 335 428 282
1 8 9
83 234 286 187 138 233 414 278 221
1 11 6
381 187 396 129 130 185
1 8 8
249 347 499 360 300 487 219 108
1 6 10
225 487 407 299 132 238 400 402 155 228
1 6 10
412 15 51 48 497 86 47 411 9 323
1 15 5
226 432 237 99 97
1 17 4
142 292 82 451
1 9 8
305 95 470 55 277 300 311 280
1 11 6
90 368 151 273 21 435
1 7 9
480 155 162 302 284 153 81 295 486
1 11 7
152 440 255 463 398 375 297
1 14 5
498 289 458 492 6
1 11 5
266 222 409 188 394
1 10 7
198 391 319 169 365 435 7
1 26 2
249 446
1 14 5
306 28 286 331 201
1 12 6
168 394 455 57 340 296
1 25 3
378 267 124
1 11 6
310 317 50 186 335 341
1 7 10
194 374 16 465 175 116 365 422 423 394
1 10 7
433 208 173 151 336 455 60
1 13 5
136 413 301 367 132
1 11 7
170 484 272 487 129 363 60
1 10 7
385 91 221 334 358 284 95
1 26 3
321 428 4
1 10 7
164 354 359 475 495 72 310
1 8 9
341 15 312 44 258 413 9 499 100
1 6 9
447 94 336 340 487 193 475 483 279
1 15 3
18 428 499
1 10 7
277 161 484 124 288 110 395
1 8 9
235 465 130 52 223 466 243 404 276
1 13 4
239 479 65 91
1 7 10
84 463 42 100 373 56 284 474 152 225
1 27 2
298 219
1 18 2
69 464
1 7 10
490 175 128 259 250 365 363 146 74 40
1 16 3
160 206 6
1 11 6
472 330 464 104 9 466
1 23 3
272 451 370
1 7 10
150 134 488 93 242 92 265 417 207 37
1 7 9
206 47 178 53 103 480 32 219 180
1 8 9
94 65 220 79 258 198 470 225 195
1 10 7
200 448 169 422 17 250 326
1 9 7
34 97 235 286 242 88 149
1 8 8
58 430 448 39 313 490 220 72
1 12 6
16 344 133 12 239 404
1 14 5
444 422 106 163 42
1 9 7
221 1 147 30 379 91 467
1 17 4
399 492 476 257
1 8 9
0 367 439 252 34 414 313 205 229
1 14 5
109 108 318 216 118
1 20 3
246 252 92
1 17 2
400 219
1 29 2
42 65
1 11 6
348 433 375 42 111 418
1 7 8
180 218 7 188 364 437 240 371
1 19 3
6 474 456
1 26 2
360 379
1 8 7
325 290 481 306 387 22 191
1 17 4
146 81 158 388
1 15 4
409 415 423 431
1 33 2
258 234
1 7 10
331 276 427 4 434 393 373 177 425 82
1 8 9
203 490 33 343 209 107 247 41 258
1 8 9
270 65 435 311 0 434 312 482 161
1 10 7
243 249 412 271 274 83 353
1 17 4
163 15 32 85
1 15 5
327 321 146 205 390
1 13 6
335 271 204 246 170 243
1 15 4
163 180 3 93
1 6 8
53 277 184 238 231 174 149 98
1 6 9
329 26 324 217 379 216 245 386 66
1 16 4
260 195 413 141
1 16 3
181 69 420
1 10 6
115 433 281 286 228 50
1 12 6
366 274 499 313 253 407
1 7 10
338 408 64 315 478 167 31 439 254 137
1 16 4
65 429 105 411
1 23 3
64 79 40
1 9 7
235 222 216 198 407 93 464
1 35 2
289 170
1 15 3
379 172 494
1 10 7
336 168 360 268 163 337 16
1 7 10
190 417 355 176 304 105 306 295 188 478
1 7 9
429 359 265 20 52 80 179 498 400
1 11 5
373 323 131 325 111
1 7 9
76 281 181 239 487 51 388 363 456
1 38 2
164 347
1 9 7
263 39 285 176 479 439 304
1 36 2
28 267
1 15 5
244 173 151 152 278
1 15 4
318 365 240 368
1 10 7
1 322 15 347 105 462 250
1 11 3
489 264 197
1 12 4
180 71 162 35
1 8 9
312 226 398 99 123 469 4 387 125
1 9 8
445 233 41 122 250 351 184 169
1 15 4
92 266 279 414
1 8 8
313 364 147 137 277 132 97 141
1 38 2
106 461
1 7 10
294 301 155 381 262 321 455 60 359 377
1 8 9
282 372 15 238 464 36 51 371 243
1 21 2
338 242
1 8 7
319 356 157 406 218 95 408
1 15 2
255 403
1 7 10
439 304 23 162 13 200 295 283 116 303
1 8 9
36 155 233 334 446 223 284 6 166
1 8 9
453 353 357 416 108 442 325 476 329
1 7 8
53 362 141 271 430 137 290 42
1 7 10
292 269 144 165 457 438 411 66 80 392
1 8 9
385 375 248 10 444 92 85 254 467
1 27 2
253 348
1 7 9
18 316 110 46 421 447 231 409 320
1 15 4
291 271 410 118
1 13 4
167 348 81 66
1 19 4
377 321 347 187
1 18 4
285 181 30 341
1 12 6
10 317 25 338 275 35
1 7 9
196 262 412 47 197 242 309 318 189
1 9 8
365 114 124 133 100 111 232 494
1 8 9
361 234 111 404 144 31 258 84 90
1 8 9
33 80 290 351 479 395 280 112 272
1 7 9
174 477 139 330 387 391 28 420 443
1 10 7
162 340 435 169 111 493 278
1 17 3
437 71 265
1 8 9
300 226 84 425 221 220 130 133 101
1 9 5
483 264 239 214 187
1 18 3
212 277 14
1 7 9
257 483 71 134 457 258 69 27 384
1 7 10
322 443 455 120 25 129 487 98 262 270
1 20 3
260 212 335
1 10 6
150 285 174 210 74 155
1 12 5
118 390 473 242 414
1 9 8
174 104 225 303 352 356 476 59
1 8 6
368 469 199 186 337 286
1 6 10
172 281 76 228 449 236 147 406 207 487
1 18 4
497 250 104 294
1 25 2
445 124
1 7 10
44 443 208 404 496 406 360 210 192 211
1 16 4
16 292 63 477
1 18 2
329 177
1 10 7
466 313 41 34 38 211 39
1 7 9
483 266 416 426 154 13 138 288 211
1 11 7
225 467 346 34 283 491 365
1 8 9
187 74 113 164 96 325 211 366 461
1 19 3
436 6 395
1 26 3
172 101 298
1 8 8
326 279 285 426 152 144 306 342
1 38 2
170 44
1 18 3
163 329 88
1 6 10
140 440 411 497 263 323 214 476 330 398
1 15 4
154 135 355 171
1 10 7
471 274 477 104 289 188 322
1 9 8
468 208 404 379 15 409 1 445
1 9 8
409 132 249 417 185 400 297 295
1 30 2
5 125
1 5 10
469 307 383 29 251 434 77 84 172 359
1 20 2
91 379
1 8 9
15 440 82 341 366 476 313 456 491
1 32 2
158 430
1 8 9
493 233 43 109 151 390 277 145 320
1 14 5
470 165 410 193 194
1 26 2
176 272
1 13 6
168 384 112 187 170 316
1 18 4
442 228 27 36
1 13 5
247 175 382 418 126
1 6 10
145 128 63 354 358 108 475 263 485 425
1 9 8
274 169 373 63 351 110 297 452
1 5 10
14 420 337 460 282 445 87 292 239 62
1 14 5
418 385 311 304 232
1 11 7
135 2 100 479 30 144 487
1 18 4
488 99 112 22
1 18 4
276 164 391 488
1 11 4
69 191 315 479
1 7 10
30 344 349 276 315 249 189 116 134 157
1 13 5
92 364 120 57 80
1 10 7
32 448 166 246 337 208 326
1 16 2
386 447
1 18 2
172 113
1 7 10
4 412 239 206 459 335 332 35 10 269
1 15 2
358 377
1 11 7
106 85 11 40 24 234 98
1 8 9
111 187 375 367 486 250 3 281 17
1 14 5
402 444 428 119 108
1 20 2
405 309
1 37 2
82 233
1 20 3
165 283 35
1 7 8
219 359 170 13 94 383 210 270
1 15 3
14 199 149
1 7 10
306 105 52 158 126 291 78 195 392 360
1 17 4
133 450 227 31
1 35 2
318 227
1 8 8
43 46 386 65 425 245 254 335
1 23 3
109 38 433
1 9 8
86 278 336 227 4 484 58 321
1 11 7
482 19 461 119 417 467 426
1 13 5
324 180 148 456 447
1 8 9
317 139 351 432 88 247 224 460 155
1 11 6
143 249 217 303 112 266
1 11 5
411 159 467 153 242
1 33 2
321 23
1 8 6
241 338 88 287 358 80
1 22 2
72 103
1 5 10
383 186 471 188 268 245 408 67 366 358
1 8 9
288 477 254 193 34 445 289 371 167
1 14 5
148 351 3 357 263
1 21 3
343 398 222
1 14 3
166 172 185
1 26 2
169 231
1 8 8
467 154 481 302 136 104 303 282
1 12 5
487 451 304 323 368
1 15 2
53 309
1 9 8
455 487 46 126 225 80 96 72
1 8 6
467 72 493 466 434 270
1 22 2
279 387
1 14 2
252 52
1 7 10
63 357 140 378 166 393 198 371 439 327
1 7 9
459 103 125 6 357 326 341 361 286
1 8 7
388 437 459 266 58 0 199
1 6 9
17 342 69 147 3 346 37 48 33
1 18 2
390 196
1 12 5
244 96 401 303 251
1 18 4
1 243 310 244
1 10 6
157 448 32 413 432 395
1 36 2
168 227
1 17 4
82 441 308 153
1 9 8
75 284 420 216 135 463 38 349
1 10 7
108 184 423 237 305 436 360
1 9 8
346 469 80 250 410 46 451 353
1 7 10
211 334 89 48 385 238 61 386 27 225
1 17 4
497 45 34 426
1 8 9
448 180 208 26 337 207 215 313 259
1 17 4
112 304 249 396
1 20 3
113 172 276
1 7 10
120 292 290 243 337 150 140 305 356 246
1 13 4
153 475 58 51
1 11 4
165 176 157 494
1 13 5
359 153 369 263 216
1 7 10
221 456 285 122 297 305 40 446 316 471
1 8 7
396 493 84 1 11 440 423
1 37 2
265 283
1 28 2
95 174
1 7 10
73 7 290 239 443 328 331 93 330 337
1 13 5
295 296 394 302 205
1 14 5
293 192 224 15 284
1 11 7
207 342 30 166 254 4 395
1 14 5
499 337 454 114 109
1 28 2
385 408
1 7 10
444 220 305 447 262 467 52 337 119 82
1 24 2
53 45
1 9 5
59 87 93 296 463
1 10 7
32 47 426 403 38 5 470
1 17 3
458 27 44
1 23 2
366 445
1 7 10
366 245 52 355 217 385 269 96 92 411
1 12 5
283 123 166 304 303
1 15 3
467 364 449
1 15 5
131 492 489 455 54
1 17 4
398 437 441 357
1 12 6
328 270 375 447 217 272
1 9 8
398 331 219 129 35 116 99 305
1 14 5
68 182 358 392 150
1 12 6
244 399 479 460 81 492
1 14 4
389 204 489 296
1 17 4
125 466 178 401
1 32 2
2 73
1 9 6
464 487 397 52 414 221
1 9 7
83 377 48 204 46 255 354
1 8 8
295 194 491 376 177 12 285 404
1 13 4
1 425 146 464
1 15 4
449 172 297 72
1 17 4
315 311 348 414
1 6 6
10 496 248 91 300 12
1 8 8
66 415 111 462 84 376 3 409
1 12 6
74 88 124 248 380 84
1 7 10
369 327 122 385 248 408 448 332 58 150
1 11 7
394 433 388 334 71 471 244
1 9 8
80 19 62 476 135 386 260 306
1 12 6
277 435 16 133 342 465
1 23 3
328 65 341
1 13 3
350 127 342
1 12 5
499 407 298 172 197
1 17 3
484 265 390
1 34 2
317 357
1 12 5
359 157 383 133 42
1 10 6
345 340 227 52 32 467
1 9 8
238 220 214 57 195 194 244 328
1 25 3
195 465 492
1 34 2
441 121
1 8 9
214 459 276 304 498 64 13 470 74
1 7 10
55 372 68 306 414 495 244 197 61 40
1 9 8
291 413 252 98 77 262 392 367
1 25 2
223 460
1 15 3
352 469 88
1 11 6
278 230 6 128 382 178
1 12 6
298 318 374 212 165 428
1 36 2
80 25
1 32 2
173 254
1 13 6
110 321 455 90 393 67
1 30 2
172 124
1 31 2
478 199
1 15 5
49 216 233 312 336
1 8 7
289 303 316 193 450 302 296
1 7 10
102 45 59 259 461 91 83 228 226 489
1 17 3
157 481 23
1 12 5
96 326 13 421 455
1 10 7
443 411 26 260 438 377 240
1 7 9
200 133 287 91 215 0 195 45 241
1 19 4
204 467 253 456
1 11 5
98 350 12 239 229
1 9 7
311 92 428 352 424 484 137
1 7 10
174 381 296 467 143 167 235 253 286 59
1 8 9
183 62 207 367 280 249 451 420 226
1 8 9
479 367 203 277 476 381 388 21 265
1 8 9
455 72 280 303 398 436 311 321 338
1 13 5
398 297 469 23 370
1 7 10
172 140 4 273 469 361 216 279 254 98
1 7 10
57 452 228 331 61 352 177 79 245 475
1 10 7
78 287 369 325 234 469 458
1 17 4
73 104 280 466
1 6 10
58 157 304 236 73 474 94 346 278 295
1 10 7
453 436 73 145 366 292 388
1 17 3
492 363 467
1 14 5
485 222 56 237 184
1 11 7
107 10 184 221 106 328 40
1 7 10
204 216 24 0 157 381 214 400 409 215
1 8 9
375 234 345 190 237 443 162 48 366
1 16 3
428 315 474
1 17 4
271 268 498 31
1 17 4
95 387 267 177
1 19 2
306 376
1 14 4
359 134 282 47
1 13 4
0 291 43 306
1 9 5
319 476 394 245 405
1 17 4
79 276 452 174
1 10 7
472 320 495 164 145 437 305
1 7 10
192 376 282 335 436 383 208 445 82 278
1 11 5
11 403 18 118 486
1 9 8
96 126 272 207 239 359 231 434
1 6 10
366 246 319 419 409 279 386 79 231 493
1 12 5
408 496 369 376 223
1 9 7
307 113 125 139 396 129 98
1 12 6
97 195 322 159 386 428
1 17 3
422 121 437
1 13 4
489 180 449 400
1 13 4
69 454 235 107
1 7 10
391 330 277 178 123 412 234 348 154 351
1 7 7
55 306 290 143 269 206 248
1 8 6
354 221 219 9 423 304
1 19 3
427 304 232
1 14 5
50 349 42 197 230
1 9 8
461 481 322 433 460 38 235 241
1 11 6
407 352 313 237 138 279
1 8 8
126 43 72 343 88 305 287 2
1 18 3
279 261 445
1 16 4
18 419 462 347
1 15 4
429 3 343 382
1 23 3
421 208 77
1 8 8
430 196 45 238 227 190 192 55
1 9 8
167 3 224 343 498 491 472 246
1 25 2
71 130
1 9 8
350 14 377 88 201 1 99 205
1 9 8
360 135 142 51 310 182 400 490
1 28 2
245 25
1 9 8
104 241 326 185 308 246 166 288
1 7 10
269 486 393 456 88 466 470 473 117 170
1 9 8
372 447 269 56 35 417 284 424
1 12 5
212 362 202 324 299
1 14 4
368 450 108 187
1 20 4
321 405 109 244
1 10 6
439 450 457 295 43 52
1 19 3
87 70 458
1 11 6
33 190 345 166 322 394
1 15 5
331 488 353 301 356
1 9 8
275 164 392 157 18 261 127 175
1 8 9
380 70 126 223 419 446 416 386 117
1 20 3
295 171 234
1 15 4
245 316 462 454
1 14 5
195 79 178 490 71
1 18 2
440 296
1 6 10
13 319 323 146 14 143 44 222 279 486
1 7 10
203 425 405 16 355 390 199 465 360 0
1 7 10
396 304 34 138 174 99 29 30 440 225
1 14 5
37 488 34 487 341
1 12 4
173 329 0 397
1 5 9
108 255 175 68 160 458 457 404 11
1 15 4
345 136 456 115
1 16 5
318 266 36 307 491
1 9 8
47 262 387 444 347 220 78 200
1 22 3
94 321 323
1 7 9
141 449 121 412 84 377 323 437 53
1 16 4
292 449 127 215
1 9 7
169 407 409 266 351 259 497
1 22 3
44 390 50
1 13 5
352 186 462 104 281
1 10 6
295 108 306 331 406 172
1 7 9
424 301 271 433 493 327 299 355 20
1 10 7
175 156 112 241 422 25 213
1 14 5
386 485 357 289 25
1 25 3
30 457 34
1 14 5
279 484 110 55 36
1 9 7
265 185 146 226 260 97 372
1 12 6
268 156 337 427 353 496
1 10 7
135 271 262 131 47 498 293
1 9 6
240 26 270 91 429 1
1 7 8
295 378 447 270 470 345 144 394
1 7 10
442 104 205 265 466 121 306 316 5 45
1 8 8
138 359 15 178 294 439 198 323
1 23 3
360 112 349
1 7 10
343 444 120 310 213 46 351 199 73 413
1 14 5
65 344 221 420 13
1 13 5
51 143 50 66 455
1 11 7
351 243 254 349 148 249 90
1 11 6
154 483 16 434 310 243
1 9 8
459 1 417 480 376 104 36 127
1 15 4
464 45 482 55
1 7 10
55 429 397 254 114 246 315 359 460 244
1 11 3
188 22 371
1 10 6
443 310 2 251 282 394
1 11 5
3 244 93 183 345
1 7 10
35 320 253 124 173 358 121 460 165 435
1 17 4
14 80 99 23
1 22 2
408 174
1 11 5
407 294 6 216 362
1 17 4
493 72 322 260
1 16 3
81 478 154
1 9 8
302 317 85 30 125 323 179 417
1 12 6
308 369 414 479 377 248
1 9 7
221 252 423 442 409 192 212
1 21 3
237 489 304
1 13 5
297 193 63 213 357
1 10 7
97 454 74 135 180 100 63
1 12 6
494 254 172 227 387 464
1 10 5
88 324 35 255 434
1 12 4
181 197 206 426
1 14 5
79 54 190 273 378
1 8 6
419 68 9 191 76 339
1 7 10
87 213 109 263 212 397 229 203 231 462
1 19 4
276 369 400 101
1 7 10
259 182 359 27 280 145 222 228 401 358
1 7 10
416 16 275 156 320 63 317 0 150 59
1 9 8
354 111 481 289 130 36 465 99
1 15 3
300 195 258
1 23 2
200 259
1 28 2
169 132
1 23 2
410 404
1 11 6
65 416 98 110 264 79
1 8 8
194 21 332 471 103 130 464 67
1 7 6
391 332 13 123 407 175
1 8 9
204 278 79 358 366 41 427 273 64
1 19 4
38 202 169 170
1 15 5
230 5 492 75 258
1 13 4
55 463 69 484
1 7 10
68 327 379 213 442 128 322 400 386 425
1 7 10
94 24 433 47 438 339 379 471 217 84
1 14 5
155 217 139 369 228
1 13 2
76 434
1 15 5
330 87 408 182 104
1 8 9
61 129 119 180 96 112 328 127 484
1 10 7
328 330 131 119 315 397 309
1 7 9
289 67 87 311 255 91 2 356 320
1 9 8
313 17 427 13 477 447 117 371
1 8 9
181 445 357 229 479 446 74 168 143
1 10 7
405 353 363 435 74 448 420
1 8 9
452 228 271 72 119 390 350 273 87
1 9 8
34 26 317 423 261 42 143 347
1 8 9
304 255 439 339 437 365 272 353 324
1 7 8
262 266 275 394 202 338 474 336
1 12 5
498 374 76 345 423
1 36 2
311 441
1 7 10
444 120 483 354 356 308 347 434 379 239
1 7 10
310 117 298 94 404 179 491 256 0 420
1 12 6
104 75 441 239 286 298
1 19 2
209 180
1 16 4
64 163 12 239
1 13 5
288 483 88 198 262
1 6 10
434 425 81 90 325 306 418 467 84 442
1 11 6
250 39 162 460 494 31
1 8 9
122 17 132 365 287 481 141 208 29
1 7 10
370 270 88 497 472 245 375 237 291 299
1 7 10
132 66 138 420 423 146 53 284 84 106
1 7 9
227 387 421 314 311 140 431 193 98
1 18 4
173 227 326 152
1 16 4
492 190 282 81
1 19 4
230 34 357 133
1 12 6
334 235 327 207 462 465
1 24 3
154 438 341
1 11 7
438 460 79 100 401 80 298
1 9 7
329 421 425 95 250 122 50
1 11 7
416 459 445 216 101 127 415
1 8 9
327 12 275 383 224 421 438 154 265
1 10 6
446 421 489 315 22 182
1 13 5
306 393 305 236 394
1 9 8
476 91 180 82 84 182 283 404
1 12 4
50 499 308 363
1 13 5
261 408 209 379 118
1 10 7
89 355 236 5 375 211 55
1 7 10
333 237 209 452 494 63 115 443 184 213
1 11 4
56 325 232 176
1 11 6
296 415 349 414 57 21
1 12 6
184 305 125 426 250 110
1 8 9
27 141 367 460 2 421 237 285 388
1 8 8
394 443 102 442 165 393 275 330
1 7 9
5 202 53 58 258 69 242 441 1
1 20 3
450 374 289
1 18 3
65 479 457
1 11 6
141 450 381 466 232 299
1 17 4
289 436 204 17
1 7 10
30 256 347 395 126 477 443 348 303 249
1 8 8
263 360 477 157 198 309 325 236
1 9 6
377 1 358 480 442 0
1 13 2
189 231
1 18 4
24 388 326 7
1 11 6
195 243 462 337 224 323
1 5 9
3 452 458 142 13 165 29 484 355
1 19 4
353 220 417 148
1 14 5
342 367 297 423 260
1 19 4
254 240 178 347
1 6 7
241 238 178 399 484 91 342
1 28 2
179 42
1 16 4
229 217 182 176
1 8 9
78 56 140 221 148 111 267 36 259
1 10 7
232 141 308 93 228 215 321
1 8 9
328 404 306 454 244 121 16 207 13
1 6 10
419 241 215 359 349 269 17 381 75 108
1 21 3
336 204 304
1 10 7
29 324 447 457 130 38 459
1 7 10
135 198 472 223 175 493 74 136 171 447
1 8 9
192 82 89 431 392 362 399 312 411
1 26 2
385 363
1 19 3
159 185 235
1 12 6
242 277 387 321 202 366
1 9 8
333 1 240 415 66 330 358 490
1 12 6
415 25 368 443 17 2
1 14 4
259 151 142 420
1 22 2
326 306
1 16 3
92 394 379
1 19 4
223 312 29 34
1 7 9
189 238 121 251 339 262 431 19 401
1 9 8
58 277 246 333 109 138 94 263
1 13 5
388 382 497 174 427
1 13 4
17 55 361 488
1 32 2
429 198
1 7 10
198 126 162 90 368 78 12 173 135 86
1 13 6
8 312 64 252 384 205
1 7 10
12 483 273 474 234 63 279 134 298 395
1 10 7
163 467 122 482 458 182 260
1 13 5
325 339 17 157 347
1 14 5
480 432 417 382 464
1 18 4
311 309 173 24
1 19 3
294 18 73
1 15 5
192 312 454 78 438
1 28 2
410 273
1 19 4
237 272 386 376
1 10 7
129 200 265 173 124 122 88
1 18 4
439 119 483 199
1 7 10
277 457 86 118 90 392 479 489 233 386
1 31 2
460 44
1 8 9
371 360 436 49 54 370 205 369 326
1 8 9
265 334 442 198 166 197 73 127 319
1 15 3
174 407 426
1 7 10
25 305 72 415 232 121 432 367 260 236
1 18 3
235 56 463
1 14 4
100 35 458 250
1 7 10
159 455 190 82 148 64 111 472 453 443
1 28 2
298 493
1 6 10
173 280 297 136 235 279 341 219 406 5
1 10 6
76 52 85 212 345 115
1 5 10
200 72 411 313 128 187 345 60 23 240
1 12 5
3 232 275 50 32
1 9 8
227 17 204 299 408 294 196 238
1 8 9
171 167 54 337 280 466 384 356 241
1 6 9
6 295 42 87 326 485 339 115 306
1 12 6
402 312 78 2 265 257
1 15 4
116 99 380 202
1 24 2
442 112
1 31 2
258 20
1 7 10
0 302 245 92 366 276 425 486 455 176
1 8 8
496 275 6 354 308 182 333 445
1 7 10
389 373 313 332 267 216 189 58 22 439
1 15 3
88 421 252
1 10 7
391 439 238 411 207 54 84
1 7 10
485 172 378 359 474 265 353 46 115 127
1 11 6
357 227 341 96 239 243
1 9 6
405 115 87 161 402 6
1 7 8
303 362 184 269 288 262 422 459
1 18 2
29 55
1 17 4
130 424 57 429
1 24 3
414 425 168
1 27 2
266 275
1 8 8
73 128 174 255 403 99 137 214
1 8 8
278 111 356 23 227 474 201 276
1 8 9
307 163 285 383 84 260 230 47 231
1 7 8
473 196 3 485 449 425 402 467
1 24 3
141 25 236
1 17 4
319 125 85 77
1 8 7
409 386 181 183 95 358 292
1 9 8
22 488 470 412 36 301 360 265
1 11 7
228 3 470 34 482 69 449
1 17 2
187 5
1 26 2
391 57
1 9 7
374 265 382 466 486 291 357
1 11 6
316 272 192 269 190 251
1 14 3
462 72 22
1 33 2
129 417
1 24 2
186 350
1 8 8
446 314 264 396 142 258 143 384
1 19 2
232 314
1 19 3
46 475 299
1 9 8
327 212 396 22 166 230 133 40
1 9 6
395 239 392 52 210 147
1 12 5
119 263 435 338 13
1 14 5
299 362 446 16 164
1 13 4
157 42 433 214
1 18 4
467 63 434 438
1 16 5
27 292 343 244 283
1 28 2
498 435
1 8 7
365 492 373 157 281 239 201
1 22 2
59 456
1 18 2
379 60
1 9 8
8 195 479 282 164 117 426 400
1 7 10
40 59 459 0 65 315 447 198 429 225
1 9 8
217 156 229 463 188 446 317 208
1 21 3
414 136 13
1 22 3
78 337 236
1 7 9
463 340 346 494 262 310 258 126 117
1 9 7
146 202 181 360 224 116 260
1 9 6
251 67 102 395 412 268
1 26 3
90 480 470
1 32 2
54 83
1 7 9
324 146 246 437 405 100 414 7 142
1 8 8
213 261 3 323 151 199 240 350
1 25 3
65 106 168
1 15 5
344 229 132 319 353
1 20 3
488 334 176
1 28 2
403 261
1 7 10
178 301 223 324 237 300 10 216 337 71
1 22 2
488 35
1 8 8
294 341 214 216 371 410 420 434
1 10 5
38 14 96 107 279
1 7 4
279 434 33 153
1 17 4
113 164 229 466
1 9 8
413 484 111 416 210 253 135 302
1 7 8
440 336 278 306 335 473 81 360
1 14 5
183 36 63 266 494
1 7 9
448 356 316 27 142 352 43 148 426
1 30 2
304 234
1 13 5
92 355 350 253 131
1 8 8
256 104 229 203 348 95 89 494
1 8 9
470 422 370 372 365 211 243 326 125
1 9 7
363 381 17 406 285 215 81
1 10 6
456 481 12 78 144 469
1 8 8
318 260 144 401 91 414 57 224
1 13 5
231 385 333 43 357
1 10 7
9 455 229 320 493 264 28
1 11 7
131 396 369 455 130 202 446
1 7 9
428 458 348 476 425 38 466 290 140
1 11 6
238 143 418 471 158 20
1 8 7
408 13 55 9 285 94 11
1 16 4
400 308 11 415
1 13 5
55 200 277 192 78
1 6 10
400 337 366 277 434 332 10 58 496 320
1 8 8
415 451 144 414 378 333 265 223
1 8 9
219 36 435 195 198 268 254 340 15
1 7 10
232 355 127 490 146 80 235 487 100 118
1 6 10
266 23 186 486 428 50 7 406 334 2
1 13 5
429 122 445 43 16
1 8 9
438 446 110 410 147 373 45 28 269
1 23 3
194 79 168
1 12 5
348 448 50 452 388
1 7 9
95 203 240 393 6 495 413 443 389
1 12 5
418 335 85 14 485
1 10 7
113 112 199 441 419 306 248
1 36 2
247 312
1 6 10
488 251 76 146 194 248 300 277 346 236
1 10 6
41 414 374 245 29 383
1 21 2
172 115
1 6 10
72 393 1 479 20 401 84 223 486 440
1 21 3
304 56 34
1 13 6
464 45 331 70 6 9
1 11 6
62 329 94 194 106 179
1 24 3
328 77 182
1 30 2
222 450
1 11 7
7 331 118 229 298 457 22
1 11 4
42 94 496 325
1 7 9
281 67 430 117 35 5 19 71 467
1 9 5
373 418 380 336 56
1 12 4
305 75 153 226
1 13 5
228 481 328 93 116
1 7 9
326 421 220 125 419 64 82 485 476
1 9 8
76 126 247 433 490 366 10 296
1 22 2
325 50
1 20 3
89 206 331
1 9 8
43 207 71 226 251 223 265 117
1 16 4
463 250 393 472
1 7 9
87 401 429 452 412 337 448 109 380
1 10 7
192 358 355 156 450 335 444
1 8 8
476 440 302 289 247 15 94 263
1 24 3
169 488 451
1 8 8
92 134 470 399 333 179 499 55
1 11 6
42 339 23 149 427 228
1 12 6
117 64 157 222 215 12
1 13 5
453 442 214 173 460
1 15 3
55 397 14
1 7 8
327 484 407 399 172 10 472 402
1 23 3
412 454 120
1 9 7
260 47 423 98 373 475 299
1 6 10
418 212 220 361 496 311 229 42 382 376
1 9 8
164 55 15 400 17 479 110 119
1 9 8
365 201 253 431 191 107 298 409
1 9 8
398 472 369 117 256 73 396 288
1 7 9
440 67 145 57 392 263 268 342 330
1 19 4
375 23 496 170
1 14 5
137 408 182 47 382
1 8 9
4 351 468 74 471 269 225 313 498
1 7 8
100 39 83 295 315 262 420 450
1 18 4
497 265 347 12
1 11 6
361 29 88 308 317 11
1 10 7
182 293 335 35 496 497 185
1 9 8
348 421 131 237 188 461 407 53
1 21 2
294 61
1 13 3
477 308 266
1 11 7
278 321 253 211 467 7 258
1 8 9
117 241 408 217 118 254 309 486 382
1 7 10
393 227 283 262 240 455 31 260 355 342
1 9 8
72 306 431 448 408 331 30 360
1 8 9
121 399 128 24 102 33 235 310 269
1 9 8
260 164 275 407 354 237 72 49
1 13 6
490 276 205 14 352 342
1 19 3
410 397 75
1 15 5
121 18 199 170 478
1 18 3
256 262 447
1 8 8
150 200 133 475 275 213 341 399
1 7 7
187 474 414 238 329 408 202
1 6 10
114 368 258 51 479 80 482 122 95 351
1 7 10
6 172 119 204 331 131 103 324 197 175
1 8 8
74 429 146 297 399 458 65 355
1 23 2
243 497
1 19 2
368 144
1 9 6
238 361 0 217 259 346
1 14 4
21 127 368 211
1 26 3
119 70 80
1 10 7
385 446 410 143 270 436 72
1 7 10
375 462 455 365 349 496 9 391 51 219
1 8 7
268 399 77 404 467 402 42
1 8 7
386 203 64 46 189 23 6
1 9 8
423 141 123 254 11 106 473 449
1 10 7
296 489 449 303 311 195 82
1 18 4
81 221 40 74
1 12 4
279 43 53 356
1 8 9
429 36 136 181 207 482 343 364 498
1 7 10
100 51 326 4 105 134 301 488 312 24
1 7 10
270 232 141 261 389 327 119 292 138 463
1 13 2
335 59
1 12 4
211 91 408 94
1 10 7
249 192 193 388 436 112 200
1 11 7
24 87 376 338 307 101 158
1 8 9
331 151 445 273 282 324 84 82 8
1 12 6
286 133 105 234 383 118
1 11 6
396 410 421 146 476 9
1 9 7
246 98 408 333 78 102 238
1 24 3
438 126 226
1 20 2
309 421
1 9 7
422 122 224 348 33 68 80
1 6 10
128 434 458 92 333 84 464 31 445 247
1 25 3
125 40 188
1 20 2
419 166
1 32 2
192 289
1 7 9
360 206 392 171 343 405 200 250 425
1 12 6
321 215 471 333 214 386
1 9 7
28 308 435 428 409 45 61
1 11 5
251 248 78 408 294
1 8 9
90 130 33 328 448 173 167 466 487
1 9 7
137 423 122 285 421 251 392
1 13 2
59 346
1 7 10
484 427 57 70 194 178 124 372 465 493
1 9 8
169 480 1 81 83 326 70 312
1 7 10
231 331 442 264 476 75 398 106 196 432
1 11 6
450 250 37 6 236 355
1 12 6
421 125 445 339 115 439
1 25 2
397 475
1 17 4
266 474 109 412
1 14 5
496 157 205 139 16
1 13 6
75 168 25 110 24 38
1 18 4
250 245 327 199
1 7 10
74 210 449 447 184 457 230 142 58 145
1 13 6
321 281 362 453 316 90
1 19 3
421 189 211
1 7 8
295 383 188 299 199 413 250 32
1 14 2
372 348
1 10 7
346 155 306 241 72 198 104
1 15 5
299 124 200 295 90
1 8 9
126 177 257 71 438 310 326 368 224
1 11 5
23 191 396 489 1
1 11 6
251 22 389 31 432 68
1 10 7
19 361 36 127 78 496 220
1 13 6
369 251 337 407 245 168
1 16 2
142 96
1 15 3
72 398 71
1 10 7
307 177 249 385 315 397 74
1 12 5
222 364 174 480 342
1 13 4
218 41 356 418
1 18 3
146 401 419
1 13 2
418 53
1 8 9
412 366 131 176 407 413 237 97 276
1 12 5
207 155 258 358 190
1 9 8
22 426 466 8 375 279 142 41
1 8 9
215 17 54 421 65 479 111 214 315
1 10 7
37 45 152 441 416 335 296
1 15 5
281 68 99 25 181
1 11 3
113 422 286
1 19 4
13 455 358 244
1 9 8
224 205 484 114 314 111 132 238
1 14 5
318 11 427 94 207
1 8 9
277 219 186 65 104 460 250 293 182
1 12 4
153 358 213 85
1 10 8
327 428 261 36 154 37 105 401
1 15 3
476 151 282
1 15 2
29 39
1 15 4
186 236 277 92
1 11 7
323 286 321 193 90 215 427
1 8 9
291 74 383 209 242 104 286 265 386
1 8 6
450 196 426 187 116 364
1 19 3
378 375 494
1 12 5
380 129 430 265 178
1 9 7
232 492 386 357 68 121 339
1 11 7
465 417 35 383 377 333 478
1 6 9
142 7 452 91 394 194 456 335 355
1 12 6
203 159 337 199 380 106
1 28 2
415 155
1 7 8
429 400 300 29 221 172 337 459
1 10 8
57 283 46 267 365 277 271 356
1 20 3
423 14 54
1 17 3
366 18 175
1 7 10
304 173 186 268 402 73 53 95 246 367
1 8 9
36 220 101 184 368 359 486 314 360
1 8 9
78 321 288 53 54 74 347 253 278
1 12 6
333 493 341 34 486 284
1 11 7
321 385 375 58 164 417 399
1 17 4
44 420 121 95
1 12 4
43 68 26 351
1 11 6
451 454 26 252 467 231
1 29 2
274 146
1 7 10
248 58 282 177 300 461 385 132 414 60
1 11 7
3 480 305 233 327 348 262
1 16 3
354 363 382
1 9 8
327 438 356 106 79 245 111 118
1 8 8
219 109 401 236 355 307 39 108
1 7 10
495 248 107 357 1 3 390 55 435 331
1 18 3
41 121 299
1 9 8
112 182 457 234 126 280 450 373
1 13 4
291 146 316 323
1 8 9
292 261 108 407 56 115 463 479 438
1 7 10
117 447 218 228 269 496 336 264 179 418
1 7 9
74 466 23 335 354 220 17 114 69
1 14 5
434 148 241 236 278
1 15 3
329 136 251
1 12 6
103 313 283 84 179 248
1 11 3
489 404 282
1 8 8
286 120 444 463 189 100 391 450
1 10 6
209 290 229 285 412 296
1 8 8
136 435 78 460 15 484 210 386
1 14 5
17 317 423 293 252
1 15 2
162 376
1 25 3
215 19 30
1 8 9
410 419 495 110 337 170 471 318 290
1 8 8
391 483 389 291 496 429 67 54
1 18 4
268 382 207 34
1 10 3
301 89 425
1 10 7
57 384 130 447 252 136 378
1 14 3
315 39 84
1 9 7
80 96 92 91 415 302 235
1 12 6
233 114 221 339 37 117
1 8 8
280 346 383 158 157 219 463 177
1 9 7
486 58 240 264 82 484 31
1 28 2
168 483
1 9 8
401 388 263 236 216 71 119 298
1 12 6
232 348 240 429 306 321
1 15 4
386 299 358 344
1 8 9
172 438 232 213 206 218 392 182 31
1 8 9
283 427 195 481 468 350 192 425 489
1 18 4
77 462 351 267
1 13 5
197 441 335 91 43
1 17 2
301 339
1 20 3
423 237 26
1 10 7
201 258 438 299 150 447 72
1 15 5
205 318 9 301 31
1 13 3
346 386 462
1 37 2
44 99
1 8 9
395 173 134 106 40 194 179 398 483
1 10 7
63 9 303 193 21 412 204
1 12 6
145 103 191 253 76 32
1 10 7
173 306 461 302 387 154 85
1 8 9
361 131 372 73 20 392 400 348 70
1 7 6
266 330 189 245 105 232
1 6 10
487 172 92 260 213 176 300 20 285 405
1 7 10
469 342 90 244 425 409 61 271 129 58
1 16 2
231 359
1 16 4
10 160 382 375
1 11 6
146 273 80 35 250 149
1 12 5
351 381 363 120 342
1 12 4
33 409 325 186
1 14 4
88 13 264 49
1 7 10
437 269 491 470 394 323 317 240 259 275
1 12 6
346 322 439 425 398 314
1 23 3
233 274 408
1 9 8
23 225 346 272 295 143 197 20
1 9 8
110 421 331 236 287 193 454 381
1 14 5
333 159 38 486 25
1 7 10
489 54 385 78 133 211 473 136 202 396
1 8 9
318 302 305 130 11 175 442 28 183
1 11 7
342 380 188 490 246 49 478
1 10 7
317 20 87 312 309 328 187
1 6 10
22 358 43 409 57 242 321 157 100 189
1 7 10
78 135 37 428 82 349 458 109 269 456
1 9 8
62 189 16 361 484 6 367 213
1 12 6
416 281 430 468 156 86
1 10 7
16 411 438 68 288 284 395
1 11 6
394 11 361 303 72 461
1 11 6
138 495 419 162 339 407
1 21 2
71 456
1 15 2
12 93
1 17 3
296 127 498
1 22 2
1 115
1 16 4
484 427 466 404
1 19 3
338 56 257
1 35 2
265 124
1 23 3
385 198 350
1 13 5
487 257 278 305 325
1 11 6
128 243 56 168 222 142
1 9 8
470 331 435 337 499 103 495 95
1 8 7
365 77 270 217 23 58 178
1 7 10
486 141 159 382 47 25 282 151 108 319
1 7 10
388 326 87 200 129 11 126 370 191 311
1 14 2
52 301
1 13 4
397 301 256 412
1 10 7
186 15 119 76 358 153 418
1 10 7
415 431 266 242 186 25 457
1 8 8
424 184 222 233 72 134 10 299
1 13 5
86 80 376 47 239
1 8 9
180 310 476 414 237 412 303 153 184
1 16 3
386 190 96
1 7 10
230 338 342 209 350 86 243 461 285 311
1 20 3
422 43 454
1 9 7
256 480 467 326 44 102 466
1 11 6
412 273 313 141 436 374
1 18 4
384 9 416 87
1 23 3
344 14 366
1 14 5
370 85 382 486 117
1 21 3
343 305 23
1 22 3
124 162 222
1 7 10
102 248 437 347 443 148 229 206 258 321
1 16 3
219 85 422
1 8 8
74 398 23 374 235 423 496 69
1 20 2
89 440
1 11 3
209 255 447
1 16 4
93 83 36 330
1 25 2
13 17
1 26 2
21 141
1 12 4
20 213 433 245
1 14 5
237 355 263 275 314
1 19 3
2 449 149
1 6 10
166 400 93 342 49 494 218 203 190 458
1 8 9
341 114 424 190 465 230 78 377 473
1 9 8
370 175 7 188 337 224 70 250
1 22 3
46 271 34
1 14 5
56 4 19 273 299
1 9 7
397 416 391 476 379 274 413
1 8 8
277 305 97 350 347 412 431 330
1 26 3
40 119 350
1 9 8
478 202 449 253 487 19 346 199
1 9 8
155 463 284 361 471 264 415 96
1 11 6
15 297 246 412 303 400
1 19 4
36 448 65 205
1 22 3
496 490 216
1 19 3
31 290 137
1 8 7
194 431 417 479 108 355 428
1 15 4
9 139 172 4
1 19 4
386 321 287 284
1 16 2
91 330
1 13 4
423 475 239 58
1 18 3
304 87 220
1 9 7
203 249 305 374 376 15 172
1 9 8
101 269 156 145 27 332 22 398
1 7 10
87 176 102 188 44 37 164 23 33 110
1 12 6
234 151 297 14 129 224
1 7 9
16 72 297 238 399 262 122 87 46
1 9 8
480 358 189 269 161 360 84 101
1 27 2
170 329
1 13 6
420 145 214 4 119 81
1 7 10
18 309 24 453 286 57 190 347 111 373
1 18 3
201 222 178
1 12 6
250 270 402 128 312 359
1 11 7
97 4 95 248 103 336 367
1 16 2
355 71
1 9 7
406 169 377 195 10 13 426
1 9 8
488 8 255 403 309 296 228 473
1 9 7
306 330 126 252 451 83 439
1 21 2
83 434
1 9 8
457 2 340 63 203 423 394 101
1 9 7
299 282 449 418 140 275 398
1 22 3
441 199 466
1 17 3
163 282 72
1 7 10
49 141 222 330 21 382 393 54 269 473
1 16 2
195 348
1 8 9
65 491 293 340 43 275 367 267 20
1 12 4
377 105 435 140
1 15 5
338 14 234 163 164
1 13 5
23 459 434 240 169
1 8 8
374 139 260 222 270 253 211 217
1 12 5
255 239 144 293 42
1 10 7
80 273 343 399 170 385 142
1 25 2
418 312
1 7 10
193 412 483 90 211 36 72 212 463 111
1 26 2
230 378
1 9 8
171 37 393 9 412 468 17 19
1 11 6
87 53 130 212 275 149
1 7 10
90 372 352 85 226 61 356 30 200 362
1 26 3
394 369 470
1 7 10
101 345 421 377 18 412 402 64 446 435
1 20 3
100 436 151
1 7 9
146 175 306 128 162 352 103 11 468
1 9 8
272 46 210 431 441 270 355 354
1 27 2
367 336
1 9 8
313 383 432 475 139 205 118 430
1 19 4
298 169 103 59
1 7 10
167 184 30 142 113 172 351 98 14 338
1 13 5
179 208 445 409 420
1 7 10
32 246 276 11 146 217 182 127 340 87
1 11 6
24 218 343 303 150 160
1 8 9
418 354 283 388 107 485 184 74 134
1 8 7
190 236 69 378 486 75 129
1 21 3
257 222 151
1 8 9
2 174 491 400 277 112 469 159 61
1 8 9
87 267 103 226 428 407 242 341 272
1 8 7
401 474 380 221 186 73 315
1 9 8
490 233 318 159 376 87 241 344
1 24 2
456 390
1 11 6
185 490 161 418 435 426
1 15 5
300 233 136 276 397
1 7 9
365 358 138 103 304 463 177 99 51
