500 2500 775
11 40 38 22 25 21 26 30 31 28 36 14 39 17 28 18 26 13 30 11 31 17 26 28 30 33 11 12 16 13 21 23 26 25 12 11 13 35 39 16 19 11 26 29 23 33 32 16 28 14 25 16 26 33 38 14 35 28 32 18 11 14 34 23 29 21 16 14 19 18 15 21 36 27 22 40 21 30 34 17 27 25 19 16 26 34 22 40 32 18 34 27 27 31 26 17 40 32 29 33 14 15 30 37 13 35 36 30 23 38 15 33 32 21 34 39 19 33 36 22 33 11 12 16 14 21 14 27 38 38 27 31 15 25 19 34 37 27 20 18 15 18 22 11 34 16 15 39 18 26 11 29 12 17 38 15 30 34 17 23 16 15 25 24 30 11 36 29 30 35 15 22 26 11 38 16 23 22 29 26 11 24 17 26 32 29 21 12 27 15 40 25 20 24 25 35 33 20 40 17 23 25 35 38 29 29 23 23 39 27 32 12 30 16 38 12 37 30 19 36 19 16 21 15 35 26 22 15 33 16 39 30 33 40 36 11 19 32 30 39 30 38 17 35 33 36 38 35 11 35 22 12 29 26 33 17 16 30 15 33 18 30 13 11 30 36 21 29 23 21 29 34 33 22 38 16 36 19 21 34 29 28 28 29 19 27 26 18 34 25 35 26 30 13 32 33 22 39 38 38 25 30 32 38 28 17 18 35 38 36 19 36 15 16 22 20 11 35 11 31 21 11 38 20 37 27 38 25 40 12 11 30 16 31 37 11 12 36 26 24 11 25 18 26 13 17 16 24 21 27 34 26 38 30 19 19 12 29 25 13 37 14 14 21 37 11 19 33 28 25 18 27 22 37 28 29 31 30 14 34 14 15 28 35 13 40 22 32 13 36 18 39 15 37 30 38 11 38 25 40 16 25 14 16 20 22 29 29 30 28 39 35 33 27 22 36 38 25 14 32 36 21 37 24 35 13 31 20 12 16 12 38 11 16 13 37 16 39 36 16 23 35 33 31 28 34 23 18 18 28 19 35 31 11 23 32 26 23 36 33 36 17 26 31 17 22 18 19 35 18 11 36 19 21 37 27 35 33 29 18 23 22 29 33 40 23 12 29 36 30 22 40 20 17 30 23 29 31 27 11
1 30 28 12 15 11 16 20 21 18 26 4 29 7 18 8 16 3 20 1 21 7 16 18 20 23 1 2 6 3 11 13 16 15 2 1 3 25 29 6 9 1 16 19 13 23 22 6 18 4 15 6 16 23 28 4 25 18 22 8 1 4 24 13 19 11 6 4 9 8 5 11 26 17 12 30 11 20 24 7 17 15 9 6 16 24 12 30 22 8 24 17 17 21 16 7 30 22 19 23 4 5 20 27 3 25 26 20 13 28 5 23 22 11 24 29 9 23 26 12 23 1 2 6 4 11 4 17 28 28 17 21 5 15 9 24 27 17 10 8 5 8 12 1 24 6 5 29 8 16 1 19 2 7 28 5 20 24 7 13 6 5 15 14 20 1 26 19 20 25 5 12 16 1 28 6 13 12 19 16 1 14 7 16 22 19 11 2 17 5 30 15 10 14 15 25 23 10 30 7 13 15 25 28 19 19 13 13 29 17 22 2 20 6 28 2 27 20 9 26 9 6 11 5 25 16 12 5 23 6 29 20 23 30 26 1 9 22 20 29 20 28 7 25 23 26 28 25 1 25 12 2 19 16 23 7 6 20 5 23 8 20 3 1 20 26 11 19 13 11 19 24 23 12 28 6 26 9 11 24 19 18 18 19 9 17 16 8 24 15 25 16 20 3 22 23 12 29 28 28 15 20 22 28 18 7 8 25 28 26 9 26 5 6 12 10 1 25 1 21 11 1 28 10 27 17 28 15 30 2 1 20 6 21 27 1 2 26 16 14 1 15 8 16 3 7 6 14 11 17 24 16 28 20 9 9 2 19 15 3 27 4 4 11 27 1 9 23 18 15 8 17 12 27 18 19 21 20 4 24 4 5 18 25 3 30 12 22 3 26 8 29 5 27 20 28 1 28 15 30 6 15 4 6 10 12 19 19 20 18 29 25 23 17 12 26 28 15 4 22 26 11 27 14 25 3 21 10 2 6 2 28 1 6 3 27 6 29 26 6 13 25 23 21 18 24 13 8 8 18 9 25 21 1 13 22 16 13 26 23 26 7 16 21 7 12 8 9 25 8 1 26 9 11 27 17 25 23 19 8 13 12 19 23 30 13 2 19 26 20 12 30 10 7 20 13 19 21 17 1
1 9 5
467 113 201 176 448
1 8 8
384 260 379 229 145 108 250 474
1 21 2
13 300
1 21 3
333 279 64
1 7 10
0 310 468 90 307 474 23 459 11 381
1 7 9
398 389 88 22 162 201 176 301 441
1 7 9
94 262 156 227 451 267 304 445 176
1 8 8
104 293 327 402 95 107 54 268
1 22 2
221 406
1 7 10
415 15 403 435 255 289 466 188 183 204
1 19 2
400 142
1 8 8
0 386 55 209 471 252 257 39
1 9 8
265 487 120 148 294 373 150 32
1 10 7
133 118 281 452 35 283 62
1 10 7
241 46 145 167 156 78 404
1 10 7
62 224 249 52 195 197 288
1 27 2
463 495
1 21 2
5 186
1 7 10
100 123 109 222 302 272 206 16 181 200
1 9 8
437 218 130 84 221 390 295 131
1 13 3
61 286 336
1 7 9
84 268 477 231 444 124 168 280 315
1 13 5
499 137 28 38 310
1 10 7
128 210 357 353 249 74 196
1 21 2
497 365
1 9 8
297 177 414 415 451 198 78 465
1 17 2
268 165
1 7 9
60 361 299 13 287 301 0 194 47
1 8 8
113 202 349 240 105 31 492 425
1 11 6
2 63 419 92 260 264
1 8 8
331 332 48 101 310 245 493 131
1 13 5
53 273 210 317 371
1 9 7
362 330 421 207 16 139 103
1 9 7
260 242 345 364 462 139 23
1 20 3
62 170 57
1 8 8
3 7 15 48 54 228 496 220
1 11 6
303 112 254 374 3 99
1 5 10
258 398 149 89 301 465 81 40 392 167
1 12 6
62 236 437 472 311 197
1 12 5
35 188 165 114 341
1 24 2
60 109
1 10 7
64 246 303 374 260 377 286
1 11 6
370 310 387 464 435 356
1 19 3
360 26 86
1 10 7
313 28 56 243 472 132 370
1 6 10
166 48 477 225 300 159 497 146 248 60
1 8 9
296 491 382 23 417 45 273 267 1
1 8 9
397 300 444 35 365 243 290 99 362
1 13 3
344 170 32
1 13 5
129 148 126 487 351
1 10 6
176 223 490 440 51 437
1 9 5
27 161 259 49 41
1 11 6
184 186 349 357 142 166
1 9 8
268 130 115 192 359 388 471 353
1 12 6
308 165 225 14 471 418
1 23 2
157 344
1 15 5
115 298 294 234 463
1 18 3
187 473 288
1 9 7
358 104 455 85 446 356 13
1 6 10
294 165 250 140 396 8 350 343 394 307
1 18 2
310 21
1 16 3
29 407 220
1 23 2
185 141
1 8 9
408 433 366 494 364 54 82 478 24
1 8 8
302 244 495 427 293 480 210 279
1 12 5
30 278 10 6 409
1 8 7
84 186 348 11 362 126 118
1 17 3
330 148 111
1 14 4
159 341 376 287
1 16 4
237 279 463 260
1 20 2
486 204
1 12 5
426 117 318 475 275
1 10 7
418 253 49 255 305 202 239
1 17 4
397 139 490 120
1 8 9
36 75 29 228 202 301 190 305 467
1 7 10
418 381 283 301 230 371 466 198 427 269
1 6 9
14 199 44 227 370 462 248 486 48
1 15 4
234 354 194 152
1 9 7
235 93 265 372 89 340 204
1 10 7
368 483 261 385 359 458 102
1 6 10
247 281 164 459 44 386 90 127 401 85
1 7 10
106 415 395 5 278 475 255 168 36 152
1 11 7
344 359 399 128 347 432 271
1 7 10
92 145 415 495 101 255 280 186 84 144
1 14 5
491 302 374 88 16
1 10 5
41 120 165 403 450
1 18 4
124 109 386 169
1 8 8
253 433 99 21 189 112 301 195
1 7 10
324 386 41 183 378 147 166 418 125 231
1 25 3
125 399 393
1 24 3
441 475 395
1 16 4
492 68 364 409
1 11 6
279 255 426 300 53 251
1 34 2
333 422
1 8 9
31 202 476 130 6 103 87 90 323
1 12 5
52 31 427 195 218
1 7 10
189 199 401 125 169 270 50 391 282 183
1 25 2
135 175
1 22 2
6 260
1 9 6
29 240 177 285 186 63
1 7 8
388 400 403 320 443 65 58 29
1 12 5
419 100 267 127 427
1 12 6
272 276 8 385 83 490
1 7 10
280 452 77 479 223 445 130 488 235 38
1 9 8
119 496 412 488 198 109 477 84
1 10 4
256 209 47 453
1 16 4
178 41 496 471
1 7 10
358 126 106 295 347 47 262 410 302 432
1 20 2
134 465
1 19 3
99 86 52
1 23 2
307 0
1 9 7
349 257 281 12 113 354 278
1 6 7
143 361 275 163 432 269 13
1 18 4
416 254 262 157
1 8 8
478 424 217 321 426 365 401 285
1 14 4
36 185 375 69
1 8 8
207 4 28 157 21 34 220 459
1 7 10
259 116 39 247 370 166 374 88 56 297
1 21 2
126 282
1 12 6
256 252 62 177 186 399
1 10 4
55 481 21 65
1 12 4
161 446 304 3
1 7 10
107 190 271 35 437 375 364 106 445 90
1 12 6
468 455 143 464 431 249
1 8 6
343 91 68 314 149 47
1 23 2
105 152
1 8 9
450 269 437 152 420 298 277 12 82
1 18 3
478 332 4
1 7 9
49 168 155 101 287 435 272 209 35
1 16 4
91 130 424 231
1 9 8
16 314 214 240 287 248 393 279
1 26 2
414 168
1 11 6
146 29 200 239 329 212
1 7 9
325 463 23 111 253 189 358 412 22
1 22 2
293 88
1 14 5
442 92 186 200 54
1 6 10
31 254 261 414 156 250 383 114 191 462
1 8 9
187 418 305 109 361 477 360 81 327
1 6 10
82 443 472 130 304 52 99 383 102 162
1 14 2
479 121
1 17 4
145 58 470 389
1 8 8
293 215 91 232 290 224 51 9
1 12 6
431 78 350 98 23 353
1 16 4
24 148 307 100
1 22 3
224 63 463
1 18 3
363 284 249
1 8 8
364 33 292 25 113 125 489 362
1 7 9
95 155 459 135 381 351 156 466 125
1 27 2
246 39
1 20 3
399 262 30
1 9 8
77 164 178 52 149 309 484 200
1 13 4
378 434 412 348
1 7 10
58 223 371 80 411 78 3 146 471 323
1 11 6
245 375 353 330 57 238
1 9 8
477 330 9 382 497 42 385 381
1 7 10
406 174 104 324 41 438 143 310 491 280
1 7 9
377 90 281 152 320 259 379 151 446
1 7 10
73 252 230 270 357 315 7 322 213 48
1 12 6
386 431 183 391 112 81
1 13 5
360 222 466 151 127
1 9 8
48 26 177 432 230 487 85 489
1 25 2
233 499
1 9 8
485 406 238 419 93 375 474 241
1 8 9
109 241 61 174 258 402 28 156 245
1 8 9
225 474 307 223 136 321 380 375 383
1 8 8
294 218 53 37 271 162 131 93
1 8 7
123 478 150 180 428 167 83
1 23 3
134 294 2
1 11 5
178 143 408 252 323
1 17 2
60 454
1 8 9
177 430 416 83 445 49 333 97 453
1 35 2
239 463
1 22 2
77 55
1 7 9
108 269 370 223 381 224 418 41 77
1 8 9
100 250 125 431 481 356 158 21 383
1 8 8
63 442 398 199 226 245 125 473
1 9 6
355 481 376 372 127 414
1 17 2
35 268
1 14 4
217 255 167 472
1 8 9
118 315 417 55 274 38 144 474 438
1 9 8
246 392 265 105 273 65 493 162
1 32 2
325 322
1 21 3
224 168 225
1 19 2
192 220
1 11 5
70 225 77 361 417
1 7 10
410 179 286 35 275 168 53 471 344 207
1 10 7
401 475 307 419 136 35 438
1 7 10
313 192 207 63 367 354 397 39 402 169
1 9 7
419 69 9 332 279 119 221
1 17 4
480 435 237 30
1 6 10
140 359 414 170 137 57 405 449 22 476
1 9 7
69 410 3 450 194 314 401
1 33 2
463 468
1 10 7
154 383 121 255 59 372 54
1 10 5
444 248 33 277 316
1 17 4
293 7 109 377
1 8 7
356 378 14 382 428 260 168
1 6 10
333 100 312 98 48 447 217 429 414 127
1 7 10
456 217 247 146 191 242 161 102 91 484
1 11 7
12 73 55 328 290 446 493
1 21 2
429 84
1 11 7
415 187 144 25 294 214 75
1 7 10
434 52 309 422 454 185 308 208 263 153
1 15 5
47 266 322 110 308
1 9 8
282 87 361 78 49 352 415 459
1 9 6
25 495 187 273 49 465
1 17 2
110 218
1 17 3
242 445 313
1 6 10
7 70 226 68 304 90 35 79 17 398
1 28 2
25 44
1 11 6
263 452 54 450 466 24
1 7 9
257 88 312 191 359 479 320 274 270
1 7 9
286 350 269 340 195 432 495 411 164
1 24 2
299 263
1 8 9
360 286 219 80 309 152 456 464 214
1 15 5
247 297 322 467 189
1 7 10
396 356 36 194 7 426 374 455 373 169
1 10 7
279 308 282 498 486 137 466
1 30 2
274 454
1 14 4
316 248 214 390
1 9 8
13 499 111 24 188 113 96 446
1 22 2
305 127
1 9 8
442 460 100 106 89 474 167 459
1 7 10
75 337 361 146 215 291 327 359 127 207
1 10 6
335 71 63 31 416 485
1 7 7
381 327 310 466 496 479 163
1 8 8
357 287 290 444 59 434 415 257
1 20 3
6 379 211
1 14 5
45 332 460 154 418
1 7 10
177 225 153 467 488 122 297 203 184 10
1 7 9
204 53 63 4 234 317 189 81 59
1 8 7
222 378 192 35 444 284 135
1 14 5
17 206 442 174 125
1 8 9
236 385 361 68 123 447 162 96 309
1 7 10
317 476 283 5 250 178 466 47 161 370
1 7 8
90 194 209 23 132 40 119 116
1 7 8
48 412 51 495 28 40 108 201
1 24 2
347 417
1 10 7
470 480 279 210 344 55 491
1 20 2
15 268
1 8 9
124 352 246 204 358 78 457 309 494
1 12 3
362 447 284
1 10 5
15 21 236 199 117
1 12 6
163 203 121 326 247 258
1 7 10
59 109 272 157 159 374 387 13 242 445
1 12 6
198 136 452 65 253 86
1 20 2
252 499
1 7 7
177 53 380 11 359 432 363
1 7 10
422 79 111 187 380 32 344 208 458 445
1 10 7
190 394 493 178 234 342 143
1 9 7
164 53 49 312 333 493 480
1 7 8
250 236 475 388 273 29 296 270
1 8 9
128 136 407 143 180 151 425 331 14
1 7 9
329 390 353 55 441 80 370 429 10
1 30 2
352 159
1 10 7
34 458 189 125 28 228 491
1 8 9
473 65 324 301 226 350 471 483 101
1 15 4
181 196 316 137
1 13 5
112 311 199 218 251
1 20 3
145 495 352
1 9 8
468 297 440 456 461 298 457 112
1 21 2
406 262
1 18 4
389 340 27 410
1 19 2
113 13
1 23 3
73 364 120
1 8 9
308 317 32 51 345 143 306 48 276
1 7 9
69 489 340 344 237 407 210 33 383
1 13 4
424 17 19 192
1 24 2
68 280
1 8 6
291 480 235 369 222 16
1 7 10
285 443 225 205 289 169 372 427 117 265
1 8 9
272 204 87 462 158 237 418 286 88
1 7 10
324 136 163 16 213 393 139 182 117 14
1 14 5
72 182 463 271 221
1 7 8
201 43 227 9 266 283 485 28
1 8 9
114 143 238 432 167 113 410 45 163
1 7 10
243 19 153 190 170 57 386 116 152 289
1 8 8
452 247 146 242 76 306 210 296
1 11 5
220 492 305 108 85
1 14 5
463 385 204 279 291
1 32 2
357 202
1 15 5
15 416 1 316 310
1 6 10
229 84 362 467 192 135 359 486 487 366
1 10 6
295 406 40 444 473 339
1 21 3
63 231 424
1 8 7
302 222 47 207 102 29 331
1 26 2
324 189
1 7 9
64 475 474 355 248 153 348 229 92
1 22 3
336 45 37
1 10 7
452 117 37 18 160 385 187
1 11 6
1 368 123 60 104 55
1 8 8
366 340 124 200 254 106 3 62
1 7 10
2 201 176 207 319 141 212 100 408 309
1 10 7
464 445 490 252 141 153 395
1 6 8
108 346 146 371 226 372 381 141
1 9 8
7 410 393 65 248 171 165 424
1 12 5
167 370 240 62 68
1 15 3
19 142 163
1 24 2
134 377
1 16 4
243 347 396 301
1 17 4
180 223 265 120
1 13 3
15 363 116
1 10 7
58 457 164 247 355 324 63
1 8 9
303 22 494 221 127 147 392 476 184
1 16 4
152 137 233 390
1 8 9
23 282 241 68 317 120 155 310 2
1 15 3
345 165 449
1 16 4
464 193 445 231
1 28 2
18 137
1 12 6
69 295 126 437 48 422
1 7 10
76 407 389 180 418 226 463 10 199 314
1 6 9
281 181 320 255 287 66 469 88 404
1 27 2
264 327
1 9 7
293 363 8 404 490 424 248
1 16 3
8 236 355
1 11 6
47 165 389 16 117 23
1 24 3
90 181 297
1 31 2
1 159
1 16 4
476 400 294 349
1 10 7
431 43 97 441 234 397 64
1 19 3
414 235 219
1 7 9
29 350 275 222 35 3 459 319 162
1 14 5
37 424 297 43 392
1 18 4
320 458 200 219
1 10 7
470 174 245 30 44 127 361
1 10 7
269 439 476 484 277 167 237
1 17 3
134 227 271
1 9 6
220 320 476 141 236 273
1 12 5
459 22 107 465 461
1 14 5
401 8 125 273 147
1 9 7
244 454 243 218 305 475 343
1 8 8
452 179 455 453 88 86 206 156
1 15 5
28 55 38 373 335
1 16 4
206 292 10 342
1 6 10
341 439 359 55 484 436 220 160 338 329
1 35 2
203 184
1 11 5
36 55 139 441 421
1 34 2
129 257
1 12 6
395 37 294 496 219 288
1 8 9
188 266 157 322 66 179 32 154 311
1 7 9
357 389 304 68 23 370 158 138 149
1 25 3
360 183 246
1 18 4
154 179 63 136
1 7 8
43 237 344 146 357 32 291 168
1 9 8
322 0 102 196 281 68 35 416
1 13 6
198 182 386 278 322 469
1 15 5
128 154 278 227 123
1 23 3
279 444 307
1 14 4
49 274 113 199
1 22 3
116 459 114
1 21 2
313 253
1 8 9
67 499 322 2 379 430 134 305 35
1 9 8
311 372 230 286 383 473 445 214
1 10 7
305 397 278 282 243 138 268
1 9 7
30 155 14 230 60 495 33
1 10 7
39 143 219 479 301 191 54
1 15 4
312 183 269 422
1 10 7
93 379 20 57 424 347 441
1 9 6
201 366 207 212 14 329
1 6 10
178 67 138 30 45 180 236 463 456 173
1 8 9
132 467 247 204 273 453 410 334 20
1 13 5
177 313 210 335 117
1 9 8
36 476 292 183 249 396 326 231
1 13 4
227 34 452 31
1 13 4
36 89 488 140
1 22 2
131 402
1 10 6
347 417 231 301 235 150
1 8 9
489 190 432 483 311 348 304 459 191
1 19 2
132 181
1 9 5
178 79 139 396 493
1 21 3
391 404 289
1 12 6
298 386 23 288 290 463
1 9 7
37 318 412 189 175 440 144
1 9 8
153 14 164 154 492 297 403 172
1 9 7
84 211 370 7 488 414 161
1 7 9
36 60 162 495 407 492 313 136 155
1 17 4
75 286 339 489
1 7 9
286 24 34 23 451 441 261 296 414
1 7 8
378 341 116 360 248 269 13 306
1 10 5
101 469 430 359 441
1 10 7
142 265 232 395 218 425 221
1 18 4
306 458 379 324
1 12 5
90 450 84 222 275
1 9 7
255 408 386 291 11 188 298
1 15 5
329 6 299 174 257
1 14 4
457 400 98 48
1 7 10
100 96 16 421 29 476 317 454 20 167
1 14 2
59 143
1 6 10
30 139 180 170 77 378 259 279 271 116
1 12 6
348 391 273 317 329 308
1 10 7
480 337 128 246 151 414 308
1 31 2
377 88
1 6 10
497 314 368 80 156 221 45 369 173 19
1 10 4
220 481 313 100
1 7 10
16 379 114 321 157 390 451 101 441 221
1 11 6
229 221 331 192 380 241
1 10 6
22 428 220 150 498 483
1 8 7
14 79 238 346 282 182 304
1 8 9
63 466 418 397 9 485 376 164 385
1 8 8
415 481 428 14 452 376 365 24
1 19 4
348 1 474 122
1 19 3
145 334 142
1 20 3
183 285 117
1 7 10
332 424 2 92 100 307 360 354 406 420
1 23 3
350 234 122
1 19 2
51 119
1 9 7
109 286 218 361 83 382 381
1 10 7
336 136 461 243 225 394 498
1 8 9
170 95 323 212 211 25 337 128 123
1 14 5
232 458 11 202 155
1 9 7
26 381 19 475 113 161 10
1 12 4
183 372 15 141
1 36 2
422 389
1 19 4
129 28 158 399
1 9 6
120 51 284 194 165 433
1 7 8
119 289 430 349 66 156 141 49
1 22 3
63 484 286
1 14 4
189 205 313 209
1 11 5
185 140 280 369 30
1 5 10
39 378 296 253 355 68 428 463 325 421
1 21 3
375 307 242
1 12 6
43 3 352 51 21 72
1 19 4
309 203 290 174
1 8 8
427 23 314 453 190 137 250 414
1 18 4
424 203 417 374
1 11 7
197 154 48 147 421 274 29
1 9 8
447 67 341 3 75 291 420 204
1 6 10
128 329 380 236 281 178 470 402 335 41
1 9 7
348 81 32 252 255 80 85
1 6 10
24 42 66 104 492 229 338 409 410 22
1 10 7
309 433 366 324 91 81 130
1 9 7
151 336 468 423 44 426 74
1 14 3
101 13 81
1 9 7
137 247 91 367 153 162 199
1 9 8
284 119 130 198 425 213 106 417
1 10 7
291 306 54 271 108 14 436
1 9 6
403 28 263 464 42 232
1 6 10
429 253 376 229 433 163 290 70 41 325
1 11 3
378 275 116
1 10 8
296 181 100 389 87 75 443 115
1 8 7
111 286 123 281 439 63 478
1 16 4
111 35 83 228
1 12 5
406 434 262 302 152
1 19 2
390 404
1 35 2
301 1
1 9 7
88 69 189 176 33 323 111
1 30 2
195 291
1 8 7
495 244 6 388 11 447 341
1 6 7
341 313 124 425 141 140 312
1 25 2
337 132
1 15 3
156 221 396
1 6 9
162 402 436 191 465 32 383 226 447
1 13 5
462 153 142 238 437
1 26 2
7 171
1 21 2
345 351
1 23 2
113 16
1 10 7
282 214 146 468 242 360 358
1 12 5
409 323 58 487 91
1 10 3
101 28 486
1 9 7
2 313 77 368 269 472 132
1 10 7
398 37 436 334 406 235 270
1 24 2
453 395
1 7 10
288 422 65 247 188 138 16 64 302 94
1 8 7
252 99 32 462 351 446 124
1 15 5
343 89 394 435 75
1 10 7
298 415 224 100 102 433 301
1 17 4
205 399 497 269
1 7 10
123 2 441 182 396 350 70 401 497 139
1 9 8
325 356 357 87 27 239 200 414
1 9 8
498 297 343 415 131 247 258 135
1 10 6
79 176 227 253 105 213
1 26 2
151 423
1 7 10
78 420 450 154 366 470 331 40 467 119
1 17 3
217 153 446
1 11 6
374 164 250 28 19 311
1 22 3
168 395 167
1 14 5
170 276 471 366 166
1 15 4
369 205 71 78
1 12 6
159 272 280 165 70 391
1 37 2
166 416
1 18 4
415 144 461 322
1 11 4
355 457 346 339
1 6 10
320 496 314 90 275 35 44 288 414 221
1 20 3
229 127 290
1 12 6
103 302 498 79 37 94
1 14 4
145 429 461 239
1 7 10
241 83 22 143 386 15 164 324 394 90
1 6 10
155 140 125 178 420 182 496 127 5 196
1 8 9
302 190 353 442 473 246 32 207 404
1 14 4
176 210 162 200
1 29 2
254 33
1 17 4
82 356 471 244
1 14 5
413 288 129 85 180
1 11 6
204 76 483 383 269 31
1 10 7
123 290 319 360 97 209 282
1 8 9
380 464 12 252 383 66 3 485 28
1 14 4
152 89 406 164
1 7 10
14 339 357 205 305 395 151 468 271 164
1 17 4
250 99 476 53
1 8 8
442 302 71 361 204 44 242 463
1 12 6
198 370 459 71 119 170
1 8 7
332 235 300 186 207 32 337
1 10 3
123 170 346
1 17 4
387 230 146 162
1 10 7
279 141 79 146 242 259 208
1 8 8
248 228 472 489 292 447 109 205
1 11 7
12 265 463 337 213 326 167
1 10 7
41 458 166 55 418 376 308
1 7 9
108 307 242 14 290 47 319 243 215
1 11 6
266 10 376 130 207 244
1 18 3
82 51 364
1 8 8
90 313 220 342 291 47 53 222
1 7 10
286 49 216 352 224 268 153 428 177 254
1 10 7
408 329 270 447 169 219 163
1 18 3
154 175 199
1 7 7
480 34 472 60 240 161 386
1 7 10
159 55 247 413 211 322 346 197 234 141
1 29 2
1 59
1 7 9
50 97 99 317 377 268 400 494 392
1 7 10
112 380 13 127 448 90 7 164 245 273
1 8 9
187 253 386 222 480 332 364 166 234
1 7 10
269 385 201 339 434 401 148 181 232 265
1 8 9
50 278 276 0 486 214 457 88 295
1 10 6
434 403 9 182 228 156
1 13 5
489 275 249 127 456
1 10 6
401 162 461 441 185 304
1 7 10
238 477 297 458 273 241 71 194 391 472
1 12 6
176 355 2 264 460 271
1 13 5
234 478 71 48 207
1 16 4
170 413 76 297
1 9 7
16 473 442 439 219 143 82
1 9 8
452 197 111 49 419 360 478 416
1 13 4
173 7 481 251
1 7 10
188 448 124 137 65 298 75 440 244 421
1 9 8
260 455 43 349 189 139 352 195
1 8 9
298 302 401 195 431 91 473 313 60
1 8 9
71 235 87 412 254 269 332 24 243
1 21 3
48 354 309
1 12 6
194 326 438 249 12 197
1 11 6
58 204 41 202 67 95
1 7 10
294 220 346 144 72 329 305 435 26 179
1 8 9
33 44 52 164 302 157 384 380 299
1 19 3
10 59 222
1 8 9
190 53 101 288 419 416 454 122 225
1 10 7
364 379 405 234 77 170 248
1 11 6
261 382 385 347 209 258
1 11 6
194 139 175 217 228 393
1 7 10
352 387 269 250 366 110 127 458 437 86
1 9 8
435 461 456 347 154 302 327 46
1 7 10
97 419 313 299 116 82 389 220 295 431
1 11 6
0 299 250 321 93 428
1 16 4
262 482 210 45
1 7 9
295 125 39 178 321 419 434 402 441
1 30 2
81 476
1 6 9
148 171 492 81 481 330 221 196 28
1 16 4
294 152 139 78
1 11 6
156 166 148 365 68 269
1 8 8
22 137 153 379 50 367 105 181
1 16 4
114 482 173 24
1 17 2
480 60
1 13 5
261 429 256 175 230
1 7 9
490 343 225 209 353 181 88 185 333
1 13 6
391 328 326 213 60 362
1 7 10
414 194 415 120 468 434 196 444 346 284
1 8 9
463 309 410 389 176 353 325 97 308
1 20 3
269 135 94
1 7 10
238 170 445 400 89 216 449 261 474 498
1 17 4
107 12 133 148
1 7 8
363 392 419 82 211 138 189 8
1 14 5
135 201 350 181 166
1 6 10
135 312 428 288 320 379 466 137 481 476
1 12 6
35 482 389 122 355 308
1 15 5
474 128 4 465 9
1 7 10
174 459 157 73 194 389 110 129 346 39
1 8 9
132 87 358 77 288 232 206 142 54
1 7 10
410 311 36 280 498 478 133 21 257 359
1 9 8
147 356 366 459 28 490 463 139
1 9 8
295 479 2 123 220 451 439 264
1 7 10
270 219 113 252 53 141 154 92 426 209
1 18 4
2 302 85 220
1 8 9
156 268 100 393 45 306 5 241 68
1 9 8
327 54 188 351 83 461 437 38
1 25 3
484 172 37
1 25 3
415 61 87
1 17 4
334 261 379 478
1 38 2
491 438
1 7 10
315 308 398 334 220 184 85 69 374 279
1 10 6
495 33 122 278 421 441
1 18 4
269 207 290 96
1 11 6
225 200 24 256 219 419
1 35 2
458 85
1 7 10
91 60 211 39 366 75 416 418 497 100
1 12 6
10 324 256 140 249 369
1 15 2
26 197
1 6 10
466 497 304 401 151 146 306 464 462 360
1 24 3
14 1 419
1 7 8
489 88 26 342 201 227 70 153
1 25 3
246 212 214
1 18 3
462 47 164
1 13 5
108 135 497 362 130
1 7 10
211 493 125 437 219 30 77 15 194 403
1 9 7
254 159 486 294 368 146 429
1 9 8
460 57 257 381 327 78 277 129
1 7 10
104 216 419 243 392 15 472 159 277 18
1 10 7
118 10 436 287 271 245 438
1 7 10
494 360 143 123 394 460 6 145 191 412
1 13 5
80 494 82 410 83
1 22 2
260 92
1 9 7
157 53 61 398 247 292 336
1 14 3
209 21 199
1 6 10
401 411 194 59 88 17 206 226 269 481
1 5 10
80 43 171 76 132 261 191 263 277 55
1 8 9
115 423 450 458 193 426 76 405 160
1 11 5
447 37 440 344 76
1 12 6
98 17 468 363 410 53
1 8 9
387 208 262 10 351 441 196 303 495
1 11 6
138 302 170 150 241 388
1 18 2
480 344
1 19 3
261 92 447
1 18 4
428 254 410 126
1 14 4
172 487 384 167
1 9 8
259 177 491 113 43 210 336 344
1 8 9
255 68 261 77 293 96 444 129 95
1 17 2
132 450
1 10 5
73 273 123 27 200
1 23 3
240 190 293
1 10 7
302 25 145 230 273 224 117
1 13 6
275 442 109 216 201 75
1 8 8
47 189 155 238 207 322 126 342
1 10 7
374 416 200 424 443 33 490
1 19 4
410 38 55 342
1 21 2
320 266
1 23 3
87 283 292
1 18 4
92 415 471 475
1 20 2
215 283
1 22 3
307 294 321
1 26 2
164 495
1 10 7
200 41 321 42 397 341 224
1 7 10
152 3 141 136 389 446 163 372 289 499
1 12 6
317 177 129 361 279 169
1 7 9
186 216 485 110 475 83 445 150 47
1 8 6
14 33 165 402 345 340
1 17 4
39 115 48 489
1 7 10
381 210 476 128 247 191 53 236 201 321
1 22 3
395 217 80
1 6 10
7 137 97 486 110 235 132 170 327 64
1 22 3
350 114 66
1 17 3
154 335 361
1 12 6
77 424 378 361 299 422
1 13 3
454 345 165
1 18 4
174 466 103 8
1 8 7
405 465 43 357 339 261 47
1 15 4
45 77 238 432
1 11 7
121 491 416 222 69 337 427
1 8 9
462 422 266 122 163 65 75 383 417
1 16 4
239 121 73 65
1 6 10
319 211 388 346 355 31 82 256 106 184
1 13 5
43 200 1 388 310
1 10 7
469 189 443 190 495 394 100
1 27 2
2 158
1 24 2
249 402
1 15 3
240 51 344
1 19 3
346 108 72
1 7 10
277 17 263 106 337 388 103 136 474 345
1 7 9
349 10 496 310 434 489 362 25 180
1 8 9
363 365 301 8 197 233 249 31 61
1 25 2
407 273
1 7 10
356 198 299 214 110 333 14 371 158 373
1 23 3
483 458 394
1 10 7
47 226 165 145 445 322 154
1 18 4
261 298 403 37
1 8 8
136 26 29 55 332 43 199 138
1 17 3
361 62 69
1 15 4
216 39 201 306
1 10 6
19 91 169 240 23 11
1 11 6
99 342 206 238 245 333
1 18 3
166 141 175
1 20 3
398 492 234
1 7 10
203 380 340 69 144 83 1 382 409 141
1 16 3
440 133 461
1 22 3
48 11 484
1 10 7
116 113 135 484 229 290 361
1 7 10
181 483 463 493 58 85 353 381 105 265
1 6 10
473 186 384 260 280 55 81 433 334 301
1 11 6
197 207 177 264 275 328
1 12 6
308 152 16 0 393 46
1 11 6
456 357 209 372 110 298
1 9 7
32 337 452 358 58 13 6
1 27 2
91 382
1 8 7
11 267 282 450 358 232 453
1 23 2
339 176
1 18 3
257 401 461
1 11 7
298 49 38 145 167 92 237
1 10 6
496 160 148 127 118 42
1 13 6
308 491 85 497 331 446
1 12 6
41 97 221 437 165 154
1 8 9
54 444 18 109 268 106 323 103 133
1 19 3
401 387 325
1 7 10
24 405 365 29 335 297 246 167 81 358
1 20 2
89 207
1 7 9
228 352 181 149 146 465 124 218 459
1 14 3
231 60 126
1 8 9
497 364 138 99 34 411 367 137 48
1 7 10
26 221 115 2 182 144 72 295 468 186
1 7 10
303 183 272 96 21 395 402 134 358 185
1 7 9
421 9 135 188 396 432 78 406 492
1 7 10
463 466 246 231 151 204 119 367 454 368
1 10 6
63 68 476 363 0 280
1 11 6
279 144 330 248 0 162
1 11 5
410 66 150 145 126
1 6 10
282 262 7 419 334 275 283 462 32 163
1 23 2
194 386
1 14 4
413 427 257 138
1 9 6
52 384 402 236 289 254
1 9 8
489 222 241 3 491 109 264 367
1 13 5
35 347 62 376 405
1 8 8
445 105 414 167 478 32 387 231
1 12 6
6 463 411 115 24 397
1 10 7
70 489 32 438 451 217 327
1 13 4
296 55 339 382
1 7 10
497 308 334 462 309 183 188 367 440 14
1 7 10
122 26 463 311 145 459 22 87 309 249
1 7 10
365 403 364 140 393 262 88 220 471 429
1 8 8
132 163 78 61 18 106 480 398
1 22 2
49 168
1 8 9
19 281 120 482 274 128 384 162 85
1 13 5
119 120 468 160 235
1 19 3
135 369 89
1 7 10
53 410 287 365 236 464 150 171 232 131
1 7 10
498 165 78 397 125 327 458 488 93 318
1 15 4
272 331 454 104
1 9 7
419 464 312 403 72 362 112
1 7 10
350 151 488 439 126 194 366 87 143 153
1 9 8
488 277 273 420 220 455 405 345
1 12 6
273 196 102 239 191 44
1 9 8
343 162 101 73 91 373 71 265
1 9 6
42 472 55 177 475 210
1 19 4
415 190 267 466
1 7 10
99 335 302 241 210 352 398 379 151 44
1 7 10
380 290 463 72 403 97 44 58 62 103
1 16 4
445 359 272 145
1 11 7
273 361 297 127 22 437 407
1 21 3
145 387 244
1 7 10
399 299 0 253 400 469 158 143 248 428
1 23 3
47 202 468
1 12 6
268 493 398 195 208 100
1 13 5
141 99 480 117 156
1 20 3
35 44 239
1 33 2
294 37
1 10 6
250 4 490 28 290 262
1 9 8
422 478 373 244 50 269 400 56
1 33 2
136 107
1 9 7
329 374 84 477 277 77 256
1 7 9
463 479 446 111 378 292 122 477 481
1 8 9
349 484 94 157 164 144 64 110 92
1 7 10
128 68 143 284 384 363 182 58 317 481
1 8 9
412 210 60 1 413 239 127 332 498
1 22 3
166 376 107
1 8 9
190 259 254 167 19 267 65 12 282
1 16 4
130 373 325 153
1 10 7
477 184 120 406 146 298 70
1 11 7
96 149 10 386 18 481 422
1 19 4
391 358 169 274
1 7 10
365 295 388 270 202 467 320 219 382 122
1 11 6
173 224 420 58 56 497
1 10 7
452 373 451 293 466 45 257
1 8 8
165 94 162 309 293 160 204 164
1 8 9
121 347 317 305 38 330 491 267 414
1 9 8
131 353 373 162 317 188 242 166
1 10 8
65 216 476 49 96 385 155 54
1 16 4
378 281 119 488
1 13 5
476 404 312 194 46
1 9 8
261 85 203 112 394 425 252 412
1 10 3
141 425 67
1 5 10
400 226 282 369 423 286 221 79 457 413
1 10 8
136 87 126 385 289 52 478 8
1 9 8
320 148 330 249 36 479 139 203
1 8 8
377 60 224 24 46 108 441 6
1 6 10
338 0 469 443 29 350 6 495 430 446
1 17 4
23 483 298 9
1 9 7
315 177 264 81 159 489 129
1 21 3
8 358 455
1 20 2
98 318
1 9 6
178 180 461 211 94 423
1 8 9
215 66 77 76 129 292 103 279 249
1 24 3
300 249 38
1 7 10
459 305 205 261 25 256 109 317 225 66
1 13 4
103 155 448 143
1 13 6
351 162 409 209 437 328
1 24 2
120 436
1 27 2
379 113
1 6 9
281 194 475 57 354 9 86 430 477
1 9 8
100 389 186 210 483 54 374 46
1 7 9
456 181 331 186 384 85 232 149 163
1 30 2
477 127
1 16 4
407 98 72 267
1 10 7
329 254 188 417 322 93 371
1 8 7
145 209 342 141 244 55 436
1 7 8
39 175 492 3 402 142 157 381
1 7 10
68 482 386 359 81 497 101 243 284 420
1 9 8
233 91 66 58 292 411 393 105
1 17 3
301 177 104
1 7 10
142 496 243 74 341 129 364 498 180 67
1 32 2
424 331
1 7 10
198 258 454 421 175 83 296 426 357 9
1 15 4
351 376 396 375
1 13 5
314 374 297 453 327
1 7 9
443 158 143 72 367 487 29 339 131
1 20 3
419 421 98
1 7 10
44 366 348 463 437 380 193 91 210 429
1 7 10
146 382 186 253 65 208 216 366 417 40
1 11 6
113 394 234 482 32 252
1 11 6
211 72 82 201 319 169
1 16 4
48 392 299 316
1 6 9
80 418 456 189 344 131 342 176 363
1 7 9
470 368 59 471 3 170 217 17 243
1 11 5
403 228 108 258 378
1 11 6
284 134 96 248 98 7
1 10 7
88 75 52 374 335 215 477
1 18 4
194 117 245 299
1 13 5
167 1 406 401 158
1 11 6
168 84 51 459 103 60
1 6 9
79 278 155 462 407 185 167 221 189
1 8 7
432 423 98 184 368 492 84
1 30 2
455 267
1 8 9
302 480 404 174 78 36 387 55 20
1 15 5
142 407 29 174 399
1 19 4
479 128 303 20
1 10 6
341 424 465 320 301 21
1 13 5
4 294 321 160 219
1 18 3
372 228 139
1 22 3
322 374 312
1 19 3
136 175 119
1 9 7
455 90 427 357 280 496 432
1 11 6
97 278 437 425 205 310
1 9 8
341 437 493 214 361 243 121 297
1 37 2
243 1
1 7 10
62 159 473 326 355 362 220 36 416 389
1 11 6
331 244 90 108 370 294
1 13 4
235 9 32 80
1 9 8
123 200 474 179 384 82 326 360
1 8 9
266 6 154 381 36 214 452 392 180
1 7 9
464 224 193 265 231 23 145 433 269
1 20 4
190 345 355 385
1 7 9
406 124 163 499 489 247 223 22 316
1 12 6
393 216 197 414 282 225
1 11 3
432 378 427
1 8 9
57 461 219 149 31 38 200 9 265
1 21 3
233 251 159
1 15 5
106 369 328 53 84
1 6 10
357 234 206 64 31 353 163 370 462 417
1 22 2
406 161
1 8 9
455 57 319 148 174 460 399 431 300
1 7 10
270 415 57 202 299 70 100 271 298 237
1 9 8
385 289 159 372 408 352 344 187
1 9 7
280 453 33 13 264 477 407
1 8 8
348 227 387 145 442 53 63 243
1 7 10
379 361 332 422 395 100 57 382 44 45
1 7 9
44 242 160 63 401 139 287 230 375
1 10 6
69 305 478 153 247 262
1 24 3
97 272 96
1 12 6
373 106 411 78 86 375
1 20 3
291 284 445
1 17 4
243 160 311 200
1 11 7
478 465 9 233 278 356 435
1 7 10
216 492 170 102 109 215 38 356 15 235
1 28 2
246 472
1 10 7
174 351 225 301 334 266 363
1 24 2
251 10
1 17 4
301 71 81 115
1 8 9
390 449 272 113 256 414 239 391 223
1 12 6
200 476 297 150 479 171
1 8 7
405 112 32 217 456 130 91
1 24 2
231 479
1 17 4
286 46 358 246
1 8 7
396 99 193 134 289 429 480
1 14 4
445 201 296 223
1 9 8
178 156 184 46 248 328 356 347
1 16 4
404 51 216 64
1 15 3
44 134 159
1 11 3
262 125 359
1 6 10
370 182 84 253 274 176 306 9 27 79
1 24 2
90 124
1 19 2
170 163
1 19 4
241 58 75 236
1 14 4
42 156 469 59
1 16 2
363 470
1 12 6
43 240 201 234 162 298
1 18 3
221 294 273
1 8 9
172 217 497 230 150 238 63 191 154
1 22 3
293 249 442
1 7 9
96 377 177 465 229 346 287 238 189
1 6 10
489 338 15 414 388 295 36 49 242 175
1 13 4
403 461 307 28
1 16 4
382 309 376 57
1 14 4
77 493 425 94
1 10 6
405 8 421 248 436 442
1 28 2
144 159
1 7 10
363 101 467 381 321 437 170 11 463 378
1 7 10
449 391 458 34 276 144 88 345 33 301
1 12 5
207 326 450 26 142
1 12 6
463 328 228 327 107 313
1 24 2
311 388
1 22 3
232 61 99
1 16 4
126 66 298 14
1 9 8
275 200 471 397 241 11 134 133
1 13 3
269 335 450
1 7 9
93 108 56 178 353 327 206 289 497
1 15 5
431 474 326 497 61
1 8 9
484 75 496 290 192 392 274 204 153
1 7 7
213 359 98 101 448 138 306
1 14 5
145 56 413 265 398
1 9 7
353 414 296 259 222 71 472
1 26 2
1 428
1 21 2
124 496
1 17 3
476 79 418
1 15 3
372 126 339
1 12 6
428 147 19 155 276 255
1 18 2
332 30
1 7 9
358 81 450 12 448 235 377 248 92
1 7 10
208 83 154 247 349 12 403 341 316 156
1 14 5
363 397 158 228 127
1 9 7
159 234 472 92 228 229 63
1 7 10
237 493 489 382 463 381 322 296 269 242
1 12 6
255 203 177 300 454 424
1 23 3
29 408 297
1 16 4
314 309 478 179
1 10 7
348 345 317 395 384 258 20
1 23 3
393 99 295
1 9 8
426 12 173 416 347 101 207 267
1 22 3
463 323 411
1 11 3
366 132 433
1 19 3
237 285 176
1 10 7
462 192 471 419 273 356 297
1 20 4
190 198 91 129
1 10 7
370 387 171 45 169 326 417
1 7 10
430 423 13 267 338 144 132 142 326 421
1 21 3
51 375 118
1 9 8
391 473 157 148 331 454 392 59
1 13 5
246 31 188 231 47
1 25 2
414 64
1 14 5
196 417 73 55 203
1 9 7
449 374 317 9 361 273 369
1 11 5
474 0 296 223 316
1 10 7
33 234 290 473 351 375 267
1 7 9
312 41 362 369 259 85 359 283 222
1 11 7
54 1 438 181 235 41 101
1 19 2
429 250
1 10 4
275 470 92 150
1 9 7
251 448 365 325 335 176 415
1 7 10
299 178 246 313 482 109 471 38 349 84
1 11 5
300 475 240 339 171
1 17 3
405 284 443
1 20 3
119 396 1
1 22 3
412 314 243
1 11 6
268 289 425 212 14 38
1 6 8
82 346 130 296 439 256 287 481
1 10 6
90 44 7 312 176 24
1 11 5
271 138 363 191 472
1 19 3
13 422 323
1 14 5
17 243 122 271 219
1 9 8
233 255 129 486 454 23 263 309
1 23 3
246 452 123
1 7 9
323 30 186 193 478 353 292 322 44
1 8 9
495 61 424 420 91 242 326 138 493
1 11 6
68 120 479 121 128 408
1 8 9
19 66 79 105 63 409 38 342 34
1 10 7
441 172 415 418 251 439 80
1 7 10
123 230 280 229 345 488 324 452 2 205
1 8 8
486 77 329 446 86 311 178 341
1 7 10
499 5 383 447 279 113 461 395 292 224
1 8 9
66 16 348 70 185 419 308 90 497
1 8 9
464 72 417 35 34 228 285 185 147
1 9 7
32 284 366 380 252 475 62
1 8 8
381 210 78 120 448 461 202 250
1 13 6
412 115 28 328 168 233
1 11 6
229 168 250 212 13 276
1 9 8
230 109 461 15 42 336 233 235
1 12 6
66 375 134 243 2 93
1 7 10
460 474 80 107 453 134 325 465 493 290
1 8 7
349 24 269 262 487 242 428
1 18 3
375 42 76
1 16 3
86 374 450
1 8 9
89 462 38 446 200 78 169 160 347
1 26 2
119 20
1 7 10
490 73 484 315 280 300 370 342 262 326
1 8 9
419 37 391 120 416 87 484 257 24
1 24 2
443 461
1 10 6
65 225 427 414 331 494
1 13 5
245 191 45 95 177
1 13 5
41 122 411 85 131
1 12 5
312 289 463 46 345
1 13 4
110 223 54 256
1 17 4
295 289 333 136
1 13 5
55 444 493 241 138
1 13 5
33 126 1 439 368
1 18 2
172 453
1 8 9
470 230 440 116 204 214 449 377 252
1 8 5
189 39 248 349 55
1 21 3
87 207 495
1 29 2
294 188
1 16 3
181 29 149
1 7 9
438 170 455 61 138 60 202 372 229
1 15 3
358 429 266
1 22 2
459 251
1 14 5
301 199 445 239 434
1 10 7
138 18 468 434 2 326 425
1 18 2
398 0
1 7 8
13 386 307 126 312 475 220 398
1 19 3
142 472 458
1 17 3
200 218 382
1 8 8
179 240 93 185 411 27 213 420
1 27 2
234 89
1 19 4
325 397 364 208
1 8 9
393 395 134 207 218 274 160 189 352
1 14 5
169 239 215 192 79
1 25 3
308 115 109
1 7 9
487 108 330 25 59 417 232 471 454
1 19 3
385 11 82
1 25 2
112 218
1 22 2
150 279
1 17 4
77 416 277 101
1 31 2
333 376
1 35 2
241 53
1 7 9
436 281 284 322 18 210 146 20 428
1 10 7
212 496 189 169 428 396 326
1 31 2
358 136
1 25 3
245 406 233
1 16 4
87 17 133 366
1 20 3
382 455 29
1 20 3
462 166 447
1 7 10
5 244 285 154 125 497 440 380 34 360
1 24 2
424 100
1 14 4
13 77 153 475
1 22 3
294 471 495
1 10 7
75 46 480 184 63 320 95
1 8 9
449 55 246 482 415 68 375 401 41
1 12 6
312 212 385 412 211 71
1 17 4
106 232 157 142
1 7 9
275 222 354 29 179 142 481 210 72
1 9 8
63 393 124 45 471 458 395 286
1 11 5
344 492 466 191 497
1 22 3
56 259 64
1 11 6
430 328 381 187 496 473
1 13 3
434 347 256
1 29 2
24 151
1 23 2
469 48
1 7 9
192 449 354 495 11 322 146 50 184
1 11 6
106 249 61 452 307 483
1 14 5
226 89 144 416 130
1 14 4
417 90 251 266
1 14 5
2 386 438 27 317
1 7 10
315 128 303 411 238 197 460 288 178 493
1 10 7
90 22 442 299 144 156 426
1 14 4
406 482 418 43
1 14 5
237 34 111 373 56
1 26 3
315 246 328
1 12 5
95 251 199 463 93
1 8 9
36 284 331 134 225 253 267 297 234
1 8 6
81 273 44 142 153 381
1 8 8
85 327 251 63 88 417 483 124
1 7 9
283 19 248 265 81 295 0 8 186
1 15 5
243 417 0 319 484
1 8 8
220 177 224 148 400 107 396 356
1 25 2
463 218
1 11 5
50 489 440 428 43
1 8 9
479 137 297 283 206 319 405 284 129
1 9 8
152 1 317 414 340 183 448 476
1 19 3
108 171 10
1 28 2
398 333
1 8 9
493 205 125 442 43 399 491 317 433
1 22 3
443 324 310
1 7 10
442 283 111 373 453 49 236 350 265 182
1 11 7
170 239 364 208 23 397 182
1 18 3
291 368 189
1 16 4
148 452 234 440
1 14 5
263 225 37 174 149
1 9 8
443 383 368 422 336 46 196 257
1 11 5
240 71 50 356 402
1 12 6
490 319 439 474 241 222
1 10 7
173 308 56 179 371 464 344
1 19 3
244 289 268
1 8 9
447 485 346 127 421 86 420 395 130
1 19 4
389 484 89 323
1 6 10
238 250 426 478 296 196 305 290 402 143
1 12 6
343 48 271 81 32 190
1 8 9
466 141 436 334 74 44 137 381 243
1 9 8
478 461 322 257 57 232 395 125
1 18 4
54 261 290 337
1 8 9
202 256 182 401 203 114 426 20 69
1 13 4
495 465 113 406
1 27 2
113 412
1 24 2
156 366
1 14 5
360 134 459 485 80
1 14 5
302 54 456 470 358
1 7 9
478 40 297 170 159 27 79 421 221
1 16 4
494 105 320 179
1 9 7
493 353 137 194 170 90 432
1 14 5
353 154 281 58 412
1 33 2
14 174
1 10 7
212 450 270 129 468 150 11
1 8 8
405 253 434 446 359 337 141 164
1 22 3
232 114 160
1 12 6
382 471 63 87 313 456
1 7 9
86 390 277 46 271 103 4 131 434
1 23 3
249 331 114
1 12 6
490 198 317 450 244 331
1 9 7
89 19 485 499 136 149 199
1 9 8
353 262 303 290 392 153 141 229
1 9 8
424 480 285 358 249 190 204 124
1 6 10
102 30 304 495 55 431 101 268 453 132
1 11 5
367 86 225 493 52
1 8 9
131 365 251 179 419 135 433 364 219
1 8 9
100 399 128 140 25 456 81 158 114
1 6 10
401 277 333 131 71 348 355 165 149 336
1 8 8
191 215 377 249 77 392 254 467
1 13 6
426 201 147 491 229 220
1 8 9
380 246 301 165 52 487 342 71 233
1 11 6
110 429 111 121 322 161
1 11 4
318 475 321 192
1 30 2
374 295
1 15 5
345 311 406 214 128
1 8 8
149 261 331 447 116 45 16 62
1 6 10
77 408 261 303 36 91 283 258 492 355
1 10 5
479 342 140 327 225
1 14 4
55 125 118 60
1 18 2
464 218
1 25 2
144 313
1 7 10
14 278 129 491 222 67 332 346 275 358
1 7 6
217 11 330 126 140 101
1 9 5
197 450 251 335 81
1 14 5
449 467 157 491 340
1 19 4
360 50 347 484
1 8 9
169 122 153 72 63 384 435 136 249
1 10 6
350 33 316 283 489 211
1 15 3
146 18 293
1 11 7
491 433 17 426 385 367 452
1 8 8
365 459 310 395 264 259 235 273
1 7 10
407 208 15 453 417 409 10 356 429 494
1 13 5
488 31 8 463 495
1 8 8
141 151 385 273 414 149 30 325
1 6 9
231 40 164 32 83 392 46 158 140
1 9 8
243 393 487 190 229 250 23 317
1 10 8
181 229 146 108 217 305 328 190
1 9 7
369 394 487 178 493 477 371
1 11 6
314 423 116 470 311 452
1 11 6
405 478 493 273 410 212
1 18 2
485 126
1 12 6
229 274 72 16 446 33
1 15 4
80 245 181 71
1 22 2
388 419
1 7 10
203 430 229 77 179 132 1 295 8 301
1 19 4
2 32 115 128
1 7 6
464 378 95 456 229 161
1 11 6
345 158 247 403 19 114
1 16 3
0 330 129
1 12 6
80 416 126 367 274 171
1 8 9
219 413 233 439 420 247 355 455 250
1 21 2
121 426
1 17 3
18 490 469
1 19 3
176 305 411
1 12 5
62 285 255 481 388
1 9 8
246 333 405 355 420 112 116 32
1 12 3
381 278 321
1 7 10
437 381 152 236 197 264 496 422 428 324
1 7 9
177 224 205 143 74 247 194 104 275
1 12 5
295 98 386 201 227
1 21 3
56 77 141
1 11 5
341 183 264 185 193
1 7 10
46 190 259 72 239 482 174 146 437 495
1 14 5
244 241 242 442 91
1 19 2
423 67
1 28 2
33 210
1 9 7
181 252 439 294 91 106 473
1 38 2
484 415
1 7 8
312 162 213 369 390 485 444 477
1 12 6
455 379 311 362 36 174
1 7 9
445 83 108 265 486 472 191 48 307
1 24 3
364 56 366
1 6 10
252 285 272 41 341 408 22 104 222 293
1 16 4
462 116 494 334
1 10 7
290 36 449 151 183 233 433
1 12 5
452 407 74 425 143
1 13 5
157 291 108 451 346
1 13 5
209 152 22 244 247
1 11 6
11 168 209 251 298 465
1 10 7
67 376 154 99 18 327 306
1 6 10
234 412 277 434 355 305 110 447 6 291
1 30 2
54 250
1 7 9
443 133 275 261 341 0 86 106 441
1 9 7
7 50 265 236 217 240 131
1 8 8
438 455 365 225 66 445 181 357
1 11 6
26 399 212 124 81 21
1 11 6
10 365 14 497 47 186
1 7 9
366 349 453 338 481 497 378 432 230
1 17 3
82 394 266
1 18 4
470 458 147 132
1 21 2
335 20
1 7 9
257 141 329 286 16 72 282 146 463
1 18 4
43 360 182 393
1 7 10
155 79 231 6 37 165 444 233 330 176
1 23 2
331 199
1 20 2
125 40
1 21 2
152 212
1 26 2
305 458
1 7 10
192 455 203 55 449 373 86 499 339 213
1 14 5
179 174 468 441 85
1 10 7
30 393 472 7 51 308 302
1 7 9
195 472 82 375 275 71 69 291 309
1 12 4
396 384 284 238
1 15 3
113 194 69
1 15 5
230 64 289 182 241
1 9 8
437 408 4 196 157 315 132 169
1 22 3
396 64 174
1 9 8
330 217 440 94 308 75 156 495
1 22 2
3 206
1 10 4
82 418 86 323
1 23 3
68 1 452
1 10 7
460 496 362 495 210 432 416
1 11 6
284 25 343 72 59 356
1 9 8
143 129 442 88 122 305 241 467
1 13 4
53 359 314 19
1 7 8
394 401 345 331 496 15 253 22
1 14 5
106 318 138 221 174
1 15 5
491 37 369 202 239
1 14 5
451 473 438 374 477
1 8 9
35 253 345 380 185 405 216 309 458
1 20 3
27 169 179
1 21 3
377 470 105
1 12 6
439 420 327 306 259 106
1 12 5
242 335 276 439 349
1 8 8
205 444 309 101 105 53 158 30
1 8 9
362 96 139 34 481 351 482 478 415
1 10 6
377 433 379 316 321 73
1 18 3
110 410 305
1 14 5
310 8 78 332 103
1 7 10
8 220 144 106 46 147 278 80 262 204
1 16 2
318 119
1 7 8
403 83 482 273 134 163 370 494
1 8 9
142 242 430 243 44 276 1 54 261
1 16 4
357 431 124 305
1 11 6
345 206 298 367 232 300
1 10 6
473 300 156 470 482 292
1 14 5
76 216 271 355 345
1 10 8
185 303 484 257 372 426 212 75
1 10 6
376 31 22 356 417 487
1 14 4
0 176 72 312
1 14 2
227 29
1 10 7
63 202 22 230 209 419 355
1 21 2
495 218
1 7 10
415 495 30 154 42 332 87 467 252 432
1 8 9
9 102 417 239 336 198 395 272 453
1 18 4
92 38 295 199
1 32 2
50 484
1 12 3
116 100 390
1 14 5
288 133 439 28 422
1 14 5
334 254 46 48 276
1 21 2
212 262
1 7 10
207 133 307 88 13 274 29 437 417 380
1 7 10
140 364 172 428 363 276 96 269 297 284
1 8 8
242 90 35 379 338 330 400 404
1 12 5
268 61 430 50 37
1 7 10
267 234 139 463 276 289 120 131 348 357
1 13 4
111 429 177 313
1 8 10
103 484 382 342 184 230 421 356 198 358
1 8 8
89 196 434 348 195 16 304 387
1 10 7
206 0 395 347 302 27 41
1 11 6
301 247 459 110 253 343
1 7 5
192 258 36 0 170
1 16 3
173 199 232
1 36 2
230 114
1 18 4
139 303 273 166
1 7 9
272 78 14 247 489 412 51 377 41
1 19 3
394 193 185
1 8 9
151 391 19 392 279 464 51 166 385
1 17 3
279 141 263
1 8 9
12 239 17 251 187 161 314 138 218
1 8 9
220 415 314 302 467 232 169 328 55
1 7 8
447 350 423 434 425 44 83 473
1 12 5
388 225 166 199 258
1 19 3
358 288 213
1 7 10
495 250 297 204 78 246 118 306 3 96
1 18 3
215 16 375
1 10 7
178 96 418 411 392 245 436
1 11 6
304 199 269 174 421 65
1 11 6
434 151 109 446 473 181
1 9 7
113 266 487 47 243 354 53
1 7 10
232 186 18 62 297 479 98 45 28 191
1 21 3
131 258 53
1 11 6
483 480 245 336 300 48
1 12 6
297 350 393 221 341 10
1 6 10
374 121 143 207 392 58 237 321 99 359
1 8 9
264 427 348 396 328 189 219 143 101
1 11 6
85 88 150 413 393 3
1 7 9
35 43 127 104 198 496 143 323 378
1 19 3
361 411 405
1 21 3
249 472 185
1 10 7
290 399 386 60 197 497 337
1 10 6
29 60 28 265 122 417
1 12 6
219 404 365 266 96 217
1 11 7
276 353 299 364 281 393 328
1 9 7
428 318 196 52 102 105 421
1 36 2
190 367
1 10 6
11 131 117 176 300 398
1 12 5
23 163 307 143 19
1 7 10
116 352 319 111 445 104 18 417 45 301
1 11 6
361 17 57 54 238 447
1 8 9
384 125 196 30 9 390 1 371 245
1 8 9
399 106 343 351 258 300 372 268 212
1 16 4
431 281 409 286
1 22 3
399 188 191
1 9 8
418 130 230 305 19 245 158 475
1 11 6
81 37 376 370 420 363
1 8 9
25 215 196 107 1 441 282 474 36
1 10 7
393 146 283 10 193 438 349
1 12 6
364 136 94 201 462 230
1 9 7
335 99 256 406 379 84 419
1 13 6
491 336 3 202 119 115
1 25 3
435 174 329
1 16 4
257 415 348 33
1 14 5
23 54 243 461 483
1 10 6
39 119 348 255 107 441
1 9 7
51 257 390 158 136 138 42
1 14 5
209 136 137 5 364
1 23 2
106 432
1 11 5
366 227 313 293 399
1 19 2
291 262
1 34 2
482 198
1 23 2
76 149
1 8 9
300 419 47 154 416 339 382 108 186
1 16 3
33 401 256
1 5 10
227 248 434 210 417 188 82 381 402 440
1 16 3
351 119 362
1 23 3
107 233 217
1 8 8
310 292 250 393 133 400 150 0
1 7 9
260 307 151 287 369 213 225 250 153
1 24 3
347 85 203
1 20 2
55 137
1 7 10
52 448 471 271 149 250 273 100 431 182
1 15 4
66 174 446 187
1 7 7
177 291 229 61 316 466 347
1 25 3
324 82 246
1 15 5
270 128 73 308 344
1 8 8
184 3 496 21 315 460 330 231
1 21 3
178 311 9
1 11 7
230 491 33 351 190 403 434
1 22 3
129 472 357
1 30 2
437 372
1 21 3
73 337 205
1 10 7
441 259 414 33 72 40 231
1 7 10
387 160 347 411 164 14 228 31 385 219
1 11 6
306 201 397 261 146 80
1 7 10
271 148 284 445 304 73 16 230 126 27
1 32 2
317 494
1 10 7
262 459 199 479 319 1 381
1 6 10
287 21 20 372 267 485 36 306 23 260
1 8 8
482 419 80 69 99 438 370 494
1 7 10
300 395 144 399 70 388 450 174 326 302
1 25 2
366 46
1 11 4
485 469 159 187
1 13 4
473 134 387 433
1 10 7
8 287 358 217 300 32 1
1 32 2
216 127
1 9 8
210 145 65 181 136 219 148 484
1 17 4
241 126 459 212
1 11 6
25 51 89 117 240 14
1 18 3
148 464 322
1 11 7
134 190 334 497 259 240 172
1 13 5
194 188 369 437 454
1 5 9
286 340 52 146 266 83 432 440 145
1 8 7
155 345 497 255 286 436 470
1 18 4
78 395 406 196
1 7 9
43 226 139 308 172 167 473 107 277
1 14 5
299 451 19 480 413
1 8 9
274 45 32 74 162 91 279 270 460
1 37 2
247 12
1 11 6
160 120 244 235 287 69
1 10 7
450 101 263 460 96 146 307
1 10 7
491 24 16 330 126 434 428
1 10 7
333 133 41 90 118 84 424
1 15 4
66 389 80 81
1 17 4
482 139 87 91
1 12 5
361 483 50 164 74
1 11 4
155 34 200 372
1 12 5
390 269 153 225 322
1 24 2
364 316
1 15 5
57 476 239 83 415
1 15 3
267 83 365
1 8 9
143 186 348 152 322 112 407 55 12
1 8 8
482 267 181 139 496 78 120 386
1 27 2
214 213
1 8 8
470 143 246 278 400 89 210 65
1 7 10
255 139 62 331 372 33 245 15 26 70
1 7 8
60 346 183 325 107 456 323 269
1 18 3
60 158 230
1 10 6
111 229 493 426 46 425
1 14 5
162 322 306 105 88
1 11 6
117 176 134 451 277 43
1 18 3
469 375 16
1 21 2
8 27
1 7 10
312 261 12 425 383 136 268 73 6 375
1 7 10
482 277 458 114 20 199 456 203 19 60
1 15 5
437 284 456 1 158
1 10 3
242 293 453
1 12 6
467 265 122 391 348 30
1 6 10
347 125 205 197 99 118 93 433 325 457
1 18 3
119 101 117
1 25 2
20 220
1 6 10
252 448 284 139 434 0 142 44 20 37
1 6 10
370 131 319 89 331 20 306 167 417 61
1 11 6
185 238 194 248 212 395
1 15 4
42 142 389 26
1 11 6
90 68 202 319 427 60
1 9 7
289 146 185 451 186 36 323
1 8 8
340 310 122 330 289 250 480 297
1 7 10
402 391 243 151 401 490 172 68 403 78
1 14 5
352 263 169 186 282
1 18 2
207 36
1 9 7
259 32 30 369 146 88 108
1 13 6
38 462 106 209 391 279
1 13 5
319 308 150 104 492
1 8 9
34 457 130 350 265 284 65 373 384
1 19 4
328 12 99 294
1 22 3
9 470 416
1 8 8
214 140 497 139 361 376 430 294
1 23 3
112 397 285
1 10 6
43 34 442 65 82 212
1 8 10
489 491 251 96 205 432 176 13 464 285
1 8 8
104 240 397 430 57 453 222 414
1 7 10
401 483 444 13 12 431 272 415 372 279
1 23 2
302 392
1 10 5
449 430 345 273 213
1 26 2
475 81
1 9 8
438 121 142 382 102 191 447 1
1 13 5
463 221 295 272 240
1 8 10
491 212 109 345 168 470 445 333 81 399
1 23 2
71 291
1 9 8
225 384 237 179 227 451 233 486
1 25 2
1 335
1 7 10
212 276 2 398 119 65 345 343 397 37
1 12 5
248 485 126 480 241
1 14 5
78 486 216 13 186
1 9 7
374 294 184 92 133 337 193
1 30 2
419 374
1 15 4
312 20 155 240
1 7 8
76 425 489 392 261 225 170 462
1 8 9
294 208 215 486 53 395 290 424 85
1 7 9
451 258 65 387 286 156 245 321 99
1 7 9
106 63 217 379 336 143 84 346 262
1 12 5
346 167 294 43 267
1 10 7
249 101 56 287 425 69 491
1 9 8
219 283 471 8 211 331 131 16
1 14 3
71 200 363
1 12 5
356 33 60 380 299
1 10 7
495 176 57 151 377 458 445
1 11 6
496 435 277 232 463 145
1 15 5
197 447 459 1 298
1 7 9
67 29 57 366 102 304 143 10 363
1 17 4
182 443 304 174
1 24 2
175 459
1 6 10
251 19 381 61 52 461 30 6 56 193
1 19 3
383 485 263
1 10 7
322 46 460 480 283 89 292
1 12 5
192 5 137 443 496
1 9 6
285 452 473 137 262 183
1 21 3
445 319 22
1 23 3
279 481 441
1 11 7
152 322 491 364 91 70 22
1 12 3
340 44 381
1 8 8
473 354 151 364 291 41 68 386
1 7 9
13 269 432 50 368 498 189 308 374
1 16 3
189 277 487
1 10 7
32 222 78 431 10 167 6
1 6 9
111 110 48 268 454 213 151 402 209
1 13 4
3 354 260 210
1 21 3
470 270 202
1 20 3
69 10 183
1 6 10
207 64 209 52 139 327 220 393 223 88
1 16 4
296 121 93 420
1 8 7
200 194 282 331 153 89 428
1 7 10
2 221 263 245 339 430 131 481 162 420
1 12 6
17 78 423 431 82 231
1 8 9
488 154 150 485 184 457 25 78 287
1 7 9
101 121 396 421 17 84 162 232 212
1 9 7
210 168 496 475 367 259 493
1 15 4
232 487 206 478
1 20 2
124 137
1 16 4
448 64 227 103
1 10 6
377 459 172 251 467 349
1 10 7
96 178 142 281 6 247 164
1 18 4
276 252 457 214
1 16 3
211 201 31
1 8 8
292 485 250 158 427 288 447 432
1 10 7
56 449 116 136 104 164 71
1 11 7
154 7 1 371 128 284 489
1 11 6
356 16 11 402 58 460
1 6 10
72 442 119 487 211 199 404 481 107 312
1 14 4
350 180 277 386
1 10 5
291 423 193 286 189
1 10 6
173 295 48 270 414 273
1 9 7
2 127 301 345 225 266 495
1 10 6
123 199 265 318 454 162
1 9 7
74 366 116 443 224 170 70
1 8 9
304 481 230 73 234 469 93 154 292
1 16 4
128 205 225 267
1 25 3
357 395 109
1 7 9
256 92 286 451 419 291 359 17 219
1 9 8
191 264 419 492 329 61 198 130
1 10 7
417 308 317 145 496 189 443
1 12 5
77 156 278 184 88
1 10 6
104 219 341 33 306 41
1 6 10
330 65 413 189 306 425 405 85 40 362
1 7 9
389 224 367 404 102 91 196 261 444
1 8 7
181 249 15 149 220 0 386
1 25 2
48 3
1 13 5
201 273 129 408 470
1 11 3
499 134 145
1 9 8
130 440 70 87 191 446 438 50
1 18 4
168 99 484 444
1 6 8
285 436 341 268 67 378 273 296
1 8 9
391 212 112 365 345 385 469 470 338
1 15 3
346 131 155
1 8 6
145 200 81 16 312 193
1 12 6
415 453 338 191 214 22
1 18 4
274 389 258 315
1 7 10
359 194 61 325 276 288 18 370 99 134
1 13 6
127 72 431 304 384 1
1 8 9
401 212 311 289 63 103 314 8 178
1 9 7
211 243 387 79 286 83 108
1 9 7
122 228 101 145 346 476 343
1 21 2
126 48
1 14 5
373 319 324 441 266
1 15 5
437 131 291 216 134
1 22 3
82 56 20
1 7 9
396 52 106 272 86 304 368 418 186
1 11 5
256 65 456 66 452
1 7 10
493 194 310 491 256 28 324 472 273 58
1 11 6
424 90 191 91 365 185
1 9 8
9 254 11 311 361 460 364 352
1 12 5
183 380 141 63 451
1 19 3
442 52 329
1 13 6
233 19 167 109 368 498
1 8 8
411 421 271 228 288 372 19 418
1 8 9
230 382 167 155 116 110 103 91 66
1 9 7
165 132 31 430 476 34 409
1 32 2
338 437
1 17 2
439 82
1 23 2
355 368
1 11 5
99 405 495 447 277
1 7 10
494 265 332 149 107 388 274 48 194 100
1 10 7
471 284 339 327 91 161 435
1 10 7
273 103 360 498 280 67 213
1 13 6
48 444 360 289 491 322
1 10 7
381 360 317 264 227 140 442
1 9 8
239 79 68 241 97 297 39 312
1 9 7
357 186 145 434 271 461 167
1 9 8
189 58 202 221 103 130 459 487
1 6 9
21 325 498 316 60 150 105 27 296
1 22 2
470 25
1 12 5
478 294 306 387 35
1 9 8
410 32 97 239 80 63 29 379
1 8 8
52 147 86 270 213 472 43 126
1 21 3
117 368 353
1 19 3
270 77 116
1 9 8
275 136 320 154 86 7 149 203
1 7 10
347 185 47 175 391 323 452 262 287 193
1 9 6
374 252 122 173 429 21
1 20 3
293 328 278
1 37 2
224 208
1 16 3
324 365 215
1 9 7
344 253 388 47 378 461 352
1 28 2
345 190
1 7 10
246 134 380 145 168 139 224 25 418 89
1 17 4
127 46 326 429
1 18 4
484 461 383 409
1 10 7
81 338 214 493 138 406 237
1 12 6
254 82 496 12 417 57
1 7 10
295 425 207 112 125 244 359 424 213 136
1 9 8
181 218 147 166 60 32 110 95
1 17 4
136 131 44 156
1 32 2
54 94
1 6 10
90 409 49 137 35 477 41 209 340 443
1 11 6
366 443 231 169 335 185
1 31 2
185 99
1 22 2
94 220
1 13 5
211 459 296 135 113
1 17 4
299 27 254 341
1 16 4
37 43 125 4
1 7 10
256 366 97 384 407 198 351 412 95 260
1 7 9
285 104 76 103 57 482 427 94 361
1 20 3
21 408 24
1 9 6
40 314 3 458 275 361
1 10 6
329 396 441 102 278 492
1 13 4
141 337 59 55
1 8 9
79 219 319 461 39 144 239 380 87
1 6 10
169 21 493 167 177 81 185 375 44 232
1 9 8
74 209 147 140 234 171 181 184
1 10 7
25 290 161 408 280 82 106
1 8 9
7 8 340 249 40 190 404 338 472
1 20 3
210 414 261
1 6 8
446 211 318 194 494 310 162 223
1 10 7
419 207 45 306 275 373 194
1 14 5
306 380 356 233 8
1 14 5
349 219 404 46 10
1 6 10
91 345 22 140 496 341 474 331 15 9
1 6 10
449 31 264 338 238 348 34 178 170 310
1 7 10
297 53 89 159 207 55 74 280 372 40
1 9 7
122 210 380 251 166 304 480
1 8 5
235 4 365 27 400
1 25 2
52 300
1 14 5
379 218 208 18 341
1 14 4
3 95 215 324
1 8 8
468 283 270 486 236 212 140 458
1 32 2
462 128
1 9 5
310 332 414 456 273
1 10 7
179 26 455 438 226 499 135
1 20 3
148 414 115
1 6 9
323 121 231 65 447 82 113 349 436
1 6 9
52 74 329 234 116 181 250 365 71
1 7 9
227 180 200 131 450 479 491 4 137
1 25 2
238 269
1 20 2
139 495
1 14 5
284 87 110 69 210
1 15 5
176 230 438 119 403
1 7 9
132 413 188 341 401 406 154 48 368
1 12 5
62 79 345 252 63
1 11 7
52 70 1 133 38 483 229
1 9 6
117 16 220 453 229 15
1 25 2
128 388
1 7 8
382 466 177 332 130 47 179 280
1 9 7
42 263 210 462 107 194 99
1 9 7
361 490 256 314 307 93 32
1 7 10
447 329 14 493 482 430 499 295 154 106
1 11 6
383 116 339 17 342 483
1 14 4
65 42 120 289
1 10 4
27 145 429 133
1 25 2
50 358
1 7 10
123 164 288 383 132 88 459 55 54 104
1 15 5
129 239 23 139 420
1 15 5
89 239 227 438 72
1 20 2
137 418
1 27 2
179 374
1 8 9
365 409 161 254 416 271 390 426 269
1 8 9
359 166 177 13 1 164 443 184 228
1 10 6
0 482 158 180 387 94
1 9 8
141 192 155 367 458 106 160 356
1 7 10
391 252 398 123 182 92 427 484 100 227
1 9 8
382 87 53 26 465 143 380 422
1 11 6
432 160 290 226 288 39
1 7 8
119 4 33 483 26 242 286 464
1 9 7
277 180 128 261 316 467 446
1 18 4
182 147 329 389
1 7 10
248 321 100 96 234 183 259 199 147 166
1 12 5
295 480 280 341 159
1 30 2
31 2
1 21 3
189 337 73
1 17 3
287 243 260
1 7 8
273 156 164 382 479 266 496 381
1 7 10
490 68 119 21 111 482 99 394 49 297
1 9 7
123 226 201 308 0 150 304
1 14 5
236 117 106 336 350
1 15 4
316 333 354 478
1 8 8
79 481 280 441 0 175 51 338
1 7 10
317 349 267 81 190 169 107 294 338 210
1 22 2
380 377
1 9 8
360 37 132 218 88 35 438 33
1 6 10
162 137 189 464 125 330 114 167 260 429
1 7 9
398 10 167 302 67 254 409 463 134
1 19 3
84 204 407
1 19 4
411 488 370 385
1 7 10
273 12 172 463 299 55 147 327 276 135
1 12 6
187 141 303 437 404 112
1 15 4
7 287 236 331
1 11 5
236 284 183 176 240
1 11 6
302 421 339 420 286 440
1 7 10
357 6 0 239 395 261 398 67 498 480
1 17 3
289 187 149
1 11 7
118 246 158 376 470 147 9
1 12 6
133 322 114 424 116 329
1 20 3
468 63 81
1 11 7
87 359 160 208 170 329 311
1 7 10
363 9 249 81 352 379 384 205 289 259
1 20 3
6 175 420
1 16 4
19 451 376 321
1 8 8
423 350 79 219 195 295 221 290
1 15 3
74 362 417
1 7 10
492 431 317 402 325 377 472 250 211 44
1 15 3
127 148 211
1 7 10
387 3 444 102 307 116 319 489 22 328
1 10 5
381 429 492 355 24
1 6 10
140 399 375 221 348 60 327 400 186 287
1 13 5
45 144 177 5 378
1 7 10
232 322 339 48 230 450 269 214 123 130
1 16 4
217 330 426 288
1 14 5
8 247 157 451 172
1 14 4
363 63 383 275
1 6 10
426 439 143 4 111 101 258 142 47 156
1 11 6
238 481 314 142 132 208
1 8 9
489 290 21 235 355 189 389 334 408
1 9 8
216 4 125 416 299 399 62 149
1 11 6
434 1 175 325 130 227
1 17 4
268 237 297 63
1 14 5
497 2 313 247 217
1 7 9
386 403 494 56 41 442 367 48 120
1 10 7
428 114 371 25 24 404 389
1 14 4
277 33 281 252
1 9 5
29 461 140 168 392
1 24 2
248 395
1 11 6
107 81 362 65 148 214
1 7 10
424 413 435 428 25 245 478 126 127 280
1 11 7
437 455 109 242 402 16 136
1 11 6
33 66 189 129 217 257
1 13 4
81 187 456 188
1 13 6
233 129 342 468 363 352
1 12 6
54 416 346 106 222 332
1 30 2
219 401
1 12 4
482 74 418 386
1 6 10
322 497 371 151 429 143 292 314 378 153
1 13 5
267 1 81 286 487
1 12 6
197 454 335 74 85 96
1 16 3
341 447 176
1 8 9
309 488 46 251 470 459 413 71 120
1 13 5
209 161 345 347 397
1 10 7
114 148 9 267 472 372 1
1 6 10
55 72 251 32 161 318 398 240 53 403
1 9 8
89 207 397 445 460 313 365 37
1 16 3
252 354 344
1 9 7
497 402 100 10 349 131 257
1 9 8
157 343 430 247 422 172 245 425
1 8 9
84 391 192 185 315 178 208 396 481
1 11 6
254 369 436 259 64 176
1 12 5
496 371 88 273 494
1 11 6
407 283 138 246 25 310
1 7 9
150 3 118 194 472 179 489 463 35
1 21 3
334 183 356
1 10 7
144 134 102 44 72 130 320
1 11 5
221 154 26 30 473
1 17 4
481 112 212 308
1 7 9
292 17 354 206 57 262 25 486 428
1 12 6
179 349 401 157 297 192
1 10 7
360 408 36 373 359 126 305
1 9 8
324 159 359 331 30 322 484 91
1 11 7
96 171 420 114 134 203 73
1 9 8
99 422 376 137 46 243 87 418
1 8 9
355 415 94 385 285 104 345 110 491
1 22 3
154 18 306
1 9 8
267 11 427 299 448 349 397 232
1 7 10
319 452 50 486 109 222 216 41 129 420
1 6 10
432 22 102 376 353 172 460 61 408 101
1 13 4
357 262 347 153
1 7 10
321 462 377 3 412 303 478 418 374 492
1 9 5
13 151 110 432 380
1 10 7
375 410 338 244 34 300 163
1 8 9
100 428 292 466 54 290 336 73 191
1 24 3
303 444 415
1 16 4
240 387 367 306
1 9 8
67 69 268 149 468 373 52 249
1 18 4
416 494 188 471
1 12 6
244 4 384 385 111 260
1 13 5
149 411 237 52 217
1 13 5
328 417 81 260 365
1 15 3
278 404 343
1 6 10
140 428 313 426 51 387 197 30 494 377
1 9 8
301 43 393 330 324 484 231 80
1 17 4
185 385 478 466
1 7 10
161 258 494 219 51 344 280 129 245 260
1 32 2
368 311
1 10 6
312 448 202 248 386 261
1 9 8
498 236 367 51 489 488 5 118
1 8 9
286 173 484 374 320 317 183 9 308
1 8 8
144 327 430 444 478 80 345 259
1 20 3
50 402 136
1 8 8
89 234 122 131 220 46 453 76
1 9 7
44 213 254 346 313 184 441
1 8 9
86 334 427 62 143 402 112 491 302
1 18 4
458 147 286 356
1 8 7
146 0 21 218 334 236 31
1 20 3
57 493 228
1 22 3
37 25 64
1 20 2
223 84
1 8 9
337 403 78 468 246 171 115 190 256
1 7 10
298 57 17 48 467 31 202 191 384 306
1 7 10
483 68 97 24 463 176 409 438 349 410
1 19 2
57 173
1 13 5
117 302 446 197 170
1 7 9
446 350 440 474 99 176 272 419 68
1 7 9
487 249 488 388 387 287 272 281 64
1 7 9
32 201 158 205 131 236 150 384 118
1 10 7
359 146 83 274 317 384 171
1 13 4
292 423 66 278
1 8 7
228 218 417 142 473 197 398
1 9 6
357 347 217 155 275 206
1 7 10
223 8 50 70 184 42 287 22 169 364
1 13 4
373 100 145 336
1 11 5
152 221 64 137 101
1 18 3
369 408 268
1 11 5
160 159 320 409 443
1 9 7
152 111 240 92 317 124 14
1 10 7
469 450 82 311 131 265 398
1 13 5
461 290 283 184 61
1 22 3
205 191 435
1 18 3
192 271 199
1 10 6
386 492 62 443 170 278
1 8 9
334 6 244 289 164 166 218 207 282
1 7 10
383 124 152 306 92 126 299 484 144 466
1 9 7
133 252 121 402 182 375 198
1 13 5
480 391 15 91 215
1 7 10
279 171 413 206 12 288 448 365 40 468
1 12 5
108 58 14 81 218
1 7 9
138 499 0 491 450 405 452 409 182
1 8 9
149 170 130 308 112 300 231 41 317
1 10 7
243 105 382 195 225 414 145
1 11 6
55 366 443 161 319 190
1 18 3
257 253 83
1 7 8
185 207 183 436 398 332 63 53
1 23 2
383 143
1 20 3
175 338 62
1 8 9
87 266 243 436 227 45 476 239 370
1 9 5
222 256 192 187 94
1 6 10
105 120 59 104 296 288 414 76 339 359
1 22 2
430 367
1 9 8
255 473 54 38 288 125 297 228
1 7 10
479 362 31 364 110 461 486 23 223 103
1 8 9
203 129 210 78 138 221 96 384 49
1 24 2
78 67
1 8 8
439 67 141 39 33 376 91 373
1 17 4
287 303 180 18
1 19 3
5 463 179
1 22 3
245 240 83
1 19 2
382 318
1 9 6
5 131 371 63 188 21
1 7 10
58 363 356 23 140 131 137 109 480 265
1 9 7
328 223 277 252 390 253 60
1 10 6
287 179 183 317 137 182
1 14 4
165 499 94 301
1 8 8
197 100 148 159 210 157 295 68
1 14 5
276 31 118 357 447
1 8 10
65 436 361 483 415 96 370 406 484 133
1 13 5
478 27 300 391 95
1 26 2
141 279
1 7 10
91 10 179 212 47 282 366 342 87 365
1 12 6
251 112 470 154 121 276
1 18 3
366 68 219
1 9 6
339 472 260 212 16 275
1 8 8
261 158 78 235 354 494 250 374
1 18 4
1 205 279 116
1 14 5
323 420 389 112 117
1 7 9
158 363 215 459 432 342 311 95 168
1 27 2
491 146
1 7 9
299 176 55 260 41 426 345 285 186
1 20 3
319 21 376
1 24 3
397 316 271
1 33 2
7 219
1 10 7
222 245 340 198 23 63 168
1 14 5
420 153 337 10 163
1 9 7
410 284 50 315 414 22 217
1 10 7
238 27 157 492 199 495 484
1 10 5
26 219 255 329 469
1 7 10
475 105 176 246 210 322 192 441 10 445
1 8 8
60 28 414 256 85 483 37 67
1 8 7
332 50 447 204 375 266 116
1 18 4
393 303 227 459
1 18 3
429 323 234
1 7 10
389 309 50 154 207 18 115 132 268 489
1 7 9
74 428 197 387 499 446 195 344 86
1 8 8
98 156 317 53 479 68 138 401
1 11 6
167 111 106 379 312 113
1 10 7
76 387 165 452 424 175 435
1 36 2
54 288
1 11 6
205 95 296 42 412 203
1 26 2
203 223
1 21 2
125 5
1 11 3
197 392 396
1 11 7
190 85 263 404 142 241 171
1 8 9
440 487 395 308 41 173 409 145 326
1 24 2
228 70
1 23 3
288 390 118
1 15 5
225 416 201 307 324
1 7 10
207 458 123 24 245 465 91 233 83 483
1 21 3
197 325 438
1 15 2
433 418
1 21 2
403 127
1 8 8
229 308 159 170 192 167 133 492
1 13 4
55 370 50 91
1 19 3
261 205 281
1 21 3
260 205 451
1 15 5
302 437 471 230 25
1 14 4
375 57 140 406
1 14 5
409 88 441 192 373
1 6 10
323 64 413 306 178 99 148 68 172 382
1 15 5
297 246 177 203 356
1 6 10
418 223 338 327 470 297 77 250 347 318
1 7 10
177 88 311 332 143 255 209 463 264 241
1 9 8
458 338 446 389 356 57 42 182
1 19 4
62 12 203 15
1 17 4
62 111 249 276
1 9 8
241 70 195 52 359 385 144 73
1 12 5
108 276 47 404 398
1 9 8
237 79 20 297 186 278 497 62
1 21 3
353 113 37
1 7 8
153 152 214 70 390 226 148 207
1 8 9
4 410 446 311 294 77 191 127 88
1 8 9
10 486 60 228 320 298 359 193 307
1 6 10
152 7 415 394 34 172 427 48 101 319
1 12 6
33 474 124 149 364 94
1 9 8
298 105 170 304 37 116 455 35
1 7 8
194 16 475 434 371 440 24 244
1 13 5
236 14 88 184 243
1 13 4
8 315 470 125
1 23 2
444 284
1 30 2
303 142
1 22 3
245 284 264
1 20 3
31 384 2
1 8 9
179 243 266 41 352 381 261 167 73
1 7 10
461 198 92 239 358 62 273 141 264 415
1 7 10
378 238 297 182 380 105 357 384 427 229
1 6 10
41 467 176 185 377 452 398 496 48 159
1 8 9
228 227 373 215 387 97 85 84 219
1 16 4
99 335 445 258
1 17 4
184 469 2 69
1 20 3
252 196 361
1 9 8
151 464 333 103 230 10 190 83
1 24 2
63 133
1 7 10
222 2 410 148 66 255 250 429 315 140
1 8 9
480 163 10 227 324 57 260 12 168
1 8 8
154 5 108 267 457 29 495 342
1 7 7
429 139 365 130 382 293 92
1 10 7
344 342 234 212 370 334 131
1 9 8
30 480 375 54 460 53 476 303
1 15 3
153 94 355
1 9 8
264 147 52 426 405 260 128 141
1 10 7
303 197 285 162 212 322 270
1 16 3
321 45 493
1 15 4
107 497 418 110
1 10 7
438 74 353 78 134 350 223
1 15 4
272 41 11 413
1 8 8
274 477 185 218 95 381 325 71
1 11 7
329 38 151 270 378 420 484
1 13 3
200 123 104
1 11 5
226 342 277 105 152
1 26 2
134 272
1 7 7
91 255 149 127 39 365 175
1 9 8
156 358 42 326 393 291 469 28
1 10 7
66 468 359 441 313 140 352
1 15 4
394 26 320 292
1 11 6
120 108 454 206 19 416
1 12 3
59 192 466
1 9 8
363 133 114 459 265 395 410 307
1 8 9
393 29 303 166 112 490 95 361 405
1 7 10
476 265 3 30 88 161 113 232 132 461
1 9 7
327 3 479 466 95 250 385
1 31 2
495 198
1 19 3
57 4 240
1 10 5
131 19 480 140 141
1 35 2
62 216
1 33 2
334 238
1 13 5
457 407 307 381 196
1 16 2
486 421
1 7 10
432 278 201 119 491 192 134 156 143 398
1 8 8
177 346 153 443 365 178 409 219
1 9 7
67 204 328 342 92 125 159
1 15 2
95 361
1 17 3
141 427 367
1 6 10
268 221 163 345 464 439 295 56 228 133
1 7 9
148 271 252 36 369 244 92 460 152
1 36 2
230 111
1 16 2
248 30
1 16 4
487 234 39 464
1 7 9
244 108 483 307 271 305 343 195 167
1 14 4
150 50 112 250
1 7 7
159 3 479 155 335 444 13
1 9 7
188 127 411 462 359 58 310
1 7 8
57 470 11 98 442 342 167 313
1 8 8
427 344 407 199 212 45 153 387
1 14 5
389 58 156 279 447
1 6 10
151 237 8 345 327 313 37 270 29 436
1 10 6
473 213 20 119 88 268
1 9 8
96 159 185 247 208 218 405 203
1 8 8
89 243 378 261 104 368 264 452
1 7 10
164 125 284 55 351 394 219 262 4 233
1 14 2
493 187
1 7 6
310 125 284 436 430 186
1 13 6
200 1 426 169 322 423
1 8 8
275 290 229 191 212 310 101 436
1 8 8
191 108 305 309 199 252 201 244
1 25 3
441 485 198
1 14 4
427 429 332 309
1 6 9
14 19 187 158 256 433 6 130 145
1 17 4
360 492 259 466
1 13 4
349 155 226 398
1 8 9
23 346 109 51 430 434 347 395 304
1 6 10
488 266 46 387 355 48 286 222 182 197
1 7 10
242 59 37 257 345 177 411 32 68 491
1 12 3
83 69 354
1 9 7
197 20 138 285 319 106 434
1 8 8
469 489 451 432 486 345 258 234
1 9 8
236 88 132 130 328 300 227 93
1 8 9
439 282 174 297 313 167 227 50 101
1 9 7
161 489 482 459 183 34 47
1 7 10
449 479 431 489 420 143 470 492 125 93
1 10 6
475 110 55 497 452 362
1 7 9
18 355 463 335 105 221 143 219 112
1 8 9
426 219 105 186 4 95 98 311 20
1 8 9
492 488 262 32 158 223 17 80 324
1 13 5
92 469 203 256 380
1 15 4
85 280 300 125
1 18 4
90 344 359 129
1 10 7
116 166 12 90 426 132 245
1 7 10
390 161 236 14 88 271 386 251 415 481
1 12 5
139 248 161 483 319
1 11 6
195 72 394 481 238 132
1 8 9
484 307 190 108 468 210 25 110 67
1 19 3
7 330 48
1 22 2
48 461
1 10 7
192 350 271 364 304 63 410
1 30 2
334 176
1 17 2
235 200
1 9 7
161 358 366 37 149 257 455
1 29 2
435 269
1 18 4
60 265 272 234
1 10 7
450 489 491 408 210 351 370
1 7 9
368 226 95 314 477 275 117 485 43
1 7 9
317 390 114 288 413 489 492 205 124
1 11 6
413 141 7 239 227 94
1 8 7
91 71 152 439 487 19 122
1 8 9
45 34 471 421 233 357 119 373 71
1 9 7
221 132 162 472 182 299 145
1 11 7
193 207 96 408 53 339 399
1 10 5
22 345 9 227 125
1 7 10
314 408 212 365 195 60 324 164 94 378
1 14 4
53 354 318 22
1 11 6
4 42 313 419 278 37
1 8 9
316 378 394 123 438 162 195 474 171
1 13 6
435 210 279 128 83 328
1 7 9
443 302 74 140 315 44 264 165 335
1 22 3
461 412 476
1 7 10
247 344 167 72 417 450 465 333 316 52
1 7 10
405 105 294 289 46 341 373 409 260 242
1 11 3
79 493 165
1 20 3
307 349 321
1 16 4
47 157 294 494
1 10 7
208 404 223 84 71 8 61
1 24 2
138 23
1 9 8
79 158 288 394 251 457 233 27
1 21 2
15 289
1 8 10
387 405 492 1 484 406 125 430 443 69
1 8 9
393 317 182 152 321 78 137 315 34
1 9 7
232 472 6 52 411 335 470
1 21 3
26 8 379
1 7 10
254 327 142 383 170 72 444 39 176 189
1 38 2
484 337
1 8 9
240 111 184 333 348 349 25 385 192
1 13 6
491 237 378 75 445 177
1 10 8
265 96 372 248 160 190 384 320
1 9 7
424 426 407 457 404 266 418
1 9 7
495 31 147 342 3 353 258
1 9 8
117 70 400 407 484 173 165 370
1 7 9
408 492 333 234 430 294 63 66 148
1 10 7
445 2 347 184 243 255 252
1 18 4
322 425 466 288
1 9 7
372 112 485 90 11 62 209
1 11 6
67 426 431 432 407 242
1 7 10
395 455 319 220 411 269 64 143 268 1
1 7 9
460 361 301 139 327 313 112 149 6
1 7 10
438 133 1 406 468 446 342 383 370 285
1 17 4
118 6 117 62
1 21 3
275 407 105
1 12 6
288 54 392 158 120 479
1 15 4
450 20 238 143
1 9 6
31 288 284 320 161 67
1 14 5
253 211 10 243 333
1 7 9
265 114 224 131 137 165 6 350 363
1 8 8
489 219 463 442 80 419 19 333
1 9 7
496 160 179 223 124 308 263
1 18 3
434 290 348
1 21 2
104 478
1 22 2
73 158
1 13 4
486 342 31 64
1 22 3
232 11 53
1 8 9
42 19 371 63 278 456 39 352 195
1 11 6
212 244 270 366 488 26
1 15 5
87 465 216 103 6
1 10 7
216 92 5 37 179 498 22
1 11 6
466 117 79 53 9 323
1 12 6
78 90 53 205 2 427
1 7 10
385 11 423 377 410 103 241 411 98 355
1 7 9
132 468 79 152 282 284 347 178 29
1 9 8
184 455 410 374 343 32 382 1
1 9 8
52 491 45 273 7 101 284 216
1 22 2
382 79
1 15 5
210 77 407 303 129
1 12 6
282 158 19 431 231 391
1 7 10
109 301 73 421 168 254 232 294 383 400
1 8 5
404 273 170 361 28
1 9 7
117 236 477 283 226 291 388
1 8 8
448 429 420 18 21 82 140 144
1 9 5
124 76 354 119 371
1 15 3
380 370 80
1 10 7
311 60 477 286 96 498 204
1 19 3
441 314 124
1 9 6
490 100 204 407 30 369
1 16 4
133 409 422 186
1 7 10
496 478 6 418 408 218 434 90 460 134
1 6 10
338 478 274 479 318 6 358 73 329 61
1 9 7
215 455 130 488 171 346 305
1 8 9
343 96 358 69 181 401 219 44 444
1 7 4
248 469 316 35
1 9 6
167 280 156 64 260 372
1 9 8
8 176 215 196 498 385 287 244
1 7 9
349 331 78 73 134 315 103 235 489
1 12 5
63 290 9 194 65
1 7 9
367 323 86 382 68 168 487 178 43
1 21 2
447 162
1 6 10
113 481 47 28 428 17 11 149 302 394
1 9 8
58 246 459 228 303 307 165 447
1 23 3
212 276 476
1 9 8
234 299 166 118 465 429 111 464
1 7 10
259 458 79 283 314 451 184 298 179 229
1 14 5
134 89 445 136 206
1 10 6
376 46 238 110 494 113
1 10 6
217 67 353 7 429 259
1 10 7
430 197 451 389 180 39 82
1 15 3
11 14 493
1 8 9
103 452 212 346 210 175 487 202 121
1 10 7
190 281 79 164 293 238 5
1 11 6
248 65 415 331 451 32
1 11 7
444 315 217 174 129 326 410
1 12 6
475 309 34 32 295 488
1 8 7
339 498 417 137 0 426 356
1 12 5
50 235 12 194 481
1 8 9
88 109 149 208 475 127 140 293 416
1 16 4
369 194 147 386
1 8 9
32 170 489 104 431 168 337 67 171
1 8 9
12 269 326 409 335 456 460 40 469
1 8 9
393 360 419 91 394 159 383 110 268
1 7 10
62 392 477 245 150 282 375 59 297 376
1 14 5
307 387 185 360 346
1 6 10
452 277 47 68 318 240 176 37 462 475
1 8 7
213 16 443 482 101 51 327
1 11 7
218 174 1 227 0 262 471
1 12 5
355 323 9 117 32
1 30 2
322 108
1 7 10
465 487 418 448 261 324 293 474 237 57
1 7 9
7 388 282 244 372 116 488 421 227
1 7 10
458 173 212 249 55 49 116 391 158 250
1 15 4
15 99 125 24
1 8 8
223 216 117 80 248 43 338 171
1 9 8
10 494 429 298 483 163 388 304
1 17 4
370 367 254 416
1 9 8
431 471 92 89 485 233 149 474
1 10 6
76 91 243 427 356 495
1 14 3
236 124 133
1 10 7
169 256 27 51 129 137 458
1 8 8
225 410 227 434 122 469 6 380
1 12 5
482 485 426 173 448
1 8 9
144 328 325 274 375 476 36 463 293
1 17 4
417 408 328 76
1 8 8
454 266 0 133 391 470 177 49
1 14 5
26 283 46 239 41
1 8 9
269 238 192 43 318 79 416 391 80
1 13 4
223 362 203 47
1 9 7
199 241 28 44 390 91 388
1 13 4
61 493 356 216
1 12 6
157 305 376 84 493 308
1 8 8
270 19 112 387 77 63 238 74
1 14 3
359 382 170
1 17 3
11 55 397
1 9 8
54 371 17 352 85 129 338 39
1 6 10
312 206 473 180 13 426 105 232 3 278
1 10 6
127 272 323 100 316 59
1 16 4
229 301 373 68
1 12 5
426 215 267 175 376
1 8 9
19 20 268 88 104 435 248 115 82
1 6 10
108 378 82 0 150 478 262 111 93 121
1 7 8
187 487 260 238 343 76 178 39
1 14 4
107 170 470 91
1 10 7
321 289 486 350 25 394 437
1 15 5
490 437 259 241 190
1 11 6
2 302 363 122 7 92
1 9 8
66 219 161 97 246 16 498 70
1 24 3
106 331 389
1 21 3
210 131 46
1 14 3
355 428 133
1 8 8
236 196 134 11 352 264 344 400
1 13 5
366 351 25 276 291
1 25 3
136 467 395
1 8 9
349 69 198 208 273 257 236 454 290
1 9 7
41 228 362 4 149 290 368
1 7 10
193 8 141 490 285 65 283 224 480 166
1 8 8
491 137 205 331 346 156 123 421
1 7 10
408 193 69 476 170 401 118 18 148 398
1 12 6
410 16 255 373 152 265
1 29 2
5 431
1 10 6
323 310 462 82 383 89
1 8 9
355 271 203 244 142 56 365 299 389
1 23 3
8 321 322
1 23 3
297 325 419
1 8 9
333 296 481 348 457 107 64 438 87
1 14 2
378 124
1 7 9
446 242 41 243 55 170 412 65 30
1 8 10
216 42 40 356 104 186 233 399 461 229
1 9 8
184 483 85 126 266 299 311 316
1 9 8
239 478 161 296 0 328 91 251
1 17 4
295 21 13 352
1 12 6
274 435 159 372 248 11
1 12 5
227 271 15 325 414
1 8 9
129 68 206 449 397 495 119 330 124
1 12 6
208 346 192 454 265 81
1 12 4
199 69 319 36
1 22 3
48 317 459
1 18 4
160 435 299 477
1 12 4
89 83 102 342
1 21 2
215 231
1 8 8
372 435 4 313 64 447 453 407
1 9 7
433 311 55 187 20 180 124
1 9 7
466 415 421 396 338 80 167
1 12 6
194 10 1 342 157 356
1 28 2
156 32
1 10 7
162 7 214 224 89 477 485
1 14 5
78 106 419 387 475
1 7 9
257 374 344 427 211 40 371 336 373
1 11 6
394 72 229 469 25 152
1 7 10
367 219 126 301 325 123 284 55 102 174
1 22 3
309 404 302
1 20 2
182 163
1 12 6
452 226 391 308 333 404
1 11 5
28 265 255 31 145
1 7 9
466 66 185 316 413 41 71 279 294
1 13 5
329 304 243 144 289
1 9 8
85 315 82 360 33 29 311 198
1 16 4
482 345 154 277
1 7 10
165 491 393 263 133 467 55 24 80 373
1 13 6
77 198 30 65 150 129
1 7 8
477 223 310 278 0 388 283 178
1 21 3
322 133 39
1 17 3
480 377 161
1 17 4
306 422 93 152
1 14 3
193 479 448
1 14 3
378 197 457
1 7 9
291 152 481 150 461 422 23 292 449
1 8 8
147 280 418 137 60 76 155 361
1 23 2
443 170
1 12 6
131 300 405 230 241 16
1 9 8
306 25 246 418 181 59 353 245
1 6 10
14 151 435 161 8 192 264 370 119 64
1 7 9
92 355 160 482 88 65 456 410 93
1 9 7
151 107 407 244 432 499 283
1 12 6
334 308 266 100 183 396
1 17 2
372 262
1 28 2
379 86
1 19 4
413 218 219 87
1 12 5
262 398 397 306 256
1 7 9
0 486 92 60 421 479 424 452 368
1 8 9
104 293 200 257 302 11 335 140 198
1 9 7
180 371 26 437 220 401 434
1 13 2
55 293
1 9 7
232 436 11 485 302 145 165
1 11 6
72 218 302 480 146 116
1 13 3
312 21 207
1 10 7
463 477 203 272 117 288 381
1 8 7
292 9 285 388 76 478 176
1 12 5
459 34 432 18 493
1 7 10
310 93 458 329 176 396 366 352 257 459
1 10 6
361 390 311 280 340 375
1 14 4
102 42 167 186
1 7 9
218 388 336 323 248 377 85 175 448
1 15 5
370 133 103 40 274
1 10 6
22 134 461 27 219 425
1 24 2
421 281
1 26 2
201 23
1 7 10
145 311 369 100 114 421 86 416 167 478
1 8 8
394 170 155 188 147 148 430 305
1 8 8
46 79 404 396 162 265 280 189
1 13 4
175 106 432 336
1 20 3
228 122 57
1 31 2
8 463
1 7 10
166 397 14 292 103 211 234 381 435 102
1 8 8
356 468 215 162 442 452 6 290
1 12 4
64 315 110 453
1 9 8
176 416 400 287 205 256 299 140
1 18 4
129 73 462 136
1 8 8
58 64 306 423 52 291 88 461
1 7 9
338 76 64 389 490 179 191 390 5
1 8 9
98 359 322 190 173 485 400 420 51
1 15 4
498 72 67 86
1 8 8
471 156 275 91 462 432 273 229
1 13 5
367 460 73 361 374
1 17 3
89 138 302
1 13 5
184 349 345 426 105
1 7 8
68 338 332 59 67 17 112 313
1 10 8
484 147 418 190 461 154 62 429
1 16 4
444 157 295 235
1 19 4
293 308 115 160
1 17 4
387 106 179 77
1 8 9
391 218 170 10 493 479 243 473 140
1 13 5
156 24 129 368 51
1 15 4
228 70 252 189
1 10 7
143 298 201 124 127 192 118
1 11 6
364 143 286 259 97 156
1 13 4
6 449 68 160
1 9 7
393 462 71 200 28 24 220
1 25 3
210 328 411
1 14 5
215 136 273 337 164
1 10 7
379 41 386 118 326 165 128
1 32 2
300 391
1 14 4
131 396 417 329
1 14 4
56 258 495 251
1 9 8
395 12 276 97 388 78 377 200
1 7 10
482 17 41 460 444 274 329 93 149 132
1 13 3
100 194 122
1 7 10
209 150 324 372 492 10 334 37 163 359
1 20 3
237 231 323
1 10 7
384 113 334 261 357 101 99
1 22 3
494 118 349
1 9 6
499 439 355 348 389 108
1 11 6
438 202 454 14 489 356
1 11 6
428 403 189 310 217 274
1 11 6
93 261 211 497 385 40
1 16 2
141 170
1 25 2
269 496
1 7 9
348 241 256 443 266 498 440 141 91
1 9 6
126 189 156 370 149 141
1 20 3
363 408 8
1 7 8
470 289 394 306 377 378 92 120
1 16 2
79 70
1 15 5
382 395 164 423 364
1 19 2
470 80
1 7 8
425 460 138 465 162 275 392 493
1 16 4
331 58 228 226
1 8 10
438 449 332 131 228 233 399 251 119 444
1 8 9
257 120 96 19 220 224 488 47 444
1 9 8
2 297 404 329 411 376 40 310
1 14 5
64 350 274 471 123
1 17 3
41 47 37
1 8 9
235 492 66 285 387 110 226 484 282
1 6 10
494 197 460 386 138 68 53 258 369 248
1 24 3
288 2 48
1 17 4
230 387 50 97
1 7 10
50 393 243 203 96 26 206 33 211 184
1 6 10
260 173 447 35 111 433 275 126 125 374
1 19 3
373 113 218
1 9 8
59 387 374 253 115 373 169 267
1 12 3
330 142 392
1 9 8
411 227 447 454 433 86 108 328
1 11 5
221 347 35 156 482
1 7 10
359 190 206 447 130 128 300 288 369 410
1 14 5
197 240 302 308 489
1 7 10
338 469 170 295 145 68 331 92 364 339
1 8 8
101 497 94 37 370 142 470 381
1 12 6
236 282 221 411 318 274
1 11 7
190 465 145 109 429 256 230
1 8 9
225 166 492 229 343 118 223 338 21
1 9 8
492 276 190 191 133 163 482 11
1 11 2
165 235
1 7 9
150 234 388 34 25 67 37 406 472
1 7 10
199 234 44 141 480 43 204 135 97 373
1 24 3
104 352 219
1 8 9
192 262 53 297 79 329 457 111 423
1 14 5
311 327 337 180 255
1 32 2
52 239
1 20 2
102 321
1 8 8
256 390 360 333 404 402 461 66
1 10 7
311 470 393 131 181 160 100
1 19 4
328 208 110 319
1 17 4
395 275 19 196
1 13 5
374 214 59 14 6
1 29 2
347 476
1 14 5
32 385 14 141 102
1 16 4
131 425 61 118
1 33 2
137 491
1 12 6
72 419 192 267 326 263
1 17 4
208 231 359 141
1 11 6
289 0 244 199 134 10
1 7 10
57 281 53 322 295 47 334 34 10 259
1 6 10
143 394 183 492 57 282 433 369 132 228
1 26 2
301 206
1 16 4
42 332 9 109
1 17 4
308 39 482 228
1 28 2
72 186
1 10 6
231 407 404 93 62 121
1 18 3
480 387 250
1 12 6
131 317 83 164 38 334
1 7 10
38 5 152 386 214 25 209 392 156 93
1 7 9
108 442 380 157 64 163 118 470 462
1 11 5
181 409 269 28 368
1 11 6
292 489 466 327 170 474
1 10 7
34 195 116 350 42 125 297
1 15 4
342 412 375 229
1 8 4
479 345 275 434
1 25 2
142 357
1 22 2
132 77
1 9 7
224 452 215 117 207 465 194
1 14 5
357 303 234 29 209
1 19 3
158 489 14
1 18 2
51 197
1 16 4
87 300 161 141
1 20 3
347 395 132
1 8 8
419 203 20 454 400 475 272 145
1 10 6
151 170 271 130 107 482
1 18 2
50 453
1 8 8
285 333 347 18 122 10 77 427
1 26 2
298 146
1 10 7
257 240 460 476 17 411 236
1 9 5
312 325 215 492 336
1 11 7
376 187 170 96 493 154 116
1 11 5
71 44 388 48 475
1 20 3
244 498 310
1 7 10
255 203 52 235 77 174 240 211 112 207
1 7 10
228 239 81 265 300 392 212 467 17 465
1 9 8
467 199 196 459 87 227 437 287
1 10 7
243 0 452 154 145 129 229
1 10 6
93 281 262 252 183 377
1 9 8
310 426 94 251 132 166 474 298
1 8 8
73 328 347 64 374 5 151 89
1 18 3
141 154 340
1 10 6
459 282 481 421 29 318
1 7 10
37 436 242 405 25 460 296 72 338 273
1 9 7
429 32 485 283 384 230 43
1 14 4
9 23 330 439
1 22 3
477 339 379
1 8 8
306 255 319 386 226 66 13 234
1 30 2
188 272
1 6 9
304 358 405 269 17 156 344 13 209
1 7 9
377 498 149 9 298 152 494 34 207
1 10 3
143 173 71
1 13 5
120 494 49 202 304
1 8 9
280 400 231 491 42 458 116 106 326
1 9 8
208 169 127 456 442 16 364 5
1 25 2
217 192
1 20 3
185 412 133
1 7 10
189 95 373 206 274 297 129 49 328 438
1 17 3
16 450 369
1 8 9
143 139 254 228 119 84 394 266 96
1 10 7
203 312 377 94 466 422 389
1 11 6
370 6 307 191 105 463
1 12 3
140 74 165
1 7 9
467 6 268 460 223 498 207 127 210
1 33 2
331 324
1 29 2
88 188
1 13 5
357 417 354 64 438
1 8 8
44 393 362 23 132 345 217 480
1 13 5
26 215 148 295 196
1 11 6
118 355 213 243 283 250
1 15 4
10 310 338 142
1 13 5
305 150 178 72 175
1 9 8
416 169 354 440 176 43 262 428
1 17 4
459 164 360 227
1 9 5
242 165 170 371 323
1 9 7
48 457 461 99 197 390 202
1 11 6
193 240 181 452 422 320
1 17 4
99 41 353 10
1 12 6
31 13 142 328 467 216
1 11 6
430 165 291 219 476 37
1 7 9
350 242 362 390 68 369 409 379 365
1 10 7
337 393 367 254 436 51 247
1 7 9
466 152 365 145 390 232 455 161 400
1 18 2
499 401
1 7 10
12 323 460 367 487 452 446 220 176 228
1 6 7
176 262 29 227 113 402 155
1 9 7
490 16 458 64 382 483 482
1 13 5
262 191 62 249 51
1 16 4
246 339 205 434
1 7 7
92 236 200 427 473 160 293
1 22 3
50 281 410
1 6 10
384 463 83 59 100 276 418 226 370 480
1 10 6
420 170 434 344 363 289
1 10 7
132 106 92 37 31 431 238
1 12 5
91 477 453 35 41
1 18 2
363 28
1 10 3
180 197 340
1 21 2
92 83
1 9 7
348 257 222 81 144 483 49
1 15 5
491 322 309 289 76
1 7 10
313 358 307 247 411 2 326 360 334 77
1 8 9
491 366 332 98 443 210 299 282 193
1 8 7
188 405 227 120 180 27 55
1 7 10
278 382 207 335 44 383 385 336 402 64
1 8 9
329 39 0 126 292 497 458 48 308
1 9 7
238 478 295 414 20 13 302
1 16 4
192 261 263 265
1 19 4
443 486 246 437
1 8 9
160 1 324 288 170 395 174 70 474
1 18 4
460 358 281 54
1 8 7
268 11 21 150 403 303 433
1 15 5
439 364 208 289 4
1 9 7
288 177 111 173 480 354 453
1 10 6
266 134 205 37 21 107
1 11 6
207 321 94 58 299 213
1 12 2
428 34
1 9 7
487 308 164 359 47 44 453
1 13 5
259 311 143 494 485
1 16 4
6 350 300 244
1 18 4
19 423 157 198
1 18 3
31 222 237
1 12 4
144 402 126 67
1 8 9
273 470 424 133 203 448 454 347 349
1 24 3
105 230 45
1 7 10
17 186 66 385 179 315 134 442 311 359
1 7 10
208 450 363 111 104 305 139 162 298 120
1 7 9
458 153 43 204 436 411 32 313 235
