500 2500 775
11 31 39 28 12 40 22 24 33 28 40 13 17 14 13 30 33 29 32 15 18 32 28 26 37 15 18 37 32 39 34 16 25 31 12 21 28 23 25 17 15 24 36 12 26 13 25 15 39 21 22 15 32 31 28 11 14 38 21 37 22 22 26 14 11 11 34 24 31 21 31 38 21 26 34 22 37 32 13 33 28 33 31 37 30 13 25 19 21 11 31 14 18 18 14 20 31 28 27 36 40 12 24 19 33 23 28 24 17 36 11 26 11 31 30 17 20 39 24 19 18 32 17 24 25 24 23 19 16 26 16 16 22 12 12 38 32 34 13 13 12 15 35 31 33 26 18 31 34 18 14 29 34 12 34 17 37 31 34 29 29 16 35 34 13 18 38 36 36 18 29 12 37 34 13 17 29 30 25 21 31 14 30 20 38 28 31 25 30 40 20 34 29 13 31 29 33 37 20 40 25 13 27 13 27 38 21 34 24 30 39 16 25 28 34 20 23 21 20 28 17 16 39 13 25 27 14 17 24 15 22 25 22 16 14 21 25 36 40 25 21 26 36 29 31 15 19 23 40 28 35 31 23 16 27 40 28 30 39 40 31 20 16 36 32 15 20 22 34 19 16 11 24 17 18 32 17 31 26 39 19 32 32 27 11 33 34 38 26 36 17 13 40 18 38 38 22 39 12 15 34 34 33 40 17 38 31 20 34 23 20 31 39 27 33 25 11 17 24 11 38 38 40 35 21 14 30 39 40 19 22 17 16 23 26 18 15 16 33 19 32 22 19 13 12 24 37 21 37 13 14 32 17 32 28 27 26 16 26 25 39 37 27 20 13 37 18 16 17 15 39 32 31 34 21 29 20 12 24 40 11 12 35 29 21 12 19 18 25 17 11 27 22 24 32 17 15 29 13 22 38 36 30 38 15 17 13 22 30 38 31 27 35 16 19 30 34 37 17 27 19 22 11 36 19 20 27 28 38 16 25 22 22 33 29 13 30 13 32 33 19 36 37 35 17 40 17 35 16 33 33 25 33 38 23 15 40 38 39 19 18 31 30 21 26 32 12 23 33 15 37 30 30 12 24 26 17 31 35 20 24 16 39 29 36 23 27 32 34 23 21 24 13 11 26 29 29 19 29 37
1 21 29 18 2 30 12 14 23 18 30 3 7 4 3 20 23 19 22 5 8 22 18 16 27 5 8 27 22 29 24 6 15 21 2 11 18 13 15 7 5 14 26 2 16 3 15 5 29 11 12 5 22 21 18 1 4 28 11 27 12 12 16 4 1 1 24 14 21 11 21 28 11 16 24 12 27 22 3 23 18 23 21 27 20 3 15 9 11 1 21 4 8 8 4 10 21 18 17 26 30 2 14 9 23 13 18 14 7 26 1 16 1 21 20 7 10 29 14 9 8 22 7 14 15 14 13 9 6 16 6 6 12 2 2 28 22 24 3 3 2 5 25 21 23 16 8 21 24 8 4 19 24 2 24 7 27 21 24 19 19 6 25 24 3 8 28 26 26 8 19 2 27 24 3 7 19 20 15 11 21 4 20 10 28 18 21 15 20 30 10 24 19 3 21 19 23 27 10 30 15 3 17 3 17 28 11 24 14 20 29 6 15 18 24 10 13 11 10 18 7 6 29 3 15 17 4 7 14 5 12 15 12 6 4 11 15 26 30 15 11 16 26 19 21 5 9 13 30 18 25 21 13 6 17 30 18 20 29 30 21 10 6 26 22 5 10 12 24 9 6 1 14 7 8 22 7 21 16 29 9 22 22 17 1 23 24 28 16 26 7 3 30 8 28 28 12 29 2 5 24 24 23 30 7 28 21 10 24 13 10 21 29 17 23 15 1 7 14 1 28 28 30 25 11 4 20 29 30 9 12 7 6 13 16 8 5 6 23 9 22 12 9 3 2 14 27 11 27 3 4 22 7 22 18 17 16 6 16 15 29 27 17 10 3 27 8 6 7 5 29 22 21 24 11 19 10 2 14 30 1 2 25 19 11 2 9 8 15 7 1 17 12 14 22 7 5 19 3 12 28 26 20 28 5 7 3 12 20 28 21 17 25 6 9 20 24 27 7 17 9 12 1 26 9 10 17 18 28 6 15 12 12 23 19 3 20 3 22 23 9 26 27 25 7 30 7 25 6 23 23 15 23 28 13 5 30 28 29 9 8 21 20 11 16 22 2 13 23 5 27 20 20 2 14 16 7 21 25 10 14 6 29 19 26 13 17 22 24 13 11 14 3 1 16 19 19 9 19 27
1 15 4
287 231 262 61
1 9 5
375 128 14 271 293
1 8 9
220 177 309 30 463 338 490 400 429
1 7 10
242 75 493 139 417 371 110 197 97 491
1 12 5
249 349 264 460 40
1 29 2
20 255
1 15 3
291 313 120
1 10 8
406 303 174 191 199 231 233 229
1 8 9
156 35 215 104 457 281 174 257 131
1 8 8
84 30 475 16 208 289 164 65
1 7 10
154 387 148 289 302 159 482 71 128 95
1 18 4
282 348 478 97
1 9 8
428 163 203 239 417 357 13 83
1 7 10
98 486 248 475 451 136 496 17 280 449
1 24 2
438 446
1 6 9
39 179 431 158 265 56 430 392 426
1 22 3
209 453 208
1 7 9
252 47 464 109 23 146 244 180 338
1 7 7
143 291 169 49 127 421 130
1 26 2
159 67
1 8 8
268 153 389 235 301 190 477 270
1 21 2
155 212
1 15 5
402 99 401 136 303
1 17 4
235 70 210 474
1 24 2
250 223
1 7 10
466 388 302 440 204 272 349 104 312 185
1 20 2
261 240
1 36 2
104 210
1 9 8
284 184 186 138 135 61 293 275
1 9 8
303 87 219 167 52 258 471 102
1 14 5
2 72 74 124 13
1 15 5
403 471 264 365 411
1 8 8
457 466 384 49 185 97 219 240
1 9 7
282 283 367 493 278 52 262
1 9 8
246 132 100 234 268 369 373 244
1 11 6
334 256 313 457 175 398
1 15 4
105 329 238 332
1 11 6
398 121 105 113 29 397
1 19 4
8 117 410 445
1 18 4
104 482 19 40
1 6 10
94 254 64 192 378 143 175 177 266 315
1 10 6
183 192 186 241 472 151
1 17 4
187 468 453 254
1 10 6
214 407 97 396 92 34
1 13 5
29 107 98 7 472
1 20 3
356 164 382
1 8 8
232 402 180 323 304 41 174 18
1 7 8
374 355 52 82 17 96 293 126
1 9 7
45 128 459 354 420 485 428
1 8 8
37 104 205 118 78 81 38 253
1 30 2
72 370
1 9 7
435 156 438 476 474 339 223
1 9 7
433 96 394 196 247 422 150
1 15 4
141 317 338 185
1 9 6
241 418 47 52 331 140
1 14 5
43 371 150 105 135
1 9 7
86 119 115 259 146 398 421
1 13 5
26 18 145 263 175
1 13 5
78 317 472 400 75
1 8 8
116 93 242 270 349 317 104 380
1 8 8
269 349 13 202 41 158 429 423
1 30 2
195 121
1 8 9
5 499 321 288 414 123 263 424 264
1 17 3
448 156 78
1 7 10
264 320 399 294 47 482 278 304 238 37
1 25 2
297 381
1 7 8
440 472 145 350 285 94 253 413
1 11 5
209 432 330 62 131
1 11 6
67 474 96 142 471 338
1 7 9
483 55 89 491 119 377 117 372 186
1 7 10
398 197 143 345 253 295 401 213 159 380
1 8 9
398 354 458 144 101 341 276 86 483
1 12 6
104 275 92 438 4 445
1 10 7
212 167 69 341 360 443 6
1 8 8
132 295 411 182 405 426 147 291
1 8 9
226 385 303 116 433 380 195 497 333
1 11 3
87 25 112
1 6 10
14 386 105 300 298 160 69 90 461 281
1 11 6
173 309 447 136 128 155
1 11 7
343 106 469 332 476 199 470
1 9 4
232 276 284 155
1 7 10
357 318 482 457 336 396 69 491 156 56
1 7 10
367 415 482 259 211 154 49 48 198 382
1 7 9
178 86 296 276 211 143 32 479 83
1 8 8
37 361 173 17 408 41 154 124
1 15 4
3 28 393 355
1 32 2
295 204
1 7 10
2 261 227 43 376 321 484 160 183 374
1 8 8
269 452 70 401 173 465 159 330
1 19 4
399 233 71 287
1 11 5
38 119 331 436 395
1 7 10
233 97 453 192 283 410 200 466 379 132
1 13 6
328 214 234 259 125 384
1 15 5
189 415 1 453 426
1 14 4
299 310 188 160
1 8 8
40 313 486 338 352 285 478 236
1 32 2
416 96
1 16 3
390 273 371
1 7 10
53 446 31 312 127 78 72 321 95 123
1 23 3
370 402 363
1 14 5
361 39 418 55 423
1 9 7
112 176 257 132 346 113 64
1 7 9
484 85 3 201 95 198 386 494 200
1 24 3
99 156 345
1 14 4
302 119 216 491
1 10 7
238 134 21 161 226 85 455
1 15 5
373 295 405 55 303
1 9 7
177 137 393 265 382 344 138
1 21 3
319 301 151
1 18 4
458 16 43 496
1 24 2
496 479
1 21 3
212 353 450
1 8 7
190 215 446 331 134 327 262
1 6 10
61 11 283 350 331 224 220 48 421 437
1 14 5
271 26 142 172 479
1 9 8
124 377 58 48 239 87 292 66
1 9 6
138 4 85 168 181 424
1 19 2
418 432
1 12 6
98 370 338 101 184 216
1 12 4
77 169 262 368
1 13 5
177 92 19 165 117
1 35 2
84 379
1 14 5
235 438 334 294 402
1 12 6
138 377 5 264 162 378
1 8 9
46 56 442 81 120 477 326 220 205
1 23 3
24 354 21
1 8 8
300 92 451 32 18 17 91 128
1 8 7
357 394 451 22 359 217 349
1 7 10
359 274 165 413 71 328 11 90 6 334
1 16 4
297 213 105 334
1 10 4
298 127 94 463
1 11 7
385 433 327 201 403 52 64
1 24 3
57 466 242
1 14 5
31 378 442 262 441
1 20 3
49 478 187
1 23 2
398 268
1 8 7
31 45 18 190 187 435 304
1 34 2
303 80
1 9 6
46 405 333 164 351 119
1 11 6
284 7 27 98 476 397
1 10 7
299 237 215 223 86 448 154
1 30 2
177 410
1 10 6
405 45 374 139 362 361
1 9 7
332 307 215 476 408 347 370
1 7 10
172 96 205 443 61 150 296 200 431 126
1 9 8
134 235 245 274 294 14 10 381
1 10 7
463 375 347 398 456 286 106
1 24 3
74 238 9
1 10 7
78 330 266 450 2 227 269
1 11 6
215 74 18 36 293 471
1 19 4
184 377 201 458
1 30 2
157 496
1 7 10
52 113 406 457 401 238 160 158 399 90
1 8 8
146 18 129 332 489 66 15 64
1 7 10
43 442 496 374 145 27 73 90 30 358
1 22 3
144 332 137
1 10 7
416 245 463 135 98 307 154
1 7 6
341 380 405 198 187 276
1 12 6
299 52 197 71 74 83
1 15 3
497 366 288
1 8 8
410 277 454 421 185 42 204 307
1 7 9
174 57 227 304 106 165 426 444 393
1 8 10
248 161 351 468 247 443 312 338 10 446
1 13 5
348 249 138 392 226
1 10 6
372 209 281 337 178 204
1 18 3
435 450 6
1 18 4
139 198 452 100
1 9 7
414 164 169 200 312 415 181
1 22 2
337 375
1 9 8
3 455 242 270 145 498 199 72
1 8 7
218 340 341 491 422 421 213
1 10 3
369 343 389
1 10 6
277 203 102 381 326 369
1 8 9
120 447 223 450 169 305 304 399 403
1 15 4
159 173 132 55
1 15 5
440 352 172 445 205
1 7 8
291 493 334 182 160 466 281 125
1 9 6
367 231 381 293 281 356
1 15 4
168 490 200 288
1 12 6
296 200 432 60 184 258
1 9 8
199 474 382 66 76 114 58 65
1 17 2
253 127
1 8 7
271 175 384 235 45 110 447
1 7 9
143 381 342 374 397 130 237 204 58
1 11 6
275 41 115 454 499 157
1 14 5
33 60 443 339 412
1 9 8
457 26 333 285 165 389 28 453
1 12 5
228 88 123 116 287
1 24 3
435 370 30
1 19 3
312 262 274
1 16 3
81 130 161
1 24 2
251 387
1 9 7
212 112 223 431 465 374 308
1 8 7
350 369 463 236 53 267 102
1 20 3
129 401 240
1 8 9
248 246 136 197 247 264 181 356 443
1 18 3
480 284 1
1 8 8
4 169 104 251 124 448 257 32
1 9 8
244 484 255 127 390 239 275 477
1 7 10
247 192 493 443 398 232 470 337 479 100
1 14 5
69 104 428 301 308
1 15 4
306 244 380 229
1 7 9
321 72 384 119 145 9 274 474 218
1 21 3
489 389 445
1 16 3
217 496 127
1 7 10
359 184 389 297 122 65 136 116 242 291
1 8 9
412 285 466 83 264 305 241 178 52
1 8 9
373 111 352 396 321 54 248 313 424
1 23 3
461 403 112
1 7 10
17 153 323 122 429 496 387 77 481 255
1 17 4
66 113 221 488
1 9 8
468 67 445 486 24 95 186 296
1 10 7
448 1 460 244 222 35 185
1 11 7
495 258 288 365 29 256 142
1 15 3
215 339 202
1 10 6
182 489 161 378 301 404
1 9 8
285 317 23 13 441 74 258 282
1 16 2
377 183
1 8 4
233 146 404 91
1 8 9
407 94 191 10 481 354 287 169 46
1 6 10
114 130 439 74 398 459 152 12 183 302
1 16 2
49 4
1 8 9
100 239 340 74 471 479 188 325 307
1 15 5
445 247 162 78 295
1 10 7
296 93 260 397 237 258 491
1 14 5
493 42 356 130 152
1 7 10
343 344 228 45 85 274 463 348 246 279
1 7 10
66 39 320 327 375 211 313 276 22 1
1 12 6
352 163 492 17 453 254
1 8 9
438 199 455 495 80 8 113 57 195
1 13 5
64 91 168 467 81
1 11 6
438 275 250 337 32 418
1 19 4
156 189 287 446
1 17 2
141 497
1 9 8
30 50 89 312 348 218 397 260
1 10 7
406 428 487 28 401 129 443
1 18 4
422 432 478 117
1 8 9
143 357 392 196 250 79 186 395 205
1 17 4
50 487 114 172
1 10 7
22 83 98 109 166 494 484
1 12 4
475 481 75 61
1 10 7
461 152 211 210 489 32 310
1 8 9
59 343 261 281 48 112 94 193 465
1 14 5
111 473 113 489 297
1 14 4
431 36 96 165
1 9 7
337 380 211 118 258 220 217
1 6 9
203 53 362 407 206 134 61 341 219
1 18 4
379 463 448 338
1 15 3
40 69 359
1 7 10
475 439 491 308 237 406 272 147 43 212
1 13 5
416 244 485 64 347
1 7 9
85 18 488 288 7 3 175 319 372
1 14 5
180 202 100 487 369
1 16 4
378 383 174 156
1 18 2
291 489
1 33 2
268 18
1 7 10
288 46 401 346 219 59 423 376 236 198
1 8 9
120 152 363 324 22 432 231 248 412
1 7 10
95 65 261 360 91 224 29 120 83 257
1 9 8
312 204 239 228 448 314 329 124
1 13 5
372 228 106 59 46
1 14 3
492 107 198
1 9 7
101 223 62 315 409 53 114
1 11 7
445 130 236 295 83 398 415
1 10 7
228 21 319 139 430 189 37
1 7 10
2 459 41 206 375 72 302 161 70 208
1 14 4
339 431 309 382
1 13 5
304 139 23 445 298
1 15 3
376 239 420
1 8 9
257 381 289 285 173 317 280 420 76
1 11 6
234 230 342 403 101 351
1 11 6
136 181 85 453 175 188
1 7 10
494 377 215 189 260 138 136 71 359 195
1 8 9
191 330 3 146 162 268 165 312 484
1 10 7
480 27 228 205 108 0 271
1 10 5
233 325 22 187 335
1 26 2
8 119
1 6 10
122 237 290 272 127 277 281 190 446 215
1 15 4
243 77 498 170
1 32 2
123 189
1 7 9
227 131 232 77 221 295 116 483 212
1 7 10
305 196 477 122 232 156 73 2 173 419
1 9 8
442 459 29 353 488 114 369 293
1 14 4
383 376 202 209
1 8 8
30 198 81 375 202 93 124 471
1 10 7
110 363 380 442 107 439 198
1 6 9
47 334 67 288 31 224 106 213 329
1 28 2
305 366
1 14 5
192 407 264 286 48
1 9 8
447 269 274 238 243 449 88 122
1 6 10
93 159 21 268 475 480 162 15 87 86
1 12 6
72 469 225 193 162 172
1 7 10
31 398 93 58 267 222 292 334 446 395
1 7 9
58 478 372 225 95 404 342 224 21
1 9 8
214 74 27 477 389 76 184 476
1 18 3
45 244 480
1 10 3
19 65 404
1 11 7
298 389 10 168 125 359 48
1 12 5
253 49 51 482 12
1 10 7
145 14 156 390 89 449 232
1 7 10
66 112 50 303 48 139 480 372 20 384
1 11 6
301 422 35 334 298 74
1 7 10
282 367 19 347 349 71 413 264 366 426
1 12 5
114 415 355 22 245
1 9 8
292 176 215 148 433 346 387 469
1 15 4
217 272 50 242
1 19 3
88 346 215
1 11 5
296 399 125 414 157
1 8 8
201 106 496 234 257 237 490 278
1 20 3
393 250 86
1 7 10
489 110 138 303 486 409 18 171 113 195
1 17 3
39 22 125
1 24 2
415 26
1 11 6
94 176 47 92 302 152
1 8 8
56 7 276 44 431 143 292 313
1 8 8
294 465 296 486 34 448 293 246
1 9 7
24 332 195 12 115 105 487
1 7 10
226 366 62 300 145 402 237 123 301 116
1 12 6
460 56 347 25 403 71
1 8 8
38 269 66 84 157 121 229 461
1 10 7
84 494 424 338 162 242 248
1 9 8
297 149 414 214 220 291 67 81
1 9 8
1 414 342 376 158 245 458 295
1 21 2
318 274
1 19 3
210 26 138
1 11 5
83 479 329 221 341
1 10 7
321 22 351 120 461 101 469
1 19 3
336 297 169
1 15 5
109 129 430 406 458
1 11 6
369 38 323 40 340 84
1 7 10
435 243 7 39 57 56 332 314 137 156
1 14 4
274 192 261 213
1 26 3
48 271 328
1 7 10
198 473 100 89 382 312 444 460 452 147
1 8 9
398 150 164 327 218 243 109 407 270
1 23 3
394 95 184
1 11 4
51 240 252 310
1 20 3
187 110 401
1 14 4
206 61 198 484
1 10 7
258 137 460 257 498 427 207
1 16 5
100 328 177 83 124
1 18 3
266 289 406
1 11 6
446 369 487 431 309 403
1 9 8
364 214 292 176 135 461 347 67
1 14 5
370 290 314 7 488
1 6 10
230 497 275 391 324 214 316 383 229 246
1 16 4
154 271 333 372
1 23 3
327 249 264
1 8 9
201 199 226 24 180 475 141 156 252
1 8 8
151 257 325 395 343 492 261 287
1 7 10
241 312 444 70 135 279 58 170 473 390
1 23 3
3 57 433
1 17 3
0 443 476
1 25 2
357 30
1 16 4
373 399 209 420
1 8 9
303 44 487 60 271 380 49 5 143
1 12 6
360 152 467 197 316 33
1 10 6
204 72 152 413 14 186
1 8 8
241 264 56 183 412 349 350 232
1 19 3
318 352 79
1 8 9
221 337 455 350 343 68 383 24 287
1 8 9
224 308 495 457 81 484 305 109 339
1 10 7
258 147 138 489 112 200 343
1 12 5
6 357 75 230 10
1 27 2
433 384
1 17 4
143 476 243 189
1 9 8
104 164 303 423 348 447 93 81
1 6 9
344 389 284 50 380 211 112 256 282
1 8 8
322 216 6 299 223 260 169 362
1 15 4
167 444 318 473
1 7 9
147 311 460 344 28 0 211 421 153
1 8 9
291 458 201 267 191 356 220 283 384
1 8 9
135 309 496 68 268 395 160 327 101
1 7 10
461 417 443 436 423 212 107 355 25 2
1 7 10
13 10 309 469 169 58 170 270 74 221
1 11 6
36 333 199 139 498 367
1 15 4
15 385 18 369
1 13 6
297 330 483 396 235 48
1 9 8
157 379 196 464 253 269 54 427
1 15 3
212 490 58
1 31 2
41 71
1 18 4
288 24 162 334
1 8 9
341 306 189 426 51 179 260 223 142
1 9 8
478 178 188 319 247 499 176 379
1 13 5
467 466 346 465 230
1 7 9
236 142 90 338 243 385 492 354 223
1 15 5
413 379 308 441 353
1 14 5
472 226 199 245 179
1 7 10
54 318 140 373 222 97 312 44 391 368
1 8 9
17 131 262 323 410 468 462 258 0
1 20 2
204 201
1 9 8
253 459 323 498 168 113 199 479
1 11 5
35 313 260 181 296
1 18 2
473 102
1 22 3
56 338 314
1 12 6
297 496 403 356 158 311
1 21 2
471 133
1 21 3
449 84 112
1 14 5
223 56 371 255 102
1 7 10
113 83 414 445 481 473 87 364 444 316
1 9 8
387 425 328 284 369 250 435 103
1 8 8
351 140 84 377 441 230 375 94
1 23 3
433 470 265
1 25 3
57 370 98
1 11 6
154 32 109 51 330 385
1 18 3
171 312 211
1 20 3
73 122 99
1 8 7
347 407 324 277 385 444 225
1 8 9
271 482 274 443 18 317 310 46 15
1 7 10
334 83 322 135 297 312 21 302 15 153
1 8 9
23 136 423 223 412 468 442 360 476
1 9 7
79 134 338 498 41 430 131
1 11 6
33 90 191 63 43 18
1 17 4
37 87 281 166
1 6 7
390 374 39 418 43 304 105
1 32 2
436 30
1 9 7
105 115 54 257 301 111 493
1 15 5
118 179 445 61 484
1 8 8
31 490 438 185 496 172 395 293
1 7 8
17 123 388 377 372 37 130 159
1 22 2
78 147
1 9 8
81 99 499 245 433 64 1 165
1 6 9
362 467 311 256 23 89 223 11 120
1 7 10
425 166 210 164 249 91 406 410 303 88
1 7 10
58 301 132 419 358 257 381 379 407 41
1 23 3
147 194 321
1 11 6
404 26 152 308 440 17
1 25 3
117 428 474
1 10 7
354 79 289 439 100 246 446
1 15 5
79 294 407 445 76
1 9 5
386 140 178 183 463
1 29 2
459 117
1 13 6
389 428 71 165 451 322
1 22 3
124 355 456
1 7 10
13 435 102 11 149 462 125 322 129 424
1 6 10
280 419 174 310 389 494 386 204 267 148
1 14 5
218 59 256 267 439
1 8 9
443 341 323 91 189 281 261 393 80
1 8 9
494 390 481 381 370 359 87 2 221
1 11 4
283 368 381 164
1 8 7
116 371 261 288 93 331 220
1 9 8
386 348 254 255 256 432 197 81
1 10 6
44 481 493 410 178 338
1 15 3
489 4 123
1 36 2
18 248
1 15 5
120 289 100 338 3
1 11 4
139 384 339 430
1 20 3
212 95 346
1 8 7
471 435 436 350 254 375 377
1 21 3
61 283 409
1 8 8
56 104 362 478 60 474 7 454
1 7 10
6 219 426 18 301 240 328 341 48 351
1 11 7
76 318 217 189 29 184 159
1 9 8
370 408 5 45 418 216 150 161
1 11 6
318 4 366 328 496 98
1 10 6
421 235 268 451 14 70
1 11 5
421 369 449 376 101
1 9 7
485 364 395 1 16 452 430
1 7 9
74 402 161 324 440 385 50 43 228
1 6 10
496 474 300 174 105 358 395 114 487 260
1 8 9
492 442 156 261 249 28 473 496 158
1 11 4
14 405 313 115
1 16 4
355 222 429 239
1 11 6
81 329 444 457 304 131
1 6 7
122 245 420 304 418 19 102
1 8 9
275 287 462 281 213 63 222 145 415
1 9 7
311 123 406 157 499 281 465
1 6 10
145 342 488 359 479 139 369 466 246 102
1 21 2
183 309
1 8 9
140 287 492 399 79 276 257 436 328
1 8 9
52 156 149 78 406 478 337 459 470
1 11 5
181 395 467 152 296
1 11 5
175 219 324 218 9
1 10 7
260 85 125 259 194 216 70
1 36 2
10 21
1 13 4
41 61 89 397
1 10 7
91 499 414 47 457 424 467
1 23 3
250 137 450
1 6 10
419 393 378 88 333 426 195 496 0 289
1 7 10
354 200 311 24 356 259 212 156 211 314
1 6 10
31 435 481 352 418 270 290 452 475 180
1 11 5
274 323 381 230 454
1 10 7
278 162 38 130 258 207 227
1 8 9
102 377 462 263 210 350 382 376 384
1 8 8
166 97 347 288 36 147 390 103
1 22 2
480 347
1 8 9
21 86 87 16 458 255 340 357 420
1 11 7
460 92 305 12 360 148 121
1 11 6
384 143 121 84 173 94
1 14 5
275 458 198 124 20
1 8 9
343 453 329 379 342 70 85 363 458
1 17 2
130 387
1 13 4
480 249 23 198
1 12 6
421 102 282 131 197 323
1 16 3
24 171 284
1 15 5
170 320 259 27 181
1 9 8
437 198 117 343 408 451 430 289
1 12 5
177 7 474 128 311
1 11 3
63 221 274
1 17 4
24 410 118 17
1 11 6
355 444 122 194 139 379
1 8 8
97 173 95 180 493 353 272 156
1 9 8
437 384 403 175 81 287 205 268
1 13 5
28 474 460 250 253
1 7 9
28 152 118 64 63 301 213 302 282
1 8 8
387 396 324 413 62 66 136 165
1 7 10
151 340 472 143 452 149 480 304 398 403
1 14 5
415 94 303 373 371
1 10 6
20 269 357 58 97 302
1 9 7
253 384 325 179 350 486 29
1 13 5
268 18 44 270 406
1 35 2
285 409
1 11 7
373 117 189 455 413 201 245
1 12 4
239 125 368 38
1 11 6
186 362 363 190 125 478
1 9 7
443 308 179 36 394 145 130
1 17 4
190 401 371 251
1 18 4
320 152 467 354
1 23 3
383 271 189
1 32 2
277 79
1 21 3
107 104 68
1 9 7
43 155 487 167 331 149 72
1 32 2
214 182
1 11 6
423 246 486 52 433 277
1 7 10
429 463 230 268 102 127 139 198 482 120
1 7 7
316 179 183 92 202 60 334
1 13 6
297 322 132 445 394 189
1 11 5
179 133 306 467 475
1 9 6
208 193 32 6 68 309
1 23 3
87 322 114
1 26 2
332 172
1 14 5
442 99 493 266 214
1 13 5
375 230 109 386 467
1 14 4
108 209 236 213
1 9 8
316 108 417 491 312 266 344 129
1 8 9
290 391 285 168 222 216 350 94 156
1 12 4
479 317 267 375
1 10 7
222 283 108 442 219 329 358
1 7 9
269 195 173 325 113 247 138 151 11
1 8 8
111 316 81 431 435 201 422 308
1 8 7
261 60 441 51 221 492 337
1 12 4
115 208 236 239
1 8 9
314 151 301 135 498 213 377 125 448
1 15 4
326 0 96 487
1 26 2
128 27
1 12 6
400 37 153 254 113 301
1 7 10
78 134 176 335 92 332 48 354 27 53
1 7 8
261 352 160 209 342 22 155 378
1 8 9
287 161 259 46 473 49 348 335 411
1 6 10
204 197 342 424 291 89 236 313 354 455
1 19 3
423 134 432
1 18 2
140 46
1 7 10
71 262 206 482 270 352 142 158 328 156
1 8 9
473 307 173 71 313 213 131 113 97
1 12 5
349 309 12 484 125
1 19 4
205 403 19 413
1 10 5
175 315 272 278 405
1 11 6
282 47 195 305 245 151
1 18 3
146 61 28
1 10 7
329 375 79 292 159 191 70
1 7 9
383 397 188 402 291 375 9 490 172
1 19 3
180 219 175
1 35 2
285 24
1 8 7
25 280 92 73 395 129 314
1 7 9
228 396 448 155 405 20 265 219 441
1 12 6
258 107 291 314 431 169
1 9 8
164 352 371 277 55 327 370 83
1 17 4
263 252 142 351
1 15 3
181 394 55
1 7 10
284 397 6 270 336 476 136 489 423 323
1 15 3
208 61 85
1 12 5
124 29 232 307 116
1 9 7
6 378 119 55 216 345 458
1 17 4
70 288 24 113
1 28 2
190 289
1 24 3
476 27 348
1 5 10
455 118 404 349 446 285 4 138 389 65
1 8 8
12 277 137 492 185 87 396 97
1 10 6
114 355 86 265 269 186
1 16 2
317 47
1 11 5
112 32 114 229 432
1 13 5
127 271 309 172 471
1 16 3
269 185 310
1 9 7
431 84 215 6 230 309 338
1 11 6
155 35 419 111 473 279
1 34 2
351 417
1 13 5
98 401 496 377 338
1 10 7
335 195 336 250 29 488 186
1 8 9
489 474 159 314 290 373 166 172 104
1 9 7
394 179 396 398 134 137 454
1 13 5
127 351 364 264 76
1 8 9
165 198 28 431 172 406 2 64 487
1 13 5
348 460 306 130 483
1 7 10
428 82 459 450 375 11 471 87 280 460
1 23 3
134 248 33
1 8 8
446 183 219 23 133 248 51 171
1 13 4
477 234 4 399
1 11 6
9 214 257 83 491 347
1 14 4
189 119 134 221
1 7 10
489 287 485 236 451 471 93 139 152 98
1 8 9
248 234 287 69 92 58 332 309 368
1 14 5
214 71 146 278 396
1 17 2
381 489
1 13 6
383 154 457 310 403 238
1 7 10
146 306 299 406 375 204 27 319 327 270
1 8 8
295 67 221 56 374 219 183 50
1 9 8
1 273 143 213 56 172 140 297
1 7 10
202 495 450 264 281 325 397 266 456 474
1 26 2
288 204
1 8 7
471 306 413 96 176 15 404
1 9 8
242 263 158 128 328 371 113 344
1 9 8
22 452 360 174 318 378 395 427
1 24 3
162 48 332
1 7 10
115 56 51 218 463 313 384 210 417 58
1 12 5
410 124 62 110 285
1 6 10
123 430 350 126 201 343 416 162 375 21
1 12 6
114 154 320 313 489 72
1 9 5
272 193 139 418 247
1 8 9
190 239 308 280 485 348 62 287 441
1 23 3
135 181 81
1 7 10
104 409 208 323 295 373 155 197 212 222
1 8 8
264 376 119 156 40 60 293 485
1 24 2
141 30
1 13 5
364 144 242 51 47
1 9 7
359 241 36 463 124 304 327
1 9 6
112 282 240 463 387 431
1 7 10
316 294 304 408 253 226 455 459 286 309
1 18 4
438 499 250 455
1 11 6
143 101 291 328 231 226
1 15 4
60 48 11 13
1 20 3
416 256 387
1 20 3
159 480 452
1 12 4
497 396 251 78
1 15 4
121 350 355 70
1 18 3
257 208 115
1 25 3
367 238 441
1 9 8
184 339 481 434 79 50 152 394
1 10 8
181 98 354 292 165 280 100 266
1 12 4
64 413 275 290
1 21 3
130 264 438
1 11 6
375 323 148 224 433 468
1 7 10
47 438 128 492 147 288 466 320 180 186
1 6 10
309 274 273 23 364 178 223 457 411 333
1 18 3
50 159 419
1 7 10
221 493 55 42 113 328 433 321 197 495
1 18 2
386 418
1 12 6
64 222 152 206 225 56
1 10 7
43 286 14 203 485 279 175
1 7 10
14 476 154 406 355 89 187 278 253 297
1 8 5
407 446 399 267 337
1 9 7
231 449 306 188 101 454 477
1 21 3
419 57 387
1 7 10
276 163 483 449 429 404 442 184 161 323
1 10 7
163 142 8 36 150 362 205
1 13 6
303 450 270 117 250 59
1 8 8
363 80 374 329 35 21 400 120
1 21 3
358 304 312
1 6 10
36 277 290 69 28 451 228 116 15 470
1 21 3
202 7 287
1 17 4
355 303 434 12
1 10 7
127 285 188 115 114 199 181
1 15 3
9 141 497
1 7 9
483 242 177 65 326 11 382 383 415
1 8 9
58 170 177 205 238 257 398 306 143
1 8 9
461 458 349 22 114 99 12 473 368
1 23 2
155 160
1 20 3
75 57 193
1 11 4
265 4 92 397
1 8 7
209 0 4 278 107 265 88
1 23 2
53 131
1 13 5
136 42 118 450 164
1 9 8
70 141 240 161 3 142 403 13
1 10 6
334 240 72 434 21 38
1 15 4
134 402 90 43
1 7 10
35 279 48 464 210 430 160 123 47 307
1 25 3
371 305 370
1 12 6
184 298 88 71 407 299
1 9 7
355 112 3 271 149 322 145
1 19 4
215 57 491 321
1 18 2
475 390
1 11 5
203 284 3 41 426
1 8 9
91 27 172 186 389 432 238 387 248
1 9 7
296 198 80 145 480 172 464
1 10 7
483 348 306 268 27 261 40
1 14 3
125 119 492
1 9 8
90 379 244 391 158 466 172 22
1 7 10
387 321 346 490 167 486 143 57 271 262
1 33 2
242 180
1 5 10
106 460 108 67 384 69 496 350 150 276
1 9 8
170 139 298 10 214 425 281 98
1 17 3
497 74 280
1 18 4
442 164 459 289
1 11 5
467 39 243 313 206
1 9 8
434 347 148 287 315 440 402 461
1 8 9
374 108 467 498 364 178 202 450 259
1 10 7
298 210 452 280 338 339 77
1 9 7
77 213 95 377 429 52 481
1 6 10
353 284 1 46 390 85 72 183 420 377
1 17 4
141 357 196 237
1 10 6
486 494 299 246 435 158
1 24 3
360 433 341
1 6 8
54 155 448 437 161 67 212 291
1 19 4
210 184 67 397
1 9 8
80 453 240 250 64 315 478 28
1 17 4
52 483 237 447
1 13 5
261 176 436 2 344
1 10 7
476 210 384 491 454 365 399
1 17 3
471 267 31
1 8 8
244 243 446 24 145 372 420 158
1 28 2
303 115
1 18 3
374 314 473
1 13 6
210 349 367 387 2 62
1 7 9
26 231 486 376 19 254 282 374 433
1 10 5
216 141 431 257 155
1 16 4
254 467 442 309
1 13 5
141 50 389 260 409
1 23 2
12 397
1 6 9
332 358 116 230 209 424 357 141 139
1 8 7
120 60 146 69 178 325 109
1 22 2
347 252
1 10 7
409 277 124 68 284 380 275
1 17 4
450 337 166 440
1 9 8
465 47 48 94 282 285 472 458
1 16 3
139 144 122
1 12 6
191 193 409 460 99 20
1 25 3
96 29 71
1 10 6
296 341 172 241 187 174
1 9 8
298 112 388 157 162 263 428 35
1 8 9
254 231 394 184 469 269 165 408 370
1 18 3
475 106 280
1 6 10
46 133 245 395 207 429 342 419 411 148
1 16 4
45 79 469 487
1 8 8
270 372 430 141 132 420 158 51
1 11 6
81 351 185 361 209 207
1 35 2
484 286
1 7 10
232 207 145 373 301 284 442 231 400 278
1 11 6
211 113 148 202 244 452
1 10 5
349 232 267 471 369
1 8 9
487 66 268 134 40 256 445 45 243
1 14 4
43 384 143 224
1 10 5
122 483 490 37 435
1 7 8
108 493 66 434 243 398 276 483
1 13 5
475 159 229 202 48
1 10 7
397 220 272 42 359 467 250
1 9 8
210 152 302 317 296 316 366 396
1 8 9
197 28 49 327 236 153 295 221 420
1 7 10
80 399 152 189 491 201 324 278 277 142
1 35 2
166 449
1 14 4
387 271 76 339
1 12 6
275 25 319 134 425 248
1 38 2
370 71
1 10 3
223 367 51
1 8 8
71 60 161 310 317 355 390 333
1 35 2
295 196
1 8 9
172 76 201 362 100 452 185 257 448
1 9 7
351 228 472 191 44 373 102
1 22 2
130 176
1 9 6
120 439 288 444 466 261
1 17 2
418 12
1 22 3
427 288 10
1 8 9
483 247 367 170 151 361 456 13 269
1 7 9
391 389 367 493 499 293 461 211 106
1 11 5
444 309 385 206 488
1 8 9
60 339 97 37 171 327 71 139 109
1 14 2
298 444
1 17 4
342 323 34 488
1 11 6
7 91 184 375 433 249
1 16 4
200 15 74 368
1 7 10
76 281 283 347 328 57 383 51 164 8
1 17 3
322 171 319
1 9 8
286 450 49 373 9 121 320 425
1 9 7
69 268 209 61 250 262 451
1 7 10
32 104 194 486 82 402 185 392 428 11
1 11 4
424 223 290 249
1 18 3
179 383 388
1 9 5
231 347 165 56 247
1 20 3
262 73 263
1 15 3
469 182 31
1 16 2
103 94
1 15 4
259 171 190 341
1 7 10
421 458 144 323 14 198 130 380 208 176
1 34 2
348 82
1 8 8
191 415 6 93 25 38 408 382
1 9 8
131 337 139 379 138 198 321 411
1 13 6
5 469 348 255 214 495
1 8 8
407 244 474 409 124 12 438 406
1 7 10
410 29 208 122 466 316 223 445 469 480
1 10 5
14 310 376 347 151
1 9 8
499 75 155 432 371 73 337 443
1 21 3
73 287 349
1 18 3
138 410 309
1 8 7
209 213 424 495 241 206 138
1 7 9
424 224 56 314 153 206 59 11 119
1 8 8
444 40 83 66 306 440 223 477
1 7 10
150 452 98 248 228 235 491 466 301 393
1 7 10
78 69 71 122 196 438 429 105 341 423
1 23 3
488 492 365
1 14 5
81 409 413 301 20
1 8 8
383 323 174 404 416 26 235 440
1 12 5
145 76 388 211 139
1 16 4
224 237 80 215
1 7 10
323 285 251 38 135 236 42 275 493 353
1 13 5
53 382 449 405 39
1 9 8
32 4 379 102 215 450 481 80
1 14 4
377 309 1 430
1 7 9
479 138 414 480 149 82 499 455 375
1 7 10
2 90 205 79 344 240 99 480 255 53
1 11 6
177 186 270 0 258 404
1 13 6
222 2 161 293 440 99
1 15 5
287 148 258 338 385
1 7 10
379 319 247 410 206 43 0 229 15 56
1 16 3
492 455 173
1 9 8
132 470 266 256 340 151 90 24
1 8 9
2 408 207 352 252 165 181 64 302
1 7 10
308 307 67 401 187 221 38 338 82 330
1 15 4
75 178 76 280
1 15 3
35 448 178
1 7 10
398 321 466 474 108 235 430 372 416 297
1 10 7
311 194 188 484 308 212 278
1 12 6
241 172 498 417 160 140
1 9 7
288 270 317 184 498 72 232
1 25 2
136 120
1 18 4
438 307 57 42
1 7 9
44 74 162 11 341 192 158 366 376
1 16 4
15 160 80 423
1 11 6
369 353 263 204 150 111
1 9 8
285 346 408 409 317 89 269 239
1 13 5
349 394 452 286 486
1 7 9
381 356 315 59 471 53 256 433 276
1 8 9
417 266 243 442 196 479 340 132 384
1 11 7
267 491 339 336 27 306 259
1 24 2
425 496
1 9 8
132 210 348 283 452 431 170 472
1 8 9
1 144 364 37 434 258 345 24 465
1 7 10
413 106 401 146 136 361 131 351 45 462
1 7 9
319 262 498 77 94 273 33 329 494
1 7 10
195 48 119 182 151 194 117 461 424 367
1 22 3
77 406 250
1 8 8
330 97 141 142 377 111 459 408
1 23 3
302 295 369
1 11 6
64 301 274 499 364 126
1 9 8
22 312 348 110 93 204 257 91
1 16 4
257 167 216 419
1 12 6
337 35 179 268 483 294
1 7 10
311 169 95 44 388 305 8 164 496 59
1 25 2
193 184
1 21 3
336 156 9
1 11 5
122 406 146 429 348
1 10 5
455 317 284 293 416
1 8 7
55 70 224 169 51 480 349
1 9 8
449 390 381 230 439 216 408 117
1 20 3
145 175 191
1 9 8
398 440 303 109 187 384 209 490
1 10 7
35 379 129 300 126 128 1
1 10 5
481 396 376 471 336
1 17 4
271 390 8 470
1 8 8
227 288 121 74 298 96 498 260
1 10 7
107 290 111 221 46 394 255
1 10 6
201 93 306 124 25 257
1 9 8
435 184 135 305 103 376 498 493
1 13 6
199 27 119 65 222 362
1 8 9
391 193 336 100 387 392 298 345 24
1 10 7
25 361 38 396 163 418 35
1 25 2
308 367
1 16 4
51 297 44 60
1 34 2
70 346
1 8 9
107 347 292 278 81 361 222 483 482
1 12 3
290 299 87
1 14 5
374 484 157 160 453
1 7 10
406 330 49 57 403 336 167 227 187 183
1 14 4
218 329 308 6
1 18 3
208 136 316
1 18 4
17 48 443 405
1 8 9
493 324 237 285 403 278 41 259 448
1 7 10
26 27 130 421 76 38 374 8 86 261
1 9 7
68 211 157 436 221 40 484
1 11 7
263 99 21 477 205 312 242
1 20 3
171 267 135
1 8 7
170 337 145 151 427 465 181
1 17 4
10 80 266 204
1 8 8
404 418 270 412 450 483 314 155
1 7 10
456 475 420 220 394 462 19 119 438 141
1 21 3
182 382 44
1 7 10
134 258 228 185 72 79 142 284 492 199
1 27 2
418 417
1 8 8
208 184 358 395 448 307 114 239
1 11 7
6 248 441 243 427 142 287
1 11 5
196 469 345 261 19
1 16 4
138 62 173 487
1 7 10
127 213 16 155 317 178 305 486 218 247
1 12 6
499 484 281 149 310 457
1 10 6
418 363 1 130 339 33
1 18 3
194 86 203
1 17 4
341 417 404 251
1 10 7
190 362 293 339 300 238 351
1 8 9
238 103 122 330 57 450 12 46 348
1 9 6
50 493 134 407 343 499
1 16 3
366 97 240
1 12 5
185 273 467 477 439
1 34 2
143 59
1 21 3
129 444 258
1 11 7
363 263 428 312 249 483 414
1 10 7
51 168 251 0 66 359 107
1 18 4
172 35 346 448
1 9 7
67 475 244 281 31 274 93
1 7 10
342 154 39 485 266 436 148 83 92 41
1 13 3
290 480 369
1 13 5
377 80 384 173 30
1 25 2
1 198
1 9 8
368 363 223 253 45 303 89 104
1 9 8
285 77 345 274 286 72 238 378
1 12 6
410 308 431 248 107 252
1 19 3
37 423 43
1 23 3
485 287 147
1 6 9
13 147 408 130 75 469 324 139 85
1 12 5
464 60 8 494 362
1 7 10
323 155 26 484 424 71 15 226 263 350
1 7 10
290 203 499 102 327 41 481 215 429 44
1 9 7
209 143 52 129 121 183 221
1 7 9
101 431 7 457 22 477 164 413 226
1 17 4
62 473 436 370
1 20 3
301 219 80
1 7 10
25 455 128 205 297 131 115 288 106 491
1 10 5
40 270 86 61 98
1 7 9
6 271 352 121 157 137 277 24 190
1 8 9
281 289 146 458 13 46 380 311 136
1 16 3
425 483 164
1 8 8
229 386 495 399 467 254 312 234
1 9 8
439 63 327 192 471 149 251 23
1 7 10
216 339 347 290 10 438 54 92 489 496
1 8 7
56 116 362 134 130 410 128
1 8 9
308 201 224 231 135 219 162 73 361
1 17 4
375 306 453 435
1 15 5
2 200 19 406 71
1 14 4
354 124 36 462
1 18 3
31 494 188
1 8 6
446 40 489 299 231 406
1 15 3
75 480 232
1 14 4
144 92 145 463
1 11 6
398 481 50 359 475 248
1 10 7
231 279 68 454 367 260 28
1 15 4
254 394 497 436
1 8 9
23 134 37 42 130 234 461 479 71
1 19 3
359 373 406
1 10 6
162 342 125 150 224 149
1 14 5
126 364 430 83 214
1 14 4
415 110 385 219
1 7 8
77 270 344 129 206 157 3 486
1 12 6
42 322 89 382 110 28
1 11 4
155 149 22 211
1 14 5
79 280 354 210 314
1 7 10
336 230 130 142 337 456 264 46 460 3
1 14 3
229 293 7
1 13 6
205 212 445 76 183 446
1 11 7
115 210 379 383 52 171 211
1 16 3
219 347 235
1 7 10
88 363 205 10 432 386 29 188 489 174
1 13 6
238 343 77 179 33 327
1 10 7
268 422 496 293 176 306 29
1 10 5
230 261 34 213 102
1 19 3
255 153 497
1 7 10
342 195 63 100 263 382 474 150 200 68
1 35 2
5 472
1 20 3
184 333 63
1 16 4
434 83 420 183
1 10 7
329 476 191 206 478 305 471
1 7 10
476 446 29 119 70 153 218 191 202 93
1 10 7
308 106 331 55 269 99 163
1 8 8
64 230 477 93 408 346 58 69
1 11 6
477 271 494 499 429 133
1 9 8
42 140 168 465 213 418 166 199
1 10 7
89 422 163 463 196 447 263
1 11 6
95 172 66 335 432 426
1 8 9
115 174 93 222 133 272 305 459 485
1 13 4
112 341 285 85
1 13 4
469 382 390 220
1 29 2
258 363
1 13 6
125 292 348 198 215 458
1 17 4
42 404 16 110
1 13 5
349 288 144 75 163
1 11 6
320 86 170 61 246 413
1 13 6
164 456 334 379 493 345
1 11 5
431 225 339 402 115
1 7 8
276 223 278 15 201 290 110 144
1 37 2
173 248
1 7 10
237 117 217 282 468 332 120 485 269 134
1 7 10
154 484 398 279 105 349 255 241 250 109
1 23 3
457 18 452
1 12 6
177 184 49 191 305 279
1 10 7
99 33 112 367 68 148 396
1 13 4
334 98 93 183
1 12 6
418 277 210 400 153 236
1 14 3
98 325 276
1 7 9
391 46 209 427 395 435 300 180 285
1 10 6
398 420 111 57 347 267
1 8 9
287 398 327 310 237 235 228 39 251
1 9 6
159 4 43 454 485 391
1 14 4
494 392 89 8
1 9 7
113 371 46 30 412 18 393
1 13 4
354 359 50 435
1 13 2
369 316
1 22 3
170 56 156
1 23 2
386 36
1 7 10
59 191 414 488 467 279 298 47 374 383
1 10 5
429 69 110 225 125
1 7 6
329 140 228 43 6 284
1 8 8
57 1 171 37 337 70 494 395
1 10 6
244 94 116 446 464 53
1 8 9
258 23 12 404 199 484 379 342 271
1 9 7
79 15 58 288 302 70 271
1 9 8
424 414 101 172 225 376 169 248
1 6 10
203 123 257 169 69 8 339 64 306 74
1 9 7
472 451 246 452 315 95 420
1 15 5
117 229 9 139 321
1 17 4
144 355 59 192
1 13 6
257 239 248 127 5 8
1 9 8
354 359 192 146 385 499 369 322
1 20 3
472 393 21
1 26 3
57 280 100
1 11 7
71 256 313 327 166 496 85
1 18 3
246 70 228
1 16 4
265 443 18 391
1 16 4
474 323 15 233
1 24 2
188 497
1 9 8
290 310 365 352 285 435 494 172
1 12 5
354 435 86 281 70
1 15 4
11 388 372 15
1 9 8
290 482 359 241 467 423 228 60
1 11 6
129 397 62 91 120 48
1 9 7
169 302 126 414 392 436 228
1 26 3
347 457 10
1 8 8
72 291 331 218 431 104 371 463
1 25 3
89 295 172
1 27 2
488 116
1 6 7
485 187 87 171 473 435 37
1 7 10
136 312 141 172 223 455 488 178 374 139
1 9 8
150 279 318 55 195 450 388 331
1 6 10
167 298 50 169 415 160 46 230 249 247
1 9 7
218 232 126 263 98 465 274
1 14 5
351 403 441 138 223
1 6 10
163 274 14 261 1 245 332 397 421 58
1 15 3
262 54 444
1 9 7
244 446 138 277 152 364 391
1 6 10
219 211 336 432 65 57 232 128 125 15
1 7 10
222 456 203 491 397 175 281 381 212 365
1 11 7
263 248 287 412 265 392 183
1 10 7
136 63 394 68 248 1 106
1 7 9
310 33 107 402 375 154 153 105 338
1 8 8
265 122 302 483 484 362 134 162
1 12 5
311 404 93 371 11
1 29 2
321 266
1 30 2
225 74
1 11 6
305 46 121 53 415 475
1 13 5
268 218 12 353 459
1 8 7
373 315 252 343 448 155 254
1 7 9
433 418 14 196 101 69 351 162 264
1 20 2
208 444
1 8 9
399 272 83 325 88 211 346 94 174
1 7 9
173 399 290 319 342 64 485 93 275
1 9 8
399 353 261 475 275 158 16 453
1 20 3
112 48 132
1 11 7
373 214 379 313 449 164 48
1 27 2
392 121
1 23 3
401 110 16
1 7 10
61 440 94 213 292 172 176 113 304 57
1 15 4
446 227 330 2
1 9 8
50 312 307 293 17 488 144 218
1 27 2
15 345
1 12 5
188 182 229 324 159
1 32 2
241 205
1 9 5
324 120 283 6 407
1 14 5
484 208 13 182 442
1 11 6
218 332 2 309 265 434
1 8 8
414 302 413 464 348 204 356 286
1 15 5
216 24 64 81 456
1 8 9
154 277 97 440 259 308 402 95 23
1 15 5
499 279 0 310 98
1 8 10
322 470 328 360 394 306 182 57 134 385
1 8 9
108 272 476 446 212 359 294 141 30
1 15 4
432 426 142 11
1 9 8
31 264 156 367 173 197 176 375
1 7 10
416 45 95 470 362 134 139 458 4 215
1 10 7
262 354 247 9 263 242 92
1 19 4
44 266 76 458
1 8 7
9 461 6 424 185 252 31
1 9 7
483 233 481 114 256 116 382
1 12 4
228 272 140 335
1 8 7
0 169 489 494 435 285 61
1 8 8
339 350 243 141 99 191 244 411
1 7 10
461 120 81 214 319 1 242 55 428 416
1 7 10
494 361 222 201 29 491 349 124 281 185
1 8 9
283 465 10 478 166 47 340 77 80
1 6 10
345 111 400 262 22 388 422 356 413 241
1 13 5
413 494 294 402 486
1 7 10
3 398 49 477 417 232 95 39 382 115
1 32 2
208 189
1 7 10
467 277 453 199 244 359 74 394 50 99
1 10 7
272 237 341 2 285 252 318
1 8 8
239 398 101 48 213 434 494 175
1 21 2
344 180
1 12 6
130 207 54 165 213 210
1 16 3
96 424 221
1 23 2
49 451
1 12 6
119 303 246 452 236 257
1 13 6
174 100 94 294 312 121
1 20 3
30 411 67
1 7 9
223 4 467 61 397 111 435 74 280
1 10 5
307 89 306 126 489
1 7 9
472 69 67 386 160 467 73 287 479
1 14 5
177 171 29 115 90
1 18 3
137 421 398
1 13 5
174 450 157 12 382
1 12 6
285 497 164 142 108 294
1 21 3
438 104 402
1 14 5
461 24 241 83 159
1 11 7
36 226 287 279 9 455 413
1 7 9
138 186 380 204 446 80 475 411 250
1 13 4
333 406 311 284
1 6 10
435 246 451 83 155 234 381 33 9 369
1 15 4
194 18 256 43
1 7 10
130 380 94 423 102 262 27 357 4 247
1 9 8
316 495 40 409 416 448 339 418
1 10 7
443 193 299 276 448 83 224
1 13 5
109 239 11 114 198
1 14 5
361 323 265 172 448
1 11 6
35 475 320 498 337 151
1 7 10
467 446 133 24 98 370 430 482 484 303
1 24 3
87 207 445
1 8 9
23 310 20 439 328 398 116 361 11
1 6 9
309 347 149 425 206 413 58 72 443
1 13 4
0 287 234 39
1 8 8
468 27 430 111 68 421 474 198
1 14 3
317 288 335
1 13 6
387 81 370 5 64 15
1 7 10
335 14 205 455 238 13 150 437 177 45
1 7 10
5 383 150 234 102 321 429 124 193 479
1 8 9
5 283 416 420 494 377 198 326 294
1 27 2
475 192
1 11 7
189 287 483 352 399 262 114
1 33 2
373 77
1 34 2
222 177
1 18 3
112 259 31
1 10 8
165 303 307 118 197 257 172 100
1 11 5
378 33 497 491 329
1 7 9
21 396 246 220 114 339 252 342 306
1 10 6
422 51 454 213 298 348
1 13 6
37 320 316 117 441 279
1 15 5
294 390 57 152 397
1 8 10
399 370 152 485 277 322 144 77 162 100
1 7 10
266 86 105 282 308 445 434 138 186 331
1 11 6
281 334 121 101 354 482
1 13 4
306 88 304 429
1 14 3
170 298 91
1 7 10
173 241 373 127 96 33 305 447 393 309
1 6 10
484 351 181 227 475 47 54 451 395 94
1 7 9
427 46 290 2 281 377 402 251 0
1 21 3
242 106 227
1 17 4
348 465 429 9
1 9 6
290 23 330 204 479 180
1 9 6
307 448 101 203 459 250
1 11 6
423 49 488 394 283 420
1 11 6
81 108 37 402 250 387
1 27 2
386 263
1 8 8
145 282 52 247 167 448 395 118
1 8 9
123 338 103 486 426 499 166 268 373
1 14 5
162 433 237 69 87
1 6 9
311 147 384 176 51 118 424 12 272
1 11 6
325 153 489 77 84 237
1 12 5
225 336 335 480 109
1 8 7
231 149 182 359 395 283 334
1 6 10
128 60 73 326 75 446 142 492 434 439
1 7 10
222 364 260 357 462 227 436 397 309 174
1 7 10
402 26 130 24 288 93 483 396 300 20
1 12 6
192 346 314 438 375 294
1 8 8
340 356 205 282 377 489 62 363
1 7 10
199 269 288 300 15 80 279 67 221 408
1 24 2
414 383
1 9 7
193 32 9 394 159 345 311
1 21 3
82 435 21
1 5 10
150 438 261 476 245 141 414 455 331 396
1 11 3
31 246 133
1 7 10
188 398 270 195 129 300 263 103 79 258
1 8 8
299 323 236 42 134 464 290 208
1 25 2
91 346
1 7 8
78 388 114 176 325 206 317 230
1 19 4
195 350 156 322
1 7 10
151 89 289 477 88 268 263 207 267 391
1 7 9
113 127 415 318 387 78 196 228 87
1 11 6
314 294 329 86 153 273
1 7 10
191 39 424 83 203 55 270 231 304 120
1 14 5
177 326 304 248 270
1 9 7
302 462 434 155 121 110 79
1 12 5
8 495 54 290 111
1 6 10
127 60 482 37 343 215 466 366 435 407
1 19 2
126 337
1 17 4
110 346 332 136
1 14 5
49 129 142 220 470
1 8 6
123 480 239 491 111 200
1 7 10
281 178 255 45 53 351 283 325 273 118
1 11 6
348 390 23 161 139 33
1 31 2
482 118
1 9 8
226 358 166 355 217 464 231 303
1 9 8
36 39 443 110 148 325 226 400
1 9 6
473 424 307 337 165 373
1 6 10
253 69 455 125 364 74 410 378 333 490
1 7 9
89 129 191 471 465 157 462 188 394
1 17 3
399 58 180
1 8 8
314 228 229 324 96 54 472 283
1 14 5
340 226 453 160 73
1 7 9
253 106 249 208 136 392 438 413 478
1 12 5
200 474 113 139 243
1 17 4
379 436 88 466
1 12 6
132 260 479 401 419 167
1 11 7
458 371 259 23 78 441 465
1 6 10
331 249 488 74 451 460 306 404 350 395
1 8 9
172 184 361 70 254 324 499 397 352
1 12 6
347 222 232 217 171 302
1 8 7
164 35 145 15 44 264 72
1 7 10
435 172 223 150 16 50 396 369 387 7
1 8 8
412 115 247 415 86 200 109 283
1 7 9
111 492 31 133 108 186 367 162 101
1 7 7
286 11 385 446 398 217 404
1 23 2
467 118
1 11 6
317 323 394 102 412 192
1 8 8
302 143 156 254 28 213 267 3
1 12 6
104 341 304 177 16 370
1 13 5
459 270 59 21 73
1 6 10
288 324 333 68 307 104 3 110 95 240
1 5 10
389 139 200 284 75 62 69 147 161 38
1 9 5
178 19 105 183 331
1 7 10
227 114 408 340 6 198 281 202 292 427
1 11 6
120 491 118 46 144 287
1 7 9
497 481 86 69 355 304 263 138 170
1 8 9
62 51 295 288 177 306 469 258 76
1 9 7
218 432 375 134 319 289 164
1 15 5
187 396 222 42 23
1 7 9
16 433 420 287 134 280 315 247 264
1 25 2
285 274
1 15 4
393 403 64 102
1 15 4
84 431 372 85
1 7 9
126 299 372 165 78 12 150 220 338
1 7 10
12 470 116 62 269 147 481 16 202 94
1 30 2
57 432
1 8 9
6 149 243 348 100 73 143 298 382
1 8 9
456 211 391 173 400 145 238 249 138
1 32 2
180 148
1 17 4
73 147 31 10
1 9 7
209 326 411 260 313 167 356
1 9 7
287 411 229 82 413 49 333
1 12 6
377 418 419 480 184 361
1 7 10
384 177 80 350 89 74 152 233 48 37
1 17 4
185 475 248 404
1 8 8
447 67 390 99 14 31 188 399
1 18 3
420 34 172
1 9 7
426 160 30 128 488 132 193
1 10 5
492 260 43 333 40
1 15 5
120 295 317 327 382
1 10 7
453 414 433 51 12 139 90
1 13 5
99 58 70 427 352
1 27 2
117 130
1 16 5
309 279 328 342 10
1 22 3
445 202 93
1 16 4
167 375 133 204
1 6 10
38 65 234 14 363 185 429 491 66 68
1 16 4
69 474 157 66
1 8 6
262 422 490 281 481 332
1 7 5
146 466 366 149 497
1 10 7
85 289 356 331 318 442 15
1 10 6
136 16 208 275 171 20
1 19 4
205 117 21 177
1 12 6
320 324 250 164 187 313
1 15 4
300 102 73 92
1 16 4
304 464 126 360
1 8 7
67 387 369 46 460 61 168
1 19 3
280 48 55
1 21 3
176 40 214
1 27 2
208 180
1 12 6
202 262 238 333 165 282
1 7 9
74 175 434 196 302 331 416 73 374
1 7 10
201 275 209 423 351 192 328 179 137 24
1 11 6
202 497 438 170 66 211
1 8 8
380 370 82 436 264 275 315 385
1 10 3
245 138 161
1 10 7
400 76 62 24 277 451 493
1 21 3
302 405 143
1 12 5
284 179 476 419 163
1 11 6
246 490 111 25 281 29
1 12 6
429 49 160 379 44 382
1 11 5
107 495 483 261 130
1 10 6
339 424 22 209 163 304
1 7 10
426 286 218 344 261 5 327 140 356 30
1 12 4
324 54 227 476
1 8 10
432 73 328 412 456 147 28 363 173 275
1 7 10
249 284 222 272 220 80 430 109 469 7
1 21 2
88 217
1 9 7
353 392 103 204 240 384 264
1 13 5
13 261 371 241 285
1 6 10
163 404 286 334 498 380 77 232 337 88
1 18 4
361 323 309 376
1 33 2
9 210
1 8 9
272 476 187 42 204 238 474 70 400
1 9 8
74 70 31 392 108 370 333 487
1 6 10
97 230 98 307 285 350 436 437 11 132
1 12 6
301 461 73 294 371 385
1 16 3
388 35 359
1 22 3
344 391 292
1 9 5
115 476 334 179 234
1 10 6
427 270 448 23 206 196
1 13 5
480 478 376 264 25
1 13 5
9 127 108 88 303
1 9 8
482 215 453 259 188 274 479 102
1 11 6
421 44 33 163 155 268
1 25 3
400 439 453
1 11 6
421 393 83 284 469 170
1 13 5
113 355 320 381 228
1 20 3
125 465 257
1 8 9
205 433 393 243 260 425 258 431 335
1 14 4
378 476 387 447
1 9 8
128 303 428 70 8 102 158 50
1 15 5
271 488 138 287 189
1 24 3
448 214 29
1 21 2
430 39
1 10 6
344 408 351 114 121 128
1 8 8
130 150 32 496 317 192 100 474
1 12 6
40 24 315 321 15 383
1 9 6
496 89 38 190 434 46
1 9 7
167 233 269 11 282 136 186
1 6 8
73 283 253 9 276 388 145 55
1 30 2
324 312
1 13 5
304 426 380 44 189
1 12 5
461 487 128 408 62
1 9 6
339 171 266 391 397 387
1 7 10
315 329 386 111 204 494 163 99 332 369
1 8 9
362 112 94 199 18 433 356 31 329
1 13 4
437 460 365 476
1 11 6
200 472 255 110 270 396
1 7 10
172 76 203 197 471 305 297 333 336 476
1 9 7
243 142 398 84 301 462 345
1 24 2
253 487
1 13 4
55 374 98 46
1 16 4
16 338 332 254
1 15 3
276 116 254
1 9 8
233 409 349 284 493 196 152 11
1 11 6
370 217 93 472 364 132
1 15 4
158 383 32 246
1 8 8
465 42 187 264 181 350 256 160
1 7 10
197 95 483 25 384 146 71 360 328 228
1 11 7
302 287 336 376 108 135 29
1 9 7
78 459 449 77 169 472 498
1 9 7
426 29 278 256 368 146 183
1 8 8
323 335 86 494 84 299 343 395
1 10 7
103 275 262 31 312 477 276
1 14 4
153 243 159 385
1 9 8
465 392 65 391 47 322 95 282
1 7 9
411 204 158 44 494 230 235 476 113
1 9 7
159 401 497 407 195 485 272
1 13 4
85 272 460 33
1 10 6
245 103 208 386 65 57
1 21 3
64 156 355
1 8 9
42 83 402 471 488 107 309 285 455
1 14 4
454 455 144 123
1 12 4
266 7 236 220
1 7 10
315 330 441 63 466 360 378 96 116 87
1 21 2
408 101
1 19 4
42 235 379 405
1 19 3
97 160 130
1 7 10
240 456 74 461 61 119 143 219 4 118
1 7 9
20 425 126 442 398 182 26 264 454
1 8 7
483 230 64 471 271 128 11
1 12 4
193 476 89 121
1 15 4
256 366 119 323
1 17 3
387 196 183
1 24 3
401 263 356
1 8 7
63 406 17 8 262 12 245
1 36 2
443 59
1 13 5
456 151 174 393 123
1 7 10
470 276 282 232 476 342 226 400 428 259
1 12 3
455 253 310
1 27 2
394 485
1 18 4
252 403 178 172
1 12 4
325 377 273 148
1 15 4
220 233 76 489
1 8 7
19 396 93 17 389 77 215
1 9 8
295 175 41 296 328 75 242 171
1 18 4
347 230 238 351
1 12 6
147 37 415 361 203 322
1 14 5
432 21 166 426 341
1 7 10
31 406 40 383 360 283 256 469 28 202
1 8 7
243 161 20 410 145 236 72
1 28 2
53 32
1 24 2
235 9
1 8 9
133 144 445 448 241 58 142 332 246
1 12 5
459 88 259 40 265
1 9 8
190 385 403 363 27 167 312 169
1 14 3
34 159 265
1 8 6
138 228 317 495 155 466
1 12 5
176 213 352 104 0
1 6 8
165 411 366 105 190 193 215 111
1 10 7
258 372 337 454 58 231 159
1 20 3
311 251 182
1 11 6
165 90 219 184 227 129
1 11 6
271 161 185 353 42 334
1 14 5
470 371 425 219 300
1 17 2
347 364
1 19 3
20 414 29
1 23 2
335 160
1 8 8
309 239 355 383 470 101 375 125
1 9 8
26 124 29 428 287 20 173 356
1 8 9
367 476 467 303 23 132 5 345 250
1 11 7
247 57 358 144 337 312 224
1 9 8
238 331 417 191 321 190 125 45
1 7 10
267 26 218 207 14 244 79 215 312 355
1 28 2
393 281
1 12 6
79 427 418 327 213 233
1 9 8
456 107 229 134 214 416 382 198
1 13 5
128 96 8 290 423
1 16 4
405 230 207 438
1 12 6
259 384 208 104 356 230
1 13 4
107 354 437 425
1 23 3
334 189 251
1 21 3
337 33 449
1 7 10
39 291 279 319 326 369 102 36 322 30
1 7 10
169 0 99 251 48 121 366 432 365 311
1 20 3
148 435 427
1 7 9
218 173 131 45 401 220 114 232 391
1 27 2
218 301
1 7 9
84 148 194 198 391 443 87 397 356
1 14 5
434 24 338 461 59
1 8 9
108 490 439 358 458 24 247 131 31
1 18 4
142 403 60 93
1 8 9
184 154 417 151 86 152 190 88 9
1 8 8
170 485 290 397 360 90 425 366
1 25 2
149 79
1 13 4
190 410 432 171
1 23 3
109 478 6
1 11 6
257 214 158 126 153 382
1 24 2
338 19
1 7 4
112 481 492 140
1 8 6
175 480 426 228 190 227
1 18 4
19 403 46 423
1 32 2
461 488
1 22 3
190 297 159
1 9 7
172 350 376 75 477 483 397
1 12 6
479 493 445 424 417 85
1 9 7
174 36 359 109 383 396 4
1 10 7
169 458 197 75 449 225 150
1 7 9
431 318 305 225 381 180 72 386 358
1 11 5
405 246 169 75 308
1 11 6
117 206 128 351 436 103
1 21 2
367 288
1 25 2
364 346
1 14 5
164 124 294 439 229
1 12 6
442 216 177 428 276 313
1 11 7
438 480 199 381 429 294 380
1 11 6
60 321 13 462 257 465
1 9 7
299 200 267 282 74 268 230
1 7 9
251 392 194 144 171 446 202 198 326
1 14 5
346 404 6 26 416
1 18 4
343 300 327 425
1 9 7
204 284 323 125 234 53 373
1 7 10
337 280 284 201 240 298 140 314 346 256
1 7 10
470 463 380 343 393 107 258 86 145 93
1 10 6
385 219 178 163 414 203
1 8 9
126 61 234 290 134 409 398 237 321
1 8 7
104 246 216 495 6 97 88
1 14 5
30 417 345 198 389
1 10 6
395 241 201 173 375 62
1 14 5
311 10 406 207 25
1 20 2
283 94
1 14 5
50 376 401 294 61
1 13 5
186 93 150 289 190
1 7 9
142 122 170 435 280 350 159 489 426
1 6 10
326 8 385 396 149 60 264 123 333 18
1 7 9
431 366 187 76 77 195 3 154 471
1 7 10
445 395 489 228 114 499 56 40 312 318
1 29 2
207 430
1 10 7
499 488 385 363 231 73 156
1 8 7
339 49 418 153 487 249 223
1 8 8
404 162 329 441 414 51 142 28
1 30 2
326 436
1 24 2
399 313
1 16 3
14 371 39
1 12 6
449 84 5 299 212 152
1 28 2
68 46
1 20 3
49 392 428
1 7 10
433 197 203 297 411 269 255 39 250 337
1 7 10
201 458 89 349 447 191 344 371 284 152
1 7 9
310 152 447 148 390 272 198 347 240
1 11 6
479 226 317 355 10 291
1 10 5
90 309 141 235 368
1 15 3
128 33 13
1 7 10
56 104 337 226 216 300 229 35 462 417
1 24 2
26 180
1 7 9
372 352 179 476 278 33 2 44 319
1 9 6
95 440 116 358 105 68
1 14 4
123 9 192 422
1 26 3
70 360 292
1 12 6
215 171 358 318 445 361
1 8 9
97 125 217 216 42 197 94 293 176
1 12 5
147 132 43 392 104
1 12 6
135 366 213 348 345 377
1 8 9
388 380 24 18 308 487 287 32 270
1 12 6
374 263 340 134 101 458
1 12 6
345 242 149 456 209 110
1 10 5
245 159 491 115 429
1 30 2
486 30
1 9 7
35 423 489 438 120 186 324
1 8 8
188 253 270 114 169 49 373 138
1 9 7
299 419 322 350 55 293 215
1 10 7
408 387 209 189 375 496 33
1 12 5
381 258 37 444 284
1 7 7
26 191 149 120 72 40 413
1 10 7
95 187 323 278 99 89 350
1 36 2
10 465
1 17 3
142 448 211
1 18 2
299 58
1 11 6
339 472 85 427 255 288
1 6 10
214 260 440 281 463 490 451 124 208 34
1 19 2
164 231
1 8 7
253 498 127 160 125 236 440
1 27 2
408 236
1 16 2
435 269
1 12 5
16 333 446 73 98
1 13 4
169 471 266 432
1 6 9
355 17 62 239 77 362 183 88 55
1 20 3
221 97 285
1 7 10
120 30 199 136 70 45 134 329 415 310
1 19 4
225 295 305 312
1 8 8
336 425 109 251 3 476 161 388
1 7 10
300 96 366 289 6 217 80 341 451 308
1 10 7
442 387 212 475 319 455 412
1 7 10
461 207 185 157 374 281 238 179 443 391
1 9 8
10 79 96 285 137 393 310 250
1 7 9
250 464 383 231 63 317 161 15 490
1 15 5
287 172 135 267 119
1 8 8
473 402 448 371 499 351 92 146
1 12 4
211 165 209 130
1 13 6
51 109 445 45 29 431
1 18 4
57 113 167 42
1 7 10
228 281 311 445 101 211 421 139 166 444
1 6 9
171 53 460 354 277 422 223 462 419
1 13 5
194 476 492 321 267
1 8 9
238 40 444 5 191 225 184 77 349
1 8 7
256 216 44 207 288 47 290
1 8 8
214 13 194 373 67 313 420 109
1 10 7
23 280 295 471 339 488 17
1 9 7
385 371 196 234 366 187 162
1 13 4
447 493 175 368
1 8 9
406 286 44 291 64 190 238 296 327
1 16 4
262 203 355 428
1 14 5
136 321 69 102 371
1 9 7
108 355 335 344 43 425 292
1 23 3
412 373 491
1 20 3
234 308 111
1 9 7
137 41 260 405 296 95 163
1 13 3
350 245 212
1 7 8
481 317 350 145 153 167 404 422
1 7 9
60 48 239 253 98 437 473 203 359
1 21 3
105 379 307
1 19 2
40 454
1 7 10
273 278 196 372 96 181 197 206 319 332
1 6 10
33 486 208 95 261 284 169 249 203 170
1 14 5
66 319 433 37 409
1 12 6
187 227 173 301 442 328
1 9 7
284 485 186 66 145 1 185
1 8 9
486 133 399 168 483 94 453 282 228
1 8 7
191 118 256 126 280 336 139
1 9 7
357 472 208 461 167 139 446
1 9 8
315 126 129 100 290 468 225 67
1 26 2
287 226
1 17 4
321 82 276 86
1 18 4
422 61 162 5
1 6 9
98 145 496 385 274 329 153 282 429
1 12 6
350 130 264 289 220 401
1 13 6
238 41 279 95 129 437
1 11 5
25 296 203 215 338
1 10 7
10 267 42 67 274 215 397
1 9 7
105 281 361 311 399 395 161
1 6 10
262 19 4 157 426 437 135 94 316 150
1 20 3
245 121 498
1 7 9
42 490 8 386 405 477 95 296 460
1 19 4
176 48 10 309
1 7 10
35 301 406 224 415 2 129 177 185 155
1 7 9
221 366 399 353 66 420 402 253 465
1 12 4
298 416 422 233
1 9 5
343 218 273 341 41
1 9 7
43 268 306 413 476 380 50
1 7 10
321 436 380 277 232 154 4 194 21 263
1 12 6
286 27 168 442 19 338
1 10 6
262 310 221 303 435 19
1 17 4
151 15 10 350
1 13 5
77 22 462 286 53
1 36 2
259 121
1 7 9
340 28 155 359 209 54 356 122 153
1 35 2
136 297
1 15 4
28 437 408 386
1 10 7
392 427 334 294 52 244 492
1 13 4
171 293 490 90
1 13 5
273 97 225 322 37
1 8 9
484 79 332 178 372 294 455 182 286
1 8 9
352 419 478 100 222 25 175 171 143
1 10 7
202 188 484 346 251 71 425
1 15 5
361 17 308 101 166
1 9 8
470 255 88 230 353 219 399 309
1 6 10
469 190 433 316 342 471 196 127 358 142
1 9 7
273 464 340 104 394 309 307
1 29 2
400 347
1 21 3
405 207 84
1 22 3
156 215 84
1 19 4
48 22 196 83
1 18 3
308 130 217
1 9 5
256 58 335 429 390
1 9 8
340 380 242 333 28 187 484 81
1 9 8
149 407 126 119 439 117 15 63
1 14 5
297 311 434 19 0
1 18 4
86 381 499 135
1 8 9
133 17 474 158 489 142 49 454 57
1 16 4
436 346 374 418
1 10 7
46 237 70 152 136 319 267
1 9 7
489 127 145 306 339 466 314
1 13 5
343 80 209 442 220
1 31 2
264 33
1 9 3
12 101 64
1 9 6
296 171 363 290 155 152
1 7 10
99 470 88 87 365 102 103 444 6 343
1 11 7
470 388 244 116 10 28 487
1 29 2
285 475
1 18 3
252 81 404
1 12 4
32 341 139 491
1 11 5
359 433 101 19 231
1 10 7
161 488 4 55 156 410 329
1 12 6
491 371 172 488 157 441
1 9 8
102 3 352 180 74 205 432 259
1 12 6
300 204 60 92 250 400
1 12 6
107 404 232 295 478 47
1 7 10
6 89 96 133 481 257 222 150 155 456
1 9 6
415 335 165 378 406 141
1 7 10
261 385 255 108 372 401 105 479 210 61
1 10 5
491 129 339 86 155
1 8 9
125 203 224 137 320 130 200 110 33
1 10 7
471 435 30 300 287 325 499
1 27 2
360 332
1 12 6
488 264 137 270 319 482
1 10 7
445 113 171 313 32 439 374
1 10 8
379 292 82 169 243 148 54 109
1 18 3
470 146 201
1 10 6
61 476 260 130 195 49
1 14 4
404 246 421 237
1 8 9
17 183 337 498 298 370 224 4 308
1 6 9
225 353 169 347 425 3 223 377 421
1 11 6
393 389 294 359 450 316
1 20 3
341 288 301
1 11 5
241 228 21 236 227
1 6 10
51 317 466 103 208 78 260 191 70 207
1 10 7
171 348 418 277 355 411 346
1 8 7
126 307 36 364 284 314 89
1 18 2
446 386
1 7 10
376 218 129 245 52 145 259 372 88 131
1 8 9
490 215 18 246 382 499 182 462 115
1 12 5
37 437 76 339 469
1 9 8
164 414 207 2 67 35 32 450
1 19 4
292 203 74 99
1 12 6
485 488 432 342 442 197
1 8 6
247 406 40 427 261 4
1 19 4
403 404 453 421
1 14 3
265 232 261
1 13 5
339 464 43 3 312
1 7 10
447 450 185 429 179 126 248 144 382 469
1 14 5
446 76 357 391 109
1 11 2
153 271
1 19 4
228 448 370 238
1 7 10
428 282 326 203 356 256 387 257 200 116
1 22 2
40 415
1 10 7
469 237 427 42 22 118 9
1 12 5
356 3 466 144 97
1 13 5
223 411 40 275 242
1 16 4
252 135 483 432
1 10 7
239 146 129 400 70 449 447
1 9 7
399 485 115 212 348 326 398
1 7 6
9 103 92 220 0 448
1 10 7
279 464 133 167 389 219 64
1 9 7
377 275 274 301 382 424 451
1 7 9
398 427 474 108 270 225 350 229 184
1 11 7
434 457 322 189 204 165 121
1 13 6
370 382 129 146 189 360
1 8 5
133 170 64 0 349
1 12 6
404 499 314 400 201 210
1 14 5
306 493 222 372 252
1 36 2
52 292
1 10 8
394 12 429 445 240 242 388 255
1 14 4
469 106 114 138
1 18 2
440 169
1 8 6
492 87 140 261 176 125
1 14 5
439 117 89 475 343
1 10 7
10 411 387 121 451 324 22
1 25 2
102 44
1 12 3
229 49 108
1 16 4
168 169 54 405
1 8 9
334 32 24 177 470 53 165 236 142
1 15 5
45 487 268 166 205
1 16 4
434 400 362 363
1 14 5
230 170 302 320 72
1 12 5
201 207 343 475 408
1 8 8
277 150 479 37 294 264 345 496
1 7 10
243 482 327 158 170 280 438 37 165 43
1 11 7
149 279 223 402 103 428 458
1 14 5
313 71 127 65 443
1 35 2
449 197
1 19 3
327 39 190
1 11 6
486 16 493 433 466 129
1 16 4
192 207 87 326
1 11 5
376 296 40 191 126
1 7 10
202 56 205 140 334 130 271 117 241 231
1 12 6
288 365 113 102 368 382
1 12 6
349 125 341 255 130 167
1 7 10
152 132 361 411 246 409 125 369 160 255
1 7 9
111 97 393 30 442 339 160 51 260
1 11 2
390 89
1 8 8
212 360 444 190 54 462 386 20
1 7 9
471 195 385 130 185 323 381 145 357
1 30 2
328 384
1 8 9
28 490 9 491 88 59 333 379 482
1 17 4
351 134 496 305
1 9 8
388 458 84 210 119 71 61 395
1 15 5
312 246 200 457 269
1 10 7
93 48 70 486 247 31 389
1 10 6
180 181 113 12 8 372
1 11 4
85 58 187 366
1 25 3
374 499 10
1 16 3
283 6 342
1 8 7
75 459 187 180 38 240 385
1 16 4
183 404 445 356
1 17 4
135 82 265 228
1 11 6
178 244 224 366 158 499
1 7 10
204 143 188 413 263 215 74 329 324 121
1 16 4
438 34 119 465
1 17 4
21 125 42 218
1 8 6
413 232 319 7 455 187
1 9 8
121 273 168 279 343 481 191 48
1 14 4
124 490 94 173
1 9 6
465 206 313 181 307 426
1 8 8
31 341 49 399 314 138 1 304
1 23 3
145 346 488
1 10 7
308 406 156 491 479 422 342
1 7 10
476 32 99 360 249 288 337 157 440 126
1 8 9
5 401 247 375 271 470 359 426 22
1 9 8
423 308 495 468 45 255 438 149
1 15 4
212 166 253 333
1 28 2
416 431
1 7 10
80 43 178 312 106 498 183 237 296 359
1 14 5
436 70 118 259 56
1 28 2
143 464
1 7 10
24 135 65 197 243 475 250 79 133 361
1 30 2
388 478
1 11 5
310 295 112 174 363
1 8 5
149 11 273 296 235
1 35 2
158 361
1 14 5
117 186 357 124 288
1 9 7
462 188 483 330 338 461 60
1 9 5
165 174 267 31 208
1 16 4
87 484 415 347
1 6 9
58 49 86 14 347 165 96 43 149
1 6 10
390 191 487 92 489 383 353 402 107 253
1 14 3
35 50 110
1 7 10
262 407 199 24 267 131 30 137 491 122
1 10 7
200 389 452 247 238 483 6
1 9 6
209 239 261 179 212 350
1 15 2
497 153
1 29 2
459 5
1 30 2
409 407
1 32 2
340 196
1 11 6
73 55 264 471 493 152
1 36 2
351 248
1 7 9
34 13 469 446 384 84 410 418 148
1 9 7
230 140 193 363 438 182 338
1 7 10
271 385 366 265 27 295 81 381 7 339
1 10 7
112 157 201 148 8 222 449
1 35 2
209 259
1 27 2
60 450
1 8 8
296 107 3 340 230 419 365 280
1 22 3
264 142 464
1 32 2
295 278
1 13 4
304 467 353 481
1 6 9
380 256 101 112 247 128 399 73 22
1 9 7
110 234 436 269 236 373 162
1 24 3
154 263 441
1 11 7
385 166 49 493 0 248 231
1 16 3
352 448 477
1 24 2
68 227
1 14 5
225 48 102 413 53
1 9 8
361 315 343 130 119 400 316 264
1 10 6
301 50 129 169 307 490
1 12 6
321 395 214 2 196 333
1 26 2
262 242
1 6 10
412 66 369 420 122 158 95 343 462 163
1 8 7
425 311 131 407 413 492 62
1 6 10
121 314 394 232 434 306 151 95 300 384
1 15 2
429 91
1 13 4
4 298 254 213
1 21 3
30 410 15
1 11 7
172 53 158 485 370 147 379
1 7 9
362 437 405 304 488 256 144 398 468
1 14 4
95 313 33 149
1 10 7
207 448 27 474 51 461 58
1 20 2
97 34
1 12 4
231 489 241 324
1 7 9
489 425 466 34 471 316 442 343 111
1 18 3
317 6 136
1 8 8
408 32 15 129 489 479 412 341
1 6 10
66 306 426 245 459 84 465 198 257 106
1 10 7
45 220 286 104 76 367 92
1 15 4
394 138 106 313
1 8 9
149 421 49 26 466 431 365 172 100
1 10 7
18 290 317 230 325 225 258
1 15 5
191 208 162 10 175
1 14 5
240 153 371 227 71
1 18 3
251 485 75
1 19 3
409 85 218
1 10 7
107 376 267 455 401 108 320
1 7 10
135 28 334 498 485 471 435 195 87 191
1 9 8
365 64 209 359 486 2 27 433
1 6 10
349 407 204 422 229 93 302 331 477 120
1 11 6
121 144 42 368 90 318
1 10 7
151 34 295 280 364 452 365
1 10 7
253 135 282 423 51 26 19
1 9 8
32 306 411 12 472 242 168 126
1 23 3
370 52 188
1 17 3
352 466 42
1 6 9
161 9 290 60 302 26 385 355 455
1 8 8
63 474 300 298 240 417 399 195
1 10 6
430 25 396 195 187 450
1 14 5
482 129 107 488 427
1 6 10
54 332 233 401 336 211 405 387 372 491
1 9 7
452 493 311 98 397 251 375
1 10 7
212 79 167 427 413 478 179
1 8 9
484 158 75 419 245 170 2 82 468
1 8 7
243 4 102 64 299 351 369
1 7 10
253 272 190 134 171 99 58 78 358 59
1 18 3
22 204 241
1 9 8
103 338 354 327 166 380 140 43
1 7 9
113 168 335 368 247 86 374 3 136
1 9 8
74 428 255 244 366 158 228 452
1 18 3
82 86 75
1 11 6
218 288 445 330 20 240
1 11 7
168 322 79 450 312 178 74
1 11 5
486 307 227 69 372
1 23 3
340 400 369
1 11 7
243 241 23 258 376 244 57
1 11 6
443 125 334 139 306 271
1 7 10
97 209 469 327 499 151 303 276 148 90
1 11 5
83 490 240 431 165
1 9 8
68 89 450 122 291 320 250 485
1 10 6
16 271 283 77 61 64
1 11 5
67 375 91 388 415
1 9 8
77 469 94 197 262 382 216 195
1 16 4
15 162 490 388
1 7 8
94 300 336 190 234 231 149 266
1 7 9
22 47 83 288 459 234 80 106 85
1 9 8
173 116 309 490 237 283 405 248
1 11 5
285 387 111 62 232
1 20 3
44 401 58
1 9 8
71 27 351 65 125 256 178 301
1 26 2
172 469
1 8 9
423 210 157 438 307 257 329 283 365
1 10 5
41 200 86 204 304
1 14 4
330 462 129 344
1 8 8
487 67 181 243 269 358 57 427
1 19 2
424 329
1 7 10
146 15 278 332 94 268 415 12 42 482
1 6 9
73 25 129 316 86 225 153 113 366
1 18 3
66 246 132
1 9 8
450 388 178 466 287 5 140 330
1 15 3
358 127 128
1 10 7
321 44 361 121 333 244 149
1 9 8
41 92 484 12 156 94 204 146
1 16 4
497 315 108 5
1 8 9
447 348 415 339 367 434 408 80 194
1 11 5
341 46 373 381 116
1 12 6
411 305 128 94 66 323
1 12 6
317 79 27 42 367 170
1 8 9
378 140 122 330 251 365 271 248 356
1 11 6
57 407 213 434 129 326
1 12 6
294 95 104 171 370 348
1 27 2
494 160
1 17 4
48 371 64 204
1 17 4
125 142 154 278
1 7 10
281 416 234 285 432 32 440 443 7 248
1 9 8
55 367 405 143 453 369 396 27
1 9 8
291 90 57 485 340 465 225 348
1 8 8
121 338 296 90 436 203 336 387
1 16 4
228 350 79 488
1 8 9
248 478 437 249 136 393 468 212 284
1 10 6
412 9 331 492 216 496
1 10 6
335 425 200 272 303 65
1 9 7
267 451 319 202 75 309 417
1 6 10
66 311 188 157 170 124 146 268 103 347
1 12 5
451 475 263 315 11
1 9 8
349 314 277 272 461 103 238 317
1 14 5
69 63 215 27 42
1 17 3
296 160 169
1 8 7
35 196 276 271 97 254 153
1 12 5
80 218 242 466 111
1 9 8
214 63 327 334 413 70 69 114
1 14 3
25 262 486
1 18 3
406 93 321
1 9 8
456 279 311 1 336 64 110 454
1 7 5
69 150 47 229 245
1 15 3
274 225 352
1 13 5
66 212 225 200 250
1 7 7
366 15 390 46 88 65 235
1 18 4
368 156 294 196
1 9 8
122 334 2 303 65 133 475 112
1 9 8
491 394 160 72 287 419 400 445
1 7 10
296 197 496 107 229 256 137 367 286 213
1 8 9
460 321 80 470 145 87 35 476 167
1 16 3
356 407 420
1 11 7
10 272 478 246 499 319 447
1 15 4
149 306 329 17
1 8 9
194 62 2 242 229 9 412 75 363
1 6 10
342 423 8 392 192 218 114 91 239 276
1 11 7
110 482 475 179 461 327 263
1 7 10
319 8 313 286 410 370 487 78 69 298
1 11 3
343 377 95
1 10 7
91 277 349 95 76 141 287
1 16 2
299 149
1 10 5
203 73 429 25 494
1 7 9
358 498 56 69 97 462 459 238 414
1 8 9
284 473 494 122 268 91 417 438 409
1 18 3
204 459 160
1 15 4
90 58 194 427
1 9 8
259 203 410 113 312 429 440 359
1 22 3
281 443 275
1 12 5
244 118 475 434 339
1 7 10
386 124 211 432 329 473 45 297 230 258
1 7 10
485 234 173 419 134 303 391 86 416 2
1 7 10
491 401 151 412 220 421 294 46 457 447
1 15 3
14 330 454
1 7 10
157 314 303 118 23 482 484 349 84 91
1 15 5
166 300 2 297 189
1 10 7
277 148 115 51 445 47 22
1 9 7
462 127 296 428 65 475 181
1 10 6
476 454 17 180 466 227
1 15 4
388 470 378 56
1 8 9
161 432 159 311 217 470 238 266 58
1 8 9
88 484 495 266 270 232 184 39 165
1 7 7
406 3 387 413 385 399 139
1 7 10
22 265 287 320 372 49 362 145 435 198
1 11 6
45 147 97 57 335 216
1 16 5
135 10 84 238 280
1 16 3
126 341 231
1 17 3
477 374 325
1 13 5
92 53 74 91 229
1 10 7
416 221 348 301 55 27 123
1 27 2
145 36
1 9 4
47 405 261 11
1 19 4
259 490 104 76
1 17 4
42 468 9 176
1 7 10
463 390 482 74 139 299 67 311 68 441
1 17 4
420 389 257 238
1 8 8
460 243 53 324 237 214 75 424
1 11 6
314 227 422 307 242 325
1 14 5
23 70 259 240 446
1 27 2
70 247
1 8 8
334 213 288 317 436 77 351 320
1 6 10
422 363 35 480 192 353 262 107 9 267
1 26 2
387 152
1 12 5
1 196 448 177 110
1 8 10
129 100 391 445 44 414 20 8 190 145
1 18 2
119 273
1 9 6
310 164 93 306 467 6
1 9 8
301 66 188 43 258 75 379 387
1 18 4
335 323 470 463
1 7 10
147 300 175 26 413 302 41 70 263 208
1 11 6
320 267 90 311 122 12
1 22 2
36 332
1 16 4
466 356 259 39
1 27 2
214 206
1 8 9
414 267 320 24 202 359 257 43 332
1 10 6
137 94 391 483 39 62
1 14 5
231 412 470 436 69
1 11 6
468 425 154 87 226 493
1 7 10
273 232 479 128 328 434 317 216 389 408
1 13 5
148 230 477 176 281
1 9 7
50 143 70 130 96 348 7
1 12 5
103 211 48 94 88
1 14 5
468 308 130 456 439
1 11 6
81 302 149 50 165 18
1 15 4
98 52 498 58
1 8 5
20 234 476 291 241
1 13 5
94 219 344 208 327
1 12 6
178 322 481 83 329 234
1 13 5
207 478 489 64 110
1 18 4
120 488 307 379
1 14 5
216 158 292 65 363
1 9 8
3 309 365 311 15 415 382 260
1 8 8
285 134 175 346 397 278 203 267
1 7 7
73 129 261 383 193 288 241
1 22 3
147 447 67
1 13 5
394 61 167 183 178
1 32 2
66 251
1 8 8
302 293 385 211 439 309 243 4
1 8 9
13 106 151 76 389 292 223 415 191
1 19 3
38 477 54
1 26 2
174 303
1 11 7
468 499 138 275 471 379 343
1 7 8
4 157 161 145 174 467 366 444
1 10 6
288 105 377 272 195 277
1 7 10
327 416 253 467 93 316 216 90 373 163
1 7 8
404 67 240 216 41 426 66 448
1 8 8
24 425 75 226 427 436 154 271
1 6 10
9 60 40 462 200 30 309 152 493 372
1 8 9
9 197 399 99 387 327 108 78 132
1 14 4
429 262 137 105
1 11 6
72 311 290 175 83 378
1 18 4
168 59 208 275
1 13 5
128 44 463 81 250
1 10 7
22 337 487 498 68 445 175
1 12 6
392 432 92 272 29 499
1 7 10
70 450 302 210 189 185 306 384 37 409
1 10 5
304 112 130 276 412
1 21 3
436 214 368
1 18 3
493 209 475
1 11 6
388 243 111 298 158 168
1 18 2
396 206
1 17 3
343 22 102
1 12 6
228 457 190 216 239 152
1 12 6
228 433 495 499 322 472
1 11 5
138 412 232 331 345
1 14 4
36 271 134 3
1 6 10
496 16 490 148 405 32 23 325 120 47
1 9 5
465 131 155 364 396
1 15 5
484 7 341 389 222
1 11 7
421 33 60 443 117 292 467
1 8 9
204 18 262 194 102 141 189 0 436
1 10 8
403 417 272 200 284 23 328 248
1 19 2
272 234
1 14 4
303 171 131 128
1 9 7
115 238 140 480 352 355 149
1 13 5
301 267 273 173 69
1 17 3
165 433 4
1 8 9
293 321 108 278 38 445 256 93 469
1 8 9
271 221 378 258 345 59 183 63 288
1 16 3
325 382 0
1 7 9
256 464 474 125 87 305 245 408 240
1 7 9
281 53 473 17 174 459 70 388 449
1 8 9
194 259 74 477 243 146 123 274 299
1 9 8
444 255 338 374 186 200 266 367
1 8 9
114 164 71 241 122 323 265 142 342
1 12 6
414 47 432 20 196 297
1 17 4
121 168 74 451
1 7 9
426 266 439 225 32 462 288 166 63
1 10 7
353 204 316 351 489 303 299
1 7 9
478 180 171 6 124 30 52 283 38
1 10 7
249 346 47 447 265 1 479
1 12 6
235 269 21 363 287 250
1 8 9
385 32 156 290 334 250 231 317 489
1 26 3
212 321 5
1 15 5
255 28 246 64 297
1 8 8
90 87 236 296 378 184 383 174
1 9 6
197 101 229 49 291 407
1 9 8
296 465 457 98 381 292 117 473
1 7 10
380 156 402 274 227 4 383 29 169 170
1 6 10
165 186 387 67 288 28 1 397 355 173
1 9 6
186 444 355 354 233 387
1 9 8
165 16 69 333 117 439 78 283
1 10 4
342 349 463 429
1 15 4
76 118 125 223
1 12 6
21 368 30 245 328 406
1 19 4
48 197 15 305
1 9 8
464 115 360 179 458 226 97 293
1 8 9
333 189 458 426 38 139 204 109 78
1 11 5
369 187 308 118 489
1 30 2
286 362
1 22 2
431 60
1 10 7
453 261 439 192 483 487 381
1 10 5
221 257 233 49 179
1 12 6
251 84 295 435 158 76
1 19 3
284 479 76
1 11 6
247 303 310 472 217 91
1 15 4
359 475 329 24
1 12 5
100 273 85 324 89
1 23 3
151 371 361
1 7 10
420 143 498 77 152 488 428 108 440 253
1 7 10
238 126 132 28 415 202 195 447 374 272
1 31 2
37 292
1 8 8
69 206 268 443 264 441 140 475
1 21 3
401 473 36
1 27 2
198 137
1 30 2
196 486
1 9 6
31 358 239 495 424 491
1 6 10
493 226 422 303 414 132 20 491 120 269
1 17 4
470 340 331 349
1 26 3
406 322 370
1 8 7
347 32 381 298 420 120 8
1 9 6
159 491 149 424 339 224
1 10 7
294 262 392 289 134 34 132
1 18 3
126 377 82
1 8 9
382 28 114 247 481 339 136 359 166
1 13 5
46 141 155 394 470
1 9 8
172 126 441 290 214 316 151 59
1 10 6
241 282 40 311 372 281
1 37 2
328 152
1 10 5
153 108 91 424 30
1 16 5
372 79 248 189 328
1 9 8
327 161 489 293 45 367 413 117
1 13 3
193 46 337
1 11 5
129 351 431 421 183
1 24 2
105 145
1 8 9
167 388 312 282 186 377 368 462 42
1 18 3
256 208 23
1 9 6
185 201 89 169 9 106
1 6 10
283 249 431 375 442 147 56 98 271 14
1 15 5
352 258 279 204 273
1 14 5
496 312 446 136 491
1 9 7
289 495 253 39 174 120 136
1 11 5
455 304 147 330 393
1 14 5
216 344 431 259 1
1 27 2
199 19
1 11 6
23 416 196 341 342 225
1 7 5
330 364 223 181 203
1 11 4
124 87 31 374
1 10 7
225 481 49 155 458 73 340
1 11 5
338 390 366 62 169
1 8 9
292 394 318 457 452 333 410 495 373
1 11 6
57 277 433 394 245 288
1 10 6
180 473 283 426 331 30
1 8 10
255 79 351 0 339 100 107 396 80 482
1 12 6
10 83 195 91 283 362
1 10 6
472 214 151 198 12 53
1 28 2
445 262
1 7 9
414 473 480 210 18 240 211 165 471
1 21 3
70 438 183
1 20 3
54 486 158
1 6 10
39 454 174 313 235 228 363 264 384 1
1 26 2
351 88
1 8 9
134 293 456 268 489 15 115 41 226
1 6 10
261 272 39 198 490 356 51 338 116 36
1 20 3
372 90 120
1 8 10
17 218 303 175 437 150 37 255 130 453
1 24 2
253 281
1 7 8
334 271 33 118 213 413 22 475
1 12 6
66 418 94 337 430 322
1 7 10
402 171 18 433 287 214 344 120 9 438
1 18 2
337 376
1 7 9
223 288 494 164 187 66 188 197 86
1 9 8
115 208 294 384 179 95 58 373
1 25 3
167 142 482
1 11 4
130 418 419 387
1 17 4
361 270 53 106
1 8 6
0 170 271 431 35 220
1 9 8
329 334 225 247 237 336 423 241
1 38 2
327 305
1 7 10
42 235 499 437 247 54 66 208 249 261
1 10 7
140 341 258 417 435 134 31
1 17 3
326 75 169
1 17 4
414 304 275 423
1 6 10
160 494 363 140 434 200 439 37 46 114
1 15 4
262 72 318 417
1 12 5
332 131 167 313 425
1 13 5
4 207 254 315 53
1 8 8
112 399 7 436 36 66 46 442
1 11 6
233 68 393 130 241 295
1 15 5
396 35 327 22 279
1 7 9
327 17 469 192 493 392 98 92 52
1 7 9
342 465 22 351 332 469 83 72 209
1 14 3
262 98 91
1 9 8
85 493 441 261 320 422 370 233
1 28 2
459 27
1 17 3
137 446 422
1 11 6
356 150 437 430 189 175
1 9 8
305 79 372 476 47 403 336 75
1 29 2
219 402
1 17 4
468 307 38 478
1 23 2
61 378
1 8 8
461 35 109 69 132 36 446 153
1 23 3
371 233 321
1 7 10
441 74 194 321 78 268 352 411 304 0
1 14 5
425 140 57 308 396
1 13 5
214 382 165 448 68
1 9 7
180 496 76 176 474 392 89
1 9 7
459 336 145 245 57 188 256
1 9 6
364 195 182 375 185 304
1 14 3
171 153 28
1 10 7
101 179 166 425 188 54 52
1 8 6
119 175 459 430 451 389
1 13 5
299 156 185 209 233
1 9 5
316 181 245 49 23
1 8 9
417 470 284 120 399 170 125 371 337
1 17 4
403 190 385 104
1 8 6
298 105 492 419 7 384
1 10 7
366 447 237 399 488 482 455
1 8 9
232 447 380 408 294 153 434 72 62
1 18 3
476 305 335
1 11 7
100 50 189 380 356 139 63
1 8 7
356 342 151 86 62 60 354
1 11 5
169 25 435 144 60
1 12 6
456 454 495 214 262 318
1 10 7
348 325 400 459 444 470 191
1 6 10
313 11 162 405 188 23 357 52 349 223
1 11 6
49 18 23 235 459 289
1 29 2
44 302
1 13 4
414 333 0 410
1 15 4
23 65 348 380
1 12 5
318 148 151 354 378
1 7 10
123 488 373 55 352 77 115 62 250 289
1 13 4
446 186 105 51
1 12 6
482 283 121 323 96 394
1 10 7
425 142 337 168 272 81 126
1 7 6
233 460 20 339 249 120
1 9 8
283 382 199 472 216 294 321 385
1 7 10
332 314 129 187 286 453 30 361 456 468
1 9 8
421 327 471 456 140 362 368 80
1 25 2
466 29
1 16 3
474 44 228
1 23 3
483 328 60
1 10 7
277 448 256 24 184 417 70
1 7 10
68 399 334 382 395 82 349 484 296 38
1 16 2
459 226
1 6 10
151 128 50 125 59 364 216 369 354 262
1 17 4
123 488 140 441
1 9 8
266 311 163 11 122 280 305 457
1 16 4
257 229 203 289
1 17 4
22 258 93 136
1 9 7
221 486 331 259 124 253 14
1 7 10
306 371 133 482 198 352 412 105 283 188
1 8 9
205 388 55 395 185 264 48 405 308
1 9 8
74 12 67 29 367 192 15 459
1 10 7
396 149 76 137 240 300 408
1 7 9
180 356 204 488 12 203 492 16 391
1 9 8
450 306 428 176 224 319 29 199
1 17 4
362 256 238 451
1 14 4
25 131 210 446
1 9 8
451 402 100 262 13 27 222 62
1 11 7
453 457 322 448 339 214 287
1 8 8
300 335 356 452 53 60 240 495
1 14 3
87 284 345
1 14 5
325 35 241 113 303
1 7 10
484 265 57 384 413 76 20 432 324 399
1 10 7
258 462 466 70 329 252 152
1 8 9
432 459 152 446 73 245 421 199 207
1 7 7
132 41 366 234 153 161 151
1 10 7
373 419 258 366 20 440 141
1 7 10
470 315 289 153 51 273 14 197 435 203
1 16 4
348 415 345 454
1 14 4
392 169 329 142
1 6 10
7 87 32 445 105 13 254 202 392 233
1 8 9
307 328 71 362 267 222 292 88 219
1 12 4
376 65 434 253
1 9 7
302 155 168 331 404 175 46
1 8 9
336 249 297 123 444 277 363 352 328
1 8 9
149 493 467 250 116 71 109 220 279
1 7 10
483 56 430 326 76 346 458 272 77 111
1 10 7
105 173 345 377 467 66 205
1 11 5
329 78 363 217 42
1 10 7
2 39 70 383 286 177 125
1 7 9
98 447 408 324 192 77 67 182 300
1 10 7
168 85 468 466 28 135 97
1 11 7
319 203 107 188 97 222 135
1 7 7
459 384 385 141 264 31 377
1 26 2
103 468
1 12 5
148 276 101 108 145
1 20 3
262 454 24
1 14 4
359 68 140 354
1 8 9
479 255 28 60 206 161 141 78 298
1 23 2
395 257
1 8 9
123 310 491 459 68 27 289 44 217
1 10 7
220 173 453 491 310 349 313
1 19 3
231 39 433
1 32 2
470 185
1 6 10
487 98 80 191 116 228 170 107 43 406
1 9 7
36 480 282 459 425 118 300
1 8 9
6 296 199 128 240 140 313 281 210
1 15 5
50 370 428 101 269
1 9 8
31 435 267 168 429 469 38 322
1 10 7
226 76 381 452 150 23 384
1 14 5
79 219 255 86 437
1 13 5
466 99 200 302 402
1 10 5
101 227 115 447 171
1 7 9
323 89 378 254 8 119 109 299 452
1 8 9
472 421 338 470 33 452 403 262 152
1 19 3
81 266 7
1 7 8
196 424 12 223 212 253 362 139
1 6 10
242 94 246 114 332 144 496 256 4 85
1 13 4
408 342 46 369
1 11 6
482 337 201 473 480 36
1 7 10
393 26 276 79 158 219 386 475 94 59
1 10 7
202 352 86 438 482 435 464
1 17 4
437 250 108 302
1 28 2
27 218
1 9 8
70 238 186 192 204 95 9 48
1 27 2
126 311
1 10 6
446 480 195 180 69 216
1 11 4
454 252 58 118
1 7 10
496 384 141 146 433 307 176 365 187 124
1 8 8
275 87 396 78 435 474 279 266
1 7 9
337 264 31 45 17 368 459 27 0
1 16 4
158 113 359 140
1 6 10
422 250 73 182 63 254 477 444 231 459
1 8 9
432 425 100 263 290 467 71 108 185
1 7 9
133 43 355 112 46 354 152 87 323
1 17 4
363 408 4 400
1 7 10
152 144 170 167 269 267 185 191 106 109
1 7 10
445 288 297 312 435 22 139 459 147 321
1 13 4
254 26 60 38
1 8 6
466 493 369 138 358 98
1 8 9
59 134 61 154 153 362 137 296 322
1 8 9
400 332 93 162 7 293 96 319 240
1 9 7
374 351 216 285 372 273 142
1 7 8
310 160 212 33 133 225 200 437
1 18 3
309 79 203
1 20 3
343 202 163
1 9 7
173 182 439 438 332 366 105
1 8 9
292 6 349 246 208 117 276 122 120
1 15 2
497 466
1 15 5
315 403 5 392 12
1 7 8
233 275 17 309 413 73 367 68
1 8 8
77 25 286 131 153 69 14 22
1 21 3
68 139 416
1 20 2
345 444
1 36 2
158 312
1 12 6
142 96 225 16 102 210
1 18 4
312 97 268 354
1 31 2
54 300
1 9 8
287 380 360 27 216 86 265 346
1 8 8
130 372 228 498 234 36 181 74
1 8 7
93 196 332 374 363 25 254
1 8 9
459 217 5 318 461 281 171 177 289
1 13 4
45 79 342 39
1 7 9
301 8 190 46 111 462 183 491 437
1 15 4
151 426 152 246
1 12 6
44 95 295 62 111 428
1 11 6
461 143 449 309 91 409
1 9 7
248 213 13 32 464 490 358
1 30 2
483 275
1 15 2
444 45
1 8 8
177 157 4 419 293 352 36 348
1 12 6
474 293 134 413 348 456
1 13 5
225 390 329 397 48
1 12 6
24 94 78 464 315 327
1 26 2
116 394
1 7 9
498 27 13 439 160 66 486 108 235
1 12 5
235 162 396 192 486
1 31 2
53 70
1 18 4
173 339 402 445
1 22 3
453 307 496
1 7 8
50 444 111 270 410 49 4 253
1 7 10
340 324 403 227 474 247 82 4 483 239
1 8 9
333 197 267 497 278 16 161 442 163
1 9 8
200 352 294 472 21 468 499 83
1 12 5
381 184 341 31 406
1 10 5
334 405 187 253 374
1 12 5
25 62 207 362 9
1 14 3
35 396 333
1 10 5
431 291 498 128 330
1 12 5
338 228 60 377 151
1 12 6
478 109 313 397 416 5
1 12 6
409 230 258 395 387 169
1 10 6
379 13 252 421 32 271
1 10 7
158 77 202 254 232 327 261
1 7 10
236 98 346 326 176 400 6 249 284 412
1 12 6
183 394 414 322 176 455
1 9 7
383 329 280 405 186 361 493
1 8 8
473 180 417 21 37 275 38 245
1 9 7
461 320 43 243 496 480 98
1 14 4
311 46 12 55
1 12 3
367 364 198
1 7 10
485 457 266 150 498 451 192 152 207 356
1 14 5
216 312 264 307 498
1 13 5
341 83 467 380 22
1 11 6
397 450 242 193 426 52
1 12 5
417 112 225 460 175
1 9 7
28 140 12 41 468 213 340
1 11 7
67 418 445 27 308 452 39
1 7 9
21 127 429 202 263 493 462 144 4
1 12 6
433 226 475 429 162 403
1 23 3
47 403 21
1 12 6
331 240 166 335 441 134
1 25 2
419 41
1 7 10
242 23 266 488 200 95 74 211 371 193
1 7 10
268 236 122 449 428 124 317 349 139 34
1 12 5
407 313 198 81 235
1 25 2
239 288
1 11 6
198 192 362 14 302 452
1 8 9
66 222 311 276 499 74 312 136 258
1 32 2
257 30
1 11 6
16 497 138 220 38 27
1 17 4
320 121 427 69
1 10 7
126 304 286 154 292 91 102
1 29 2
231 439
1 20 3
52 43 84
1 17 4
237 276 30 18
1 13 5
104 181 72 450 252
1 7 10
13 18 168 248 302 463 60 228 439 330
1 9 8
255 344 376 146 496 69 77 32
1 11 6
273 128 221 415 109 388
1 13 5
497 143 200 307 57
1 8 7
351 425 217 296 60 94 80
1 10 7
345 0 494 310 377 458 191
1 15 2
139 120
1 11 7
114 87 120 323 465 238 5
1 13 5
476 116 372 24 387
1 9 8
204 161 228 69 414 282 303 481
1 17 3
430 464 489
1 11 6
17 330 123 388 8 109
1 7 9
69 23 114 4 317 100 182 123 82
1 9 7
187 439 440 191 273 410 359
1 9 6
201 63 497 39 97 375
1 7 10
109 73 419 355 121 62 485 301 106 323
1 10 6
116 174 330 144 426 384
1 36 2
443 166
1 9 7
27 176 473 393 133 315 121
1 7 10
46 98 231 203 237 247 44 336 34 142
1 10 3
336 64 304
1 16 3
254 399 126
1 11 6
436 189 101 37 141 372
1 7 9
221 314 374 218 181 332 356 463 1
1 17 4
311 365 497 410
1 12 6
414 233 81 139 287 295
1 9 8
100 329 311 495 315 353 276 77
1 8 9
335 409 46 189 181 111 13 466 224
1 16 4
347 433 416 351
1 7 10
126 246 310 174 462 292 497 37 365 43
1 11 6
25 317 79 19 314 296
1 12 6
195 213 248 30 22 196
1 9 8
231 468 222 101 330 241 325 249
1 8 9
389 125 442 58 462 428 162 232 452
1 10 7
394 80 81 382 417 8 252
1 18 4
251 205 286 119
1 8 9
77 388 118 257 302 214 197 215 238
1 9 5
406 293 187 252 31
1 12 6
480 120 49 83 220 328
1 6 10
264 65 78 52 257 162 272 300 283 139
1 33 2
214 468
1 19 3
415 208 160
1 12 5
411 64 475 152 198
1 14 3
309 87 290
1 9 7
55 232 143 174 409 44 203
1 9 6
272 15 317 486 343 223
1 7 8
352 200 159 176 440 69 246 473
1 32 2
109 159
1 7 9
290 128 111 257 212 461 72 374 29
1 23 2
145 179
1 19 3
326 333 9
1 10 7
123 188 368 27 483 142 314
1 18 3
208 280 351
1 10 4
310 132 444 350
1 17 3
267 472 64
1 7 10
19 137 462 399 160 207 499 362 199 317
1 15 4
494 107 490 365
1 9 8
206 150 259 135 339 203 444 343
1 13 5
310 471 13 484 28
1 15 5
216 305 198 292 416
1 12 6
447 307 415 453 419 370
1 8 8
52 84 37 286 290 334 21 173
1 11 5
493 111 3 15 267
1 6 10
195 398 176 343 267 30 282 438 356 358
1 8 9
107 365 486 10 178 200 216 79 105
1 7 9
49 101 425 487 464 490 371 132 340
1 8 8
207 490 351 325 178 180 405 421
1 9 7
417 22 39 219 202 127 377
1 12 5
414 56 379 227 399
1 7 10
459 269 25 218 67 89 488 415 201 320
1 10 6
438 281 340 63 60 384
1 32 2
2 236
1 16 3
308 40 291
1 14 4
342 210 31 140
1 8 7
58 413 365 252 345 316 291
1 7 10
348 152 74 61 415 54 410 141 278 102
1 8 8
308 368 159 112 342 413 469 340
1 8 8
315 299 125 138 56 391 237 256
1 11 7
322 240 156 117 393 475 62
1 8 9
417 41 313 15 294 195 297 96 116
1 12 5
439 299 185 432 50
1 10 6
356 31 155 17 158 257
1 23 3
371 409 101
1 18 3
469 93 365
1 9 8
428 418 210 183 290 460 315 220
1 11 6
27 95 262 144 96 362
1 21 2
61 49
1 31 2
73 442
1 21 3
152 472 225
1 7 10
326 199 120 166 383 68 386 88 81 492
1 14 5
244 15 155 389 248
1 11 7
421 98 160 79 321 248 128
1 7 10
408 112 486 184 323 174 372 470 233 19
1 7 8
364 73 65 310 124 316 441 140
1 10 6
213 109 73 266 397 159
1 25 2
129 125
1 30 2
185 302
1 11 5
220 408 192 355 128
1 9 5
492 136 130 223 175
1 9 6
335 490 208 171 123 382
1 13 5
318 60 297 219 118
1 7 10
75 28 146 422 166 359 51 45 13 467
1 7 10
381 66 352 425 150 397 291 476 255 167
1 22 2
92 334
1 21 2
261 407
1 15 4
473 293 48 480
1 18 2
112 86
1 8 8
240 153 95 220 446 275 207 58
