3259 0.500664
3565 0.500337
3567 0.500319
3352 0.500071
3381 0.500137
3563 0.500223
3624 0.500111
3598 0.500081
3527 0.500147
3501 0.500237
2918 0.500107
3060 0.500217
2831 0.500111
2938 0.500337
3270 0.500089
2805 0.500288
2827 0.500234
2841 0.500224
2943 0.500108
2826 0.500129
3341 0.500112
3518 0.500151
3429 0.50024
3356 0.500189
3355 0.500115
3548 0.50028
3262 0.500264
3436 0.500197
3237 0.500146
3531 0.500363
3455 0.500303
3384 0.500234
3450 0.500062
3408 0.500198
3443 0.5001
3276 0.500188
3204 0.500267
3366 0.500256
3399 0.500179
3274 0.500082
