287 0.223603
334 0.173076
355 0.191986
353 0.212637
354 0.205029
351 0.226815
307 0.166317
317 0.163668
278 0.192644
298 0.167777
135 0.235123
185 0.265018
142 0.207068
155 0.222904
131 0.304342
143 0.201723
149 0.318501
168 0.326574
131 0.378718
145 0.329163
1121 0.184771
1281 0.164171
1120 0.177666
1192 0.190483
1141 0.249011
1124 0.221207
1094 0.213096
1248 0.201372
1142 0.213691
1151 0.1565
982 0.194292
1010 0.246356
875 0.242351
839 0.258985
1069 0.210575
978 0.304387
876 0.189998
906 0.189529
929 0.19508
876 0.213401
