559 0.121651
570 0.0380628
588 0.0523937
603 0.0564805
555 0.0572103
553 0.0327832
548 0.0345166
562 0.0509859
542 0.148194
558 0.103829
310 0.0969688
356 0.0682167
333 0.0864866
341 0.111217
366 0.0570944
340 0.0828465
298 0.0629035
357 0.0575878
337 0.0887547
339 0.130861
748 0.044932
733 0.0640107
745 0.0768684
760 0.0802663
769 0.0716014
748 0.033746
745 0.0698381
742 0.0453651
733 0.0391709
780 0.0467516
656 0.0438175
691 0.0655782
703 0.0468571
693 0.0567457
673 0.0738526
712 0.0419121
705 0.0424447
714 0.048119
648 0.0684668
647 0.033286
