550 0.220001
524 0.361752
525 0.249112
533 0.402616
509 0.0968826
555 0.126156
567 0.123183
569 0.120948
508 0.183855
258 0.257545
286 0.259597
265 0.28438
310 0.190973
303 0.116184
248 0.411422
295 0.171895
248 0.131632
276 0.152253
273 0.226551
1021 0.0806528
1081 0.263996
1004 0.0903072
992 0.0732455
1030 0.069826
1031 0.182035
1021 0.0990249
1011 0.19503
1040 0.0831595
1024 0.134724
854 0.121209
901 0.141332
891 0.131043
885 0.169814
887 0.180206
906 0.135941
867 0.162388
846 0.185542
876 0.130846
877 0.113686
