4839 0.500424
4746 0.500706
4984 0.500328
4782 0.50024
4815 0.500101
4964 0.500231
4795 0.500209
5006 0.500636
4861 0.500386
4752 0.500076
3717 0.500526
4052 0.501285
3967 0.500367
4030 0.500182
4095 0.500288
3975 0.501072
3498 0.500117
3980 0.500546
3819 0.500662
3851 0.500813
4645 0.500087
4661 0.500369
4813 0.500332
4748 0.500598
4805 0.500195
4754 0.50026
4859 0.500306
5036 0.500354
4857 0.500405
4907 0.500457
4881 0.500336
4975 0.500498
4727 0.500548
4824 0.500255
4837 0.500431
5011 0.500279
4926 0.500461
4888 0.500382
5018 0.500231
4807 0.500606
