674 0.0202461
701 0.0245939
685 0.0147634
668 0.0182306
692 0.0207853
655 0.0126144
661 0.0150165
664 0.0234175
660 0.0208864
693 0.019736
432 0.0792577
468 0.0689644
462 0.091629
442 0.0545797
480 0.0534231
471 0.0439916
463 0.0408975
483 0.03141
468 0.0576471
455 0.0573442
802 0.0108876
832 0.010586
860 0.0122509
871 0.016715
818 0.0126858
822 0.0125227
825 0.0157222
817 0.0135437
822 0.0119843
831 0.0190803
773 0.0191573
771 0.0172208
767 0.0116452
821 0.0186226
775 0.0186952
756 0.0124612
787 0.0142845
818 0.0122663
724 0.0174209
779 0.0249855
