723 0.135989
732 0.161793
787 0.207515
786 0.19955
757 0.283371
743 0.178441
752 0.219547
752 0.237452
753 0.417975
783 0.469714
455 0.341308
431 0.572776
407 0.278475
425 0.408083
446 0.217135
417 0.244524
428 0.321347
399 0.502075
389 0.327251
440 0.269189
1592 0.0777329
1602 0.153121
1690 0.0851862
1600 0.0749985
1604 0.0477957
1595 0.0966814
1563 0.0535436
1587 0.097106
1622 0.0879801
1558 0.0688303
1473 0.189418
1498 0.107591
1495 0.137712
1483 0.0892904
1495 0.223503
1590 0.0655693
1517 0.0715457
1515 0.0914411
1499 0.209217
1583 0.0882149
