4523 0.500511
4515 0.500234
4676 0.501208
4597 0.500455
4680 0.500313
4561 0.500272
4593 0.500144
4548 0.500538
4659 0.50027
4768 0.500427
5001 0.500305
5232 0.500454
5208 0.500088
4952 0.500477
5209 0.500613
5067 0.500374
4982 0.500339
4984 0.500166
4885 0.500386
5209 0.500534
3965 0.500161
3982 0.500076
3935 0.500091
3949 0.500516
4019 0.500094
3877 0.500347
3881 0.500089
3718 0.500144
4000 0.500125
3898 0.500079
3778 0.500743
4046 0.500091
3952 0.500175
3833 0.500097
3876 0.500099
4069 0.500081
3889 0.50007
3855 0.500284
4031 0.500113
3924 0.500306
