716 0.345494
689 0.305569
694 0.354964
692 0.317378
698 0.448396
745 0.26863
714 0.311712
695 0.412222
664 0.345719
716 0.364605
451 0.353388
438 0.500436
393 0.500459
433 0.500734
386 0.473422
412 0.385091
441 0.338148
412 0.385663
422 0.466296
405 0.496609
2018 0.140145
1982 0.0713251
2069 0.0792621
2039 0.12329
2068 0.140666
2114 0.153629
2108 0.160144
2119 0.0958634
2041 0.184418
2118 0.115841
2016 0.134374
2018 0.155528
1905 0.16586
1983 0.151556
1967 0.113488
1946 0.116133
1952 0.131289
2048 0.118637
1958 0.125996
2006 0.120984
