818 0.0771088
788 0.074736
823 0.0801407
805 0.109074
819 0.115343
822 0.0670617
816 0.0850268
737 0.0570862
826 0.138044
786 0.0713791
407 0.207805
444 0.236024
454 0.132577
463 0.145313
472 0.139231
444 0.0991305
457 0.228466
432 0.146811
434 0.0996637
416 0.13818
1229 0.0258842
1235 0.0385876
1220 0.0202555
1195 0.0301636
1234 0.0268467
1212 0.0277
1179 0.0271843
1256 0.0374472
1216 0.0232709
1198 0.0416438
1105 0.0438946
1095 0.0323223
1111 0.0444711
1130 0.0386986
1091 0.0673238
1222 0.057356
1077 0.0462375
1099 0.0535907
1156 0.054641
1130 0.0406548
