500 1500 775
15 16 3 23 19 11 4 15 29 13 5 13 4 9 16 19 25 29 30 19 5 24 5 5 6 24 5 24 22 20 25 30 12 24 3 8 28 7 13 2 7 11 26 13 27 18 9 9 8 1 3 1 16 27 3 30 19 26 24 20 12 25 11 18 29 9 5 11 14 23 15 24 18 16 22 4 10 13 23 21 28 6 6 6 20 6 9 28 18 24 13 9 10 1 4 4 30 14 9 6 27 30 5 18 24 1 5 17 14 25 26 24 17 8 24 21 17 26 13 8 13 27 8 11 27 23 3 12 29 22 28 11 23 4 20 21 20 17 2 14 24 26 23 2 5 23 6 9 17 16 6 26 12 14 26 4 3 15 11 25 24 16 28 21 6 9 9 13 25 28 1 17 23 17 25 13 23 8 16 8 8 23 4 14 16 21 21 3 12 3 25 13 28 1 15 12 26 11 21 27 4 29 13 4 19 18 14 1 20 24 29 27 30 24 29 26 24 10 7 24 28 10 6 16 16 4 3 25 12 25 8 14 29 17 11 22 7 24 18 23 20 15 24 28 10 23 6 29 1 30 15 4 6 5 15 6 1 20 25 23 3 26 30 29 16 5 13 28 14 24 30 29 3 24 22 25 14 19 11 8 25 6 22 30 24 19 3 10 12 18 9 30 1 21 5 29 25 29 20 11 11 5 6 13 2 2 22 17 7 2 4 22 30 29 22 30 12 23 3 12 7 28 7 10 23 12 28 25 10 18 12 19 7 21 23 5 7 4 6 16 16 11 15 19 16 12 27 16 27 9 4 17 29 16 21 16 18 18 6 12 7 21 25 18 26 16 16 7 3 3 18 1 5 27 16 11 23 29 22 24 20 14 22 5 27 27 30 19 13 1 29 13 28 12 1 4 10 27 28 7 9 2 4 10 21 1 12 15 30 5 26 16 1 4 28 13 23 27 6 6 25 3 29 20 25 14 10 18 10 19 7 28 22 5 21 18 11 26 6 4 22 19 5 17 9 11 9 29 28 17 8 28 8 4 30 29 25 1 16 21 26 9 9 13 7 14 11 10 20 1 4 20 8 9 12 29 22 22 2 1 27 14 7 27 16 14 14 15 30 18 1 21 30 19 4 11 16 14 1 18
1 24 12 5 23 25 27 5 28 28 22 7 5 28 6 10 17 17 18 24 19 3 24 13 29 14 2 7 30 15 30 30 14 19 30 11 22 24 7 22 9 8 10 13 30 3 29 26 16 29 17 23 29 12 1 12 8 21 1 22 30 30 22 5 14 12 29 27 29 29 8 26 7 5 13 11 1 8 24 4 19 27 29 2 26 8 7 6 2 20 27 23 15 12 17 19 3 23 17 28 22 15 3 7 26 8 26 8 22 10 11 15 6 15 30 21 16 27 10 25 10 25 9 30 11 22 18 22 23 16 27 28 27 16 25 6 17 29 19 28 24 13 28 2 18 8 27 11 8 23 19 14 2 30 16 24 9 16 10 1 21 15 30 4 30 23 15 8 15 30 5 16 13 24 7 22 27 2 28 8 26 29 11 19 7 9 14 16 22 26 11 15 27 17 24 15 10 27 4 4 30 9 11 21 29 24 29 14 8 16 6 16 11 25 20 29 27 28 28 20 6 1 12 27 2 16 14 24 19 4 21 7 14 8 16 8 24 27 10 25 7 24 24 10 13 21 14 20 28 1 2 17 20 17 12 1 17 5 21 24 4 6 18 1 6 10 25 9 25 4 22 18 28 11 19 15 26 6 12 5 24 29 30 14 1 11 14 16 30 20 17 28 23 4 19 3 19 12 11 12 24 21 21 4 14 2 30 21 4 28 20 1 30 2 27 21 2 27 5 22 30 5 4 25 14 10 16 8 26 5 3 11 15 12 16 11 4 27 15 13 21 16 17 25 30 20 23 18 18 9 7 10 1 5 7 30 22 25 15 6 4 11 5 28 9 8 24 9 23 3 27 2 22 28 8 20 6 11 7 16 3 24 15 10 19 15 13 25 11 19 19 20 30 6 12 17 24 18 22 9 22 16 8 25 4 27 21 10 28 16 15 27 28 4 26 13 14 13 9 11 5 27 16 7 22 26 25 29 22 2 7 16 9 27 21 28 19 22 8 23 7 2 30 28 22 26 2 23 1 3 19 27 5 30 28 23 19 12 6 21 18 4 29 7 11 5 15 19 12 8 9 24 22 2 3 1 12 7 9 12 26 2 7 18 26 23 23 24 22 6 28 6 27 3 13 3 9 18 10 28
1 9 21
415 325 157 321 210 167 142 416 314 139 381 141 473 208 371 489 134 365 280 395 307
1 3 12
60 0 274 317 450 238 354 222 247 12 282 470
1 10 3
186 394 290
1 2 6
65 291 83 158 340 199
1 15 11
59 402 442 269 101 346 115 295 251 123 447
1 10 17
453 192 313 346 398 30 111 204 144 273 249 259 132 350 222 341 293
1 16 5
364 448 271 3 330
1 5 2
233 205
1 6 12
335 245 159 196 254 415 211 143 28 55 80 5
1 7 5
333 339 251 229 9
1 2 20
224 140 66 184 319 42 291 24 280 324 155 316 293 414 85 423 381 383 494 100
1 2 12
395 64 86 135 109 42 269 338 46 20 8 94
1 6 24
472 244 42 22 439 470 195 488 1 216 395 95 211 357 490 105 309 422 168 417 25 194 384 286
1 5 6
153 171 262 210 376 452
1 19 22
53 238 336 467 492 147 393 131 1 223 212 86 462 485 191 450 215 359 319 230 401 187
1 20 18
49 289 281 359 293 254 104 470 262 88 210 12 203 352 478 205 358 17
1 7 3
464 347 310
1 3 7
226 37 323 274 75 378 94
1 9 22
451 186 52 415 239 417 269 181 496 80 190 93 146 292 439 35 53 55 57 78 66 448
1 3 23
121 402 159 288 178 108 210 215 381 474 419 346 115 498 164 407 181 417 415 379 3 404 269
1 20 25
193 111 487 342 276 218 33 175 398 356 297 387 272 130 304 461 81 429 152 478 97 213 454 212 268
1 15 22
380 347 379 471 45 66 2 34 162 147 395 226 1 465 412 417 247 135 70 330 433 450
1 15 5
216 369 313 372 295
1 18 17
170 165 22 237 475 190 342 94 189 283 248 425 284 1 238 261 218
1 5 11
348 28 349 12 234 78 72 437 278 407 61
1 8 12
462 391 75 440 32 280 228 236 238 286 296 360
1 6 18
171 172 33 382 370 122 121 45 498 61 25 345 437 446 408 324 477 202
1 14 17
84 272 242 324 439 125 386 421 449 7 356 173 332 493 9 479 116
1 1 20
68 0 348 369 417 358 179 309 59 411 412 235 478 325 25 7 285 130 413 205
1 1 13
272 139 52 25 115 382 173 180 496 243 109 55 352
1 11 23
270 295 329 189 68 475 138 363 147 474 107 492 414 125 4 60 289 222 50 327 427 43 70
1 6 22
406 439 119 117 367 257 33 442 44 147 110 475 414 197 209 337 195 78 309 60 423 93
1 4 20
423 346 306 415 484 186 45 312 143 218 26 206 449 303 58 332 493 443 152 205
1 12 24
225 349 487 390 319 196 315 242 24 127 394 430 491 379 174 70 404 277 14 447 462 187 107 338
1 8 17
241 403 357 90 82 297 100 462 59 148 329 202 472 345 114 496 116
1 3 23
51 117 394 393 407 170 83 339 54 135 415 202 75 138 249 60 411 340 390 280 384 113 473
1 9 5
461 154 447 321 14
1 18 12
444 111 218 170 456 472 202 81 479 311 45 204
1 4 13
431 120 84 19 174 281 378 457 329 298 300 370 193
1 9 6
453 276 267 2 127 175
1 12 8
406 326 493 414 472 165 306 106
1 18 16
9 453 496 219 170 312 92 85 442 164 360 155 131 424 298 422
1 14 9
447 428 75 197 269 137 410 358 238
1 4 25
424 89 466 461 120 460 385 255 375 242 280 414 243 230 457 48 464 73 201 155 264 494 46 106 45
1 2 20
335 33 214 484 340 322 412 284 455 291 105 126 452 202 118 375 210 8 425 191
1 6 3
288 270 487
1 13 21
200 346 245 365 31 406 229 452 294 68 244 428 308 283 397 475 238 379 226 349 396
1 17 12
406 205 395 120 388 42 328 397 499 463 127 336
1 12 17
17 283 198 133 31 357 379 197 196 308 313 74 442 142 339 35 366
1 3 11
242 408 119 235 135 378 279 278 182 224 475
1 5 24
286 423 91 377 321 74 212 53 312 167 400 285 43 247 222 69 368 449 73 451 35 385 16 232
1 16 3
268 428 151
1 9 9
210 317 409 487 196 174 371 152 209
1 14 3
156 188 404
1 18 10
44 465 499 86 396 377 167 399 496 82
1 5 19
308 429 483 243 420 41 389 177 237 155 302 476 185 262 30 216 221 92 23
1 20 21
108 289 207 483 271 248 1 369 30 403 345 152 488 445 454 401 115 397 82 376 399
1 19 16
411 477 464 435 348 139 176 231 107 177 496 218 480 311 146 103
1 12 4
114 321 27 212
1 20 9
466 380 105 102 499 9 108 117 431
1 1 15
406 252 32 331 53 402 190 109 54 10 89 292 288 284 120
1 15 10
161 371 77 429 254 265 196 185 356 369
1 19 25
377 236 251 203 120 275 114 173 233 208 242 365 169 211 376 103 407 465 331 152 383 244 267 177 94
1 18 8
405 323 80 414 466 128 111 10
1 16 18
471 148 151 170 446 168 451 303 127 163 20 68 310 389 224 326 140 42
1 6 23
430 285 316 245 115 324 165 210 387 195 16 110 467 251 452 217 135 317 259 118 361 9 357
1 13 16
433 442 365 21 270 144 141 465 328 174 386 229 277 357 400 390
1 18 16
423 293 446 419 247 39 473 318 326 360 276 108 112 5 226 44
1 4 6
247 37 357 192 361 258
1 1 16
453 108 192 184 282 439 435 216 110 288 244 8 371 93 491 350
1 3 4
25 39 181 153
1 2 11
327 462 374 498 289 420 18 320 97 411 404
1 2 21
391 59 466 2 452 267 402 282 398 473 390 248 353 264 433 112 247 198 73 236 393
1 6 11
99 149 341 168 458 128 204 358 268 496 53
1 20 6
104 273 153 9 326 99
1 2 14
190 468 286 340 177 345 13 280 399 83 213 323 37 306
1 11 8
107 470 324 85 287 355 127 380
1 14 23
35 401 357 321 383 485 308 77 4 290 370 48 103 384 16 379 241 209 181 17 358 371 319
1 14 15
465 196 443 264 255 472 285 280 306 293 336 347 481 159 258
1 12 11
352 270 281 46 263 13 162 137 245 407 43
1 10 19
64 191 450 400 247 141 270 40 443 495 42 355 194 215 414 107 323 482 259
1 16 2
176 10
1 14 7
443 81 446 157 491 69 170
1 3 2
389 293
1 17 20
427 104 232 445 493 391 375 335 262 202 119 134 153 114 327 292 227 47 60 498
1 9 7
61 162 295 124 12 378 35
1 18 5
278 365 187 419 431
1 7 18
39 137 244 161 332 485 3 387 393 408 168 186 310 47 467 126 381 294
1 8 20
238 221 63 137 301 52 467 156 237 466 203 413 138 172 444 299 411 248 182 300
1 14 23
28 352 2 407 358 470 132 483 56 420 387 66 493 256 393 105 371 216 138 454 368 423 109
1 9 17
174 446 170 194 469 123 132 472 346 77 190 333 207 199 122 453 127
1 9 25
408 337 354 227 193 2 429 385 43 393 166 363 48 99 208 150 82 348 380 316 449 123 113 185 369
1 14 5
149 12 422 44 88
1 9 24
498 464 140 149 26 177 454 276 392 349 195 236 42 50 279 395 221 21 283 370 126 244 206 205
1 13 6
216 138 50 484 132 415
1 19 2
83 146
1 4 22
142 224 351 21 393 145 242 114 313 63 197 92 68 417 246 170 23 296 214 36 198 490
1 2 10
180 487 437 192 467 454 312 374 450 87
1 1 12
388 453 58 10 149 418 491 333 12 89 257 442
1 4 20
348 7 221 13 28 40 396 31 205 188 325 99 484 232 98 349 333 132 25 118
1 13 2
409 335
1 4 13
121 475 135 451 313 90 66 45 123 458 305 21 134
1 8 3
58 126 102
1 13 8
225 44 358 497 144 146 429 138
1 4 10
472 373 265 173 170 246 283 389 18 336
1 12 13
357 433 372 115 402 446 249 407 391 78 255 73 62
1 17 4
127 499 148 136
1 11 24
128 256 369 94 465 58 142 218 211 380 366 289 294 260 351 413 25 155 452 209 401 216 354 250
1 20 20
135 306 240 427 448 408 83 223 57 17 241 39 244 2 212 230 326 493 73 406
1 17 21
471 444 63 122 460 494 385 31 177 255 213 162 498 21 138 135 382 144 478 176 349
1 20 10
46 145 325 37 359 190 320 397 293 346
1 7 2
385 72
1 15 2
211 23
1 1 11
40 351 413 366 211 392 478 137 405 32 141
1 20 9
169 100 177 108 198 296 284 334 415
1 17 15
292 285 337 387 468 421 405 218 196 307 50 339 458 30 376
1 11 8
477 74 296 145 201 461 119 412
1 18 13
225 254 17 164 422 492 221 498 23 265 9 95 377
1 15 22
297 295 173 378 122 36 135 223 334 481 471 462 265 181 219 450 83 138 131 251 0 106
1 12 6
175 214 478 71 232 267
1 6 10
60 119 407 19 243 209 491 238 219 411
1 15 23
81 488 16 272 244 87 404 378 33 315 126 465 207 327 59 158 435 414 172 405 139 251 245
1 13 20
156 275 235 80 311 466 319 463 249 350 167 202 142 259 214 27 17 394 231 225
1 19 24
165 356 211 27 366 218 290 422 201 67 66 249 225 417 492 270 328 320 119 357 404 15 217 175
1 20 18
45 258 391 437 228 101 145 230 78 419 48 85 159 329 271 27 222 435
1 11 17
37 63 401 315 82 355 271 51 408 433 263 194 369 14 252 246 232
1 17 19
258 140 150 186 55 114 499 415 291 279 155 266 94 368 20 203 419 103 486
1 16 3
199 221 88
1 6 8
263 8 269 61 69 230 450 62
1 10 11
7 326 351 63 470 32 431 428 257 21 55
1 3 17
430 71 197 151 9 55 252 397 126 114 213 107 387 474 314 121 398
1 14 22
326 183 47 242 220 394 2 206 353 188 328 207 280 110 105 195 92 98 138 291 184 343
1 3 17
168 291 297 384 458 107 447 443 481 482 205 414 163 167 162 259 330
1 11 18
275 40 385 177 192 127 458 229 256 264 378 109 210 346 355 244 72 445
1 7 3
400 1 386
1 18 25
496 491 254 368 142 183 127 74 212 98 406 168 251 275 293 360 194 494 462 55 290 137 307 289 92
1 5 5
7 489 344 221 127
1 10 5
396 46 366 33 176
1 13 24
443 442 273 107 249 464 480 112 185 182 285 121 65 255 1 201 490 77 243 118 469 102 73 376
1 7 21
269 328 432 53 225 314 126 187 176 485 174 146 164 58 426 484 439 80 283 282 207
1 15 24
313 205 86 385 282 37 231 418 134 73 277 369 152 149 306 66 90 337 54 65 93 341 490 162
1 17 12
103 466 368 262 247 365 264 287 223 463 496 61
1 9 13
125 48 225 263 361 248 98 405 133 199 387 11 353
1 5 21
134 156 318 381 429 250 409 90 432 125 301 85 497 86 123 392 237 419 304 325 76
1 2 23
158 16 356 378 270 157 38 352 359 65 415 50 412 231 453 406 268 421 481 494 317 220 44
1 8 19
447 296 344 339 255 231 304 235 455 428 83 82 376 224 391 495 429 227 315
1 9 10
284 33 141 23 164 243 156 323 477 54
1 12 4
356 399 415 107
1 17 25
226 382 275 492 343 1 361 177 101 123 23 115 88 434 134 485 494 479 439 381 445 374 67 158 463
1 1 8
43 488 7 18 311 291 0 203
1 18 7
426 59 178 385 325 451 104
1 6 6
102 494 273 104 69 384
1 12 18
83 375 468 210 206 358 495 339 35 435 279 379 285 184 327 42 409 325
1 1 10
167 97 334 441 330 426 408 25 118 215
1 2 4
230 7 285 422
1 7 24
256 326 280 140 471 420 456 396 238 365 147 230 292 68 390 323 96 16 311 356 171 71 350 467
1 13 6
483 40 84 27 23 70
1 18 9
244 117 197 469 115 485 25 339 271
1 2 4
12 375 412 447
1 4 18
137 495 83 402 378 438 130 297 140 135 345 50 393 296 313 46 91 239
1 6 2
45 23
1 4 13
464 179 106 472 193 412 247 236 362 358 490 337 335
1 1 6
270 240 365 30 187 290
1 19 4
164 246 95 473
1 4 13
328 402 221 296 53 469 80 320 114 493 274 107 250
1 5 5
200 364 11 44 277
1 2 20
299 364 458 237 225 54 181 162 381 487 314 491 432 486 488 317 189 351 275 255
1 18 7
219 493 300 149 387 302 367
1 18 3
109 210 237
1 12 13
316 92 84 491 332 353 219 21 67 286 26 480 144
1 5 8
157 451 338 280 339 431 55 192
1 11 24
416 53 41 198 282 247 345 380 237 483 104 433 346 192 11 363 461 137 140 357 412 162 60 269
1 1 16
176 57 155 65 253 42 437 475 492 329 125 363 471 66 180 129
1 1 3
429 284 226
1 16 24
115 290 396 199 128 332 52 100 414 68 360 63 117 119 344 122 249 439 291 474 377 387 88 225
1 3 12
145 196 413 250 218 112 11 166 313 41 174 92
1 10 21
42 494 443 407 32 373 148 181 33 339 238 460 239 353 159 80 295 225 17 416 245
1 12 10
72 450 140 406 6 162 442 105 149 2
1 10 3
477 428 202
1 6 22
284 178 490 222 208 239 191 379 195 471 369 261 116 58 135 359 394 323 339 220 203 258
1 11 11
151 324 475 445 287 484 249 53 414 9 267
1 9 22
94 366 162 472 340 174 48 153 299 357 478 140 345 381 165 3 330 290 295 404 155 266
1 13 11
345 477 14 52 226 113 263 307 487 425 427
1 9 3
361 400 331
1 12 10
191 363 447 215 497 385 487 145 208 280
1 4 12
485 62 364 276 170 46 251 381 262 472 304 85
1 13 2
178 428
1 14 16
213 81 85 496 316 239 194 427 397 359 98 143 243 292 22 300
1 6 7
118 127 477 202 188 210 205
1 15 13
220 377 98 326 288 245 363 223 372 187 466 55 107
1 6 2
59 293
1 4 4
233 306 283 141
1 7 9
430 475 483 137 46 250 386 225 39
1 10 5
497 84 380 213 378
1 19 21
478 481 101 57 136 85 321 104 296 210 124 39 89 435 225 241 475 474 32 194 54
1 4 20
390 374 400 168 218 266 170 144 376 378 141 248 295 464 271 426 488 215 335 222
1 6 18
230 6 52 57 209 11 4 66 241 438 16 91 464 427 377 278 350 142
1 2 18
295 230 391 93 65 228 62 40 211 123 141 316 411 61 71 217 352 160
1 9 6
447 389 138 290 165 318
1 4 6
38 302 157 36 242 120
1 12 25
342 494 422 111 218 116 445 87 375 463 492 285 4 233 371 94 409 287 152 267 190 81 294 78 258
1 18 20
467 27 283 360 42 112 319 405 403 348 248 80 364 336 286 32 24 123 178 175
1 1 17
18 269 198 457 288 6 410 116 2 270 499 16 206 493 418 243 230
1 12 22
458 238 115 289 146 449 42 66 7 388 73 119 82 486 220 224 398 381 339 430 124 434
1 2 11
86 185 322 242 96 55 206 457 295 312 476
1 17 20
168 29 12 204 99 40 384 424 470 91 293 290 143 345 322 447 327 366 324 342
1 1 13
442 55 417 166 72 165 207 362 422 402 493 448 381
1 2 17
326 237 189 105 32 119 472 461 422 97 224 213 296 68 249 173 427
1 8 25
30 266 428 169 384 338 493 77 239 472 404 388 456 91 244 69 300 263 117 65 386 71 84 357 256
1 3 8
157 144 220 380 62 242 463 476
1 12 19
139 278 422 474 444 136 35 476 237 280 91 130 390 45 376 267 75 322 490
1 13 4
447 370 109 381
1 6 11
323 479 214 249 333 306 66 43 129 463 4
1 10 2
127 62
1 12 22
303 250 100 109 488 402 325 421 391 23 311 336 216 184 400 371 432 222 319 401 196 246
1 6 12
430 457 459 330 239 277 488 465 358 486 332 261
1 6 5
464 499 178 52 27
1 12 19
173 27 209 421 379 190 40 153 452 104 381 194 100 466 415 287 171 180 20
1 17 7
148 141 130 462 343 497 256
1 4 3
286 441 131
1 6 4
179 341 336 488
1 17 9
168 302 303 211 410 267 188 294 235
1 1 20
0 98 247 382 38 227 85 312 232 278 28 167 133 455 277 8 80 358 151 285
1 5 3
176 297 400
1 8 2
237 111
1 6 24
460 408 175 414 283 251 388 192 347 224 214 21 170 183 304 275 461 149 98 27 382 247 399 173
1 15 15
406 489 134 12 476 430 342 129 395 54 42 7 115 311 328
1 19 20
0 232 121 202 480 298 115 110 332 409 70 356 246 295 47 87 439 12 137 17
1 8 11
418 266 80 341 429 375 301 156 269 362 287
1 15 12
314 201 185 134 29 319 136 486 129 408 133 37
1 1 21
228 434 478 28 387 162 147 415 168 401 369 5 358 199 105 136 275 272 391 55 15
1 11 23
16 17 440 12 59 483 139 485 154 98 276 114 270 267 85 119 22 492 367 108 340 497 326
1 18 17
367 150 14 181 440 343 248 385 166 173 34 62 217 220 112 87 399
1 5 13
36 262 271 332 361 448 91 96 190 173 27 289 54
1 19 4
38 184 157 183
1 18 11
434 388 414 153 53 10 243 162 234 416 297
1 7 15
404 265 409 41 411 328 1 368 14 136 467 132 478 42 470
1 1 21
76 226 144 157 79 287 143 221 92 146 478 219 117 405 166 56 86 272 339 207 373
1 11 6
352 375 189 212 223 147
1 9 3
277 174 299
1 13 20
391 82 406 267 109 49 32 162 255 468 30 88 1 65 482 45 268 203 377 5
1 9 9
101 211 36 349 411 31 221 384 170
1 11 5
420 433 353 490 492
1 4 17
313 3 30 278 60 145 268 53 398 182 46 462 137 44 238 490 403
1 15 9
111 471 17 173 231 415 334 47 447
1 19 17
162 188 466 462 71 16 274 91 261 110 204 436 150 480 360 7 90
1 10 6
119 198 82 271 434 483
1 10 3
91 345 55
1 18 4
368 106 425 496
1 10 6
192 303 347 319 454 103
1 15 20
130 440 439 114 477 401 298 128 110 385 466 82 250 330 273 165 55 281 283 331
1 7 23
67 378 213 471 458 30 274 204 105 499 450 157 422 32 401 231 6 306 452 247 498 138 295
1 20 17
331 197 140 12 32 424 304 67 201 166 492 455 308 167 55 386 375
1 19 7
89 420 246 37 9 490 242
1 6 2
478 275
1 12 19
188 377 76 309 159 84 349 294 139 446 339 269 50 61 457 130 99 117 144
1 6 21
69 368 437 197 142 468 108 107 74 12 143 289 231 410 4 223 359 430 429 243 183
1 5 17
92 494 480 48 342 95 28 404 38 258 195 432 458 63 471 429 255
1 8 25
166 100 470 68 246 379 323 159 334 50 19 229 332 429 493 458 418 35 387 29 254 262 238 116 300
1 19 22
190 117 469 409 56 497 461 331 426 433 464 450 73 476 381 496 30 164 162 382 99 288
1 15 19
149 359 471 80 305 340 366 443 393 287 28 195 225 342 332 495 213 383 320
1 2 17
221 5 468 459 46 344 418 121 311 323 179 261 147 351 158 466 461
1 19 10
409 159 326 324 394 113 199 312 184 216
1 19 18
428 179 95 77 465 194 410 296 329 17 392 31 409 482 176 154 294 498
1 14 10
264 481 154 23 483 359 173 369 40 226
1 19 25
457 409 392 162 234 92 399 423 446 370 42 325 265 24 433 328 193 308 183 191 135 369 113 70 189
1 19 6
426 236 159 421 446 327
1 20 14
124 270 282 395 348 367 134 147 47 129 455 210 352 225
1 4 21
186 226 415 26 117 201 74 134 484 159 433 7 483 312 171 305 144 251 94 366 365
1 15 7
441 45 207 20 128 408 13
1 18 21
218 217 483 324 266 248 432 15 237 253 399 228 163 21 365 270 158 367 452 358 6
1 17 2
225 412
1 6 9
17 193 3 208 295 473 93 422 321
1 2 14
166 365 101 372 70 412 168 297 3 280 194 12 279 330
1 6 3
311 260 408
1 17 11
81 1 23 12 151 455 67 56 122 126 335
1 16 22
20 370 51 417 56 11 166 479 376 410 340 337 475 237 162 414 118 454 45 9 74 131
1 17 8
98 183 203 369 252 279 336 232
1 16 16
32 411 296 193 62 198 252 11 214 133 55 363 120 282 155 165
1 15 5
135 86 186 178 479
1 1 20
417 332 166 68 482 486 279 400 435 53 224 200 50 404 115 14 491 281 160 247
1 11 3
7 484 225
1 14 14
171 243 352 365 320 286 421 7 89 65 300 282 217 2
1 20 12
450 323 303 11 376 347 194 284 183 341 25 256
1 17 22
416 91 342 273 228 424 265 201 11 60 387 120 123 90 252 300 56 138 114 448 412 238
1 20 9
369 209 137 156 161 388 224 120 134
1 7 18
71 370 381 302 30 292 36 198 318 187 431 221 119 475 271 276 157 261
1 15 25
493 59 382 174 384 328 405 215 62 318 204 370 245 12 72 202 353 435 2 473 212 409 139 426 275
1 16 9
113 281 14 106 278 254 326 331 340
1 7 18
423 43 104 429 255 491 156 265 451 409 307 113 461 490 304 208 177 342
1 5 20
172 83 341 188 37 470 293 148 282 416 107 274 431 270 355 220 101 51 201 369
1 14 7
5 273 394 13 55 40 385
1 8 5
264 113 255 39 384
1 14 13
64 463 393 175 441 435 44 498 482 216 451 341 323
1 7 6
266 197 357 237 449 304
1 3 11
35 168 263 171 108 191 128 199 268 42 265
1 7 11
133 272 271 227 239 65 464 193 334 132 122
1 15 8
286 443 49 2 190 148 210 461
1 18 6
377 25 434 56 10 443
1 18 8
232 6 325 80 112 252 19 48
1 13 17
227 489 456 236 42 179 237 184 492 191 118 61 190 358 354 471 426
1 1 5
343 366 157 125 362
1 9 8
9 262 145 273 268 449 389 71
1 1 19
185 295 293 368 462 183 167 359 204 172 367 262 425 283 251 88 495 86 491
1 17 12
101 253 243 7 348 19 232 357 424 35 13 254
1 18 23
246 381 228 54 105 139 310 160 251 330 74 33 83 443 400 382 45 432 292 449 79 184 78
1 20 2
253 377
1 5 22
374 344 178 31 269 43 350 370 79 288 234 336 33 91 20 278 479 389 206 436 443 220
1 2 11
496 34 12 216 364 254 162 175 173 479 157
1 3 23
395 331 421 237 15 448 117 38 110 236 100 231 10 149 257 376 76 213 183 251 323 427 127
1 5 25
423 187 368 147 175 347 112 12 242 345 356 311 27 439 291 66 267 236 324 274 426 94 37 3 403
1 7 11
200 92 180 318 25 89 233 352 137 160 263
1 8 19
27 201 109 183 81 369 102 235 98 446 424 434 16 478 374 144 184 315 476
1 17 9
200 165 143 133 54 404 481 140 136
1 16 15
354 137 10 468 193 421 238 374 477 298 243 5 77 221 168
1 8 17
214 427 218 379 421 406 119 99 339 490 136 306 147 155 84 104 55
1 8 13
303 116 453 26 169 299 318 495 430 13 210 330 418
1 3 12
222 239 437 426 313 335 59 197 348 8 407 460
1 15 13
470 485 267 379 193 4 152 395 168 204 477 210 461
1 18 7
195 299 340 40 465 315 272
1 16 7
169 419 116 96 211 150 475
1 8 7
229 109 499 179 317 116 458
1 4 12
294 14 356 232 138 199 337 429 46 321 499 159
1 10 9
410 418 377 278 485 19 264 69 429
1 11 19
313 215 198 378 420 91 304 441 487 149 365 445 278 110 279 333 269 470 398
1 3 22
49 150 459 269 447 179 207 456 471 474 394 192 400 96 217 358 6 278 138 121 396 496
1 8 14
180 131 225 492 154 344 128 50 275 382 112 464 155 189
1 7 12
77 352 259 169 306 123 67 492 71 429 255 82
1 4 15
359 191 132 465 79 337 259 370 460 287 396 111 64 50 455
1 2 23
486 296 391 331 377 460 488 416 420 399 252 286 218 94 205 261 100 143 278 76 10 188 418
1 8 25
496 159 384 217 140 272 102 462 268 484 93 26 180 254 276 305 445 456 10 256 408 322 344 489 286
1 11 6
4 445 32 186 120 228
1 4 5
12 417 314 481 362
1 15 23
129 313 347 267 392 378 26 342 198 11 96 72 295 90 272 443 103 326 97 492 50 344 240
1 3 7
2 465 473 221 391 292 155
1 12 8
286 90 446 221 52 298 414 324
1 5 25
321 260 178 85 183 493 164 116 490 341 194 471 206 261 11 175 106 189 209 432 424 22 226 207 266
1 7 4
380 451 221 404
1 7 6
213 320 274 147 100 188
1 17 3
103 19 403
1 6 8
130 267 288 349 36 122 119 483
1 5 18
133 458 195 220 423 95 72 497 282 52 452 176 474 499 215 398 486 124
1 17 21
25 99 33 49 311 386 7 258 263 205 289 43 343 95 315 52 464 9 374 462 454
1 15 18
454 311 332 47 484 237 36 111 245 11 395 196 201 288 252 436 443 294
1 2 17
323 60 1 391 94 283 487 468 121 151 253 488 10 137 32 14 12
1 6 20
43 243 333 179 482 205 376 430 234 354 193 34 117 264 85 50 394 472 185 308
1 4 15
11 341 465 240 463 211 44 203 355 176 184 494 1 361 231
1 10 19
289 453 267 331 78 445 293 197 61 365 93 174 456 145 416 206 390 109 292
1 20 19
7 26 253 223 86 187 161 239 498 89 157 426 0 369 381 478 234 224 476
1 19 23
187 225 179 283 299 377 214 178 10 294 142 87 55 169 5 13 112 91 219 457 367 479 352
1 9 18
452 386 239 449 417 412 379 178 218 183 466 202 20 319 142 143 390 153
1 14 7
427 316 110 396 472 293 378
1 12 15
291 136 302 71 216 347 365 424 69 432 471 215 52 423 456
1 15 25
327 224 479 55 169 385 476 265 90 421 33 347 165 255 85 488 245 317 179 143 113 116 26 228 7
1 6 4
202 66 285 280
1 12 21
490 316 493 68 279 183 380 227 53 13 43 5 252 267 370 257 389 1 50 105 154
1 1 16
156 315 69 328 489 467 381 393 191 274 448 199 114 262 301 446
1 2 24
83 61 412 448 451 1 395 60 449 296 8 67 64 404 278 417 409 452 422 19 79 24 478 313
1 4 24
51 176 394 74 209 159 357 286 434 319 57 58 402 141 318 460 280 48 35 83 216 97 157 246
1 11 8
216 141 74 215 492 224 35 196
1 10 25
427 470 271 235 335 384 236 318 341 46 464 211 366 238 221 93 95 417 154 61 39 370 7 245 130
1 18 16
230 152 61 192 34 374 429 291 10 231 372 377 446 396 83 157
1 7 12
451 24 494 268 338 48 111 213 312 170 62 260
1 2 21
342 464 115 196 250 252 141 42 432 143 265 491 354 159 305 473 189 239 272 263 220
1 10 7
431 402 137 204 153 5 315
1 8 4
325 223 208 464
1 10 8
389 103 196 272 57 144 473 6
1 18 19
422 27 160 219 496 15 164 494 96 93 185 32 341 326 209 166 13 182 348
1 11 7
421 211 131 454 228 68 248
1 4 5
255 233 347 25 369
1 7 5
34 349 440 180 76
1 4 5
493 10 278 394 141
1 5 15
159 282 487 199 363 364 143 69 458 216 82 174 438 217 103
1 19 3
121 398 346
1 3 7
238 189 443 362 121 485 51
1 4 7
396 4 268 478 336 328 25
1 6 4
305 77 341 105
1 15 6
59 380 495 158 243 193
1 6 24
296 202 387 447 114 466 428 110 216 225 60 327 410 362 279 245 103 468 230 186 337 285 137 81
1 9 15
257 184 104 222 103 58 86 473 195 413 343 467 432 81 377
1 15 8
432 83 145 419 261 352 24 283
1 13 13
200 490 497 141 405 76 253 294 205 468 375 109 437
1 6 12
246 107 136 126 241 9 444 137 357 473 414 139
1 10 18
446 53 97 120 181 191 175 203 356 288 69 187 106 41 407 57 105 391
1 10 2
143 167
1 11 22
463 245 101 306 173 178 199 96 2 462 466 312 32 445 182 80 303 158 243 159 327 486
1 6 25
378 461 491 400 317 361 282 184 65 475 394 421 371 451 482 180 245 104 454 202 117 402 206 406 455
1 1 7
276 109 122 389 365 473 400
1 6 7
103 8 80 402 84 497 240
1 14 15
210 186 328 379 45 279 495 169 123 303 0 440 202 472 48
1 12 10
361 145 479 185 176 91 72 249 244 395
1 15 20
100 468 358 4 281 333 95 133 125 176 129 226 196 156 240 202 15 286 211 317
1 2 9
256 101 5 319 283 366 395 215 330
1 3 20
6 200 70 263 168 370 378 327 98 499 372 208 53 418 250 49 91 161 23 266
1 16 7
246 268 453 484 36 374 396
1 10 7
38 118 389 491 240 86 476
1 4 10
73 46 471 487 363 424 337 315 82 226
1 5 16
66 487 474 287 162 144 182 111 33 67 362 357 149 34 163 196
1 9 16
235 275 214 3 267 382 17 341 257 426 262 229 337 376 207 433
1 14 21
210 465 231 299 412 338 165 450 451 431 472 414 145 354 121 316 267 258 105 332 386
1 16 24
430 29 419 163 16 154 66 196 56 169 38 331 437 9 440 363 462 414 271 356 299 297 166 81
1 19 21
356 238 485 6 218 98 90 209 417 84 355 215 388 287 387 52 222 321 315 112 77
1 12 8
65 111 336 88 286 440 202 164
1 9 8
121 279 249 459 146 167 200 292
1 9 25
258 389 41 79 379 92 311 467 115 104 182 491 193 477 221 403 43 226 360 386 314 47 461 97 2
1 17 4
261 31 101 60
1 1 5
121 311 329 2 85
1 3 25
120 182 491 11 23 116 86 297 15 377 301 52 153 73 387 454 357 271 363 313 74 269 296 217 438
1 5 24
268 180 7 417 86 80 471 38 312 170 351 421 257 203 480 191 212 432 476 498 125 116 130 320
1 11 18
379 338 221 427 122 413 225 420 249 223 453 455 466 380 5 408 42 326
1 18 17
431 20 203 161 441 53 29 372 219 396 415 187 211 130 492 124 293
1 16 10
381 238 245 231 32 104 275 237 377 448
1 7 12
267 240 124 238 153 484 489 491 403 387 357 34
1 8 4
15 54 9 337
1 8 7
210 240 398 487 67 389 157
1 7 22
458 289 42 265 213 241 497 321 111 39 496 309 229 96 133 11 477 483 277 377 322 197
1 13 9
300 372 326 381 248 499 10 328 481
1 12 18
122 325 175 90 312 138 118 429 250 14 137 355 93 343 251 49 344 27
1 11 3
374 414 187
1 11 19
121 265 104 226 490 363 432 41 372 183 218 256 213 436 369 196 214 146 99
1 8 17
323 59 34 443 360 235 277 484 109 419 230 356 94 205 487 200 334
1 14 23
153 437 210 280 302 307 357 5 272 390 351 349 199 293 207 257 118 324 108 334 477 323 250
1 20 25
331 236 298 342 410 379 37 449 269 132 480 240 195 285 468 340 464 404 406 197 444 233 14 49 229
1 11 13
455 58 340 16 37 94 155 336 182 356 211 307 183
1 14 11
24 295 101 74 336 29 11 200 76 83 374
1 12 21
114 195 177 414 7 459 226 103 489 280 106 313 174 151 297 306 409 212 324 497 246
1 1 22
94 138 314 291 382 268 330 474 281 252 463 378 386 101 309 274 120 250 30 63 92 333
1 4 21
404 357 266 201 39 124 411 461 166 37 135 217 141 145 142 226 185 452 163 149 368
1 20 9
366 71 480 473 494 280 353 225 249
1 2 2
127 190
1 17 19
309 70 52 423 64 21 393 461 388 121 233 205 473 246 425 351 499 216 476
1 7 9
309 177 122 30 139 452 316 213 392
1 15 11
201 52 120 32 62 0 251 33 139 143 265
1 1 23
70 398 23 443 299 82 480 103 106 2 266 16 352 46 312 357 201 486 441 388 240 148 456
1 1 20
298 309 268 257 61 15 453 151 465 249 476 435 349 241 97 107 245 371 239 451
1 16 18
88 448 146 139 45 305 471 57 346 487 425 104 477 178 376 426 143 415
1 19 15
353 147 423 17 95 51 362 414 383 187 135 297 20 14 146
1 20 9
98 50 107 95 150 58 5 193 461
1 15 5
205 480 440 107 302
1 15 9
106 125 84 151 190 392 225 257 37
1 5 13
405 89 151 481 372 88 154 48 4 230 15 286 325
1 16 6
13 181 55 128 248 166
1 20 12
83 119 156 280 161 343 206 379 318 449 165 63
1 20 19
411 26 16 259 122 285 376 23 50 456 362 492 76 247 124 112 305 255 81
1 8 8
157 20 129 66 165 98 189 409
1 5 15
385 365 147 471 310 436 12 486 30 282 24 362 120 76 342
1 20 3
277 235 494
1 19 24
227 160 234 431 149 138 348 132 404 191 212 20 483 56 322 258 180 190 274 449 174 478 134 165
1 8 12
457 484 213 250 428 270 20 286 280 17 126 219
1 19 20
487 313 209 61 75 448 203 43 370 348 498 199 144 151 426 140 206 127 399 36
1 3 4
429 467 373 140
1 16 14
355 296 301 217 211 64 436 94 469 450 274 167 267 68
1 19 3
185 240 232
1 10 6
295 497 233 218 420 161
1 14 2
158 39
1 4 9
375 370 137 31 134 289 387 356 39
1 14 10
265 335 444 92 160 367 424 57 18 87
1 1 6
225 471 123 169 345 367
1 17 7
205 280 458 383 10 347 395
1 6 11
294 128 162 436 73 407 208 16 216 346 251
1 10 14
152 450 274 457 12 205 270 242 213 352 437 52 448 166
1 9 22
126 206 244 4 356 348 60 442 277 57 400 299 232 136 23 163 447 105 214 64 187 217
1 11 22
261 391 237 499 352 209 331 333 47 94 325 256 246 418 54 125 39 271 113 338 50 258
1 6 9
158 19 7 61 163 279 29 87 95
1 18 7
403 160 90 329 448 278 330
1 10 24
283 223 30 48 445 104 494 35 174 121 466 179 20 82 339 110 172 192 206 133 370 64 33 309
1 9 12
243 183 57 31 342 154 326 333 345 148 355 402
1 10 3
238 451 469
1 1 24
372 481 390 7 409 389 190 53 280 133 120 367 93 320 480 188 477 344 288 8 112 249 302 170
1 19 25
454 257 405 197 291 142 440 498 439 58 90 161 366 267 271 494 389 470 377 191 349 5 280 495 130
1 11 9
328 111 90 231 202 360 241 355 6
1 10 5
115 418 340 421 172
1 16 5
126 57 30 63 11
1 1 9
160 54 246 245 29 105 159 132 10
1 15 8
290 101 233 484 204 178 401 348
1 1 10
216 76 0 367 116 359 33 167 196 127
1 16 5
13 360 206 278 398
1 6 10
22 136 447 126 214 157 199 333 302 51
1 1 2
7 313
1 16 8
164 388 105 363 279 430 338 398
1 5 9
297 29 337 166 499 155 159 57 271
1 13 4
134 419 173 478
1 13 15
158 167 428 474 22 59 218 405 352 196 168 243 348 498 480
1 1 12
378 166 118 266 392 79 346 301 340 389 120 407
1 2 23
138 483 282 333 57 331 180 471 66 328 68 55 182 207 117 485 369 367 479 435 402 19 281
1 4 6
129 106 421 35 410 155
1 12 17
103 218 481 187 186 315 395 482 421 102 365 246 344 407 53 9 263
1 7 4
210 140 409 141
1 18 19
37 5 261 191 50 251 25 187 449 386 308 300 480 317 458 192 323 200 352
1 15 20
396 85 182 327 75 221 38 259 53 217 183 388 484 70 148 424 30 343 430 69
1 5 22
319 126 23 108 222 339 147 152 202 56 396 273 324 448 180 82 316 26 476 295 432 211
1 8 3
0 272 74
1 1 13
36 19 12 420 466 257 277 222 363 255 407 176 345
1 4 6
6 372 146 205 31 257
1 10 6
358 185 251 318 414 371
1 15 20
37 382 53 310 100 475 292 91 15 34 352 208 421 156 401 16 343 31 268 233
1 6 24
289 481 158 407 39 298 88 113 271 306 303 210 381 315 214 212 84 390 182 277 188 179 402 462
1 1 20
301 405 138 31 491 14 439 91 456 431 33 154 187 63 74 127 380 0 488 287
1 9 17
122 176 360 113 285 458 116 119 15 194 108 120 168 443 36 472 256
1 14 9
367 396 44 344 260 233 436 145 11
1 7 5
397 399 483 231 87
1 16 20
143 402 86 361 394 342 286 131 116 309 207 36 236 375 218 479 20 124 21 102
1 3 18
104 320 100 404 148 183 68 205 155 483 259 424 105 37 406 200 413 370
1 11 9
31 197 408 2 25 38 478 449 350
1 2 25
417 264 7 370 369 335 366 376 49 174 253 94 472 53 499 328 454 424 285 135 209 148 322 492 315
1 15 17
76 332 215 238 320 417 90 439 315 334 89 5 377 100 117 191 422
1 7 21
213 191 331 129 154 20 199 446 120 102 203 133 153 415 465 202 83 394 342 132 275
1 8 4
451 207 229 209
1 17 8
0 403 120 459 385 258 155 265
1 6 11
351 229 221 39 307 149 124 419 266 91 375
1 19 12
213 385 169 17 78 403 111 244 325 408 320 304
1 14 21
154 452 322 214 236 294 266 248 336 274 378 137 192 272 390 257 179 201 219 276 424
1 4 15
73 169 487 59 255 115 369 199 336 355 392 246 45 209 148
1 17 10
104 11 447 268 34 197 103 43 182 288
1 5 7
427 163 115 416 118 275 149
1 4 8
64 249 268 5 66 407 465 175
1 5 3
85 129 24
1 6 13
170 325 448 474 43 254 350 487 27 148 66 305 69
1 14 18
172 204 104 71 137 349 138 399 378 363 254 388 66 186 55 267 339 480
1 19 24
96 483 69 404 4 290 78 409 48 278 365 473 70 496 157 150 349 491 324 203 97 9 196 171
1 16 23
196 348 471 86 9 224 199 60 441 218 165 386 488 383 472 50 116 197 154 482 285 431 461
1 5 19
103 109 269 490 383 124 148 224 458 53 424 392 484 324 27 421 361 294 366
1 7 25
40 355 219 401 352 88 364 450 327 486 438 230 475 366 139 187 313 101 459 211 419 134 480 415 326
1 7 16
316 40 232 297 167 129 162 439 22 300 372 66 389 141 92 374
1 11 11
491 253 155 20 202 79 196 315 379 490 367
1 11 12
446 38 436 321 219 323 163 329 385 133 6 160
1 17 12
310 83 210 435 8 448 475 273 332 368 127 243
1 8 6
377 461 374 162 94 184
1 12 21
116 68 221 375 430 470 363 459 214 137 77 266 300 423 357 439 263 206 166 338 78
1 7 6
107 140 200 305 160 64
1 18 17
312 277 489 420 53 223 334 108 148 323 356 320 345 195 130 329 103
1 1 9
30 32 366 466 48 129 415 245 472
1 17 20
246 312 202 294 128 227 107 460 281 297 110 358 85 280 360 104 300 187 49 144
1 6 14
335 7 386 79 44 394 146 215 249 104 178 145 457 269
1 17 23
235 74 100 449 130 40 127 470 145 300 140 201 94 170 291 27 483 187 358 209 239 452 417
1 10 6
224 446 351 14 35 190
1 12 24
200 219 130 384 297 129 264 152 49 334 168 439 409 87 442 423 263 448 481 483 64 412 48 427
1 14 19
272 447 478 231 52 484 299 251 491 45 367 116 311 193 96 498 495 294 140
1 8 16
251 428 186 63 81 474 342 410 122 380 167 457 329 6 238 101
1 20 16
304 297 303 217 368 309 0 166 466 107 46 86 151 272 169 49
1 17 10
137 413 416 150 183 237 302 86 98 82
1 1 14
489 384 389 218 211 357 194 406 97 400 224 493 377 405
1 8 9
113 430 41 9 469 249 154 407 121
1 14 9
499 486 45 144 433 50 74 181 205
1 20 17
68 298 171 225 276 227 348 84 450 469 400 292 275 20 166 414 409
1 8 16
285 228 111 180 103 212 482 401 333 298 36 452 133 42 79 39
1 10 7
246 358 399 312 83 328 281
1 1 25
38 87 43 282 53 34 346 2 471 221 97 331 169 212 180 201 124 67 199 391 363 102 263 262 431
1 5 11
350 267 289 478 125 196 45 21 266 82 377
1 18 21
359 254 295 58 369 320 475 97 253 94 441 301 112 439 464 375 283 148 414 46 146
1 7 19
89 86 4 153 363 178 133 57 207 324 274 439 233 416 42 418 342 114 33
1 12 16
130 16 177 104 189 64 293 134 462 314 396 388 338 22 332 23
1 2 16
345 21 324 126 104 222 225 63 144 245 71 335 269 330 358 348
1 6 7
357 329 356 488 355 445 272
1 17 7
407 162 333 0 91 307 487
1 1 16
183 441 142 362 17 92 374 102 335 45 312 477 273 470 223 302
1 9 7
7 181 467 106 149 330 87
1 8 15
89 391 335 256 48 327 361 326 243 4 179 150 305 129 121
1 8 13
113 446 53 136 96 169 156 141 133 52 433 349 150
1 10 7
14 405 120 182 288 74 54
1 13 23
68 41 291 162 380 487 429 103 284 424 357 355 179 139 195 387 264 332 340 217 370 208 221
1 20 11
183 126 272 59 253 286 218 60 326 187 157
1 11 10
358 241 320 319 166 81 135 334 272 419
1 7 2
335 428
1 3 15
210 62 74 214 167 451 382 284 186 191 134 220 33 60 452
1 5 17
173 490 247 180 29 125 188 111 333 159 449 220 422 443 398 307 393
1 17 16
78 213 276 141 278 60 76 189 289 420 154 291 364 150 136 317
1 1 17
64 498 167 382 164 256 208 475 237 425 228 480 298 93 288 175 470
1 6 15
151 28 352 85 343 288 290 414 136 334 24 300 210 404 51
1 2 4
399 277 364 105
1 9 13
374 322 297 306 29 267 327 198 499 39 386 307 455
1 1 9
115 293 287 372 415 467 311 340 394
1 5 19
53 423 382 303 113 457 417 356 5 6 24 7 58 82 110 104 355 78 261
1 10 25
4 134 127 230 178 313 132 350 458 171 58 226 339 259 32 303 164 402 207 333 491 177 447 255 176
1 16 13
342 478 354 308 360 144 299 390 454 238 60 359 254
1 2 14
259 243 12 62 304 204 352 135 150 464 45 190 120 53
1 12 15
31 72 278 387 344 107 89 250 104 339 219 454 99 101 126
1 4 9
45 485 138 343 418 176 393 123 9
1 2 19
383 498 398 145 97 213 120 42 71 274 407 91 43 349 263 391 110 156 268
1 3 21
28 209 361 320 253 438 251 302 239 414 192 286 349 487 147 9 91 310 370 154 323
1 6 17
233 280 41 3 336 482 304 172 351 443 74 201 207 160 282 155 306
1 15 6
251 475 331 377 140 273
1 12 10
404 218 274 498 197 263 176 334 103 275
1 7 3
105 181 12
1 17 17
440 262 476 273 297 185 336 353 189 104 41 485 427 86 199 212 321
1 18 6
159 236 287 320 149 344
1 7 14
499 411 223 453 114 478 211 436 456 159 110 432 147 115
1 11 22
351 186 291 449 273 73 130 162 87 340 107 456 355 24 390 19 306 262 125 116 84 46
1 3 7
187 156 309 83 38 487 128
1 16 16
98 261 465 120 294 175 126 36 453 468 106 492 190 429 331 17
1 7 16
90 241 203 490 412 155 282 291 121 427 22 474 49 428 453 162
1 12 16
105 322 307 360 249 96 278 16 159 379 166 168 56 485 317 172
1 5 3
145 467 236
1 6 19
252 266 384 489 39 315 377 440 158 351 179 487 461 28 228 462 328 424 348
1 15 13
173 143 133 136 145 66 425 301 494 474 458 435 250
1 6 8
53 140 286 222 243 479 94 379
1 13 15
363 301 223 138 492 289 259 316 378 491 79 30 312 161 11
1 16 18
449 402 215 120 338 322 377 139 359 57 180 233 463 356 186 279 474 114
1 17 16
306 255 356 483 497 291 126 47 357 332 31 355 61 295 187 448
1 1 10
471 449 495 346 107 164 420 241 93 176
1 7 3
86 398 169
1 17 24
103 293 424 491 427 372 476 114 285 324 375 349 445 42 2 251 136 434 366 360 247 459 440 268
1 8 2
484 391
1 10 15
285 195 196 394 248 204 93 176 181 391 419 264 97 319 90
1 3 20
497 336 61 461 32 363 172 436 476 133 338 57 168 175 19 1 469 266 203 171
1 18 6
497 197 218 10 221 331
1 11 5
366 466 222 399 198
1 20 7
433 164 144 240 111 475 195
1 12 21
364 18 270 247 211 406 21 65 335 227 319 59 283 454 214 163 230 127 155 117 161
1 19 18
379 244 462 80 330 283 69 126 414 204 297 38 279 233 445 299 304 205
1 4 11
240 466 43 75 56 370 94 285 96 156 497
1 17 14
199 136 309 18 260 56 452 37 234 13 84 204 406 78
1 5 2
85 280
1 9 10
299 131 110 491 209 73 294 384 171 311
1 1 25
357 135 69 328 92 463 297 85 86 370 401 312 342 14 369 71 321 411 444 11 358 253 36 171 209
1 5 25
65 460 135 358 467 479 473 453 276 210 253 11 200 431 106 342 267 325 324 315 333 29 230 356 353
1 13 9
477 45 61 289 300 334 343 359 336
1 14 12
151 202 110 472 251 21 10 284 207 268 380 55
1 17 10
496 245 8 268 24 485 156 168 344 374
1 15 12
397 41 389 195 104 449 328 431 326 27 170 293
1 3 21
403 412 82 392 365 125 115 152 405 217 116 306 58 153 24 315 286 73 301 268 235
1 1 17
233 460 429 452 201 124 98 202 182 238 366 102 74 2 226 260 172
1 3 16
489 284 197 460 487 407 56 431 314 463 313 170 178 2 136 420
1 1 24
358 410 170 11 312 150 246 85 296 272 175 92 448 493 217 79 95 206 305 379 136 441 180 470
1 3 20
239 171 75 149 256 258 379 165 197 87 489 466 152 298 115 492 395 306 33 278
1 2 21
324 226 338 56 427 233 98 378 67 1 198 165 488 55 489 262 117 62 280 210 102
1 13 16
391 240 368 160 299 295 163 430 20 191 207 340 122 282 478 199
1 14 18
257 417 41 137 253 122 111 383 272 78 441 489 429 408 128 28 439 243
1 20 9
45 267 9 488 106 80 405 26 136
1 10 12
183 493 228 14 416 197 361 229 63 140 352 316
1 14 19
298 294 488 408 430 269 275 123 141 164 182 335 454 33 78 274 239 346 3
1 18 25
324 473 63 90 47 290 478 37 156 481 413 474 131 109 441 350 7 498 145 220 136 61 303 129 310
1 18 7
190 391 24 433 59 421 322
1 6 2
106 194
1 1 17
270 108 345 289 207 205 86 286 19 217 279 203 97 467 300 495 271
1 9 6
436 150 470 413 206 364
1 7 25
202 344 121 158 187 240 192 144 406 224 273 382 435 247 420 284 154 252 38 456 476 107 100 206 149
1 9 13
193 223 430 139 425 69 178 266 82 340 221 296 9
1 11 5
283 189 342 246 241
1 9 22
10 189 270 236 159 246 439 248 156 125 307 406 371 351 300 4 28 86 179 127 60 276
1 15 5
362 198 116 328 146
1 9 16
179 316 302 259 181 376 167 104 250 236 32 452 201 245 377 262
1 4 19
475 231 150 135 365 355 129 447 313 137 442 154 139 173 243 151 377 2 176
1 18 10
40 239 138 452 453 323 329 495 100 206
1 1 6
147 444 89 182 150 50
1 1 16
300 55 421 251 319 135 63 390 419 299 4 103 363 429 86 197
1 7 11
416 209 166 263 439 382 409 159 261 109 256
1 4 19
263 158 20 470 160 430 404 485 287 8 33 185 134 129 12 208 279 465 2
1 14 17
214 217 189 386 286 170 192 263 20 186 245 454 294 338 188 63 498
1 10 18
333 443 25 7 404 185 186 46 184 43 39 193 321 358 423 308 24 469
1 9 9
122 213 369 292 265 490 418 479 149
1 6 18
432 283 193 403 182 69 31 66 472 63 218 206 43 314 130 295 331 140
1 3 15
488 36 274 466 411 364 448 29 479 331 53 459 281 387 160
1 7 14
429 203 342 430 260 446 493 158 51 257 469 383 284 141
1 8 8
359 78 436 372 91 251 470 457
1 16 21
199 354 231 79 124 411 59 2 187 140 146 421 212 203 296 135 210 125 432 77 383
1 1 3
174 274 10
1 14 5
307 257 334 174 467
1 19 6
207 44 168 306 136 390
1 12 18
300 351 422 163 14 431 443 301 13 209 274 395 134 182 170 68 234 348
1 2 24
455 54 92 336 6 451 460 85 482 331 151 37 161 79 252 66 47 437 35 267 338 411 46 58
1 14 17
96 379 54 116 243 81 153 495 402 476 165 306 473 269 262 352 17
1 1 7
63 118 461 101 272 189 59
1 20 15
144 441 358 356 77 211 181 284 180 1 278 216 111 497 34
1 17 4
268 387 490 217
1 12 19
339 209 187 377 166 352 429 39 34 1 327 238 336 282 307 149 237 424 190
1 7 18
174 394 326 89 45 123 273 114 249 479 219 325 308 409 230 218 256 52
1 1 7
416 252 110 368 398 429 189
1 7 12
111 273 288 59 479 74 356 369 217 20 498 135
1 5 20
160 151 433 466 305 368 277 111 115 82 478 460 165 147 329 449 47 333 370 37
1 8 8
498 220 155 485 448 39 368 38
1 1 7
22 317 429 145 20 129 444
1 11 7
481 7 240 116 448 363 414
1 19 19
472 295 338 381 350 97 88 439 115 392 225 413 190 385 457 48 343 482 379
1 5 8
283 286 194 458 412 85 21 351
1 14 3
23 464 275
1 12 8
389 354 475 222 361 481 256 223
1 16 10
263 383 218 315 432 458 11 436 357 44
1 13 3
351 485 201
1 12 19
148 375 219 286 359 111 249 172 361 475 457 168 443 194 42 155 96 337 452
1 2 6
382 235 188 241 87 266
1 8 4
19 324 410 41
1 5 2
29 233
1 7 2
82 49
1 15 8
406 233 458 381 424 92 1 435
1 6 7
28 126 69 486 36 68 279
1 16 4
305 481 478 41
1 9 25
217 379 316 279 61 278 358 308 8 7 400 298 165 109 359 148 250 492 443 317 306 78 171 44 411
1 10 16
471 427 122 314 53 194 297 32 233 497 200 446 325 360 428 376
1 17 20
466 268 326 116 27 271 342 99 285 182 155 405 169 239 225 111 207 227 497 309
1 12 13
445 205 215 80 121 171 382 135 365 153 83 209 188
1 17 15
9 26 435 412 4 145 397 364 439 109 18 321 189 279 238
1 1 19
49 303 41 76 419 424 124 407 118 454 213 481 466 430 188 59 114 471 385
1 9 2
221 177
1 3 13
268 133 95 409 59 243 222 187 189 485 335 310 269
1 9 11
27 234 105 369 494 45 464 397 26 426 366
1 7 14
425 104 407 391 244 432 1 80 187 291 470 147 35 224
1 5 19
81 451 273 256 106 317 371 459 72 181 313 197 171 172 303 236 145 44 23
1 3 17
371 463 190 44 200 314 289 125 380 410 284 83 276 348 197 351 477
1 1 14
95 400 458 80 31 354 102 414 448 309 200 454 220 471
1 12 13
244 137 269 287 483 308 217 291 184 145 370 52 260
1 3 18
313 306 181 496 281 141 187 314 188 262 329 463 311 246 316 227 223 429
1 18 20
132 14 238 108 217 280 259 111 95 171 456 135 150 391 498 120 285 475 360 337
1 13 3
419 197 221
1 15 21
447 290 315 478 488 423 476 457 256 313 257 296 270 494 318 259 60 376 175 241 244
1 12 6
43 227 383 152 430 474
1 17 5
353 389 395 131 150
1 3 12
417 83 415 305 123 33 310 494 143 160 489 41
1 19 4
274 360 46 322
1 8 2
121 167
1 18 23
259 318 406 354 468 416 380 205 85 411 87 376 451 152 347 398 66 353 269 143 197 310 340
1 17 21
408 396 63 439 420 467 25 69 478 40 364 378 96 345 308 157 80 418 379 340 136
1 3 15
294 58 499 24 73 285 344 366 472 132 361 422 83 314 19
1 1 20
214 337 378 58 140 162 78 263 371 5 339 252 437 90 213 338 44 494 391 175
1 5 18
374 471 390 124 456 266 414 296 123 289 241 449 402 73 133 116 93 18
1 2 24
90 127 193 340 410 376 48 343 461 212 148 43 409 311 292 498 341 396 465 157 412 455 76 143
1 1 6
321 109 299 273 83 155
1 17 25
59 397 91 264 386 165 184 411 231 193 232 98 396 420 112 270 388 329 473 374 253 408 58 478 185
1 9 17
6 358 267 352 120 131 258 84 33 16 417 309 34 386 212 365 303
1 15 9
400 189 138 389 197 229 478 210 442
1 5 24
66 59 454 268 261 324 74 232 136 499 256 331 260 170 421 466 112 119 176 414 430 200 498 385
1 16 12
331 162 295 124 62 442 160 32 394 210 271 376
1 17 17
229 412 360 435 459 131 274 354 399 407 180 203 451 309 448 105 186
1 2 24
45 468 11 310 484 234 193 447 275 230 23 145 126 184 488 305 391 445 108 54 281 142 75 56
1 8 8
370 154 264 464 423 422 424 333
1 10 19
491 216 324 175 41 411 419 102 103 227 390 136 446 314 480 242 344 431 459
1 11 12
44 435 188 449 113 255 250 122 245 406 493 313
1 3 21
51 336 485 238 310 23 174 498 436 475 29 440 239 268 371 126 113 269 334 221 26
1 5 9
158 365 182 474 312 288 265 31 289
1 9 13
153 45 331 423 232 228 385 216 155 398 300 483 359
1 8 3
219 407 277
1 19 7
91 373 499 346 18 302 203
1 7 16
207 394 242 31 285 393 53 122 34 412 319 222 375 376 211 322
1 1 20
26 486 461 15 121 2 134 366 116 377 141 237 36 362 160 316 43 313 475 443
1 20 14
162 191 292 228 404 47 459 383 19 155 169 97 460 171
1 7 4
316 94 245 459
1 8 14
264 206 112 73 122 61 385 416 462 210 451 369 190 176
1 19 17
147 499 461 38 383 182 485 128 381 184 328 321 339 366 258 212 494
1 9 2
251 262
1 9 8
217 3 112 231 392 32 222 50
1 12 7
16 107 100 279 114 39 131
1 16 12
439 304 64 5 27 279 485 339 320 85 406 62
1 10 13
82 181 166 245 473 171 448 338 382 2 5 305 339
1 1 14
59 136 371 419 97 197 386 410 294 475 421 335 216 243
1 7 2
349 456
1 12 6
453 24 57 178 235 271
1 10 7
179 140 475 201 67 381 30
1 5 3
174 179 324
1 16 25
441 336 481 58 453 250 13 471 489 477 366 132 257 325 35 96 245 395 447 267 39 4 41 244 423
1 16 19
31 337 402 312 119 297 364 357 313 169 377 335 453 241 51 156 338 369 39
1 10 4
268 296 379 222
1 9 22
353 246 218 381 447 295 409 78 436 122 403 384 93 138 159 469 432 390 206 334 37 340
1 7 19
429 317 356 185 219 130 339 231 399 110 438 311 86 162 25 338 117 308 435
1 8 24
280 292 32 96 74 235 366 448 114 268 261 271 347 49 400 287 456 24 317 99 120 123 2 270
1 20 10
28 383 79 455 8 15 408 129 87 227
1 7 5
455 63 33 143 330
1 18 15
36 375 223 342 239 348 406 371 176 205 467 469 307 486 280
1 13 23
87 249 376 488 443 242 327 479 445 37 346 62 324 80 277 53 106 75 258 438 147 429 342
1 6 24
212 430 410 429 70 40 198 305 387 169 133 159 329 175 190 344 406 192 241 469 13 287 42 191
1 13 8
208 428 222 84 122 369 170 269
1 1 17
90 96 333 281 274 486 455 43 31 423 448 221 204 314 94 495 483
1 8 3
404 188 147
1 11 10
481 109 259 1 177 10 290 188 385 141
1 18 11
389 446 43 179 457 475 488 267 247 125 62
1 8 6
494 20 482 119 57 495
1 17 11
20 192 291 12 120 135 445 59 132 313 48
1 3 19
249 402 203 340 168 61 201 115 23 316 42 191 465 9 336 284 463 190 199
1 12 16
178 268 310 98 53 343 446 110 288 147 400 369 315 10 203 143
1 7 15
342 292 182 83 144 163 340 474 346 386 364 456 308 164 419
1 13 20
266 356 71 56 108 115 90 366 271 331 162 308 389 147 172 313 303 394 360 125
1 20 5
444 332 100 299 406
1 2 13
48 278 254 312 183 130 97 21 340 393 235 72 285
1 19 14
155 49 335 358 226 188 285 320 268 262 165 437 81 357
1 1 14
166 48 465 33 159 306 469 191 317 79 367 250 17 368
1 7 23
307 373 459 61 256 271 207 328 115 386 237 398 1 217 325 245 498 12 309 46 415 343 434
1 12 23
94 241 347 93 463 240 432 456 251 38 356 227 427 245 270 428 52 42 439 36 383 136 104
1 3 7
324 29 461 497 374 266 451
1 4 5
139 152 276 73 251
1 10 12
354 122 471 82 209 235 238 118 24 379 113 204
1 12 21
156 134 292 277 251 356 177 175 80 42 399 359 126 40 92 51 199 8 116 136 149
1 7 5
315 401 484 144 236
1 17 16
498 106 385 179 297 458 153 79 1 160 66 10 268 194 13 48
1 8 19
127 47 466 387 243 304 145 117 406 216 58 351 86 328 449 176 392 425 44
1 20 12
239 452 133 127 211 268 131 151 307 76 354 422
1 8 8
375 330 71 260 268 343 461 373
1 9 20
327 289 197 17 358 447 94 420 344 194 192 6 4 496 376 377 379 148 50 191
1 18 11
22 156 346 2 148 467 413 217 486 279 280
1 3 9
394 152 97 59 257 7 418 374 479
1 12 25
340 118 418 187 379 61 79 94 172 188 193 329 325 454 414 424 465 354 44 56 450 288 479 112 376
1 16 17
33 180 235 6 197 458 461 494 173 240 176 411 121 23 87 135 277
1 6 3
463 414 238
1 15 14
462 400 169 416 374 251 270 245 226 79 220 439 3 490
1 14 21
493 312 262 75 350 188 213 78 378 244 131 264 20 390 190 28 214 439 191 366 0
1 6 20
291 242 97 136 375 164 402 102 234 397 447 96 109 288 66 204 168 439 448 430
1 11 13
436 356 132 405 222 135 30 225 351 119 280 44 218
1 16 10
325 215 73 455 424 308 142 235 379 140
1 13 5
202 135 145 423 27
1 4 17
104 115 259 188 58 378 351 31 318 316 369 402 179 276 412 427 315
1 17 8
493 130 174 183 250 337 31 207
1 18 21
70 447 26 97 309 297 188 32 162 335 48 179 77 395 339 432 483 99 117 217 389
1 7 7
124 126 286 496 112 448 64
1 5 5
73 496 35 160 223
1 4 25
61 326 162 258 474 84 247 459 431 495 331 444 109 133 229 107 11 286 13 314 74 219 339 305 327
1 1 9
137 173 18 11 143 27 306 132 233
1 14 25
24 394 307 178 476 145 350 207 390 117 233 417 428 339 464 170 147 114 318 148 191 281 216 35 55
1 12 7
8 272 310 113 283 134 412
1 17 19
140 169 460 177 383 159 287 227 409 339 114 6 346 436 205 259 83 139 297
1 10 24
370 377 264 315 152 303 98 310 236 469 28 356 101 461 333 68 298 289 157 249 187 34 193 495
1 6 25
494 274 270 206 144 384 393 70 62 315 41 49 34 331 43 133 388 407 225 158 438 85 89 427 11
1 4 17
452 47 131 373 259 296 421 26 228 267 6 160 29 384 248 223 244
1 20 9
395 213 252 468 472 241 480 161 370
1 14 20
495 285 268 450 319 95 424 428 420 400 248 378 193 395 422 359 433 336 86 375
1 7 10
207 50 266 420 260 452 158 481 390 293
1 20 12
308 72 451 397 19 17 254 182 444 473 437 18
1 15 9
145 460 427 285 227 346 111 208 168
1 3 17
209 453 144 74 255 83 236 385 241 234 62 436 54 5 218 429 485
1 16 19
255 370 63 323 304 141 59 94 105 211 369 302 214 195 208 472 395 234 24
1 4 3
109 212 210
1 6 21
1 99 424 287 187 273 258 411 290 110 48 172 226 224 44 60 147 186 366 279 65
1 15 3
252 129 311
1 17 21
101 392 204 356 317 384 441 248 365 134 124 11 57 290 186 426 401 264 429 217 419
1 6 8
488 175 136 414 430 142 292 433
1 11 22
71 425 98 476 293 437 89 149 438 123 226 241 399 178 444 439 281 340 216 370 189 421
1 13 11
255 400 224 24 470 263 320 381 446 212 368
1 15 7
420 120 362 461 50 21 498
1 17 16
470 107 348 113 390 117 88 407 289 230 288 112 463 467 129 33
1 6 8
381 100 434 27 259 56 496 67
1 13 2
57 322
1 12 7
194 244 354 351 338 430 16
1 13 16
374 311 342 336 30 263 195 254 285 286 240 172 261 387 337 473
1 16 9
379 233 117 67 24 282 242 368 257
1 12 21
116 395 445 493 364 334 81 270 184 410 314 175 446 231 280 301 233 95 421 288 272
1 4 21
441 313 30 461 371 448 63 170 260 296 318 208 182 463 79 418 6 469 158 460 75
1 12 20
289 212 441 374 382 434 311 232 316 235 402 99 264 225 357 252 227 334 483 377
1 19 18
295 139 212 448 365 467 440 0 390 300 104 405 165 152 91 183 480 241
1 15 6
452 303 439 136 394 278
1 10 6
168 416 450 27 31 21
1 17 11
22 183 194 349 121 199 12 28 205 206 487
1 9 15
410 20 284 204 321 281 426 85 141 394 176 474 441 155 373
1 19 14
80 161 261 245 414 34 214 276 186 403 387 150 486 480
1 5 20
163 430 119 19 332 326 335 55 255 133 483 268 39 158 146 298 490 207 175 151
1 12 23
270 348 378 344 370 38 312 479 91 338 9 136 56 205 122 380 254 180 176 487 99 187 365
1 10 12
103 374 489 328 187 260 176 170 353 485 343 202
1 7 24
469 261 478 382 467 458 443 479 23 470 39 221 286 326 77 227 108 103 363 435 459 359 35 219
1 12 17
453 273 232 229 161 54 301 352 24 126 223 261 183 270 490 166 162
1 19 4
118 47 197 101
1 6 19
58 201 207 445 432 214 387 25 286 478 199 212 252 147 430 312 235 310 122
1 2 3
301 34 221
1 17 9
355 362 349 99 87 79 368 183 129
1 14 20
54 333 358 400 387 268 278 111 62 75 431 424 380 166 296 360 290 59 47 177
1 7 8
155 452 237 115 117 380 234 244
1 14 20
104 22 52 72 475 147 121 218 456 45 26 436 441 275 314 49 50 81 363 103
1 19 3
499 459 142
1 9 16
376 178 65 192 238 380 104 431 189 176 261 81 125 5 418 433
1 3 22
108 393 114 353 284 207 210 36 56 395 370 214 363 190 45 484 252 90 125 461 307 450
1 13 6
12 70 251 5 267 300
1 11 9
34 295 431 200 403 398 406 326 318
1 14 21
391 251 299 337 85 336 317 26 285 381 312 203 77 280 100 195 114 104 361 268 383
1 1 17
214 469 126 292 438 355 145 427 242 497 36 240 133 96 290 197 488
1 1 22
412 287 137 191 300 474 495 424 183 231 348 381 438 134 421 396 252 77 125 378 151 491
1 18 17
442 459 104 56 436 188 42 289 295 3 155 332 72 97 325 433 29
1 3 4
252 9 149 25
1 12 9
9 357 110 105 266 467 57 259 101
1 12 6
300 436 58 378 232 68
1 13 4
285 171 355 436
1 18 18
245 100 125 467 496 350 53 492 73 82 14 391 296 270 3 366 9 371
1 4 2
342 51
1 12 15
237 239 150 145 35 426 497 156 143 181 328 498 126 287 378
1 6 22
384 149 316 177 416 489 339 431 291 357 491 119 495 297 65 314 186 101 233 318 331 458
1 20 9
165 131 332 51 181 151 466 104 49
1 1 23
153 301 271 457 425 414 132 406 460 440 240 369 121 407 389 208 438 133 224 234 492 394 364
1 10 24
291 12 347 411 94 319 157 129 1 221 123 314 409 65 98 252 288 461 477 229 172 227 449 112
1 6 18
499 265 435 184 197 464 373 205 278 319 26 417 372 370 190 378 235 102
1 8 9
397 350 445 316 468 241 245 132 392
1 5 3
147 426 248
1 17 5
334 458 328 421 183
1 16 11
64 151 196 416 368 226 388 267 34 63 71
1 10 21
414 195 273 468 495 296 284 462 213 402 290 38 311 306 110 426 231 312 159 28 481
1 8 18
379 116 191 253 92 451 307 275 258 317 419 121 122 100 466 33 310 464
1 1 13
91 35 352 491 452 249 136 122 321 104 127 402 115
1 9 9
57 216 212 115 271 32 232 163 391
1 5 11
38 319 153 395 349 306 356 240 230 291 424
1 10 24
143 223 462 301 192 391 167 191 127 174 308 370 341 83 446 40 67 178 328 358 199 220 373 3
1 14 11
467 484 481 325 401 153 431 314 134 443 243
1 17 10
390 91 416 195 132 40 400 177 300 130
1 6 4
296 69 470 224
1 16 6
81 189 215 86 83 444
1 1 22
458 493 424 139 466 258 319 113 330 215 149 120 204 408 321 148 121 357 26 270 262 301
1 11 8
477 56 99 371 134 296 161 208
1 13 11
492 3 439 64 415 148 212 329 485 420 393
1 8 3
343 68 212
1 3 10
232 371 141 293 303 312 396 199 16 213
1 4 24
44 179 301 158 197 434 289 83 274 180 422 236 159 206 387 455 27 228 338 265 151 29 144 489
1 20 10
242 81 91 73 100 444 221 412 145 365
1 20 14
229 351 429 315 399 484 369 143 60 191 466 496 432 334
1 16 9
81 440 425 355 31 127 261 343 166
1 10 13
116 155 464 112 143 378 35 279 271 188 2 59 266
1 8 13
92 218 224 368 96 367 317 181 52 431 189 406 62
1 10 3
229 204 302
1 9 7
93 293 135 128 246 429 333
1 3 6
478 356 293 416 61 455
1 13 3
389 259 335
1 4 13
11 91 461 297 493 328 154 59 39 160 459 196 140
1 10 23
96 223 271 443 380 392 107 492 167 217 150 422 176 47 478 354 203 205 149 377 342 305 402
1 11 24
247 355 90 111 214 487 212 282 323 334 91 358 220 100 16 108 77 378 290 396 436 131 56 15
1 4 16
155 132 127 42 362 162 36 262 491 293 218 186 254 18 470 26
1 16 23
209 495 281 320 346 315 1 478 26 41 96 22 183 403 395 326 321 259 24 234 33 383 71
1 18 22
418 25 114 7 60 154 44 343 94 121 239 130 307 125 439 102 47 140 66 342 206 476
1 7 8
126 266 179 391 260 77 98 143
1 6 10
427 459 22 413 284 94 291 191 414 160
1 2 17
105 247 282 218 422 455 204 49 396 57 350 171 44 399 11 88 351
1 20 19
414 65 344 135 383 431 479 463 320 339 292 295 283 7 220 470 131 15 182
1 3 25
393 48 268 389 228 439 442 211 80 391 337 353 395 375 51 30 230 64 318 210 436 212 50 126 357
1 6 16
243 320 99 195 325 210 121 255 406 387 61 222 346 234 40 115
1 12 3
364 486 168
1 7 16
435 134 223 325 395 160 142 252 278 493 469 360 299 418 227 105
1 14 15
487 279 446 461 125 119 181 248 195 387 235 332 430 482 36
1 19 7
357 57 439 427 85 460 75
1 3 11
54 75 471 495 493 318 72 247 79 380 439
1 10 25
376 102 160 121 7 258 155 274 36 421 189 19 475 27 478 380 312 436 267 317 83 230 425 183 152
1 4 16
451 140 160 409 159 18 412 320 241 155 139 264 288 422 328 325
1 12 20
36 409 458 482 405 14 434 52 255 10 40 15 419 390 245 209 199 393 64 498
1 9 25
337 88 207 419 480 76 496 126 445 478 272 421 368 119 377 111 270 276 68 108 492 1 304 361 82
1 8 11
463 495 142 158 179 414 37 269 59 494 450
1 17 15
407 99 230 33 79 216 334 350 369 485 373 383 204 150 271
1 6 14
68 296 268 419 478 187 403 437 211 429 13 246 5 303
1 3 25
159 237 198 154 430 127 282 142 151 333 383 68 30 353 256 444 385 244 10 346 194 278 99 450 322
1 17 22
102 383 48 474 116 363 56 376 22 167 26 130 55 494 292 107 142 413 454 51 318 283
1 4 22
54 494 35 75 425 8 190 226 399 285 140 314 326 455 43 489 387 7 469 452 89 165
1 4 12
50 74 459 203 55 364 465 241 375 467 197 353
1 8 8
331 265 37 14 230 322 408 390
1 18 6
60 138 167 374 430 233
1 4 9
221 429 109 26 99 168 153 465 159
1 15 21
390 29 33 173 391 455 248 450 241 53 188 469 210 63 498 106 93 350 149 94 387
1 17 25
8 263 480 260 150 113 146 11 458 163 253 461 356 403 116 61 54 69 317 282 448 346 410 137 31
1 19 7
327 170 21 101 302 158 383
1 2 8
481 480 288 493 301 418 410 385
1 11 9
224 69 424 165 439 306 392 300 142
1 1 4
471 383 409 269
1 4 17
35 378 46 434 126 340 391 286 42 483 25 98 168 301 134 332 479
1 1 19
106 307 436 100 75 233 269 322 282 461 97 123 111 376 273 113 466 475 92
1 7 4
134 45 42 282
1 18 23
70 282 16 328 405 265 220 168 6 440 14 249 394 381 191 302 341 193 175 294 89 68 49
1 14 3
452 143 200
1 11 8
6 111 315 62 482 81 336 403
1 2 19
128 272 448 327 320 304 69 295 379 34 359 143 278 94 216 236 364 440 153
1 19 11
470 393 210 163 255 49 136 376 439 403 344
1 6 10
422 321 399 498 260 96 307 120 361 466
1 8 2
128 420
1 13 11
63 98 42 321 223 353 294 127 101 372 70
1 18 6
62 199 384 38 399 359
1 3 21
171 425 338 14 402 340 288 406 169 76 351 427 456 450 254 469 250 357 235 377 447
1 17 15
184 261 204 240 201 136 42 125 57 17 103 415 155 252 319
1 18 8
416 53 281 449 240 29 314 342
1 2 4
265 303 68 127
1 7 16
94 355 357 163 68 479 360 275 13 351 16 318 281 462 390 446
1 11 11
126 341 350 463 41 104 333 240 449 347 316
1 13 17
180 163 121 487 445 177 313 155 252 138 19 245 182 41 408 380 343
1 14 24
381 158 106 459 449 401 147 293 434 406 236 178 148 38 341 282 267 380 481 273 280 373 457 25
1 20 13
471 213 248 205 57 412 333 453 172 173 498 352 274
1 19 11
143 45 21 155 1 120 61 76 3 380 394
1 16 25
217 238 72 96 304 202 288 418 310 158 286 157 93 488 40 152 53 25 172 375 267 181 56 239 297
1 11 17
399 34 407 448 73 478 228 260 489 378 457 449 159 447 272 242 47
1 13 17
179 318 390 176 393 208 149 182 353 0 84 119 232 97 463 105 240
1 6 6
173 451 235 148 266 44
1 2 23
386 423 326 479 383 48 189 47 10 498 40 198 376 181 240 409 101 458 54 486 387 63 153
1 4 10
333 377 164 22 483 145 250 11 324 173
1 9 23
393 384 482 424 245 161 493 172 275 282 159 403 293 221 263 391 363 278 89 456 358 353 312
1 11 16
149 395 130 57 385 408 101 56 468 226 317 462 31 191 313 351
1 20 7
364 36 413 27 406 209 287
1 16 11
10 217 496 376 260 102 463 212 281 482 291
1 10 4
5 118 239 334
1 11 14
390 116 273 228 166 170 416 124 222 342 136 488 373 274
1 13 10
93 388 406 170 146 329 269 229 319 238
1 16 9
262 83 316 90 336 189 305 141 215
1 6 24
194 483 2 240 47 62 197 133 365 152 369 488 336 17 185 175 151 451 367 97 411 173 14 39
1 18 3
459 229 441
1 15 21
179 440 354 67 75 394 131 465 102 456 35 156 451 346 74 80 288 364 36 474 403
1 16 16
477 122 343 10 335 284 17 9 486 294 419 150 90 104 127 76
1 20 21
261 43 200 371 364 51 334 47 205 124 140 374 189 419 249 96 256 245 3 94 268
1 9 23
330 6 370 35 155 479 306 126 439 262 184 67 156 458 198 333 289 405 288 207 146 43 276
1 2 24
272 285 8 457 27 244 326 403 18 351 436 359 467 19 334 310 95 74 438 136 91 58 65 322
1 15 6
357 495 262 225 218 244
1 19 16
477 80 369 13 125 416 138 54 424 137 19 457 235 333 346 172
1 2 3
166 323 214
1 16 16
133 46 177 143 415 240 302 428 199 243 60 247 354 142 490 363
1 14 11
251 109 435 305 48 77 254 296 469 93 169
1 19 8
293 59 451 331 31 156 495 446
1 7 2
484 62
1 11 11
315 254 115 494 276 22 27 243 428 416 440
1 8 14
274 421 15 285 241 21 36 389 16 482 179 336 408 99
1 20 18
81 140 383 325 117 6 79 413 426 274 307 146 277 3 104 150 232 372
1 14 15
175 35 270 34 97 356 154 434 288 117 277 424 29 312 228
1 1 7
99 331 50 202 118 363 290
1 19 8
101 368 492 312 226 88 109 337
1 15 22
152 267 1 76 407 452 219 272 236 476 496 102 242 341 288 218 255 247 313 420 84 455
1 4 24
423 218 445 258 165 222 460 82 56 10 252 394 270 51 414 231 241 440 341 315 129 111 224 491
1 18 13
392 374 156 148 60 157 384 296 246 65 109 334 300
1 12 3
273 190 58
1 17 16
465 442 69 123 40 294 183 236 483 371 299 114 470 303 273 44
1 5 19
466 374 30 84 456 321 144 472 390 152 47 367 362 88 310 325 256 176 356
1 16 24
288 280 421 60 383 196 463 451 167 316 412 324 30 26 252 178 457 41 365 382 65 244 11 376
1 20 5
328 170 182 238 259
1 3 20
169 48 400 490 221 114 160 467 209 325 374 68 236 383 370 306 71 259 494 84
1 3 10
114 39 234 251 73 383 75 352 41 181
1 7 17
87 387 67 139 21 314 184 7 128 474 446 90 407 1 137 42 362
1 3 14
211 193 392 7 455 259 437 278 87 150 447 374 408 225
1 10 9
274 155 213 2 335 153 188 129 79
1 18 13
391 220 294 5 174 72 394 89 12 7 172 462 458
1 12 15
393 33 26 395 22 287 230 48 183 356 35 294 89 474 278
1 12 18
189 193 85 82 210 258 381 205 398 340 180 392 184 347 337 301 153 473
1 11 4
464 434 313 206
1 7 6
255 14 213 51 153 496
1 2 10
235 482 85 185 258 316 322 261 379 323
1 18 4
44 364 196 246
1 4 25
288 428 435 58 356 339 53 32 386 178 209 211 289 397 261 424 155 200 363 498 298 103 499 219 220
1 11 4
226 6 473 488
1 14 13
184 306 94 320 336 219 363 152 244 192 402 173 481
1 8 3
161 402 394
1 12 4
230 39 269 421
1 3 17
316 187 427 48 106 19 204 200 271 451 20 90 430 390 288 411 493
1 12 24
323 495 40 363 466 453 160 431 256 195 456 303 444 240 382 353 432 169 6 238 471 484 478 163
1 8 11
217 131 286 138 458 163 312 99 24 145 278
1 8 8
201 498 298 339 155 144 38 336
1 4 4
352 396 66 414
1 10 22
105 380 66 463 448 330 392 243 134 20 337 99 359 285 195 259 437 35 253 271 397 197
1 6 5
103 392 445 61 81
1 12 9
357 325 463 85 38 135 292 408 380
1 11 13
66 322 374 106 335 343 443 296 413 353 290 61 9
1 2 14
478 369 12 166 87 92 207 222 162 444 350 415 365 397
1 3 23
440 366 63 212 245 325 161 77 34 2 464 280 318 423 484 80 182 19 295 153 395 471 59
1 18 3
14 60 61
1 1 6
142 168 167 127 261 213
1 16 15
356 51 399 36 23 86 349 342 388 491 414 16 273 319 463
1 3 8
441 479 167 124 294 184 440 223
1 12 4
189 356 363 482
1 16 17
466 114 449 91 66 436 334 279 45 375 407 312 69 108 361 145 302
1 19 15
168 210 338 447 225 382 399 140 294 393 104 353 234 484 422
1 13 22
360 191 406 10 7 17 346 71 96 431 260 139 56 321 8 257 150 40 339 277 423 485
1 12 7
186 236 322 75 403 179 218
1 17 18
31 292 149 423 253 120 244 90 79 496 74 420 127 94 348 306 181 282
1 13 3
13 67 358
1 12 15
305 127 456 397 58 389 218 40 296 176 279 460 28 341 138
1 10 22
405 238 72 127 378 159 399 133 139 464 217 478 160 167 161 462 17 435 30 0 320 239
1 3 2
451 174
1 9 23
407 454 327 19 402 331 433 65 61 151 387 81 104 389 166 101 259 111 74 16 386 480 494
1 6 6
449 238 134 487 280 225
1 7 11
1 323 472 386 475 54 6 27 319 257 75
1 6 15
258 312 344 499 255 316 284 437 456 490 280 436 481 460 342
1 16 4
8 165 449 363
1 1 17
25 323 32 148 139 382 247 416 361 111 342 7 175 103 354 3 327
1 19 16
337 333 121 435 440 253 328 469 485 152 159 267 468 202 479 229
1 17 20
270 425 1 445 196 185 122 318 469 298 471 275 288 448 220 409 464 284 60 257
1 6 18
164 313 161 136 127 293 132 492 216 237 304 399 234 344 398 140 66 178
1 6 24
488 309 409 471 314 356 361 191 276 101 489 106 130 149 127 474 76 147 132 244 86 367 336 497
1 6 2
275 407
1 9 18
290 79 176 386 108 275 237 45 298 276 41 120 384 358 359 405 494 267
1 17 4
476 34 131 225
1 11 3
176 42 446
1 1 9
57 90 112 172 372 186 127 439 62
1 11 17
138 105 443 125 456 9 117 469 353 223 61 483 419 50 201 380 297
1 15 19
208 322 223 81 117 83 337 65 373 309 221 448 84 429 121 40 483 353 293
1 4 6
464 211 145 111 473 31
1 20 2
432 64
1 11 4
338 482 478 384
1 16 7
26 214 359 323 231 89 205
1 18 19
25 300 218 342 270 62 39 387 125 46 450 264 324 307 16 204 92 77 284
1 13 3
341 249 482
1 7 3
382 111 331
1 7 20
76 101 471 450 416 118 238 434 230 213 384 328 429 359 27 156 175 161 459 137
1 3 13
122 328 472 224 347 56 462 486 161 74 131 421 130
1 20 18
417 298 92 26 352 16 261 228 198 373 256 389 400 179 154 220 172 137
1 10 3
108 223 383
1 4 2
182 158
1 16 8
24 47 408 275 200 316 12 270
1 20 24
23 387 383 304 287 216 352 133 484 288 318 377 262 36 159 135 211 75 129 96 490 229 350 98
1 19 9
19 92 111 102 409 260 452 213 362
1 19 13
66 337 219 73 187 416 308 1 52 418 263 293 87
1 5 9
51 183 463 341 4 177 334 46 45
1 4 10
426 452 317 357 491 14 431 294 18 174
1 13 17
216 420 372 153 168 277 85 371 20 355 299 58 31 179 162 398 150
1 12 14
39 127 80 212 232 43 454 270 336 6 407 22 464 248
1 1 25
159 426 447 115 456 157 443 276 107 366 296 95 202 444 484 358 49 277 74 458 83 100 212 285 378
1 10 11
38 27 79 118 284 372 208 223 389 130 344
1 13 9
393 180 179 177 425 70 309 50 320
1 4 9
229 295 27 366 114 394 381 135 313
1 2 4
216 118 94 133
1 19 19
232 12 301 478 34 411 131 98 8 475 230 91 69 222 323 20 468 264 84
1 14 18
440 290 319 280 473 225 148 323 112 308 262 194 210 329 347 361 345 450
1 3 12
79 276 330 488 205 369 192 169 387 168 482 464
1 16 10
257 118 261 382 191 465 62 281 463 113
1 3 22
68 417 60 289 274 437 400 143 392 364 230 350 374 428 332 441 20 29 294 405 98 381
1 11 5
10 38 468 488 439
1 7 23
214 33 382 29 143 399 411 135 155 410 463 36 184 465 314 333 450 402 386 425 44 176 178
1 7 7
198 3 458 494 168 284 57
1 17 21
359 410 422 466 117 379 131 305 352 432 437 217 473 317 231 41 450 272 418 314 282
1 7 18
245 499 314 370 292 92 412 236 243 310 103 440 106 453 307 145 339 225
1 13 22
275 320 252 375 352 215 250 480 389 180 15 319 336 259 124 101 382 379 80 492 395 471
1 10 13
223 81 162 490 475 168 495 5 70 365 197 121 374
1 17 21
72 164 469 249 111 298 258 121 193 400 44 49 228 39 80 53 90 353 169 310 426
1 19 16
446 318 200 141 482 231 31 414 323 443 87 151 175 376 489 101
1 7 9
499 190 279 300 185 30 485 352 25
1 6 10
300 366 255 215 0 406 374 106 210 91
1 9 20
81 39 139 127 463 85 481 313 459 431 149 20 161 365 243 14 255 213 432 50
1 1 4
158 69 327 341
1 13 6
468 191 312 136 347 234
1 9 8
73 36 376 145 458 39 415 204
1 8 17
143 360 287 8 445 277 478 30 245 115 228 393 446 235 310 349 482
1 5 16
20 111 411 53 432 409 422 341 401 156 149 114 217 290 224 396
1 12 12
343 182 186 44 174 296 116 108 111 38 134 171
1 20 9
281 27 497 74 492 347 63 68 278
1 4 13
435 493 121 102 405 452 65 271 159 205 108 232 430
1 17 14
32 145 414 459 156 181 294 159 95 143 308 366 364 227
1 12 11
469 54 468 34 467 297 456 156 73 186 195
1 5 23
466 20 335 58 276 11 216 399 261 278 263 448 44 393 473 108 313 365 425 158 433 67 389
1 4 10
105 498 287 74 234 61 103 315 442 286
1 14 4
124 249 40 15
1 3 11
306 348 312 165 411 174 134 23 231 439 20
1 2 3
274 318 155
1 3 6
148 367 244 465 284 233
1 2 20
484 425 177 225 266 448 491 56 406 117 457 341 361 359 185 252 251 146 74 179
1 8 15
395 450 444 89 420 299 246 11 281 355 335 73 128 192 127
1 14 19
314 459 205 140 287 301 76 471 469 267 493 391 53 468 322 165 490 393 487
1 17 19
197 270 330 94 201 322 456 231 410 339 47 486 438 366 377 490 499 471 233
1 16 20
13 57 220 242 478 24 291 401 140 409 396 240 495 449 361 372 351 130 323 486
1 6 6
70 49 245 315 154 369
1 2 20
100 423 244 73 357 374 447 358 414 129 355 426 172 42 132 381 240 245 127 421
1 5 25
85 386 432 128 68 433 490 67 168 440 415 462 225 87 252 281 390 369 355 437 230 172 306 209 275
1 3 16
82 251 174 384 29 74 418 359 467 159 214 299 294 202 262 229
1 3 10
346 152 400 430 245 474 222 496 263 70
1 1 5
352 68 260 86 253
1 16 13
246 36 264 481 14 320 293 15 354 477 482 306 134
1 13 6
242 149 432 38 423 173
1 1 19
373 461 248 381 218 229 277 198 324 263 339 62 191 126 188 296 238 165 448
1 7 19
5 368 205 147 326 292 163 241 159 243 407 276 62 33 224 409 165 295 250
1 14 24
296 23 164 422 349 77 368 354 433 271 218 76 140 202 67 129 105 241 276 156 242 65 339 364
1 4 5
111 162 207 482 220
1 2 20
458 37 102 429 341 245 451 56 224 251 452 126 268 192 434 474 408 469 317 99
1 18 6
4 349 271 397 351 275
1 15 18
273 137 26 314 283 339 301 418 356 401 249 171 424 246 327 187 231 319
1 3 19
411 408 134 167 421 489 472 345 417 440 127 468 474 35 52 418 45 47 288
1 15 16
357 24 317 264 398 132 437 250 195 468 438 25 481 345 267 493
1 12 24
129 347 473 60 341 468 319 126 40 327 455 221 217 9 112 354 292 375 231 197 374 431 381 373
1 18 4
367 347 338 268
1 9 18
429 44 152 493 270 257 178 239 382 272 103 449 457 112 475 78 181 74
1 16 12
423 368 443 376 66 71 208 467 381 221 50 65
1 3 8
158 7 50 496 95 226 46 270
1 12 8
270 173 71 244 443 480 134 497
1 6 6
487 494 29 116 223 74
1 17 16
473 464 28 279 450 165 258 282 344 272 352 229 302 476 210 32
1 3 15
77 284 372 408 148 121 385 87 400 213 435 432 192 278 479
1 5 11
360 440 407 370 475 287 146 205 48 422 82
1 10 7
475 406 489 153 335 231 424
1 19 6
192 143 217 368 324 86
1 16 3
348 455 115
1 15 8
169 357 116 73 408 447 149 325
1 7 20
154 360 355 171 168 334 173 85 489 328 463 429 170 159 256 152 60 87 83 84
1 16 15
395 310 21 210 360 328 33 324 63 136 462 183 318 237 477
1 12 20
142 123 499 441 456 335 78 26 54 28 44 50 325 218 177 214 481 326 203 131
1 10 5
39 244 0 197 69
1 3 11
178 469 332 147 345 434 87 145 63 174 360
1 16 24
146 270 335 404 435 389 52 488 168 244 494 446 459 60 21 72 430 299 224 27 108 296 280 410
1 10 9
264 8 149 222 266 221 384 21 273
1 17 19
255 260 320 25 332 371 239 100 215 305 10 404 383 317 153 399 292 496 12
1 9 24
338 120 248 210 231 295 22 394 373 17 254 168 421 20 102 453 375 316 150 365 391 309 119 401
1 15 19
255 471 390 436 400 161 424 344 451 268 117 173 460 384 135 346 412 21 299
1 10 24
354 407 68 470 189 198 447 438 216 74 256 417 47 203 450 37 229 290 333 316 106 126 270 328
1 7 23
64 333 121 301 253 250 139 200 216 366 208 54 86 8 36 382 190 444 414 303 359 181 351
1 20 8
364 494 269 498 432 420 355 38
1 15 11
87 309 46 139 420 213 421 398 92 485 245
1 9 2
267 39
1 8 21
17 494 277 16 41 132 173 452 407 356 162 224 398 456 166 68 80 146 370 490 228
1 13 8
33 348 314 165 62 230 247 405
1 9 14
439 336 31 96 379 278 124 333 284 149 279 110 26 420
1 18 20
113 434 491 36 456 371 55 143 50 269 283 217 62 27 68 53 85 94 302 298
1 15 4
337 184 142 149
1 13 21
395 176 311 242 491 419 76 265 481 12 452 437 146 217 62 171 303 228 372 487 205
1 20 17
400 8 333 242 328 137 270 418 392 449 405 45 261 338 63 22 32
1 10 21
201 211 477 466 321 139 390 11 384 148 170 172 246 210 20 29 118 199 14 456 47
1 15 21
78 372 1 119 406 49 44 110 51 155 462 282 420 41 315 108 59 270 412 123 185
1 7 20
455 440 82 62 278 263 100 491 375 327 475 345 390 170 356 464 307 298 309 404
1 14 15
90 40 326 189 433 359 339 128 291 247 280 457 425 373 165
1 2 3
148 465 53
1 10 2
421 404
1 8 9
198 498 112 298 456 320 246 121 368
1 18 20
54 425 358 470 41 26 434 347 60 318 279 126 323 410 391 336 5 287 66 6
1 18 20
43 138 262 398 85 175 469 426 415 347 206 101 221 204 432 174 374 219 323 257
1 15 19
430 86 85 401 81 289 58 202 95 351 33 155 349 396 67 50 111 10 257
1 14 21
238 214 354 381 35 226 297 60 331 278 58 141 127 416 303 389 72 171 250 198 336
1 4 10
278 485 479 22 257 490 414 234 317 37
1 13 9
384 192 324 89 414 388 286 3 247
1 14 13
269 460 264 421 436 104 363 411 186 123 237 488 356
1 19 18
351 468 406 250 4 244 245 418 135 69 473 199 274 359 278 352 339 127
1 4 6
217 223 86 11 160 391
1 16 2
218 274
1 4 5
113 157 407 175 408
1 10 3
117 454 258
1 12 21
260 469 201 381 407 167 391 182 45 292 294 228 126 339 333 369 363 18 413 345 347
1 5 6
141 188 8 469 399 468
1 6 9
399 405 124 11 303 28 159 437 240
1 7 6
364 436 139 254 366 5
1 4 2
206 386
1 1 12
265 306 138 114 35 61 393 478 415 477 381 280
1 6 7
478 215 413 437 402 288 191
1 12 4
264 461 188 134
1 4 18
156 427 116 45 354 467 3 154 341 16 269 299 230 32 483 262 297 406
1 2 15
106 184 156 86 487 16 28 249 376 205 369 323 446 147 259
1 7 2
142 116
1 19 18
125 419 324 79 371 72 464 250 44 402 74 442 459 149 173 143 420 361
1 18 21
301 244 186 148 455 433 282 402 381 169 334 260 123 443 323 384 170 418 100 240 430
1 8 20
360 220 40 30 204 82 67 92 397 55 15 382 271 332 145 58 442 107 298 317
1 16 7
329 355 146 345 475 275 288
1 20 10
370 374 33 478 363 488 335 479 483 191
1 5 2
15 286
1 15 4
296 58 253 202
1 14 15
121 414 188 458 354 233 366 104 421 499 59 266 227 5 419
1 13 23
80 421 324 147 335 3 407 444 26 255 447 390 146 187 124 368 475 448 425 32 86 31 83
1 3 16
364 392 342 91 233 108 137 350 358 206 82 270 328 102 498 302
1 20 3
125 355 70
1 8 12
298 358 53 263 399 336 173 255 118 156 21 14
1 18 2
89 300
1 8 21
32 427 198 144 27 78 336 41 492 234 421 490 302 132 369 13 160 223 325 34 197
1 6 21
398 339 137 220 32 336 59 216 434 431 96 289 348 350 163 79 369 460 177 462 248
1 19 13
422 20 398 222 31 113 374 54 80 266 456 204 261
1 14 4
359 433 496 60
1 3 3
451 133 141
1 7 7
142 244 101 144 235 277 202
1 9 25
279 143 354 286 49 252 438 0 498 238 322 304 114 478 334 487 281 208 16 51 212 323 15 26 268
1 15 25
131 407 485 111 122 220 137 128 244 88 119 207 203 195 173 270 225 296 187 231 402 186 421 8 483
1 20 14
394 421 254 307 88 467 106 379 12 381 199 150 410 255
1 19 22
353 252 79 449 83 458 316 105 233 459 298 269 182 205 85 210 139 499 208 420 69 471
1 19 17
330 156 287 16 0 479 470 248 234 369 134 439 373 443 209 171 56
1 1 4
123 451 323 384
1 2 19
274 44 427 407 235 328 300 370 387 404 351 463 281 66 400 96 209 195 93
1 16 21
105 2 407 367 112 474 257 449 27 256 290 254 355 486 248 173 41 24 475 175 371
1 18 5
332 480 315 22 319
1 20 11
450 70 204 322 457 306 120 452 163 449 360
1 9 7
54 306 98 124 207 456 210
1 19 19
4 335 208 2 259 404 59 84 475 487 159 31 213 17 231 376 248 234 326
1 5 15
83 57 88 124 291 350 477 146 411 4 209 270 239 283 388
1 8 10
459 297 343 355 193 497 267 454 191 68
1 6 21
43 236 421 418 38 494 81 392 24 373 314 75 137 244 281 428 343 114 339 263 46
1 9 16
486 100 399 64 86 374 308 151 65 167 282 105 494 470 279 52
1 12 22
363 111 311 499 394 359 319 415 285 410 299 25 232 105 358 247 5 73 322 472 20 129
1 1 12
32 348 118 441 294 48 302 154 328 449 203 298
1 5 25
276 314 18 441 58 420 6 383 251 352 214 169 182 123 356 9 36 400 157 95 59 330 119 253 260
1 20 12
117 479 195 447 158 298 366 345 309 52 230 425
1 7 8
481 348 294 268 251 385 359 425
1 14 10
215 180 113 278 439 272 200 77 85 256
1 2 16
482 477 490 35 307 4 347 478 392 208 298 81 22 330 291 34
1 11 16
208 272 445 134 305 264 427 219 220 103 181 95 381 354 294 274
1 6 25
350 267 256 26 333 328 112 0 341 85 452 300 95 297 162 319 407 370 81 310 41 296 234 37 277
1 9 21
77 254 125 264 432 163 426 207 458 230 167 293 141 7 409 471 243 440 454 217 180
1 6 5
190 117 48 358 354
1 15 17
255 123 375 30 431 488 266 208 240 164 453 31 433 125 343 349 314
1 12 25
170 81 407 358 360 334 413 414 218 322 486 47 35 252 303 435 473 73 227 282 239 376 29 111 68
1 14 8
254 323 138 403 59 94 481 201
1 16 2
324 477
1 12 16
244 166 226 180 40 33 321 52 138 465 76 51 365 288 474 102
1 1 10
196 71 328 90 476 181 215 332 109 357
1 6 12
491 65 378 143 68 480 298 239 405 313 266 259
1 16 3
247 346 189
1 3 14
18 406 89 276 288 359 447 60 110 405 418 499 27 340
1 14 14
289 385 323 55 303 386 140 426 250 340 339 13 5 275
1 7 15
228 92 311 352 247 499 354 437 103 284 140 221 160 276 13
1 14 14
488 371 247 189 382 205 454 116 396 430 285 398 163 144
1 11 24
431 298 259 342 330 276 66 405 222 470 280 241 418 159 53 160 230 71 194 210 113 144 453 167
1 16 6
115 324 150 174 441 424
1 3 7
96 247 68 7 276 219 410
1 1 6
468 378 169 149 467 148
1 6 8
23 365 38 139 131 455 381 317
1 14 24
471 230 350 112 435 261 11 234 20 6 422 94 69 126 55 390 278 29 96 45 405 107 262 267
1 14 21
286 171 405 172 20 321 119 252 319 424 383 429 300 94 456 423 187 449 414 305 334
1 12 10
125 198 492 78 25 282 81 167 319 72
1 16 7
440 159 178 69 447 312 60
1 12 25
172 25 162 201 364 102 238 347 324 401 30 412 63 474 278 340 425 318 53 157 417 79 286 299 348
1 6 19
66 233 370 105 495 283 152 420 369 462 246 473 293 378 31 48 29 113 213
1 10 12
361 467 311 327 358 413 72 357 362 190 107 69
1 5 19
303 285 55 293 250 469 423 495 15 201 214 41 421 311 475 17 128 393 205
1 15 9
354 450 48 480 410 13 63 32 403
1 10 6
174 321 463 427 118 401
1 8 5
78 332 471 249 250
1 18 6
42 274 385 10 480 150
1 18 11
445 291 134 279 174 203 406 170 354 194 135
1 9 19
167 308 230 482 25 81 51 492 298 192 311 271 469 88 478 57 224 179 426
1 9 25
459 59 393 303 489 155 183 282 412 488 355 377 325 366 493 240 369 454 197 385 172 97 217 202 200
1 6 5
346 262 435 165 207
1 3 19
264 317 129 409 182 214 238 350 138 451 206 253 100 232 28 459 147 383 85
1 15 8
75 282 465 231 40 17 398 270
1 16 7
456 93 14 399 165 313 150
1 1 13
175 395 250 393 425 159 342 22 206 289 136 497 245
1 7 3
110 41 277
1 19 16
462 223 105 450 80 432 496 369 392 59 433 387 192 457 351 126
1 5 16
242 327 284 315 477 128 199 105 106 168 474 374 397 76 494 398
1 18 19
307 83 41 340 249 237 222 373 209 20 10 358 262 362 381 21 305 273 281
1 13 24
178 486 306 454 268 96 372 81 262 313 243 200 473 77 56 94 137 474 319 485 481 492 324 183
1 15 3
359 461 90
1 3 21
298 246 25 314 69 139 266 223 327 326 449 160 301 49 57 230 284 316 342 453 370
1 19 10
188 405 371 306 152 331 445 474 130 45
1 4 7
210 144 265 435 370 24 335
1 14 14
73 373 143 250 30 421 96 156 356 379 332 327 390 242
1 8 11
148 458 214 89 0 122 244 32 24 234 464
1 2 15
244 280 121 374 44 412 63 398 324 336 457 183 226 225 429
1 11 13
241 169 293 13 486 19 198 375 485 3 224 266 264
1 1 4
1 335 125 4
1 7 18
243 457 480 155 455 397 64 405 396 450 381 156 282 145 321 466 52 297
1 16 21
78 374 240 206 143 45 48 358 487 459 349 264 299 28 356 473 79 188 52 11 246
1 7 11
385 28 15 151 141 205 463 458 58 54 53
1 1 23
381 331 92 479 358 119 393 497 446 66 172 11 450 489 272 211 379 77 307 141 301 293 154
1 4 25
102 269 179 369 236 421 429 273 226 481 77 155 296 294 15 432 99 358 180 37 47 84 75 413 43
1 15 2
148 156
1 6 12
62 49 37 245 195 415 249 0 494 395 240 336
1 4 15
239 131 327 382 359 46 421 450 461 341 41 244 471 475 160
1 2 19
262 259 470 66 342 148 441 283 368 101 464 313 401 297 142 17 78 366 43
1 16 15
475 213 357 257 44 84 331 163 367 272 195 22 82 345 366
1 4 11
403 454 461 180 459 416 361 272 417 308 182
1 20 21
285 416 54 457 316 332 379 289 238 433 189 52 468 206 37 79 494 222 251 93 454
1 16 18
274 340 360 394 345 331 366 79 163 398 332 193 143 424 15 378 358 7
1 9 23
46 467 319 83 328 424 425 146 402 129 255 390 124 205 414 320 324 10 116 165 247 410 282
1 5 6
151 61 439 199 304 218
1 14 6
187 386 363 411 34 199
1 10 21
3 8 185 266 66 45 252 147 39 85 306 317 331 98 353 87 256 233 489 357 484
1 11 13
230 450 86 48 459 415 194 137 333 38 368 205 89
1 18 7
454 354 387 91 148 115 268
1 15 15
326 93 56 354 146 497 308 429 54 210 457 30 134 302 403
1 9 12
132 206 377 456 293 390 260 79 475 60 326 417
1 2 24
124 41 301 288 191 287 394 119 16 244 92 201 428 291 224 295 470 175 462 174 93 386 51 225
1 8 20
37 194 152 283 158 62 389 424 440 305 101 159 376 34 245 315 294 433 30 325
1 17 18
99 151 440 394 228 434 361 50 209 495 497 488 368 448 169 149 14 51
1 17 23
297 218 379 362 282 276 169 409 184 284 168 386 414 341 148 257 252 338 111 72 182 443 413
1 2 6
50 469 9 279 1 288
1 7 8
475 65 378 430 174 231 317 323
1 1 11
55 367 494 451 2 170 103 471 445 105 187
1 16 6
45 30 381 326 350 154
1 18 25
88 435 108 210 411 235 254 296 222 73 440 430 43 44 239 55 91 275 97 351 292 461 398 65 353
1 2 22
161 6 238 27 406 359 167 84 168 365 35 376 334 475 343 442 416 454 289 493 180 461
1 13 24
230 83 238 357 33 131 477 58 352 385 16 440 61 17 140 356 317 300 73 346 128 168 181 393
1 10 9
29 88 171 405 366 151 299 317 485
1 1 18
106 105 375 137 249 247 61 345 416 238 384 203 297 225 457 36 275 58
1 8 17
127 316 436 143 338 341 471 378 254 144 406 188 429 292 391 490 401
1 6 21
238 33 250 143 145 117 59 167 174 67 342 96 360 118 102 437 226 81 219 229 415
1 14 8
72 25 131 310 423 146 370 473
1 12 5
270 65 45 179 206
1 7 17
89 67 453 464 216 62 485 283 208 460 267 163 28 294 37 198 114
1 2 10
86 406 83 85 336 98 182 195 45 258
1 7 11
154 114 200 436 181 191 473 161 26 84 475
1 1 16
396 349 21 331 93 285 383 402 91 132 496 303 238 404 229 318
1 3 10
46 199 202 397 27 236 301 272 407 277
1 11 4
326 356 419 58
1 18 21
79 84 141 432 217 241 236 161 149 297 95 165 377 89 42 494 137 238 441 368 430
1 18 13
114 12 124 171 5 103 377 288 395 354 90 138 391
1 7 5
72 334 273 107 309
1 8 4
183 64 470 110
1 20 22
316 114 31 156 407 230 6 105 137 347 370 26 222 290 449 353 288 487 101 127 84 365
1 2 3
434 4 40
1 16 7
277 235 232 142 280 291 499
1 13 22
293 383 195 76 298 371 201 445 485 179 261 303 427 10 294 456 492 107 332 338 51 83
1 7 8
132 20 300 141 369 467 472 491
1 16 25
299 231 290 420 256 55 265 448 162 183 37 159 266 13 493 224 137 468 353 227 305 302 442 74 473
1 2 22
162 124 143 354 294 171 137 200 166 196 262 47 95 255 106 399 205 352 182 102 484 141
1 7 23
143 406 118 497 256 172 411 139 66 280 12 155 300 79 120 150 153 185 65 278 40 369 299
1 1 9
498 361 76 312 257 403 117 179 165
1 10 5
109 403 220 481 128
1 5 7
222 67 316 351 259 102 111
1 19 6
56 138 262 256 198 291
1 4 17
181 313 68 220 330 494 136 115 476 244 183 70 469 281 236 248 204
1 16 12
315 48 271 185 182 358 229 484 78 395 25 93
1 1 2
452 377
1 11 13
236 192 359 51 308 374 449 66 104 404 474 138 172
1 19 8
9 6 320 78 410 54 265 461
1 2 16
56 33 81 410 292 282 25 281 374 303 108 285 239 110 342 345
1 18 6
113 482 337 225 31 177
1 5 17
281 220 415 88 218 423 356 489 7 228 38 174 361 427 119 325 221
1 5 23
150 289 444 213 495 96 123 202 257 372 320 168 230 253 428 328 117 414 263 5 378 180 473
1 15 4
328 310 62 25
1 15 21
50 401 147 499 358 416 85 80 163 165 278 116 338 429 246 74 99 110 20 292 248
1 12 25
313 439 27 109 169 227 112 454 468 274 61 378 20 214 287 142 244 82 271 424 152 259 418 273 393
1 6 24
103 152 492 238 93 216 366 163 27 113 36 173 3 340 151 168 45 189 84 127 271 396 420 21
1 3 15
378 192 64 154 59 331 394 220 416 283 431 468 298 455 459
1 18 13
103 240 204 212 475 409 299 121 300 322 35 142 92
1 14 8
16 70 24 451 428 115 375 343
1 4 17
64 71 88 60 170 192 21 8 204 245 202 142 432 226 37 298 179
1 14 4
24 461 94 356
1 13 22
273 493 123 385 107 68 42 468 0 63 350 247 155 403 47 69 181 186 315 164 188 342
1 7 13
22 415 136 372 237 320 143 447 233 126 312 489 363
1 20 13
238 61 122 398 256 266 272 255 139 328 267 277 284
1 20 25
341 123 315 144 198 33 360 37 105 381 218 493 458 247 238 233 306 142 55 108 146 64 41 32 162
1 9 25
374 147 109 329 124 187 22 186 137 90 285 336 263 373 168 129 370 222 2 446 115 498 63 71 406
1 3 16
90 243 204 52 339 93 14 467 412 56 31 290 246 382 278 462
1 6 24
389 42 302 339 162 85 152 413 487 374 208 448 485 304 211 98 243 432 439 396 149 478 409 145
1 3 13
282 191 180 163 152 421 58 119 18 226 334 342 204
1 18 17
405 332 297 400 128 291 384 426 66 324 353 185 53 316 146 5 82
1 4 23
268 364 251 320 38 218 89 61 24 228 403 1 153 172 204 429 116 147 270 230 30 103 236
1 4 16
229 230 53 350 7 233 242 428 393 264 190 139 310 480 407 62
1 6 5
170 53 154 341 267
1 11 3
130 40 170
1 4 11
220 494 130 41 172 141 384 476 340 325 464
1 11 14
283 215 356 389 466 235 70 15 359 98 124 399 315 290
1 2 14
182 449 211 92 403 148 465 24 476 75 285 489 434 27
1 11 5
131 479 140 198 152
1 10 24
388 478 58 362 308 407 68 462 452 459 210 347 53 75 24 243 1 102 350 483 377 335 396 138
1 2 25
93 110 223 239 458 79 289 78 327 343 85 320 355 489 231 52 74 220 141 56 76 296 299 495 242
1 14 10
399 113 433 149 375 259 388 392 73 20
1 16 6
397 211 457 36 311 403
1 8 4
79 469 415 484
1 10 8
353 120 171 323 114 299 233 458
1 15 11
276 351 251 312 143 360 218 296 333 419 423
1 10 25
111 368 198 260 181 253 391 36 180 157 230 358 167 218 254 204 341 374 83 65 434 336 100 125 49
1 12 2
74 412
1 20 15
450 430 429 352 292 36 213 389 462 453 184 204 306 117 2
1 18 10
141 281 233 168 247 372 387 394 453 426
1 19 8
248 208 441 292 274 321 429 460
1 2 4
388 277 116 456
1 14 10
33 288 131 107 349 472 9 412 324 283
1 2 15
195 348 82 441 428 240 404 211 326 67 427 71 242 294 276
1 4 8
391 380 124 414 372 432 350 7
1 5 10
54 421 393 226 69 367 201 382 493 482
1 8 9
443 476 428 331 489 73 287 89 171
1 14 22
307 328 21 36 17 19 120 68 405 83 487 139 473 247 185 104 337 446 184 219 13 400
1 3 12
131 212 495 273 53 350 11 361 100 426 424 320
1 12 3
451 199 250
1 2 3
72 149 317
1 20 5
68 349 461 373 476
1 15 14
482 13 486 32 475 89 247 63 453 388 56 340 336 122
1 8 16
21 81 267 95 114 197 103 498 113 235 214 423 14 195 293 187
1 2 12
421 332 148 75 425 6 384 262 228 221 36 220
1 10 14
99 404 457 385 152 206 147 305 437 388 22 106 5 170
1 5 8
110 57 217 493 418 85 448 338
1 4 4
19 425 6 146
1 16 17
190 60 364 131 132 384 472 338 435 117 407 375 453 58 291 49 288
1 12 4
424 282 429 112
1 6 4
318 290 242 362
1 11 3
221 491 336
1 5 3
123 24 51
1 12 9
88 494 112 103 254 430 286 202 111
1 17 14
156 107 415 57 32 121 117 445 89 319 224 437 381 110
1 12 20
419 417 493 41 491 192 222 223 318 466 226 264 450 342 296 414 29 37 239 302
1 4 8
156 207 211 53 406 105 309 220
1 8 11
45 113 460 252 372 390 475 442 62 54 386
1 9 14
49 411 483 16 416 305 348 246 384 350 183 83 417 79
1 1 12
474 425 353 456 225 420 211 11 27 110 160 308
1 9 9
167 491 40 98 463 78 332 132 206
1 16 5
480 58 183 145 375
1 16 6
226 337 201 236 117 99
1 13 19
445 499 26 295 179 52 270 401 346 35 160 194 122 25 118 396 366 369 157
1 16 14
447 226 462 74 54 259 314 126 304 280 288 229 315 106
1 1 7
218 341 371 226 464 487 36
1 20 5
391 494 13 306 186
1 3 16
104 263 487 454 231 191 456 213 137 224 421 142 119 338 94 233
1 12 5
292 65 323 156 35
1 11 4
210 44 142 9
1 11 15
184 60 278 220 160 295 486 112 230 133 257 178 353 289 415
1 19 4
301 434 422 17
1 9 19
106 5 428 188 16 430 202 308 247 388 282 18 115 416 277 301 192 331 97
1 11 22
372 298 240 360 185 418 364 88 4 152 32 329 111 257 477 274 126 457 444 62 291 246
1 10 18
409 303 210 397 499 177 445 60 376 34 227 454 236 272 61 444 84 82
1 4 17
128 425 144 337 276 441 444 364 440 18 341 497 453 91 340 41 70
1 13 22
36 286 90 443 138 326 317 291 422 57 82 367 311 112 105 214 100 185 296 117 459 388
1 4 13
309 476 36 204 363 368 396 3 25 421 460 282 19
1 18 7
92 99 56 225 387 268 28
1 17 20
472 440 123 1 82 386 198 252 213 83 166 7 479 453 247 78 266 139 96 30
1 19 7
145 314 239 367 456 365 469
1 6 17
494 265 304 268 162 221 150 351 56 251 349 174 337 498 433 322 462
1 9 10
471 164 467 361 246 194 231 348 236 266
1 12 23
209 67 357 410 198 480 138 402 276 154 226 242 297 451 26 465 141 208 409 181 266 166 345
1 6 18
199 94 415 30 323 5 65 434 158 490 90 38 373 473 363 166 318 287
1 19 14
388 477 380 111 353 135 6 432 497 439 187 119 447 115
1 4 25
269 365 18 17 446 374 383 224 311 11 208 332 286 315 358 193 317 462 356 267 82 330 334 78 194
1 6 17
75 169 432 260 465 380 23 187 354 383 437 134 35 26 326 493 111
1 16 19
282 276 41 462 263 257 78 359 30 129 389 171 235 484 219 320 371 318 186
1 10 2
415 238
1 17 11
81 90 49 44 467 275 258 189 84 379 339
1 6 25
440 335 17 73 121 114 149 452 155 217 300 84 266 0 146 383 283 468 379 12 246 240 308 276 224
1 17 10
270 80 23 446 246 494 117 161 480 377
1 19 25
161 441 129 223 295 149 87 338 117 124 75 342 205 245 190 93 460 10 3 154 52 25 9 350 319
1 7 8
435 164 281 107 399 34 443 378
1 11 20
326 485 57 51 318 241 78 463 294 454 346 128 412 45 147 433 117 325 136 445
1 13 19
392 265 34 24 350 180 148 442 427 43 72 360 234 14 23 461 11 335 348
1 2 4
263 302 85 271
1 5 15
333 216 403 380 33 351 226 18 204 172 211 320 71 117 495
1 19 14
174 5 430 139 318 34 106 219 46 37 492 26 453 351
1 2 12
465 311 210 377 232 365 337 436 16 142 282 434
1 6 20
380 160 67 396 322 246 1 268 216 33 154 376 277 227 61 185 135 490 45 206
1 16 3
368 56 299
1 18 12
398 153 213 304 390 131 82 264 463 337 249 16
1 18 10
278 129 92 131 478 232 205 245 340 407
1 12 9
327 296 235 343 350 219 9 147 51
1 15 25
302 227 416 424 137 298 307 251 128 487 352 477 457 100 168 183 187 41 498 59 247 2 447 406 231
1 9 19
482 28 203 225 162 335 173 16 280 272 187 426 104 303 194 445 136 385 246
1 4 21
485 70 185 30 303 342 432 28 295 128 318 331 106 299 22 59 118 160 54 46 321
1 16 14
384 149 274 184 391 144 378 317 73 327 406 24 1 160
1 7 14
401 354 297 341 416 52 326 160 471 202 456 315 68 125
1 8 23
152 339 459 80 430 341 146 269 308 185 87 367 32 496 256 79 407 129 169 483 48 106 474
1 20 10
360 240 341 481 132 456 119 466 168 375
1 4 8
396 447 304 20 418 135 294 317
1 6 20
312 57 163 254 119 186 406 25 95 250 303 85 40 281 419 82 62 44 237 130
1 20 19
167 15 410 340 168 384 179 57 31 189 59 370 357 188 67 392 115 111 141
1 7 10
348 399 428 176 463 127 448 372 250 236
1 3 18
286 0 420 199 58 41 382 451 181 475 371 132 177 184 66 71 30 364
1 6 19
287 58 373 304 429 339 257 445 109 460 497 311 340 125 245 179 423 158 204
