500 1500 775
24 17 4 16 3 10 17 17 17 20 16 25 24 29 4 4 2 17 13 3 23 6 5 7 4 24 23 25 19 26 26 18 23 9 9 16 16 8 30 7 5 19 7 17 1 2 10 11 28 25 28 27 29 1 30 5 8 17 4 15 28 8 11 16 6 22 12 9 24 27 10 7 16 2 19 8 25 18 18 21 19 8 22 17 13 10 19 11 4 25 1 29 4 15 20 8 1 18 16 4 25 21 7 2 22 14 13 8 8 4 20 21 12 19 8 26 5 8 9 12 24 28 22 26 21 14 10 30 17 27 6 3 29 1 24 17 23 27 22 1 1 6 14 4 7 3 14 5 13 22 11 17 30 29 19 23 11 11 22 27 15 18 7 4 6 7 9 19 5 4 24 19 14 14 6 15 29 9 20 30 10 26 17 18 26 27 27 24 19 16 16 30 18 11 11 16 10 4 18 11 19 1 13 19 13 3 27 7 6 15 24 5 13 17 6 23 11 23 17 12 2 10 22 29 4 3 6 9 21 28 8 12 26 17 9 18 8 2 16 6 1 1 1 1 7 13 9 4 6 30 29 14 22 24 4 18 19 12 21 13 4 28 7 19 30 28 19 16 12 11 2 28 2 29 26 28 27 19 5 11 18 6 13 25 16 15 12 16 29 16 28 14 1 8 13 19 7 12 12 30 29 14 21 16 30 7 6 25 19 18 2 23 30 11 15 6 16 14 30 23 7 24 17 28 6 11 16 29 2 6 30 25 8 28 14 16 29 1 20 18 27 29 15 8 3 14 28 3 28 13 3 25 22 11 11 3 20 4 18 24 19 2 29 15 19 6 2 16 9 24 14 25 27 5 20 3 28 23 19 25 1 21 18 26 20 15 9 9 5 19 16 10 27 20 7 18 9 7 23 1 27 21 2 24 5 22 21 4 7 2 17 6 8 22 21 15 3 25 11 1 23 21 20 16 26 27 26 19 16 7 24 11 21 28 6 24 3 15 17 24 27 13 13 8 1 10 27 22 21 16 17 3 30 3 18 14 12 30 8 30 3 12 16 8 21 19 25 5 16 24 7 8 25 8 20 28 30 10 9 13 6 20 4 6 11 8 9 13 6 17 22 14 15 25 21 27 20 29 16 8
1 5 11 29 9 1 11 18 14 27 14 21 9 16 19 29 19 28 9 9 24 28 18 3 22 7 9 29 22 23 14 30 1 7 29 4 28 1 14 27 4 27 6 21 30 12 26 14 8 29 27 13 29 24 10 16 19 8 5 10 22 26 7 3 11 2 20 22 28 18 29 24 9 21 2 29 27 19 18 17 23 12 25 13 13 16 8 27 27 14 15 24 8 29 1 11 18 3 7 14 21 4 8 29 2 23 6 12 24 11 20 7 14 29 25 6 17 6 23 26 8 4 7 6 19 19 16 12 9 30 6 4 2 22 8 7 29 8 27 15 29 23 20 16 14 23 13 24 20 23 3 16 23 9 16 29 6 14 5 17 24 23 15 16 22 17 13 26 11 29 13 13 22 18 1 27 18 17 11 1 5 25 22 20 8 11 3 17 16 4 2 25 7 17 26 12 12 5 30 9 16 26 13 21 9 18 29 11 1 19 7 19 14 26 16 20 21 25 19 16 6 6 19 27 3 19 13 5 27 16 16 14 13 30 24 30 29 25 8 25 25 24 10 29 16 19 6 25 15 7 7 25 2 26 12 9 3 3 21 17 23 18 19 4 22 18 14 25 22 15 1 15 19 1 3 21 11 25 3 24 10 13 27 10 29 1 10 23 15 29 26 11 2 3 10 9 29 7 2 12 16 26 8 17 24 22 21 17 29 30 23 17 2 17 3 15 29 16 5 25 20 3 30 25 1 17 28 25 28 13 17 30 5 17 19 13 26 28 30 11 28 5 11 15 9 21 6 6 10 20 30 11 12 3 3 5 14 11 24 21 21 28 11 10 29 1 19 4 15 6 29 29 18 21 18 21 15 13 1 9 15 11 10 23 6 25 18 11 13 28 1 27 29 4 28 22 10 18 11 17 5 30 18 18 15 28 5 15 17 23 11 23 26 9 18 12 5 19 15 17 21 18 27 26 24 30 19 27 9 13 10 7 28 26 7 13 14 23 5 3 4 28 17 17 19 15 27 17 27 19 5 17 27 27 15 1 22 28 13 29 6 24 2 22 20 27 13 28 6 18 6 21 18 3 3 19 22 8 16 4 25 26 10 8 18 29 16 18 4 9 13 7 6 11 23 8 2 19 1 9
1 8 21
485 271 115 155 339 413 325 73 313 192 458 457 471 91 392 224 13 391 282 65 125
1 3 16
396 78 388 14 384 184 221 1 13 53 466 59 365 487 495 385
1 2 20
332 477 49 341 151 325 161 0 499 360 308 80 291 419 340 268 139 108 193 188
1 15 25
411 491 64 399 256 457 355 371 173 318 424 103 442 394 252 342 249 168 21 154 474 93 73 483 178
1 9 17
346 55 194 34 283 393 336 33 461 491 483 135 445 281 436 250 226
1 5 23
426 59 88 249 116 135 391 103 363 470 268 17 10 284 267 306 19 163 329 162 183 467 299
1 18 5
454 60 388 1 292
1 16 18
17 481 147 290 484 312 431 480 222 351 48 221 253 254 107 482 181 217
1 15 11
205 359 111 201 245 175 468 448 93 143 17
1 13 13
405 464 379 76 193 428 20 134 99 16 293 378 474
1 19 7
169 371 429 73 393 380 275
1 8 17
186 134 11 305 120 276 298 255 184 450 13 118 136 266 140 257 279
1 1 5
214 16 250 305 482
1 9 18
63 226 262 51 344 91 444 23 356 457 160 256 479 74 108 97 129 72
1 16 19
15 292 77 460 352 37 280 9 278 191 17 92 102 63 379 412 302 57 288
1 15 6
188 287 87 482 430 386
1 15 3
480 430 475
1 6 20
55 237 268 101 174 62 169 337 458 447 438 69 375 452 445 446 392 89 465 470
1 20 23
194 296 150 380 219 471 46 276 298 256 479 108 251 160 173 187 69 286 405 9 67 21 327
1 20 12
117 64 85 371 19 178 207 316 310 191 243 170
1 4 9
312 325 224 151 38 281 237 46 485
1 9 20
69 430 36 91 132 194 107 365 452 299 313 276 20 429 222 274 141 63 113 71
1 17 2
494 16
1 7 5
170 299 425 447 10
1 7 8
375 427 45 100 407 425 341 82
1 7 13
484 288 434 261 46 467 158 231 123 387 272 51 126
1 12 17
460 38 59 187 393 63 479 90 134 443 410 60 471 241 486 473 62
1 19 3
196 484 100
1 9 9
297 110 411 310 312 322 133 333 138
1 11 8
420 379 357 423 204 344 209 493
1 2 20
83 123 290 86 332 164 145 336 147 371 56 401 346 459 85 72 114 11 347 3
1 12 2
182 405
1 10 24
403 204 478 51 292 138 58 342 237 481 257 46 59 435 441 13 440 72 331 485 330 289 489 319
1 6 11
176 155 105 283 111 223 473 301 292 360 352
1 6 9
395 350 38 480 54 260 263 441 15
1 2 9
256 381 78 361 124 181 234 265 12
1 11 8
62 7 327 347 69 109 343 336
1 8 14
11 286 283 413 208 174 427 72 60 115 348 221 57 46
1 19 2
263 360
1 6 25
376 393 429 191 176 355 317 57 224 335 90 44 92 385 328 200 310 180 218 496 363 302 96 204 418
1 8 8
392 193 122 494 276 486 468 113
1 16 25
299 39 127 240 287 225 160 489 256 267 145 141 2 158 327 92 262 291 416 104 86 169 333 4 330
1 4 18
260 140 208 129 137 5 130 1 119 481 218 367 152 411 148 187 448 475
1 1 10
214 95 39 419 31 399 326 440 120 333
1 7 18
85 291 474 89 344 152 260 133 316 385 151 145 327 294 51 53 34 431
1 4 18
174 76 143 168 469 352 199 250 414 299 110 243 196 272 72 189 412 101
1 3 16
95 220 43 482 145 297 93 483 465 368 458 161 42 119 338 472
1 14 12
22 43 354 254 474 69 469 48 187 96 104 223
1 17 9
203 32 440 462 341 103 139 401 481
1 13 21
169 6 104 412 426 336 214 266 493 166 315 470 161 165 195 141 490 352 359 180 190
1 16 24
261 445 482 90 8 323 309 481 66 144 339 341 77 186 487 351 97 4 404 245 252 368 320 116
1 7 7
147 489 101 226 477 42 286
1 6 12
252 186 443 309 370 82 83 74 440 17 372 2
1 15 21
9 292 183 103 102 290 441 358 352 308 173 295 221 336 165 89 462 115 442 322 299
1 13 13
135 84 70 420 218 96 464 266 411 306 152 228 440
1 5 24
405 158 65 67 168 397 407 249 333 257 304 481 119 201 380 26 450 298 448 359 490 117 203 302
1 17 8
275 212 95 312 447 390 153 133
1 17 10
365 435 486 205 228 46 441 24 343 207
1 14 2
351 159
1 2 10
477 168 406 264 384 461 304 248 260 236
1 14 17
5 18 284 303 47 334 196 29 405 8 19 438 120 94 329 459 238
1 14 25
292 119 446 65 22 453 325 414 424 487 197 220 93 223 110 250 307 86 420 492 310 88 38 15 40
1 18 5
220 472 41 45 477
1 14 10
413 450 234 7 284 380 245 238 449 53
1 16 2
10 450
1 12 25
370 75 3 231 116 295 417 452 359 207 340 202 430 104 156 173 224 189 368 302 458 407 222 269 111
1 13 7
481 170 476 478 377 25 294
1 3 25
85 223 213 165 7 97 115 324 339 90 246 481 313 406 224 145 34 69 52 74 352 405 105 244 446
1 8 12
438 429 350 358 270 206 10 85 203 19 303 295
1 20 25
486 144 425 384 82 191 102 86 416 57 420 453 47 275 375 3 311 432 499 156 40 138 477 347 294
1 20 9
214 271 438 58 17 77 197 47 403
1 19 4
435 0 345 445
1 1 2
64 255
1 9 14
303 491 286 190 435 156 1 290 145 103 108 56 21 37
1 12 20
189 377 330 168 34 40 39 299 80 397 143 312 44 223 497 287 318 211 203 453
1 3 11
418 297 481 91 367 360 48 162 431 150 209
1 1 22
340 84 66 137 55 249 372 92 271 3 370 38 122 480 112 219 251 229 356 329 323 281
1 18 22
257 169 48 358 329 34 166 390 174 192 217 303 52 284 95 294 425 29 102 476 32 198
1 10 9
197 277 435 66 86 224 72 302 440
1 20 24
199 8 144 88 362 360 138 353 210 358 113 418 436 147 34 148 241 200 497 16 83 450 209 118
1 11 18
56 10 74 479 217 245 459 255 47 371 108 452 207 425 93 313 62 413
1 5 11
339 122 193 456 387 28 252 416 397 409 59
1 1 24
449 405 300 267 339 265 290 189 70 285 153 183 470 210 263 467 266 190 421 276 310 113 110 12
1 12 22
292 109 86 390 134 224 58 199 130 23 88 370 185 319 455 288 260 315 442 352 89 457
1 13 4
31 444 65 383
1 5 2
487 351
1 8 18
438 318 267 111 300 215 309 422 14 51 472 339 99 130 467 331 356 116
1 17 2
394 469
1 14 15
173 157 431 232 445 8 38 139 151 414 35 349 91 472 136
1 12 5
334 68 17 428 445
1 17 10
297 164 122 338 216 157 332 13 22 210
1 13 23
193 442 364 400 54 459 278 216 47 392 410 340 253 286 119 86 95 444 441 298 26 21 414
1 12 21
43 431 389 269 435 144 458 411 74 442 58 65 350 132 45 164 178 391 91 226 211
1 5 2
80 127
1 9 13
159 366 130 378 240 299 231 101 100 212 388 363 343
1 7 6
424 28 30 71 466 151
1 8 18
75 252 97 290 130 256 356 457 244 60 293 331 497 231 74 105 148 330
1 20 8
280 26 425 275 447 160 301 414
1 16 17
109 498 286 198 221 318 350 51 450 132 337 449 467 199 24 39 426
1 13 15
351 75 446 292 403 22 357 279 276 84 362 349 236 55 206
1 19 5
478 94 112 211 488
1 8 16
441 129 471 468 416 258 254 401 1 27 13 117 31 133 293 151
1 16 19
443 467 132 308 91 449 143 290 217 136 41 422 360 257 57 432 390 131 403
1 17 23
419 354 408 477 176 495 99 83 87 241 88 222 401 174 74 134 321 345 67 130 101 103 190
1 4 16
414 6 101 422 406 374 402 88 401 9 100 11 490 168 7 326
1 7 17
403 180 494 254 17 238 305 57 338 76 396 113 313 442 19 68 72
1 1 23
464 369 365 239 14 205 43 328 321 232 374 113 124 189 244 63 265 293 240 401 5 337 59
1 7 12
26 247 79 249 274 302 203 47 231 2 466 64
1 16 11
273 446 187 266 328 146 34 98 452 438 96
1 6 4
147 32 189 79
1 10 22
61 403 34 409 337 446 21 384 179 11 372 349 289 73 187 194 156 288 294 130 42 327
1 6 15
61 308 370 129 123 336 190 462 57 319 96 338 490 23 341
1 19 15
475 79 116 7 280 432 309 438 379 366 423 283 198 303 393
1 7 20
119 47 275 330 147 250 286 139 227 257 418 258 160 397 148 17 481 8 334 164
1 17 22
157 96 449 286 160 392 214 350 359 366 246 446 174 468 327 204 389 106 411 345 5 203
1 4 21
387 104 373 125 60 467 44 318 359 7 68 432 235 425 110 438 463 496 485 36 433
1 5 12
317 128 247 434 122 250 199 90 115 60 244 313
1 12 20
393 57 361 308 285 468 257 292 126 42 167 168 269 248 242 420 204 100 115 9
1 16 11
228 300 474 306 408 100 294 390 216 57 122
1 2 24
258 240 369 174 170 196 189 426 307 176 73 358 439 97 379 456 488 272 145 228 88 470 26 269
1 1 10
445 460 90 395 284 414 63 245 282 446
1 14 8
165 389 50 236 317 150 392 490
1 12 21
200 76 267 37 399 387 348 278 33 226 486 286 64 110 492 397 268 69 235 2 289
1 10 16
95 216 354 251 66 469 54 14 58 424 249 80 377 25 479 173
1 20 12
487 42 282 142 293 257 230 486 309 405 248 52
1 17 14
448 388 351 164 182 87 78 56 229 381 55 335 493 476
1 4 16
266 70 422 290 297 471 499 77 269 159 42 207 438 260 427 409
1 20 4
156 282 178 185
1 3 22
326 251 197 24 0 189 470 65 484 439 418 266 494 246 400 381 8 217 444 424 18 106
1 13 18
211 299 296 402 18 122 341 57 270 287 309 164 308 209 52 430 350 297
1 6 12
439 285 310 254 366 224 225 21 464 168 133 296
1 3 8
467 339 270 114 162 57 46 142
1 10 10
275 488 349 375 384 457 439 404 156 33
1 6 12
416 1 204 224 459 323 400 106 374 362 9 54
1 14 4
242 149 28 66
1 2 22
480 226 462 454 438 110 367 233 245 416 172 456 309 157 167 132 68 319 137 11 318 119
1 4 13
498 72 142 12 104 471 408 169 148 206 111 443 410
1 10 20
36 105 139 301 475 126 108 15 232 464 42 33 293 172 347 174 92 343 422 486
1 18 15
259 471 453 408 180 457 209 285 176 34 416 251 432 102 378
1 10 25
85 26 357 75 366 69 246 325 152 21 453 488 174 11 187 350 167 77 96 440 404 13 245 472 181
1 17 18
200 33 392 79 124 54 383 112 469 123 470 421 131 52 378 363 219 329
1 5 12
159 388 193 177 374 204 282 0 11 24 386 324
1 13 17
344 167 440 258 28 80 196 23 286 75 358 134 377 85 425 462 30
1 10 7
365 359 379 354 210 274 185
1 6 24
65 312 221 238 44 179 269 167 5 390 355 210 345 414 400 131 443 195 188 225 197 137 352 52
1 7 12
463 287 414 172 42 109 210 406 298 262 391 183
1 5 21
454 496 37 318 356 217 362 128 352 80 317 326 329 143 424 245 386 152 289 287 122
1 3 21
95 362 491 254 67 42 14 379 189 310 268 163 24 102 367 80 183 382 227 327 339
1 14 5
422 243 283 0 61
1 6 3
233 257 15
1 9 10
166 469 365 244 116 229 466 124 285 61
1 6 13
407 31 408 389 470 143 68 150 133 15 350 427 482
1 16 5
251 488 112 163 111
1 1 5
276 228 3 330 483
1 11 15
489 164 312 311 118 226 165 115 391 75 268 27 220 125 303
1 7 5
452 46 8 248 466
1 1 10
108 281 454 4 362 220 87 66 20 0
1 12 11
29 279 498 442 35 245 241 17 309 5 105
1 13 23
461 412 23 297 101 22 31 174 383 35 196 453 277 447 403 266 261 435 354 310 110 165 452
1 10 7
388 206 7 414 134 386 59
1 6 10
489 90 229 272 349 170 82 72 106 439
1 17 17
261 12 338 292 349 191 14 277 24 36 132 334 183 449 427 291 478
1 9 17
254 120 211 444 334 264 70 193 381 54 123 79 49 371 297 131 432
1 1 2
302 220
1 19 21
409 326 153 165 479 451 265 247 89 172 381 189 103 438 454 197 152 60 64 321 192
1 3 20
168 418 77 22 158 413 398 475 411 113 299 115 217 326 356 212 87 347 424 304
1 11 24
487 56 203 75 179 145 463 118 490 38 186 143 368 289 495 137 277 428 218 69 187 447 207 473
1 14 11
49 453 185 464 74 362 285 55 482 467 289
1 13 14
462 460 325 166 452 353 57 495 96 257 497 299 205 97
1 18 17
8 465 68 136 427 18 470 147 137 169 209 37 129 228 251 265 329
1 3 14
192 1 210 48 283 402 64 257 386 101 472 375 445 47
1 7 14
56 63 230 81 408 40 107 388 83 333 377 379 215 121
1 4 24
106 149 79 430 476 283 375 236 423 59 48 26 280 405 451 3 245 157 130 278 76 184 129 207
1 7 11
379 153 122 65 7 131 316 176 375 361 443
1 3 9
263 61 453 382 371 169 380 276 327
1 10 10
373 26 157 83 102 452 239 484 380 401
1 7 6
404 360 153 232 23 276
1 12 24
226 183 115 321 69 304 100 416 293 418 56 91 251 161 308 267 398 491 406 483 409 465 199 113
1 10 22
349 325 113 192 26 30 112 117 444 249 140 148 495 399 181 324 344 463 237 74 439 440
1 7 14
429 326 325 85 31 133 37 44 382 383 18 147 328 222
1 18 4
445 363 419 33
1 13 20
317 251 97 366 347 265 176 1 156 191 44 29 406 345 79 122 301 167 253 363
1 16 21
442 115 435 287 296 92 441 50 89 261 47 109 153 316 259 189 194 281 497 410 215
1 20 20
452 82 241 352 268 431 217 295 370 162 331 255 274 247 52 211 57 175 411 423
1 3 17
102 56 222 470 402 53 238 125 306 381 354 447 412 205 445 386 224
1 4 22
493 252 184 392 407 166 183 97 471 145 306 29 37 484 416 452 468 256 234 106 134 246
1 14 21
117 67 450 116 135 350 355 473 185 73 487 256 4 469 358 201 395 281 278 234 205
1 8 13
209 167 71 460 184 432 82 66 100 201 348 394 389
1 4 24
294 483 319 282 333 313 385 151 295 10 94 248 263 171 130 379 423 499 201 372 156 74 325 402
1 19 15
496 70 373 41 300 461 425 337 487 89 121 394 240 138 290
1 9 17
75 387 323 455 88 163 231 67 78 43 409 100 33 124 418 193 292
1 15 4
383 471 439 152
1 16 8
300 55 356 357 212 139 166 455
1 6 11
331 66 253 425 10 188 297 97 113 287 492
1 5 17
191 274 217 438 52 172 169 212 346 152 141 123 19 479 250 449 468
1 12 17
201 250 267 413 288 2 236 479 444 355 281 187 367 156 41 175 194
1 11 3
33 135 206
1 6 14
187 28 496 272 478 358 92 442 399 350 0 438 23 307
1 1 6
88 395 71 258 272 206
1 12 18
196 148 462 335 28 75 372 235 259 447 486 353 176 355 448 301 412 34
1 12 18
310 130 297 453 248 290 301 165 168 22 296 161 97 206 466 196 357 42
1 4 4
37 291 81 218
1 11 16
209 387 456 460 377 238 188 140 350 335 293 379 130 303 446 9
1 16 18
246 233 171 240 153 175 478 241 295 50 243 477 113 287 256 108 80 27
1 20 25
468 219 78 243 343 346 380 434 254 300 32 14 39 51 106 472 425 421 301 418 24 22 223 347 199
1 15 19
124 425 167 258 444 441 260 7 307 271 88 383 224 346 34 256 428 460 295
1 7 16
25 325 208 101 293 376 493 134 478 220 324 456 389 33 89 357
1 4 5
17 281 458 177 493
1 9 20
238 37 29 323 280 308 250 475 298 225 251 297 326 448 256 156 362 136 356 85
1 16 17
53 121 74 370 349 449 109 26 375 493 475 445 312 65 155 3 403
1 9 18
446 224 18 444 340 316 218 359 20 473 426 283 276 383 360 261 37 207
1 18 22
323 132 64 8 27 96 318 169 65 491 154 304 443 494 195 287 426 414 217 228 162 474
1 8 15
196 441 399 163 114 281 328 190 182 36 247 378 382 123 375
1 8 6
430 160 328 46 168 233
1 9 3
17 245 28
1 15 13
389 22 353 362 407 464 438 138 63 345 126 332 270
1 7 9
41 69 58 217 90 131 240 259 66
1 5 22
309 471 150 223 387 272 346 430 45 67 353 364 427 439 41 277 159 96 484 142 217 466
1 8 10
210 44 57 257 283 140 103 390 361 356
1 7 4
447 139 23 405
1 15 12
79 169 354 60 345 331 124 251 233 2 176 326
1 20 7
305 472 270 74 187 458 86
1 2 8
240 438 392 0 449 32 51 383
1 18 14
436 216 314 30 347 265 11 435 362 239 81 310 355 204
1 7 21
313 460 253 324 196 186 327 51 432 274 400 413 319 77 391 132 189 288 55 359 284
1 3 11
433 249 241 255 221 267 36 402 89 138 316
1 3 13
387 143 56 157 12 73 39 40 473 92 152 125 256
1 16 12
307 315 429 14 461 442 181 219 90 10 5 444
1 15 25
481 477 194 483 225 92 33 35 192 355 152 250 151 136 333 57 373 228 490 384 200 291 293 195 475
1 15 9
122 125 289 298 24 418 212 441 436
1 17 14
277 297 409 461 246 113 103 83 347 338 39 120 260 441
1 2 25
29 471 248 367 152 466 499 283 472 470 474 291 146 319 381 241 378 225 326 328 178 39 122 457 274
1 5 14
400 5 304 20 34 168 235 136 421 353 435 78 157 363
1 17 3
79 406 446
1 11 22
360 212 291 434 286 59 416 490 30 435 44 33 449 404 386 268 349 491 144 185 474 7
1 14 7
493 151 214 457 131 197 254
1 13 4
437 428 5 301
1 13 21
459 375 60 359 230 395 248 99 37 300 102 219 76 310 194 197 348 485 374 246 419
1 8 6
87 359 398 437 282 33
1 19 21
170 129 251 117 230 474 296 53 381 174 353 50 479 136 321 5 148 307 6 452 120
1 6 25
458 441 139 1 351 85 416 299 398 20 267 19 108 112 301 238 425 115 18 330 74 309 72 378 435
1 10 9
306 259 470 27 482 75 280 368 442
1 19 23
492 145 391 264 418 11 416 76 350 272 261 15 34 214 479 140 379 166 282 80 136 163 307
1 5 19
440 248 194 214 442 387 77 301 333 447 185 202 232 316 115 388 353 295 118
1 6 6
417 427 304 99 56 288
1 14 24
115 425 123 62 333 415 332 228 269 128 351 339 193 381 105 421 134 20 445 83 224 92 418 352
1 17 2
486 489
1 16 17
221 2 18 177 67 234 174 70 198 254 242 298 189 360 38 439 153
1 1 15
456 32 463 275 267 309 81 390 478 33 419 134 41 103 355
1 15 10
72 411 496 456 40 47 488 384 295 56
1 8 21
437 331 66 327 410 210 268 454 63 205 2 455 285 156 167 274 382 343 404 97 262
1 18 6
298 496 489 430 343 106
1 18 15
266 411 93 491 354 14 257 73 189 81 233 334 181 494 360
1 2 3
62 402 79
1 9 11
168 401 362 75 143 85 88 139 35 126 441
1 7 2
0 95
1 3 25
166 283 44 285 9 347 217 120 362 13 147 336 181 221 173 66 226 97 140 38 423 422 160 148 192
1 9 15
1 314 179 23 289 29 253 373 483 166 261 285 352 83 379
1 2 18
454 105 287 391 497 385 400 405 410 225 316 245 270 232 463 489 324 182
1 15 21
134 289 416 232 422 366 20 121 11 406 439 57 328 369 259 499 370 300 393 21 72
1 14 14
167 102 54 218 488 485 284 248 209 287 142 33 69 431
1 6 11
17 30 54 228 259 140 385 347 279 443 497
1 3 13
173 122 365 160 17 280 279 481 273 291 479 16 3
1 2 19
8 431 302 45 220 185 231 425 303 247 35 360 135 14 9 394 179 496 37
1 16 21
91 212 161 111 333 34 458 253 271 199 27 65 107 62 71 447 433 313 167 296 449
1 1 19
432 405 305 45 85 87 435 308 98 303 406 96 145 219 228 461 187 6 109
1 9 17
364 375 391 437 479 313 95 254 253 154 466 229 418 365 96 325 33
1 16 21
225 0 343 194 7 366 321 384 363 153 334 472 208 290 158 375 122 39 5 169 148
1 8 14
380 446 427 50 356 63 239 72 199 192 336 121 465 133
1 7 17
135 119 281 156 405 372 131 215 170 239 76 421 288 168 111 24 334
1 3 2
88 484
1 18 23
220 89 342 261 40 497 462 434 340 486 128 35 267 454 466 115 30 230 193 83 111 29 199
1 7 7
486 111 378 401 408 24 400
1 4 16
383 225 193 328 192 313 270 464 158 308 275 19 110 335 327 386
1 2 19
267 262 390 360 200 61 151 165 247 277 136 455 429 293 54 12 68 334 192
1 18 12
349 397 155 127 102 364 100 447 271 298 34 12
1 10 16
311 184 17 391 423 6 444 177 239 265 237 373 300 255 99 483
1 8 21
363 437 216 481 473 101 460 423 493 224 146 468 442 308 248 86 490 262 485 215 153
1 14 8
128 206 266 257 370 8 254 195
1 12 21
237 87 282 494 445 152 186 43 212 91 204 219 366 310 352 226 229 354 68 236 140
1 20 24
229 361 296 399 276 289 94 298 368 325 71 372 35 221 170 215 18 235 60 17 174 473 140 166
1 1 18
105 155 321 348 267 370 274 391 494 338 50 232 0 291 144 329 441 346
1 20 22
18 407 462 284 355 88 155 55 129 288 289 322 464 457 172 488 142 291 281 1 252 390
1 5 16
146 456 157 441 233 96 174 275 402 266 407 234 488 333 282 377
1 20 13
283 452 89 448 50 249 184 334 483 186 31 387 28
1 20 18
239 89 128 434 59 300 64 362 443 316 122 172 416 25 326 22 125 346
1 17 3
226 448 388
1 4 12
158 176 284 153 242 492 381 382 196 147 77 362
1 4 9
136 208 403 235 211 214 457 148 221
1 1 12
437 462 277 237 92 251 14 195 243 153 8 242
1 8 24
42 486 365 38 192 56 142 173 242 64 50 57 456 438 321 462 24 375 65 262 275 175 395 40
1 7 15
350 193 459 341 397 95 129 296 467 419 38 246 121 422 433
1 11 9
24 156 143 408 102 94 405 261 351
1 15 15
434 493 69 163 365 201 360 382 253 414 183 107 202 66 16
1 9 23
211 444 308 120 185 15 302 361 2 343 382 28 476 61 156 354 10 218 145 107 38 418 462
1 10 20
61 281 342 272 327 219 160 60 92 466 164 66 278 29 172 398 334 1 26 290
1 16 8
213 41 321 13 143 365 97 356
1 1 11
334 87 9 153 188 13 294 240 130 96 138
1 3 20
305 298 0 483 192 407 447 69 92 137 76 367 179 170 467 176 240 61 332 18
1 7 3
114 6 49
1 20 3
401 225 56
1 13 14
497 147 474 74 70 58 55 365 347 19 251 466 138 363
1 17 21
35 56 228 143 353 494 461 33 405 30 206 485 296 77 346 324 377 173 237 464 175
1 10 14
237 324 418 141 391 211 499 309 101 402 489 84 30 416
1 4 8
148 470 348 352 144 113 327 462
1 7 5
182 120 236 298 153
1 14 8
2 242 251 69 194 320 105 448
1 4 23
488 164 236 279 192 60 327 115 150 126 411 366 328 473 162 482 201 177 234 118 11 255 246
1 8 6
222 335 346 178 490 365
1 19 7
450 270 23 493 194 339 352
1 19 25
84 149 493 140 205 235 377 428 4 348 479 396 402 93 220 282 353 92 222 10 484 352 89 358 431
1 7 4
118 247 227 244
1 5 11
454 493 119 465 336 424 331 385 216 10 182
1 18 18
183 430 460 43 472 270 321 478 95 298 336 335 149 470 58 134 262 281
1 7 5
11 430 375 112 194
1 13 19
10 325 451 315 53 95 402 100 66 222 257 73 186 228 55 15 312 333 375
1 7 24
499 67 281 28 342 163 472 433 193 257 341 161 407 206 371 255 337 42 218 160 112 141 55 116
1 3 4
221 131 355 46
1 12 20
203 374 333 320 352 297 344 91 164 390 204 181 474 134 43 235 237 232 86 99
1 20 5
98 8 91 356 344
1 9 25
310 207 401 278 391 247 461 282 221 168 341 86 462 5 244 230 331 397 382 44 26 277 474 98 370
1 4 25
215 238 91 333 133 246 32 289 303 417 294 396 136 135 432 409 44 106 84 496 143 403 304 349 311
1 10 25
201 200 351 57 143 482 394 225 325 232 493 29 374 392 33 457 75 76 328 109 301 286 432 411 93
1 16 25
190 463 437 309 431 337 430 250 446 402 205 84 183 387 479 381 75 325 467 457 65 425 310 248 492
1 18 15
27 422 188 414 73 103 59 459 186 488 458 260 349 148 372
1 15 25
367 437 56 201 57 65 84 2 488 387 129 170 301 228 325 342 435 205 212 489 128 321 193 261 195
1 14 22
51 142 233 316 205 114 215 137 390 212 474 192 364 221 387 189 54 270 343 433 234 497
1 15 13
178 146 107 290 143 24 323 251 33 187 144 299 485
1 3 11
300 10 367 408 169 120 129 4 188 82 84
1 11 19
263 321 162 52 318 27 107 277 453 405 420 379 358 187 236 37 15 54 86
1 8 16
117 429 16 242 489 248 39 132 61 321 277 326 437 137 303 123
1 19 18
266 240 349 6 376 493 387 7 456 331 169 334 292 8 426 228 17 168
1 5 21
13 490 32 208 285 347 222 90 372 391 361 439 407 367 300 60 2 428 201 356 51
1 10 7
62 195 401 372 245 363 213
1 12 14
466 283 64 293 372 1 330 252 495 316 32 420 333 207
1 12 15
129 344 123 102 230 483 12 207 471 443 467 178 99 432 213
1 6 25
56 345 14 282 250 355 139 490 120 431 157 72 356 477 184 266 353 136 146 199 235 64 475 170 440
1 1 3
377 186 187
1 13 22
408 338 413 113 106 456 246 289 249 293 282 243 412 488 141 37 205 99 48 238 320 484
1 19 13
189 493 170 235 285 420 171 26 467 279 425 150 332
1 5 12
16 266 268 304 413 46 119 97 411 376 424 291
1 4 10
273 412 294 411 406 54 152 332 163 309
1 2 12
201 259 459 194 27 179 115 10 76 353 248 128
1 8 7
401 95 403 478 325 286 215
1 18 9
120 157 405 194 404 477 239 328 146
1 10 11
257 471 314 247 86 21 340 287 293 463 441
1 4 13
460 293 137 117 72 486 310 422 402 291 298 3 228
1 4 7
319 278 342 176 344 389 211
1 19 12
269 201 289 273 365 279 327 105 56 0 140 126
1 19 3
147 262 151
1 2 8
223 427 402 463 453 316 62 451
1 13 18
381 142 99 494 472 480 343 475 321 130 147 133 21 487 172 465 72 49
1 4 2
194 333
1 18 16
262 249 240 43 188 74 32 51 394 173 389 75 223 159 133 441
1 1 16
466 395 259 332 267 351 459 252 149 480 150 339 401 187 308 380
1 17 24
421 52 77 192 172 168 357 37 288 351 341 242 302 496 447 181 38 153 24 205 442 176 266 375
1 18 4
279 453 305 353
1 7 5
119 413 291 391 112
1 3 20
189 180 124 58 222 394 75 428 92 183 335 23 274 245 50 299 294 267 448 237
1 6 14
187 177 339 103 156 54 71 186 120 421 253 410 207 22
1 19 14
145 264 256 249 125 462 255 109 422 40 383 403 68 472
1 2 6
424 46 156 340 460 292
1 7 13
21 462 446 20 348 98 416 495 37 363 432 458 89
1 19 6
239 213 317 37 176 208
1 18 8
64 233 17 384 453 114 427 264
1 13 25
120 152 38 483 21 370 305 212 457 58 130 290 88 253 359 329 0 221 465 92 230 151 441 318 431
1 12 16
38 495 480 389 392 492 305 261 423 69 440 374 153 124 454 160
1 15 23
277 434 393 107 110 117 239 382 169 134 325 419 19 477 163 262 271 299 156 55 390 65 14
1 18 23
389 203 386 191 381 213 247 116 39 26 336 426 167 428 6 153 256 363 392 424 158 208 235
1 6 12
231 379 22 184 148 381 18 246 209 352 329 112
1 1 9
221 37 320 60 212 240 377 111 357
1 16 17
177 408 82 331 119 144 205 317 476 258 253 450 111 95 169 388 332
1 3 13
273 386 47 228 143 443 274 60 493 197 452 477 237
1 6 22
490 499 68 120 240 484 176 440 381 26 275 0 118 48 225 417 297 268 205 164 314 231
1 11 21
196 318 455 447 363 225 369 391 111 351 230 62 344 180 258 127 135 426 292 481 61
1 5 24
73 380 387 188 89 314 402 182 177 5 417 237 399 254 381 225 309 427 213 210 318 316 331 40
1 6 16
13 463 215 264 496 417 211 418 322 21 5 330 345 352 106 199
1 6 8
55 261 474 370 3 59 209 459
1 15 19
10 181 377 168 150 369 360 383 333 280 167 307 215 251 498 133 151 470 245
1 10 20
369 478 13 296 150 126 257 287 245 471 178 496 424 62 345 183 48 166 87 141
1 14 24
497 464 310 210 21 422 364 358 473 466 498 297 98 346 18 229 376 12 270 246 368 367 363 423
1 19 9
218 262 480 61 410 478 185 11 234
1 13 10
16 335 348 482 275 162 279 195 342 5
1 12 8
487 245 147 401 239 162 409 310
1 19 5
354 250 490 4 94
1 8 14
256 400 396 208 155 253 462 365 203 144 179 213 399 10
1 13 5
153 163 456 345 427
1 13 3
247 357 124
1 18 17
470 354 51 240 242 166 211 84 368 447 271 257 434 451 130 310 453
1 6 14
218 72 90 311 149 116 365 53 1 55 182 112 221 314
1 2 21
426 73 21 242 333 269 34 414 363 432 91 75 231 58 17 453 298 347 162 103 279
1 9 14
224 13 368 441 174 240 381 343 202 14 253 492 192 385
1 20 21
347 176 245 62 40 148 433 140 460 195 449 114 295 285 344 127 263 221 464 287 157
1 3 18
464 105 323 340 257 181 417 193 245 82 30 470 222 376 103 332 182 453
1 4 25
325 97 441 393 216 176 237 109 282 382 284 16 72 12 195 255 119 435 65 262 291 418 377 275 34
1 14 7
405 204 179 461 95 146 26
1 7 3
490 413 179
1 20 6
373 407 441 70 89 72
1 17 7
413 150 294 271 82 39 141
1 3 4
224 381 55 383
1 14 4
238 189 407 343
1 8 9
205 455 60 416 194 386 225 359 253
1 6 14
150 175 322 433 35 20 236 127 198 298 126 189 41 338
1 18 24
300 255 1 368 5 9 208 306 399 220 52 279 301 499 247 17 209 440 294 400 240 338 461 91
1 4 8
423 432 263 18 382 477 274 378
1 13 11
300 302 379 423 410 391 486 441 226 479 56
1 13 2
339 423
1 18 25
106 405 331 459 432 482 97 488 275 29 354 455 457 169 202 376 373 258 431 310 280 452 20 16 316
1 13 3
207 437 464
1 6 20
434 396 492 4 418 485 161 248 431 190 176 452 285 259 212 214 148 41 294 401
1 11 17
43 35 364 339 478 37 127 399 439 294 12 262 326 351 0 410 116
1 15 23
387 457 366 319 118 419 50 67 157 204 335 227 62 162 22 217 368 33 136 446 373 128 393
1 2 25
124 118 439 421 149 281 418 4 340 42 395 208 71 30 398 248 38 382 400 225 277 454 374 12 215
1 20 23
63 392 268 381 418 5 256 95 466 48 134 480 259 420 113 408 477 308 324 481 490 452 23
1 11 17
331 214 192 427 169 395 184 303 109 307 207 14 453 452 290 444 149
1 9 16
363 86 295 123 171 441 376 468 461 312 113 276 393 334 146 297
1 17 15
231 55 278 271 276 22 160 319 232 469 177 378 484 425 384
1 5 11
459 23 492 354 93 157 435 140 491 257 474
1 6 25
219 445 419 250 280 437 273 301 201 228 10 287 36 354 74 461 81 69 398 191 325 232 88 151 225
1 18 23
497 440 46 208 346 82 135 45 353 255 370 381 68 385 265 166 312 404 70 447 359 478 227
1 16 20
342 132 218 138 345 79 417 60 183 374 52 288 290 399 36 498 83 366 413 72
1 19 16
197 355 153 26 488 90 383 439 256 235 209 27 67 263 366 24
1 2 20
45 13 139 33 432 325 110 307 266 498 384 123 283 72 281 157 292 262 251 23
1 12 17
85 67 192 58 448 286 404 261 460 142 134 489 315 137 419 275 262
1 16 12
330 177 49 170 401 279 36 251 316 453 267 455
1 12 18
270 9 213 130 251 499 440 142 111 303 138 297 1 100 175 54 106 90
1 8 4
353 33 316 139
1 14 5
394 410 379 13 18
1 4 20
61 221 148 240 308 274 498 84 401 347 231 391 252 261 21 194 395 447 122 339
1 3 19
451 385 470 427 171 12 105 354 277 246 360 23 244 259 76 426 196 421 103
1 16 24
403 479 203 489 233 255 332 171 175 351 259 14 439 144 463 220 472 91 41 275 315 85 399 292
1 8 24
4 364 329 215 285 143 105 217 86 412 349 42 488 278 265 407 58 163 168 281 434 332 442 102
1 16 19
66 85 486 276 297 108 178 344 420 305 493 256 233 27 271 22 458 330 333
1 11 4
137 98 475 166
1 18 25
45 109 229 419 120 353 28 253 175 450 401 441 476 141 332 285 74 168 327 390 313 352 437 91 274
1 15 15
200 483 117 60 493 460 487 362 261 426 321 258 55 57 459
1 12 13
131 33 294 137 81 206 178 57 132 46 264 201 133
1 6 23
32 324 393 162 148 6 95 358 380 353 183 412 121 432 248 169 267 147 438 218 447 289 91
1 20 12
214 444 38 113 220 188 470 130 171 438 110 86
1 15 8
65 438 330 417 110 323 324 458
1 8 7
365 471 130 153 96 325 458
1 4 18
239 411 272 383 107 317 143 490 312 469 41 125 49 400 443 350 308 140
1 13 9
264 480 479 478 189 301 311 23 287
1 6 25
88 217 421 291 135 53 272 273 368 107 119 401 392 278 10 44 351 412 319 186 314 484 402 342 410
1 14 6
123 438 177 137 65 151
1 6 24
303 329 284 30 206 97 445 305 340 65 432 19 134 291 465 207 162 378 158 108 336 367 50 123
1 3 10
127 143 19 108 176 298 3 379 174 0
1 17 5
427 354 480 122 111
1 18 13
363 406 71 427 199 96 393 274 290 34 233 119 396
1 14 22
19 447 220 77 134 139 191 146 90 93 194 125 377 189 252 111 53 354 105 433 343 154
1 13 13
368 61 225 213 328 231 88 161 489 380 164 41 495
1 20 15
383 349 485 151 305 451 245 252 140 310 141 257 146 274 335
1 6 3
389 344 164
1 1 18
53 288 196 416 2 204 106 186 386 282 62 242 322 27 341 368 261 250
1 4 2
232 266
1 18 22
264 250 58 306 311 427 181 236 208 36 429 191 345 238 350 0 372 201 87 473 123 269
1 6 10
52 44 110 301 131 416 83 94 278 354
1 20 18
319 35 417 214 71 166 330 52 139 23 193 11 383 343 345 168 293 221
1 3 3
304 161 8
1 2 17
138 334 376 176 73 25 299 26 122 42 180 211 219 129 181 471 22
1 7 15
438 110 100 240 77 2 369 38 387 371 321 302 243 455 126
1 15 21
416 289 489 336 117 428 145 494 490 224 434 320 348 83 411 30 124 402 17 266 190
1 15 9
267 361 31 27 416 467 489 226 348
1 20 4
499 169 379 84
1 2 13
191 294 241 303 417 98 77 198 269 363 224 428 125
1 18 21
87 376 468 61 473 413 281 402 451 256 166 41 298 420 33 179 327 232 246 273 289
1 4 23
296 94 397 418 184 338 262 416 228 355 469 153 462 348 375 417 235 440 334 395 364 121 479
1 6 15
106 257 125 287 0 174 42 430 110 440 237 107 172 486 168
1 19 13
20 103 484 426 152 125 15 262 398 230 498 265 418
1 13 10
323 195 113 455 109 228 58 397 339 62
1 12 8
426 57 268 195 368 154 54 167
1 4 25
343 440 375 387 234 217 232 150 369 155 424 179 323 373 133 438 43 42 402 359 89 477 15 436 293
1 7 13
48 311 465 437 468 35 125 30 21 159 51 104 420
1 5 3
390 39 495
1 12 4
405 152 275 133
1 6 22
152 467 466 275 136 353 193 171 300 107 119 285 78 148 340 296 382 456 297 155 289 443
1 9 20
349 128 96 171 2 230 387 253 223 335 321 347 395 86 378 404 34 409 418 211
1 5 23
216 1 240 244 283 361 158 495 121 482 256 311 407 347 321 68 382 176 49 222 437 275 260
1 8 11
317 311 282 251 15 188 464 391 91 320 478
1 19 11
315 442 12 482 320 189 414 115 214 457 347
1 6 7
103 460 324 330 469 293 326
1 10 7
341 258 109 445 468 110 439
1 20 22
45 491 55 308 441 443 263 28 285 358 185 80 488 231 377 16 283 416 390 21 229 424
1 18 25
356 147 174 4 453 127 21 101 491 273 347 317 224 167 476 68 187 472 136 39 19 138 165 420 94
1 6 18
169 152 51 5 56 379 102 136 372 175 302 438 1 166 293 77 330 488
1 11 13
387 137 486 124 114 104 409 83 430 135 284 11 480
1 17 6
39 194 90 468 403 83
1 1 7
479 461 154 463 428 495 333
1 12 7
66 23 470 30 138 322 37
1 3 4
54 120 308 95
1 12 12
448 28 234 118 47 136 79 284 123 142 349 16
1 2 21
207 134 224 216 451 349 202 10 227 392 113 111 116 459 442 328 184 213 486 452 144
1 13 5
128 228 118 72 455
1 20 3
386 132 424
1 14 12
122 70 174 326 101 50 192 275 13 207 276 18
1 3 10
490 328 423 476 105 0 56 420 141 258
1 9 14
125 358 282 328 498 360 34 7 250 406 349 454 301 177
1 1 4
122 329 473 71
1 17 4
126 289 406 441
1 6 22
410 236 113 419 172 204 462 15 130 62 47 237 79 387 5 403 490 148 9 304 225 161
1 13 6
390 67 494 388 171 243
1 9 5
251 57 387 447 202
1 19 15
148 16 177 379 493 238 342 170 316 221 340 213 66 193 253
1 5 4
128 50 483 270
1 13 25
359 463 307 134 401 454 161 309 96 268 299 53 228 86 302 429 263 316 137 152 338 285 24 488 18
1 5 14
402 435 207 466 291 53 126 313 175 269 389 86 285 248
1 10 10
84 298 289 457 376 3 185 482 153 177
1 15 2
59 14
1 8 6
383 426 214 68 159 137
1 10 25
275 383 90 292 328 381 360 372 212 129 161 367 219 56 121 430 268 183 269 486 122 165 499 443 17
1 20 9
249 278 230 229 99 383 9 271 495
1 14 21
285 83 263 355 381 123 284 119 193 270 488 273 13 443 332 15 85 148 10 496 229
1 6 16
123 483 46 492 495 60 90 285 184 296 280 365 367 400 245 238
1 15 5
178 375 162 129 30
1 16 16
387 302 33 443 354 437 60 478 29 375 278 91 131 214 134 441
1 4 22
43 254 203 317 393 235 216 286 361 315 351 29 456 13 96 498 255 125 374 433 107 432
1 10 24
80 208 9 63 407 375 157 115 327 222 18 96 221 296 497 373 410 19 178 123 431 110 441 362
1 7 18
24 404 439 451 442 137 279 300 321 477 209 251 497 459 396 369 181 391
1 10 16
328 182 69 104 67 282 98 194 327 289 468 432 267 463 417 222
1 12 12
83 247 170 95 305 300 3 109 189 317 65 365
1 1 14
375 322 343 219 240 143 270 266 488 122 402 80 208 356
1 1 18
409 43 22 312 412 316 190 392 171 352 379 267 307 448 488 176 63 445
1 2 19
366 78 180 344 41 342 16 165 116 262 102 487 15 259 379 178 277 486 169
1 12 25
455 329 94 434 105 403 344 248 208 70 203 143 22 37 107 126 28 396 3 43 32 80 211 162 251
1 11 17
77 388 251 73 460 466 233 76 287 475 296 261 99 173 36 234 392
1 14 7
347 112 116 457 177 106 193
1 13 25
239 125 142 215 121 1 462 199 460 322 257 407 403 146 317 61 111 245 69 235 105 366 445 216 223
1 5 24
299 256 86 48 172 430 475 438 163 435 23 262 21 259 305 10 24 448 423 447 239 165 488 130
1 15 17
318 37 490 179 408 195 184 309 499 383 116 231 180 327 27 284 283
1 11 7
246 111 206 399 201 113 331
1 7 19
439 371 453 332 336 8 353 419 211 68 14 300 397 140 348 409 197 27 103
1 11 25
288 257 101 3 385 337 263 200 396 430 420 166 242 88 140 132 214 173 11 476 97 19 96 186 285
1 9 24
141 192 355 388 328 320 220 1 372 463 135 203 153 144 460 425 451 174 281 318 247 332 134 484
1 9 18
446 392 265 383 338 29 295 50 30 291 66 358 138 224 261 249 74 203
1 14 7
10 442 309 199 120 75 151
1 20 20
291 152 185 268 46 34 194 345 297 210 85 158 217 0 406 307 282 133 19 471
1 16 18
290 228 441 412 88 276 224 298 309 297 31 96 462 302 155 252 232 203
1 13 10
330 281 489 40 75 344 70 458 181 207
1 9 13
255 91 310 441 369 355 238 66 311 201 63 280 128
1 12 3
53 64 143
1 3 6
27 298 193 80 140 464
1 20 18
113 279 252 362 295 467 324 139 257 484 125 461 452 401 470 244 332 323
1 15 24
452 301 448 57 434 320 347 349 342 442 64 251 11 216 148 113 287 260 191 404 281 36 22 241
1 12 7
139 109 484 19 213 368 237
1 20 17
343 278 109 225 293 260 180 59 401 56 255 288 499 367 218 257 268
1 15 21
140 7 131 485 160 311 224 182 245 190 299 302 253 255 284 486 192 237 368 201 216
1 4 3
370 17 183
1 4 13
417 209 280 139 142 473 424 321 19 218 445 25 235
1 1 16
11 434 220 137 175 96 182 81 432 24 176 37 493 223 87 422
1 3 24
329 77 223 497 430 459 220 229 67 268 302 187 289 308 299 130 56 153 414 496 2 70 388 250
1 2 18
355 145 16 44 118 406 417 364 100 6 73 489 459 275 308 175 427 177
1 13 13
490 308 181 53 290 112 144 278 28 467 296 1 219
1 10 4
177 63 423 460
1 17 14
181 407 259 342 284 263 65 202 171 121 482 432 272 80
1 12 21
437 144 361 186 23 149 467 292 265 413 50 192 187 300 430 434 385 370 99 180 392
1 12 16
304 68 448 363 388 311 132 79 193 418 453 170 374 32 404 216
1 19 16
369 236 476 108 101 398 237 161 467 113 152 324 206 238 370 222
1 12 2
255 309
1 6 9
393 197 229 293 455 310 449 254 124
1 11 9
446 360 378 296 391 401 148 6 442
1 3 12
49 402 240 133 372 374 381 12 485 269 394 6
1 12 6
445 101 441 374 267 78
1 18 2
223 486
1 6 12
32 283 219 474 464 40 418 79 78 53 91 278
1 13 18
174 267 90 378 184 442 483 165 332 37 69 411 130 458 158 53 228 23
1 6 4
364 375 36 483
1 19 17
215 220 279 226 172 150 20 359 109 31 128 101 152 110 259 459 367
1 1 17
193 172 36 114 365 439 110 290 313 479 19 190 158 291 157 99 44
1 14 11
412 77 170 477 351 137 495 195 480 29 185
1 20 9
333 263 242 222 130 472 244 34 375
1 5 23
105 156 326 358 242 199 36 67 224 436 474 331 495 302 468 223 485 81 4 115 158 344 17
1 14 7
457 81 20 370 15 254 111
1 13 20
29 413 253 464 70 56 268 484 48 390 141 454 371 388 474 374 319 198 173 164
1 14 23
94 495 90 105 403 323 189 468 9 56 100 0 125 243 284 325 304 369 227 353 275 418 20
1 16 17
254 411 426 159 35 461 244 397 151 322 430 483 349 356 429 111 44
1 5 20
220 47 436 394 75 364 372 170 176 439 447 267 461 330 276 467 157 104 193 373
1 3 7
260 372 127 54 421 375 379
1 6 16
104 221 69 113 394 91 60 298 268 347 263 93 108 400 486 188
1 13 23
401 319 468 28 152 370 81 234 419 106 139 54 155 335 422 133 271 37 195 305 156 216 454
1 3 4
231 94 174 494
1 14 22
270 181 66 231 257 226 498 326 205 262 393 223 216 68 293 353 416 179 53 52 25 104
1 18 22
301 466 9 146 398 107 351 393 327 12 340 161 74 92 271 397 99 142 168 443 20 364
1 2 11
90 189 467 301 488 153 35 412 197 450 43
1 4 15
329 279 320 286 307 84 96 290 192 183 111 243 27 137 448
1 13 11
410 376 328 200 141 282 224 213 482 77 164
1 17 18
100 363 359 251 64 228 459 72 56 284 469 393 301 436 136 211 196 275
1 13 12
55 85 80 159 36 29 73 201 460 2 423 241
1 10 4
189 392 438 41
1 19 7
424 121 96 322 120 113 312
1 14 24
125 284 58 428 275 65 260 120 93 319 246 395 261 332 21 64 481 366 252 410 1 187 11 308
1 5 13
493 372 322 205 489 38 140 212 50 311 117 451 427
1 3 2
428 24
1 8 3
295 344 32
1 12 14
164 399 130 208 353 341 161 308 481 81 157 390 338 490
1 2 13
286 401 434 246 316 79 421 27 4 381 329 298 220
1 8 2
217 78
1 12 13
15 274 96 488 113 141 350 290 499 163 442 348 217
1 6 8
460 165 339 407 399 258 204 221
1 19 24
10 101 202 236 453 310 379 443 8 424 412 122 377 264 130 387 270 296 305 366 148 206 405 146
1 14 6
405 126 467 344 205 60
1 5 2
190 403
1 1 15
427 492 95 293 472 63 31 64 321 66 375 478 324 72 234
1 10 23
30 91 463 290 56 103 302 490 283 132 183 491 313 150 122 50 312 220 454 441 356 78 413
1 10 6
367 333 49 99 415 109
1 1 13
387 378 308 144 137 294 259 46 303 328 165 365 204
1 13 8
446 191 460 458 322 256 403 49
1 17 16
366 131 124 46 480 233 403 380 284 432 22 230 37 50 297 350
1 12 15
188 157 325 2 125 170 471 366 350 447 260 222 163 419 196
1 4 8
209 51 178 352 19 201 195 306
1 3 13
351 312 386 194 408 222 29 466 380 80 238 39 302
1 16 3
79 466 85
1 6 24
333 446 169 349 56 345 285 179 144 448 82 396 248 449 70 223 146 490 75 414 316 408 415 297
1 5 8
268 97 449 140 18 486 185 135
1 9 10
368 211 162 429 231 118 393 222 319 68
1 3 8
72 79 107 333 221 466 135 104
1 14 2
355 230
1 6 16
476 121 257 484 310 162 246 172 478 340 89 98 241 19 78 384
1 8 7
217 65 399 298 201 368 456
1 5 2
69 304
1 5 24
499 456 407 478 386 350 384 388 287 289 103 482 272 317 26 261 191 462 87 145 197 172 112 291
1 7 17
347 328 120 228 36 172 304 495 134 224 59 284 259 207 310 151 209
1 16 25
39 310 169 171 210 147 475 170 295 496 157 324 216 424 273 63 474 375 47 16 264 356 125 477 436
1 3 9
491 22 431 80 325 360 151 158 425
1 10 3
196 304 96
1 15 9
372 311 96 266 43 88 9 4 445
1 19 19
52 24 120 457 136 256 346 167 375 482 212 222 93 19 29 240 403 420 216
1 4 19
19 211 198 275 84 39 375 260 239 190 100 291 169 91 196 293 205 165 160
1 15 15
469 21 446 346 110 368 180 253 407 132 105 9 26 239 175
1 16 9
145 146 378 3 322 370 303 201 374
1 4 2
440 318
1 14 11
405 12 487 321 456 96 11 475 123 247 335
1 16 25
178 60 149 279 61 191 106 183 217 161 376 251 337 80 262 330 240 195 127 166 199 309 354 34 407
1 9 6
70 405 18 321 159 204
1 2 22
75 337 268 83 58 341 404 288 296 407 355 64 425 136 363 383 353 92 316 159 66 440
1 13 25
95 305 205 108 41 468 458 13 310 244 224 322 409 334 476 446 100 300 440 272 49 98 428 107 349
1 14 19
401 70 119 434 302 235 31 310 60 213 202 118 106 364 407 127 375 150 372
1 9 9
313 242 366 449 200 160 22 418 467
1 1 12
479 332 247 101 125 144 34 209 424 65 403 487
1 7 3
466 408 431
1 16 22
466 339 459 326 194 427 393 17 72 36 453 121 173 204 276 400 171 421 195 471 244 125
1 20 21
477 18 31 35 20 445 216 280 480 276 135 44 51 301 119 173 181 386 166 490 144
1 19 18
63 65 454 456 38 413 258 403 315 390 401 158 141 248 481 160 356 477
1 20 7
35 347 86 226 223 285 84
1 6 6
55 156 47 205 350 129
1 15 11
374 348 433 401 137 186 48 115 104 193 483
1 4 2
156 90
1 2 24
247 169 1 402 81 92 65 286 153 399 214 470 139 265 160 343 316 416 155 105 258 125 476 411
1 11 15
189 434 24 442 382 359 236 211 216 74 425 489 234 267 351
1 12 14
340 428 409 473 224 79 451 381 262 65 76 483 200 348
1 9 12
216 144 17 468 185 258 203 9 464 150 250 132
1 15 17
115 367 241 313 378 214 125 272 237 181 283 334 208 291 348 40 445
1 4 4
328 203 90 197
1 7 12
142 259 327 25 91 52 317 475 481 157 458 164
1 10 7
217 267 378 474 218 430 337
1 3 3
142 141 43
1 18 22
229 172 268 174 155 166 39 217 3 56 175 97 391 335 399 59 169 149 55 185 125 245
1 4 15
363 42 401 224 73 61 20 217 383 36 169 269 310 256 179
1 10 21
168 193 282 451 378 373 153 408 225 255 404 335 42 452 317 100 174 184 298 134 374
1 6 4
166 358 190 250
1 8 9
39 140 347 104 396 44 363 360 213
1 3 24
295 95 448 308 370 20 185 380 312 174 231 463 416 246 133 8 407 377 44 311 186 405 178 316
1 15 3
388 41 28
1 5 2
98 127
1 6 13
211 196 246 220 199 90 34 420 206 171 142 7 323
1 12 3
206 188 191
1 7 11
270 392 212 169 292 432 481 282 183 382 412
1 18 22
263 342 334 160 242 359 44 394 244 335 241 132 176 439 4 78 96 217 279 123 285 48
1 14 18
100 368 43 378 237 87 120 125 111 312 469 245 369 298 164 200 70 75
1 4 11
478 496 324 321 213 223 414 490 50 53 488
1 1 11
32 427 227 77 269 157 16 323 197 206 262
1 13 3
445 341 439
1 2 11
402 439 409 28 106 139 448 85 325 163 236
1 7 21
271 364 195 397 292 224 177 128 331 5 320 152 336 129 398 382 388 212 345 71 101
1 8 15
242 236 37 363 261 419 232 118 76 392 249 119 305 48 187
1 3 13
152 452 409 4 257 178 369 363 306 122 269 425 65
1 12 2
478 17
1 1 23
55 314 63 174 217 73 312 77 467 407 220 53 100 46 414 302 362 434 337 165 497 480 211
1 18 19
80 190 164 442 193 77 254 174 68 444 222 417 149 228 81 383 76 23 218
1 7 9
390 338 392 144 435 3 458 453 59
1 13 3
22 405 117
1 9 14
392 75 181 6 328 311 35 149 217 363 59 473 94 53
1 2 15
323 435 391 124 297 200 272 429 148 358 150 310 219 40 220
1 1 21
470 76 420 366 0 59 380 124 116 494 477 493 453 381 114 256 449 356 166 72 225
1 7 11
24 64 207 179 198 286 327 302 323 288 278
1 6 21
245 464 371 251 408 106 143 375 357 12 110 392 132 178 134 397 458 230 347 228 104
1 3 16
481 332 279 86 168 389 487 163 211 27 448 7 410 217 269 340
1 15 6
113 78 10 278 207 446
1 11 22
179 488 321 210 490 344 25 238 275 380 132 308 398 95 418 209 483 55 100 134 304 165
1 6 2
330 235
1 20 16
423 312 300 358 414 297 421 453 486 426 411 448 328 2 473 494
1 10 15
33 230 392 56 425 494 296 275 436 271 128 162 52 208 3
1 10 4
181 224 249 362
1 7 7
186 371 127 257 437 246 139
1 8 3
276 133 115
1 9 24
211 284 434 358 311 425 368 483 340 465 44 407 95 189 402 209 419 314 150 283 191 102 347 26
1 19 10
273 193 302 200 190 208 288 138 164 392
1 8 2
107 299
1 14 5
379 295 235 131 231
1 6 17
237 463 357 480 28 316 34 27 337 260 283 152 227 180 263 187 123
1 8 23
333 98 71 488 87 189 67 268 19 450 234 433 442 355 204 173 185 42 407 287 211 316 444
1 12 4
483 26 360 185
1 11 20
313 83 492 183 203 148 376 91 115 71 110 95 473 317 373 20 80 379 25 304
1 1 2
489 174
1 18 4
8 386 77 420
1 11 25
336 397 38 281 260 269 60 105 311 410 418 327 355 18 161 173 404 430 483 157 153 130 301 80 454
1 10 19
207 365 404 345 165 356 190 406 149 69 317 370 128 75 17 290 445 283 495
1 10 4
334 468 193 349
1 4 20
105 57 133 314 202 47 279 384 52 237 177 249 424 294 107 243 353 448 498 119
1 8 10
218 463 207 62 434 235 148 368 79 386
1 11 23
279 465 95 113 399 266 215 429 39 89 493 195 219 365 346 99 418 471 391 267 392 233 411
1 18 24
242 171 427 435 79 9 448 214 148 356 180 463 385 248 250 206 102 103 429 434 93 488 189 401
1 14 21
96 10 89 217 396 369 105 375 281 344 495 347 438 119 87 410 7 418 494 172 196
1 20 20
5 142 486 174 159 390 467 325 165 351 125 148 224 270 341 365 369 206 155 51
1 10 15
285 287 63 27 291 358 122 237 277 329 476 464 53 80 57
1 16 11
187 241 201 426 200 147 66 111 468 245 82
1 9 5
380 378 311 335 184
1 16 14
426 408 434 464 282 89 343 141 284 338 26 201 207 216
1 20 2
136 462
1 11 6
263 355 26 472 278 76
1 1 22
471 23 243 473 281 117 150 320 220 416 367 379 234 318 441 178 461 285 448 356 499 127
1 11 7
172 425 18 161 202 266 451
1 15 15
297 114 425 487 112 432 245 107 69 186 120 234 205 402 271
1 11 7
102 83 148 77 290 106 347
1 17 13
292 312 344 185 117 352 483 272 364 416 20 54 396
1 7 16
111 240 378 132 289 306 375 301 246 302 162 320 407 144 406 296
1 5 18
34 240 143 132 105 436 212 468 12 21 312 172 352 58 464 293 234 145
1 9 22
273 14 101 61 72 294 346 293 244 363 119 179 380 114 209 489 130 262 454 341 462 410
1 11 10
48 258 302 196 231 342 449 480 238 39
1 19 16
12 399 467 20 462 61 379 433 496 335 112 378 213 289 160 14
1 4 21
286 254 52 133 17 263 129 13 253 453 312 288 397 447 436 409 441 119 410 64 192
1 16 14
289 360 159 473 337 102 316 444 300 220 61 307 69 106
1 7 6
280 225 33 93 455 408
1 10 3
253 482 10
1 5 9
342 9 428 314 423 471 308 202 430
1 4 18
331 127 149 78 222 439 177 38 302 310 58 203 251 274 364 270 24 417
1 2 19
248 188 309 175 168 259 277 73 387 302 118 268 288 328 134 474 231 34 459
1 13 17
442 337 12 21 14 8 58 386 218 220 359 477 175 118 379 472 22
1 13 18
213 336 273 254 367 182 471 291 339 289 177 299 420 171 216 194 312 393
1 6 24
433 59 313 113 11 212 121 42 283 344 471 88 139 434 196 130 413 297 2 187 45 347 455 279
1 6 7
34 210 142 98 29 152 14
1 20 12
361 8 318 65 338 181 241 164 272 161 384 412
1 2 21
257 45 138 430 75 27 102 364 303 215 335 214 468 310 97 278 35 139 473 382 211
1 17 18
258 256 288 160 402 269 16 383 351 432 222 226 349 120 249 183 363 190
1 5 18
301 29 239 290 470 137 469 327 196 369 192 388 77 473 440 167 313 372
1 17 5
378 189 218 403 125
1 9 13
241 18 127 283 133 498 465 426 461 218 122 264 37
1 7 7
293 292 59 20 455 253 484
1 4 10
166 402 338 307 381 133 259 373 82 295
1 6 15
466 182 456 205 302 120 375 96 227 381 155 295 10 269 251
1 19 11
267 354 218 78 263 156 422 20 189 183 76
1 18 17
342 185 499 418 218 90 346 459 360 270 43 493 372 219 153 122 162
1 5 6
149 38 305 141 303 179
1 19 24
114 128 278 32 312 246 280 471 477 190 83 52 311 178 63 334 125 357 403 140 342 137 285 270
1 17 15
279 6 283 153 300 391 89 395 394 333 480 37 216 94 78
1 4 21
396 326 337 94 186 46 103 294 306 123 454 161 376 112 37 311 20 292 485 258 95
1 19 21
416 95 327 244 181 216 211 470 185 345 364 477 80 105 479 158 28 210 300 153 455
1 17 22
362 36 185 295 253 202 247 118 79 236 328 228 414 397 372 401 457 204 275 80 443 323
1 3 20
404 134 214 217 374 491 482 358 382 411 275 438 498 238 479 29 424 231 184 253
1 8 3
81 106 285
1 3 4
229 55 473 305
1 12 12
17 168 301 269 456 267 293 111 181 450 142 429
1 10 21
107 336 265 335 13 487 383 307 73 59 115 245 386 244 11 219 24 496 371 1 466
1 17 16
341 384 409 20 310 0 444 270 392 78 243 73 200 45 32 233
1 8 22
59 309 448 51 436 360 327 401 495 371 206 39 161 354 92 381 10 274 76 25 160 89
1 15 10
226 253 251 146 247 348 8 278 498 499
1 11 15
240 359 453 18 414 60 37 339 197 165 392 407 474 5 107
1 8 8
393 279 482 445 464 402 55 48
1 5 15
139 495 342 169 349 325 415 103 193 147 45 250 125 229 20
1 16 15
106 217 110 428 216 277 286 368 407 389 125 419 373 243 496
1 18 10
454 444 241 33 401 269 190 477 204 127
1 19 18
273 223 443 236 156 309 134 363 358 197 62 330 149 23 13 213 436 255
1 9 7
477 9 10 275 478 403 156
1 8 25
244 371 117 443 160 68 46 273 432 234 258 107 98 429 319 240 48 85 38 17 114 379 298 206 301
1 16 9
0 424 207 403 240 84 73 459 284
1 1 21
343 63 242 218 195 277 493 76 243 447 88 161 165 350 269 490 379 473 200 106 172
1 20 18
331 416 405 449 433 295 91 437 81 180 257 29 160 311 375 309 269 348
1 4 23
71 48 453 65 257 275 93 142 238 443 444 338 131 172 428 44 135 55 341 184 472 110 90
1 14 4
169 158 268 262
1 20 14
264 221 490 28 415 67 353 231 164 292 433 124 86 311
1 17 13
401 118 261 74 163 93 174 26 82 299 153 262 182
1 10 6
410 325 233 85 153 202
1 11 11
270 87 132 139 463 37 175 499 137 428 169
1 6 22
431 104 10 103 46 306 189 258 270 187 462 283 208 474 209 389 48 64 334 59 82 232
1 3 24
192 451 402 330 165 24 422 83 325 228 71 198 15 482 13 189 47 43 154 32 220 299 332 213
1 11 13
188 477 304 322 59 242 25 132 105 111 157 416 4
1 11 10
314 100 92 461 413 254 397 465 477 369
1 9 8
29 437 344 172 282 209 382 67
1 10 4
119 313 432 353
1 19 20
239 384 270 271 5 449 272 216 159 61 497 439 434 476 18 153 142 217 322 3
1 5 4
487 258 302 137
1 8 3
135 487 57
1 9 14
205 410 165 266 147 425 438 52 47 383 499 85 31 29
1 2 2
308 237
1 11 11
277 81 152 327 292 320 474 239 362 313 162
1 20 24
262 111 95 264 307 370 185 296 227 117 497 367 41 417 320 306 463 0 26 244 195 47 425 233
1 17 9
292 336 312 447 391 407 77 154 365
1 7 24
35 74 290 339 458 100 65 353 309 226 180 82 10 225 192 356 367 4 405 396 460 204 242 130
1 9 24
170 446 174 445 99 180 251 406 440 106 0 326 497 128 116 115 80 421 71 436 266 218 38 462
1 11 19
134 46 287 341 66 346 2 384 445 166 319 435 249 93 455 184 27 252 427
1 14 18
225 487 80 66 186 245 52 357 182 55 284 354 468 329 416 311 247 279
1 11 15
299 236 308 192 112 82 437 397 127 419 457 70 433 86 417
1 15 19
341 161 413 124 347 60 114 420 29 289 278 168 477 100 37 246 84 372 374
1 20 16
413 95 226 308 37 376 134 277 264 483 1 491 420 92 352 48
1 12 13
435 285 314 438 335 211 188 362 172 253 48 173 457
1 12 13
322 21 453 209 283 388 305 118 369 218 221 485 52
1 17 5
171 432 349 321 41
1 15 17
392 97 469 238 269 113 105 146 273 106 497 148 300 393 320 176 99
1 9 21
57 480 211 123 212 118 397 18 235 10 36 385 98 157 97 363 449 225 213 101 264
1 18 24
211 98 484 189 142 279 340 128 490 110 37 438 220 30 118 251 53 34 463 389 210 437 225 15
1 8 8
177 388 398 283 134 240 416 188
1 9 5
20 422 174 220 451
1 5 2
207 451
1 3 19
248 214 386 432 0 472 329 140 410 223 269 70 129 277 290 392 165 51 473
1 15 21
382 351 94 168 95 480 5 250 399 498 288 60 451 136 456 436 244 93 58 467 406
1 12 4
369 30 285 180
1 17 16
309 21 461 326 15 233 200 193 123 161 395 229 459 351 23 277
1 11 19
284 174 159 94 334 350 11 239 467 476 68 333 277 100 67 349 346 175 15
1 11 2
362 15
1 18 14
444 47 448 221 284 224 459 42 416 338 173 357 474 204
1 8 15
148 187 328 478 468 391 32 361 294 248 193 7 229 462 422
1 15 23
140 389 164 413 132 382 363 297 152 75 403 299 321 218 155 346 280 341 215 26 30 142 235
1 15 19
4 117 297 218 254 418 415 45 335 369 217 471 351 228 109 78 289 47 39
1 11 13
128 213 11 52 438 182 489 78 147 434 354 13 164
1 4 20
470 164 354 24 310 64 358 423 232 154 345 159 444 244 157 461 368 431 426 36
1 4 15
365 220 113 408 99 313 397 436 46 406 443 354 462 414 400
1 2 10
277 225 286 101 85 361 72 247 454 139
1 18 7
317 237 205 361 354 225 108
1 14 18
80 363 112 315 183 28 488 190 335 38 217 456 71 127 134 199 128 481
1 13 24
414 303 149 175 239 375 42 67 333 107 230 270 28 11 341 63 435 325 361 433 213 191 387 446
1 4 10
77 289 111 35 476 200 18 227 91 74
1 2 5
48 285 229 388 346
1 2 11
3 342 469 14 490 407 330 244 378 126 272
1 17 24
3 171 158 124 456 281 138 438 297 419 189 71 255 439 418 137 447 405 1 201 396 271 17 280
1 10 9
146 254 341 481 210 469 191 471 423
1 12 7
367 388 294 125 267 490 206
1 13 15
235 145 73 351 314 176 81 459 291 306 422 254 190 301 268
1 3 22
155 388 430 264 257 387 446 269 168 29 49 339 304 414 436 196 132 26 59 72 45 460
1 5 6
171 283 12 410 69 308
1 13 7
306 78 456 82 489 18 87
1 3 3
432 27 393
1 18 8
241 150 429 19 114 251 56 178
1 5 8
105 325 429 391 351 4 381 55
1 3 8
338 453 7 9 207 64 382 412
1 17 20
452 177 228 402 175 409 134 174 313 221 308 119 311 439 200 195 69 197 138 330
1 9 5
31 176 43 434 230
1 3 22
301 189 329 332 136 472 319 428 34 159 292 330 365 479 390 279 9 314 317 53 113 148
1 4 6
433 72 38 469 335 316
1 8 8
296 374 292 248 77 465 303 215
1 5 21
47 99 299 57 308 331 160 437 232 34 403 94 210 122 435 279 229 60 361 310 5
1 6 21
313 300 466 364 24 67 390 149 249 330 218 231 318 76 61 44 396 193 90 202 273
1 19 11
376 27 37 203 287 65 359 332 147 81 418
1 14 6
169 377 37 482 181 201
1 5 7
408 407 274 330 487 172 281
1 6 11
292 112 467 123 66 43 281 485 160 444 161
1 18 16
194 206 343 255 237 228 180 446 281 474 54 14 121 370 137 36
1 11 16
373 411 218 123 407 17 160 152 307 95 104 21 232 235 269 38
1 5 3
301 43 65
1 6 25
37 247 91 317 194 443 267 334 407 94 337 246 32 215 158 56 414 143 297 430 453 142 296 411 462
1 14 13
387 170 465 306 153 324 245 401 38 243 302 82 466
1 18 9
465 86 493 324 198 424 63 302 306
1 8 25
292 158 464 325 157 399 87 180 207 362 113 368 126 295 455 432 349 235 152 420 161 403 81 303 204
1 6 6
76 336 81 388 449 232
1 8 10
342 269 196 67 57 21 354 375 333 323
1 5 25
182 235 456 421 23 70 324 226 275 47 0 408 54 265 317 106 204 476 108 205 159 375 263 483 195
1 5 8
306 312 93 157 26 293 464 428
1 11 25
435 276 127 106 403 184 419 124 470 191 244 128 220 2 183 132 499 154 152 104 431 16 111 480 60
1 6 13
229 7 474 404 325 121 236 335 240 200 319 274 102
1 7 19
315 52 149 62 46 392 291 25 73 413 280 345 398 240 311 20 40 492 494
1 7 21
76 326 284 416 256 427 162 157 78 84 146 18 149 120 296 278 290 2 430 6 272
1 18 8
8 4 20 368 248 2 365 182
1 4 9
177 280 391 61 34 328 205 297 67
1 15 4
165 254 414 84
1 8 12
34 90 296 392 493 413 225 201 492 465 292 453
1 15 24
183 416 90 299 140 203 303 395 272 0 19 393 8 366 138 239 398 13 187 387 39 491 196 195
1 7 23
441 430 175 97 235 222 446 411 251 29 194 340 163 9 442 167 120 287 32 426 125 456 386
1 6 25
339 231 68 115 376 486 196 499 179 286 358 102 57 449 128 329 63 218 190 382 119 269 36 12 132
1 5 13
130 403 457 446 404 461 425 280 496 226 434 335 222
1 11 9
334 363 226 464 315 448 429 458 124
1 4 14
32 250 111 409 226 175 475 299 398 365 377 482 170 281
1 15 12
319 344 200 41 132 232 309 245 262 310 465 72
1 6 8
52 471 496 277 339 313 273 59
1 1 24
181 31 223 440 428 384 173 142 401 432 351 279 140 462 103 255 86 301 34 375 393 90 12 240
1 19 18
10 477 382 9 215 387 300 434 483 296 462 102 473 207 35 457 58 4
1 10 22
452 171 108 367 15 175 379 157 454 26 343 172 65 60 293 64 52 370 488 206 200 303
1 7 9
432 319 284 138 80 346 9 330 277
1 7 10
385 389 47 390 43 313 436 453 256 80
1 10 4
7 298 272 195
1 18 25
34 462 292 297 111 87 31 231 237 341 303 405 448 311 317 323 322 375 13 26 463 154 451 298 271
1 10 6
288 499 209 364 80 43
1 10 18
378 340 46 444 408 162 290 80 475 177 394 147 298 276 366 452 484 17
1 17 3
458 359 27
1 11 10
41 268 361 129 235 347 263 280 139 228
1 5 2
253 212
1 1 12
228 313 444 239 408 427 146 40 96 478 326 416
1 18 9
86 165 375 396 290 425 364 389 392
1 18 2
358 444
1 10 3
41 210 412
1 7 13
7 146 194 113 240 355 138 261 389 441 402 326 91
1 2 14
236 364 278 486 355 431 429 180 326 67 42 140 465 11
1 6 3
384 380 162
1 14 8
487 33 124 490 22 338 470 321
1 20 23
442 492 374 405 326 296 108 490 101 6 382 44 206 446 292 250 24 368 260 491 23 377 316
1 7 16
162 15 146 34 250 54 35 435 355 201 470 197 312 74 219 276
1 8 14
452 96 489 381 306 414 462 385 35 350 102 104 321 274
1 11 25
145 232 159 57 218 228 248 349 397 492 419 281 81 486 136 390 326 184 108 99 220 185 187 287 19
1 8 24
78 407 358 172 34 26 462 461 352 122 19 38 444 60 61 91 288 22 49 386 341 107 376 240
1 1 12
322 148 246 320 281 185 126 34 233 316 216 163
1 18 19
57 196 452 338 75 14 225 194 191 237 409 39 402 440 390 304 36 291 154
1 17 12
265 255 55 60 158 354 294 316 437 286 210 479
1 4 15
96 319 220 191 91 355 479 304 213 499 281 251 480 323 93
1 16 8
269 79 185 152 132 332 120 412
1 11 3
143 421 206
1 11 24
298 240 3 397 83 104 382 162 210 203 487 403 289 63 407 152 182 172 94 230 321 398 9 364
1 4 20
78 192 313 324 243 285 169 207 426 255 304 401 361 66 200 296 11 226 175 257
1 12 9
495 74 291 444 430 138 340 298 365
1 20 7
121 159 15 9 139 320 498
1 4 5
131 278 325 485 351
1 11 10
237 248 252 449 406 23 168 395 177 479
1 17 11
112 228 188 412 67 449 85 212 36 206 197
1 15 3
421 25 80
1 16 11
392 294 351 344 153 242 89 405 454 47 150
1 1 10
265 127 254 232 465 255 320 369 321 396
1 16 13
198 150 318 194 155 402 374 14 336 63 224 369 363
1 6 16
374 191 282 398 58 439 46 108 481 242 145 142 279 436 90 272
1 19 4
150 3 217 253
1 17 3
465 353 172
1 11 16
369 277 4 272 192 345 0 354 102 132 391 206 179 460 383 188
1 13 14
478 303 34 245 325 212 131 304 430 175 143 429 480 23
1 2 7
83 6 310 79 41 141 64
1 8 5
109 448 111 413 205
1 9 13
430 156 426 217 254 302 445 267 109 412 88 424 241
1 12 15
363 26 162 1 259 165 303 421 362 431 197 425 116 461 121
1 16 23
331 254 202 282 488 86 421 491 153 34 75 294 56 266 383 87 296 41 365 84 267 261 226
1 20 16
349 203 267 102 333 47 344 190 276 197 314 397 238 300 279 228
1 11 14
404 497 429 104 73 434 325 222 499 386 244 115 437 471
1 11 18
257 6 316 499 428 351 105 37 403 166 211 385 296 54 410 492 443 436
1 6 15
81 369 154 18 229 124 190 348 37 36 162 91 191 329 295
1 16 8
350 469 424 306 309 393 38 205
1 16 13
40 43 445 454 439 42 143 313 1 396 61 332 329
1 5 22
352 248 229 428 458 19 356 423 18 148 434 76 112 208 183 114 363 313 188 115 180 52
1 18 20
336 52 10 324 372 125 280 268 428 305 60 476 342 93 363 286 410 229 172 249
1 7 9
202 56 138 393 37 83 470 325 494
1 15 3
65 381 267
1 14 22
240 270 403 491 10 53 465 432 120 441 342 36 474 114 209 460 76 468 35 159 458 250
1 13 24
132 130 320 193 432 74 480 103 471 108 113 135 242 419 483 57 310 312 269 15 412 106 231 273
1 4 4
248 363 77 298
1 16 21
222 129 332 180 217 456 292 206 423 82 362 95 39 258 306 444 102 177 425 238 149
1 19 8
178 445 260 354 341 466 171 344
1 17 4
236 283 289 352
1 19 14
223 163 349 375 462 493 259 253 125 475 417 244 495 332
1 20 19
428 478 106 450 493 494 294 339 498 173 116 160 223 490 25 276 134 335 56
1 1 10
283 179 484 246 49 350 137 481 415 376
1 6 22
419 443 99 5 343 295 308 288 348 66 13 121 496 442 183 34 312 247 22 484 318 449
1 5 6
387 140 1 323 251 460
1 8 19
123 144 18 236 421 460 26 440 305 235 134 463 118 49 245 370 498 340 192
1 19 21
5 253 77 100 87 68 61 387 238 229 457 455 114 25 126 280 471 242 216 384 341
1 10 4
30 207 381 192
1 13 14
259 20 69 99 277 18 224 304 30 199 385 383 474 465
1 3 5
111 98 332 461 297
1 11 13
87 309 459 392 458 266 275 261 313 176 363 147 483
1 3 5
223 310 181 375 300
1 1 17
316 44 97 348 151 464 469 45 417 490 34 432 267 104 68 284 91
1 15 3
138 121 275
1 17 23
40 184 340 493 234 100 157 79 266 439 76 444 69 401 206 17 124 295 464 136 173 194 39
1 4 11
194 52 366 414 138 309 245 200 291 57 443
1 19 23
229 317 118 238 353 284 402 43 250 405 0 39 361 296 473 215 380 85 186 34 142 165 266
1 6 12
157 76 411 47 328 391 49 137 212 477 366 124
1 9 10
307 171 354 416 468 7 133 54 274 208
1 1 18
297 482 30 380 300 90 489 354 310 125 429 306 216 432 391 495 237 74
1 18 17
59 122 25 149 283 209 125 199 477 88 141 39 452 128 157 221 424
1 8 9
381 304 255 482 139 285 207 25 282
1 7 25
120 18 270 69 114 140 497 411 498 342 95 345 249 263 126 472 376 155 213 66 286 171 129 85 265
1 9 10
153 62 33 13 88 11 416 245 366 459
1 15 3
167 393 193
1 5 19
189 394 152 334 108 476 385 43 39 174 395 455 124 216 460 316 35 351 357
1 11 2
78 37
1 16 5
323 165 399 223 449
1 2 13
283 215 191 47 381 177 78 46 60 326 113 452 276
1 13 11
228 133 71 235 256 96 41 322 268 247 378
1 6 3
184 271 243
1 4 24
277 205 106 46 377 310 165 334 193 64 146 440 203 170 342 155 186 379 454 412 93 214 449 286
1 12 4
408 233 31 259
1 7 15
401 400 397 19 211 40 221 59 153 78 44 81 407 316 84
1 5 25
493 8 495 384 122 77 80 490 473 212 89 116 42 441 320 156 114 211 434 160 97 236 354 213 220
1 4 22
361 183 459 263 473 274 378 58 299 204 86 218 334 281 222 112 451 478 176 237 121 129
1 19 8
204 269 178 401 444 243 305 80
1 14 10
91 317 389 326 125 177 447 142 499 482
1 18 23
301 178 214 384 310 111 187 44 408 297 129 463 5 316 49 104 386 270 288 412 67 371 230
1 1 12
474 381 83 165 219 110 89 122 10 51 271 279
1 9 8
196 237 341 454 102 453 307 459
1 8 22
67 122 207 451 16 194 182 159 233 470 148 93 403 466 221 165 69 127 332 319 129 420
1 6 11
41 413 233 479 55 127 439 24 217 324 191
1 10 15
62 490 312 46 19 140 492 122 452 69 489 225 9 401 438
1 14 21
346 304 278 379 127 47 467 289 239 369 496 285 343 68 296 286 141 458 313 86 272
1 18 7
224 466 482 348 275 64 279
1 20 8
117 9 203 401 322 230 380 464
1 17 7
64 318 181 188 65 19 334
1 9 17
410 28 62 179 357 239 68 182 274 180 460 25 289 116 246 197 4
1 5 15
460 479 198 165 77 130 261 79 425 191 464 45 419 135 473
1 16 10
101 21 305 210 50 372 278 115 25 333
1 19 5
290 67 335 74 6
1 10 24
218 408 206 468 237 445 108 405 87 432 490 261 8 337 424 283 454 104 46 59 469 181 338 228
1 17 18
403 389 449 407 492 292 458 27 17 442 314 150 168 96 368 374 178 476
1 19 10
361 357 343 179 414 451 446 356 121 185
1 9 7
395 385 3 157 318 158 390
1 19 17
373 306 275 459 187 229 136 317 493 438 439 372 242 238 277 184 221
1 7 9
206 30 448 384 114 46 63 274 275
1 2 7
465 46 43 298 30 460 177
1 19 14
120 40 86 304 476 165 175 11 177 21 224 297 222 434
1 1 21
239 131 309 376 115 138 187 370 86 173 119 22 282 425 53 85 93 477 485 426 342
1 10 4
167 484 190 121
1 8 14
144 461 345 450 89 474 445 274 40 22 244 85 242 285
1 9 16
402 13 185 123 190 284 35 323 83 71 172 498 88 225 109 344
1 3 24
429 338 37 202 286 4 402 398 272 358 197 459 353 329 97 26 451 490 411 25 229 104 56 112
1 9 23
191 129 370 424 288 372 330 467 210 218 250 498 342 21 202 478 138 88 135 247 244 16 414
1 5 14
300 423 389 148 334 239 150 497 205 164 153 211 432 373
1 4 3
452 60 404
1 1 10
286 238 482 176 62 103 333 195 332 490
1 16 3
476 171 148
1 16 20
420 79 387 297 225 298 73 435 310 36 219 8 12 441 211 363 496 343 209 60
1 8 9
273 192 29 151 326 225 104 275 437
1 4 20
29 442 448 133 471 490 200 321 339 15 311 78 372 345 392 438 441 376 433 281
1 17 18
329 415 147 227 321 339 220 252 310 458 266 453 68 184 277 78 361 115
1 20 15
283 435 331 376 321 124 134 115 262 398 31 226 288 24 11
1 15 15
35 141 349 382 99 458 419 318 78 96 69 430 3 140 210
1 4 22
163 75 233 460 325 141 476 487 386 346 154 252 374 350 155 357 472 22 176 71 118 318
1 19 7
63 315 39 122 236 260 145
1 7 2
361 481
1 2 19
169 428 5 219 157 123 4 360 411 39 322 254 304 467 373 485 270 163 47
1 8 6
446 84 370 56 229 274
1 19 2
145 135
1 4 23
101 67 26 389 310 108 80 291 190 226 130 137 123 373 273 438 254 0 381 11 236 458 166
1 3 17
335 117 445 215 62 429 283 144 19 52 64 432 267 379 140 495 296
1 19 9
191 149 243 261 324 414 322 184 189
1 3 15
435 405 104 262 359 415 457 314 406 182 337 224 403 320 408
1 9 19
151 381 324 344 369 206 227 346 137 411 201 293 303 69 165 340 242 484 74
1 14 7
422 109 117 87 106 384 490
1 13 9
75 487 92 379 54 98 254 490 366
1 8 6
373 76 160 489 234 321
1 18 6
93 443 380 373 357 368
1 4 5
171 488 150 67 69
1 1 6
320 234 388 56 50 360
1 18 16
42 24 155 499 470 244 301 162 200 383 370 199 4 237 184 316
1 9 11
441 216 382 146 152 343 276 97 442 2 402
1 11 25
139 74 237 90 341 214 406 145 499 174 37 464 264 329 270 62 418 222 436 410 403 175 308 432 231
1 3 14
68 278 117 129 321 350 361 289 344 140 215 82 222 379
1 17 11
45 133 338 315 132 180 272 482 90 253 17
1 10 8
166 364 202 129 103 112 121 277
1 8 11
287 365 56 254 15 445 237 232 184 420 31
1 3 19
408 265 182 471 118 494 474 299 105 423 406 108 239 149 192 261 499 306 93
1 11 9
480 428 163 154 173 443 44 228 65
1 15 9
270 227 168 338 374 48 8 474 280
1 5 20
466 340 168 309 59 178 253 202 410 399 298 199 80 241 257 60 483 192 236 463
1 17 11
148 154 74 76 476 371 66 296 201 171 246
1 5 5
181 401 151 419 462
1 2 20
210 182 387 391 204 100 180 313 235 297 30 268 483 56 408 451 237 101 212 444
1 5 10
54 257 190 43 363 120 452 21 439 19
1 16 7
133 258 391 356 303 324 3
1 19 10
221 206 376 148 161 397 24 62 304 433
1 18 18
277 478 102 295 123 278 84 356 312 368 210 398 320 60 91 95 354 425
1 15 23
335 87 214 152 353 155 326 493 38 426 92 201 33 386 354 348 180 429 187 436 64 290 253
1 5 7
101 2 336 31 111 159 162
1 19 17
219 342 325 340 284 150 257 6 296 149 201 96 236 17 353 152 81
1 17 5
164 472 377 85 219
1 18 19
116 292 151 338 229 301 359 478 142 280 249 7 354 351 393 213 346 45 62
1 1 2
43 126
1 1 20
261 132 387 292 193 464 161 352 277 268 328 147 166 443 432 242 391 451 289 378
1 1 6
424 324 391 229 497 116
1 16 15
122 373 315 266 115 102 348 376 35 318 371 117 100 32 344
1 3 7
430 315 457 242 193 375 240
1 13 3
429 268 447
1 3 10
403 349 211 405 291 473 111 115 264 221
1 6 8
282 309 120 428 15 482 410 444
1 8 25
195 218 100 310 386 212 294 37 415 303 141 485 198 450 378 483 332 71 95 136 395 34 279 41 25
1 17 22
110 166 427 109 180 231 426 400 56 40 408 499 339 104 311 37 476 365 268 440 354 397
1 14 15
342 253 483 220 325 448 418 98 279 138 387 123 333 207 89
1 16 8
225 70 391 396 499 110 284 3
1 10 11
344 159 350 234 42 270 18 136 223 489 70
1 1 23
8 90 37 403 89 125 265 74 298 476 303 440 154 258 387 101 253 402 48 405 131 301 477
1 9 10
341 371 25 34 358 450 246 321 354 90
1 19 18
22 423 109 15 209 138 486 498 246 122 190 205 306 181 135 346 416 206
1 6 9
352 476 368 289 204 367 58 472 471
1 11 21
477 351 429 92 99 154 329 440 240 484 88 457 373 441 54 144 442 411 33 232 46
1 19 11
122 366 376 441 332 345 283 177 372 22 286
1 7 14
283 69 15 310 68 131 397 74 35 11 108 153 89 343
1 18 17
149 496 293 249 339 173 104 370 39 387 172 455 373 227 300 329 303
1 11 16
280 393 435 93 285 158 473 216 81 188 147 197 266 323 360 115
1 13 8
446 383 471 136 306 351 41 62
1 17 8
144 421 368 13 251 25 214 324
1 18 20
394 147 423 387 138 465 418 101 403 366 280 372 404 306 186 481 444 429 57 3
1 19 21
373 12 383 300 416 19 474 342 498 312 483 412 499 367 262 78 42 0 56 92 8
1 7 12
248 480 494 364 432 348 236 291 198 380 419 391
1 9 7
237 226 343 30 275 174 4
1 16 8
436 63 66 103 443 72 365 285
1 5 3
492 478 392
1 11 20
461 84 12 437 264 269 499 52 287 459 182 242 92 409 382 314 295 324 411 276
1 3 13
233 60 19 99 238 458 137 286 20 302 228 288 135
1 13 10
338 429 316 337 324 320 159 72 417 334
1 6 8
217 51 124 73 170 2 477 225
1 20 22
181 442 454 478 196 241 149 288 493 169 232 189 282 135 484 334 34 1 294 142 466 38
1 12 18
341 75 152 444 45 455 279 363 406 76 354 409 159 313 459 148 431 495
1 5 6
173 349 481 473 458 343
1 2 15
451 127 236 271 316 182 279 280 256 121 199 218 195 403 252
1 1 20
135 98 208 45 453 249 62 216 107 124 228 316 370 340 31 174 360 490 281 237
1 3 20
493 272 365 137 191 312 381 496 359 118 404 5 372 392 477 39 483 499 143 474
1 6 8
297 432 59 349 424 217 239 333
1 4 4
404 479 313 298
1 7 20
172 124 423 149 316 464 6 215 366 92 413 80 185 341 83 166 247 442 298 28
1 14 7
259 277 421 111 242 193 114
1 17 17
428 291 414 341 63 40 440 394 29 56 236 471 88 318 244 434 214
1 18 25
172 71 230 80 482 30 132 319 247 59 273 415 330 322 245 446 137 99 163 239 395 242 10 189 87
1 14 14
383 354 424 429 268 162 379 466 153 298 475 96 70 314
1 13 11
300 186 231 266 276 453 102 227 48 2 107
1 19 9
308 439 255 392 389 267 353 17 200
1 15 9
334 171 67 105 220 53 225 479 6
1 7 24
284 147 325 199 22 151 486 483 54 412 169 274 382 387 180 80 129 233 290 288 434 331 133 95
1 5 20
473 204 118 266 469 460 221 237 135 325 420 80 31 178 461 464 428 271 199 335
1 16 6
438 31 259 269 276 455
1 7 22
388 96 36 234 357 48 390 463 153 56 262 342 223 175 185 119 442 425 333 181 404 326
1 5 2
136 423
1 20 4
380 434 348 296
1 14 6
303 433 138 297 414 80
1 8 18
102 484 444 58 121 397 45 359 355 196 97 13 135 239 367 374 147 57
1 8 6
11 373 481 256 68 343
1 6 9
80 235 295 50 204 69 448 244 114
1 8 9
116 448 453 317 129 11 312 13 349
1 6 15
85 386 366 41 48 217 227 206 71 89 138 379 14 262 497
1 5 20
273 314 372 394 46 86 72 387 2 36 479 414 197 74 295 296 349 181 371 415
1 18 12
299 150 90 106 5 36 15 372 54 40 292 429
1 14 17
108 77 384 18 13 76 190 357 210 22 196 170 478 388 233 120 247
1 2 5
5 428 483 108 447
1 16 23
180 140 212 156 109 355 472 369 264 260 435 292 81 116 153 416 105 169 453 336 229 436 111
1 18 4
433 16 19 204
1 20 14
223 14 352 44 418 9 7 48 449 368 5 83 64 232
1 7 23
366 43 265 6 164 347 386 210 426 359 236 472 351 8 53 49 193 271 257 208 452 300 303
1 6 10
153 127 232 5 66 397 74 272 407 331
1 4 6
386 272 150 339 52 178
1 18 20
434 170 394 479 183 423 356 309 327 69 231 31 481 139 5 253 408 480 311 155
1 18 2
142 373
1 10 25
393 171 273 343 211 156 91 188 70 335 190 449 26 112 186 117 83 372 154 168 30 498 253 197 18
1 7 14
336 407 467 36 394 410 425 458 211 439 121 117 183 25
1 19 13
362 64 147 119 461 284 39 279 154 128 381 186 2
1 9 13
274 257 103 184 382 340 314 291 268 139 379 413 396
1 19 6
17 62 466 217 157 142
1 7 17
246 62 357 393 35 67 150 131 202 120 56 449 69 25 9 380 28
1 4 11
18 296 289 133 45 268 443 40 294 329 494
1 15 4
356 354 450 432
1 12 16
291 300 419 62 167 254 450 354 23 240 150 102 160 88 366 105
1 8 6
288 385 148 114 54 416
1 9 20
278 447 14 440 249 51 450 369 17 377 289 456 221 443 236 323 383 319 276 6
1 16 15
38 479 251 55 170 190 89 354 339 356 409 401 336 439 435
1 9 2
489 420
1 15 13
44 188 175 351 411 270 163 103 180 366 195 28 181
1 3 24
256 372 195 449 456 103 30 438 42 414 451 434 274 114 376 71 277 134 37 69 386 49 130 375
1 20 9
236 245 125 273 286 263 468 194 493
1 6 3
29 286 38
1 3 11
315 50 347 219 483 147 392 360 481 92 132
1 9 12
62 237 59 177 124 79 234 438 321 142 469 179
1 14 18
251 365 107 87 262 0 89 499 462 482 34 229 140 73 269 480 441 283
1 18 13
498 126 448 176 26 361 499 253 86 359 418 105 419
1 17 15
457 10 446 401 203 64 114 352 53 345 188 212 59 492 272
1 12 17
343 438 5 115 89 261 305 136 363 4 479 242 63 432 423 30 356
1 19 14
304 213 162 483 451 385 366 1 22 246 214 498 198 440
1 17 12
465 485 197 195 273 163 27 68 34 422 404 216
1 2 4
224 72 391 121
1 2 18
479 170 150 324 386 351 176 254 140 256 199 306 389 251 183 94 37 366
1 4 3
268 251 254
1 20 18
83 39 301 34 267 195 408 433 199 475 90 3 371 11 366 164 124 323
1 10 16
341 293 153 268 46 435 411 190 22 472 223 166 81 266 140 18
1 3 22
314 384 173 467 393 50 379 392 164 153 362 419 142 304 412 57 424 430 102 385 39 187
1 17 7
468 308 102 46 399 302 56
1 17 24
97 272 343 193 174 159 196 477 35 408 271 479 368 440 109 108 364 302 414 281 175 112 294 247
1 9 22
356 426 81 199 68 376 327 205 417 373 171 29 226 234 338 211 195 264 277 227 98 130
1 7 15
86 75 261 218 444 29 217 69 288 228 170 319 259 393 191
1 10 13
159 180 172 176 182 219 87 494 162 204 158 460 290
1 8 5
422 284 258 168 144
1 8 11
360 103 443 442 35 370 142 140 251 23 193
1 8 21
56 349 78 276 1 39 107 150 441 231 180 158 11 25 43 255 196 149 305 171 103
1 18 20
377 67 442 147 145 437 123 176 167 220 364 205 144 371 59 289 165 60 185 53
1 11 15
306 407 267 396 160 147 457 128 143 220 494 225 154 137 335
1 5 18
455 471 246 28 106 402 413 429 374 171 180 44 410 368 343 203 238 304
1 15 23
472 45 483 160 413 235 0 385 175 196 248 266 423 454 420 319 305 332 172 311 492 282 391
1 12 2
300 172
1 19 23
52 475 233 366 435 86 39 494 66 181 279 305 148 132 498 74 124 94 313 89 391 96 85
1 6 12
35 350 492 383 490 404 139 180 328 84 312 125
1 18 3
216 424 223
1 1 18
75 297 67 107 139 361 81 396 185 106 442 338 447 286 477 205 61 334
1 10 23
268 76 415 258 358 62 398 232 187 484 280 308 478 219 359 300 311 11 335 498 209 41 185
1 2 20
244 407 367 404 61 173 267 26 450 242 409 179 222 482 160 321 446 96 438 351
1 6 19
145 447 341 427 104 349 40 313 309 197 498 16 438 336 113 460 6 175 27
1 18 23
484 26 33 396 41 416 14 4 68 172 324 25 1 366 465 419 498 53 47 425 223 467 456
1 11 11
268 243 495 201 494 301 394 451 248 322 45
1 6 20
265 278 391 344 441 361 46 359 431 398 206 110 185 2 465 44 54 145 188 285
1 3 21
10 232 145 164 50 68 395 179 399 409 364 351 413 397 96 330 129 187 333 470 67
1 19 12
379 47 298 318 389 474 313 99 345 14 244 283
1 10 4
32 152 357 450
1 17 22
470 176 189 357 266 400 4 299 253 117 469 44 416 415 434 42 77 394 76 412 288 250
1 19 8
476 191 141 157 42 401 453 67
1 1 21
174 104 166 481 257 373 76 130 348 413 486 68 410 185 279 381 61 13 309 439 244
1 13 21
394 374 111 464 80 255 321 93 460 149 303 358 148 128 389 350 298 320 233 346 181
1 18 6
313 482 309 315 355 419
1 5 4
163 391 360 107
1 9 17
448 277 21 81 417 492 497 211 69 415 455 389 401 410 242 132 166
1 14 3
197 392 232
1 7 7
79 288 410 448 183 256 40
1 7 15
455 246 130 102 312 470 286 456 318 426 341 155 113 202 384
1 19 15
352 195 346 297 460 43 137 34 153 278 201 227 416 215 179
1 17 24
73 209 414 349 281 157 417 340 253 137 261 448 148 491 288 94 445 460 24 339 311 387 257 498
1 1 13
115 143 271 428 255 234 68 173 232 385 464 281 308
1 11 4
448 193 349 316
1 2 10
336 217 354 319 79 227 232 466 359 40
1 16 9
447 323 183 477 83 29 380 55 150
1 12 3
325 21 102
1 11 24
145 107 169 288 381 32 473 115 382 207 233 366 486 313 16 415 296 235 225 362 158 427 311 184
1 1 2
334 483
1 12 19
213 192 303 265 292 299 31 155 373 76 280 93 295 245 54 247 218 282 296
1 9 21
282 340 276 70 192 256 496 236 235 26 498 169 388 240 330 167 181 443 485 298 413
1 6 24
445 381 459 494 20 354 84 452 49 468 90 94 245 363 99 322 17 124 282 333 453 168 387 196
1 4 2
11 183
1 12 7
388 105 115 382 272 476 425
1 9 19
358 292 96 234 492 434 466 15 204 430 69 101 271 263 400 121 185 203 314
1 15 21
368 83 363 328 97 201 0 326 100 37 297 309 374 487 348 164 413 128 71 56 66
1 17 7
15 175 87 337 309 485 88
1 12 8
167 398 271 312 422 384 67 132
1 13 11
5 351 362 170 107 317 86 159 85 466 292
1 6 9
387 368 313 104 155 141 276 386 138
1 7 23
107 75 88 435 306 481 475 171 234 57 192 98 389 356 430 437 37 74 381 454 493 325 370
1 1 23
293 353 151 365 467 430 173 402 117 457 23 345 216 428 383 15 43 437 194 86 268 240 205
1 12 4
499 136 368 157
1 4 19
372 9 24 71 63 474 270 82 437 142 487 87 347 1 135 378 45 292 68
1 16 21
403 159 260 78 28 255 256 379 385 205 165 342 375 338 286 269 27 88 129 432 408
1 10 12
420 229 438 462 359 201 67 350 262 437 461 170
1 18 5
25 100 356 442 383
1 20 14
51 455 37 310 254 221 218 434 321 302 440 15 90 24
1 19 23
325 323 230 463 238 387 306 128 359 353 474 364 193 293 68 498 436 210 380 142 425 414 216
1 15 16
189 143 289 284 371 178 10 170 179 163 450 103 44 330 136 37
1 5 20
379 421 139 382 331 378 393 50 400 33 249 122 154 27 88 222 21 85 425 266
1 7 16
105 400 91 93 142 379 258 235 364 56 1 162 310 418 27 82
1 10 12
247 45 37 57 115 403 314 84 262 481 468 255
1 17 9
232 338 171 423 54 470 220 420 211
1 14 20
62 350 210 465 391 390 43 57 251 261 54 362 177 65 294 94 292 345 418 276
1 15 23
35 391 494 416 281 301 234 360 60 22 275 280 399 318 344 167 311 194 427 86 67 286 347
1 15 25
321 283 396 258 198 295 4 145 359 377 94 309 235 11 215 97 154 275 57 6 186 282 301 304 392
1 9 8
136 182 147 466 217 33 346 23
1 10 22
280 498 304 360 35 149 349 220 240 254 62 342 134 325 165 79 491 384 249 23 2 241
1 20 4
423 168 443 55
1 13 6
181 417 8 427 199 327
1 3 12
193 346 280 136 64 184 16 314 78 272 274 24
1 17 8
128 498 93 76 235 62 191 483
1 15 13
431 229 182 8 69 312 386 310 21 16 111 406 410
1 20 17
323 1 389 216 55 318 32 362 460 275 41 25 375 239 281 172 276
1 2 10
320 12 76 221 456 214 68 288 428 169
1 11 23
72 440 186 70 81 158 249 225 381 61 463 141 353 272 433 383 53 407 14 77 378 55 369
1 4 24
363 111 106 368 479 176 296 227 49 484 256 28 16 390 209 72 388 170 172 188 124 428 430 392
1 8 19
386 213 22 290 172 139 310 472 491 217 85 2 192 300 156 269 188 490 457
1 13 25
115 164 316 175 493 245 67 261 415 201 82 352 453 407 15 379 443 347 310 76 260 269 163 16 281
1 9 11
276 185 402 238 183 24 489 189 456 320 331
1 1 8
402 203 456 149 60 409 412 389
1 18 11
405 463 25 19 128 476 257 261 246 400 185
1 19 21
476 279 221 487 33 314 313 363 258 430 399 91 176 345 427 273 190 76 95 437 132
1 13 2
101 84
1 14 21
264 447 105 66 103 228 431 357 13 485 275 159 347 456 155 82 72 87 214 450 211
1 20 3
296 295 340
1 17 6
384 490 408 313 345 318
1 15 19
491 141 134 374 224 395 429 452 378 343 236 215 499 398 400 248 390 226 464
1 20 17
123 411 207 356 427 158 445 54 499 69 367 208 256 432 409 290 390
1 1 6
69 429 464 492 198 431
1 7 6
137 373 382 224 77 97
1 13 4
389 169 394 8
1 14 10
198 443 363 39 390 254 169 284 43 140
1 6 10
420 321 67 127 401 175 117 424 216 21
1 7 24
188 150 273 200 485 0 5 458 484 209 243 15 225 416 366 492 138 78 14 422 81 269 108 35
1 13 14
288 457 356 79 474 338 389 291 56 191 268 106 232 46
1 18 11
225 241 447 140 262 46 121 308 177 98 205
1 6 25
442 50 103 153 261 166 73 70 224 180 90 63 111 242 498 445 159 486 27 169 118 208 237 4 420
1 4 8
468 164 434 54 228 290 466 374
1 19 23
465 111 291 451 228 129 43 377 461 279 492 337 91 236 326 435 493 293 267 475 83 108 272
1 18 8
151 53 64 477 409 2 171 132
1 6 3
419 137 349
1 1 21
16 202 325 141 421 199 380 28 23 43 132 373 232 172 46 243 57 101 196 470 258
1 16 9
73 200 188 153 385 55 258 163 80
1 11 15
102 474 61 117 194 226 426 250 8 232 39 120 59 177 411
1 10 14
325 233 467 162 337 227 495 225 241 22 331 311 147 484
1 3 23
227 32 222 64 385 362 45 414 298 311 263 41 290 14 80 400 272 116 437 142 406 240 273
1 16 11
400 118 23 75 209 200 161 371 205 235 63
1 8 15
215 323 216 370 403 327 369 270 334 439 91 337 186 291 430
1 18 2
432 128
1 4 18
348 236 166 33 332 163 262 331 481 86 336 487 251 298 433 446 162 373
1 20 10
169 9 420 50 222 406 131 64 457 65
1 14 14
301 163 121 264 100 1 166 245 195 24 126 294 37 462
1 7 2
431 440
1 17 17
187 310 480 490 219 332 112 340 335 1 408 214 126 370 107 264 459
1 7 15
191 259 65 204 179 379 213 370 83 281 115 403 225 137 158
1 15 25
405 293 379 151 159 169 60 191 66 486 55 58 116 164 85 130 99 283 414 273 183 380 239 207 21
1 9 20
210 245 329 135 163 121 74 445 96 435 167 357 208 25 29 127 165 213 404 214
1 19 11
261 129 216 480 75 7 68 374 43 470 437
1 5 10
467 396 239 322 123 187 118 379 87 241
1 10 6
481 69 100 173 141 336
1 10 18
256 75 472 257 353 94 193 368 34 81 19 430 290 224 465 208 320 84
1 13 11
497 175 183 234 392 236 74 25 29 406 228
1 20 12
444 247 69 498 206 451 127 416 4 166 187 404
1 18 15
211 441 108 338 343 229 127 60 381 213 46 348 68 335 25
1 16 14
84 36 457 219 289 354 427 46 463 373 366 220 258 55
1 6 17
235 493 200 258 377 299 357 20 325 165 188 496 84 180 236 410 307
1 5 22
206 54 239 221 262 72 172 264 228 472 294 477 442 489 176 162 427 381 267 46 385 273
1 11 8
356 376 280 38 77 425 293 159
1 18 10
497 359 235 18 307 428 88 62 119 1
1 15 25
179 452 419 176 164 403 58 88 380 225 201 485 291 251 63 312 189 384 496 371 481 131 434 127 275
1 4 17
341 179 80 195 455 51 485 493 406 216 206 176 4 222 353 115 124
1 18 2
231 220
1 14 6
100 487 122 178 48 214
1 6 8
464 355 412 255 399 493 322 335
1 20 3
191 356 199
1 5 12
163 114 271 400 100 445 210 416 442 21 197 306
1 3 9
395 383 479 380 89 197 425 313 342
1 12 9
467 199 369 120 75 456 405 408 404
1 14 14
68 152 69 429 47 118 328 431 136 147 406 155 29 18
1 16 11
315 119 16 214 36 331 113 109 383 88 344
1 3 10
151 347 169 31 19 339 281 26 247 307
1 9 10
66 68 291 125 464 202 315 449 173 101
1 16 8
419 39 477 16 426 129 382 55
1 11 20
309 241 99 363 471 8 43 481 178 186 385 237 18 221 34 148 474 401 10 191
1 7 19
189 267 232 331 104 15 471 323 8 178 58 296 289 254 298 44 475 269 28
1 7 5
306 73 307 367 170
1 7 11
489 389 268 449 234 493 58 324 238 326 176
1 2 22
433 259 121 9 334 464 215 154 353 233 484 192 495 198 47 209 174 335 422 296 278 426
1 11 24
193 125 287 66 145 456 261 414 62 468 438 401 333 227 163 308 36 229 88 129 226 404 52 223
1 15 10
384 73 286 266 232 124 295 448 91 114
1 9 17
354 82 261 497 223 432 188 454 447 178 257 44 322 448 166 25 386
1 13 19
243 458 195 8 111 232 238 148 198 175 129 400 268 401 128 133 331 463 431
1 13 22
243 315 466 175 30 240 403 66 22 344 182 416 396 212 238 192 40 431 104 266 59 494
1 1 18
342 79 101 331 418 364 73 209 366 326 142 216 439 233 302 432 307 215
1 1 7
291 221 217 23 196 200 340
1 1 11
42 349 129 494 455 473 489 428 472 214 437
1 20 20
404 295 120 303 131 469 475 478 132 291 52 96 417 246 174 314 245 440 462 35
1 8 15
312 442 378 269 3 29 230 83 483 297 5 60 434 267 231
1 19 8
147 260 360 372 341 121 208 110
1 17 13
220 364 194 137 31 123 112 358 453 310 237 471 51
1 17 11
9 204 33 89 402 436 225 218 125 333 132
1 17 16
227 100 480 96 204 374 379 112 5 175 145 26 102 253 335 224
1 17 14
417 20 191 327 315 53 56 189 411 267 197 219 446 281
1 4 15
126 255 252 34 74 257 59 204 278 117 170 184 498 1 344
1 13 13
484 114 394 105 205 89 47 458 137 469 267 131 200
1 15 12
426 119 347 27 51 275 1 205 124 297 225 325
1 1 18
210 362 253 335 24 291 140 267 87 225 106 62 409 381 40 50 22 448
1 11 10
471 143 282 9 200 162 83 338 53 23
1 8 12
480 372 291 261 104 461 153 55 34 341 417 311
1 9 2
425 39
1 17 17
294 221 239 15 491 192 363 176 447 291 60 0 29 433 288 307 203
1 10 7
238 121 376 201 231 351 160
1 7 5
173 101 290 21 379
1 12 17
475 0 415 309 413 68 468 44 171 272 216 454 95 164 121 274 165
1 18 16
407 405 380 47 459 307 113 136 23 410 119 323 173 496 186 193
1 2 17
363 423 357 79 130 474 238 113 139 27 274 257 305 466 396 221 495
1 2 6
249 115 88 114 239 309
1 10 7
405 245 336 111 67 234 284
1 3 16
73 83 414 247 186 370 42 336 229 259 281 278 488 109 218 5
1 3 12
387 174 269 30 341 406 137 432 319 459 49 370
1 15 25
69 107 435 194 401 453 235 173 496 150 263 23 67 399 158 427 246 227 397 71 373 193 188 252 361
1 12 8
315 92 9 33 491 4 383 60
1 2 18
84 3 94 116 215 184 303 348 85 427 238 359 43 467 97 378 82 272
1 20 13
338 419 418 101 94 282 183 215 268 373 476 69 256
1 19 13
361 482 455 137 2 142 322 104 80 256 231 128 6
1 1 6
291 287 319 369 64 257
1 4 20
196 57 327 318 152 140 448 347 273 390 0 95 324 378 412 393 296 179 195 12
1 5 3
98 386 383
1 6 25
306 364 383 295 236 139 42 77 207 479 435 332 405 482 311 431 28 72 182 133 319 287 276 240 486
1 17 11
376 203 33 286 484 220 233 63 180 221 138
1 2 2
146 187
1 11 17
400 18 100 186 87 244 419 259 480 54 189 451 382 185 235 476 498
1 10 17
437 235 168 462 52 56 400 177 442 147 112 68 34 363 156 50 472
1 15 2
368 175
1 5 6
287 376 141 446 85 344
1 1 8
89 345 305 491 353 96 173 200
1 3 4
186 334 126 474
1 7 9
92 387 480 409 50 171 379 37 359
1 6 21
162 53 323 387 92 335 145 495 266 421 63 20 466 332 234 408 428 419 438 154 25
1 15 22
345 381 259 480 332 274 221 87 369 347 115 440 366 101 167 305 432 209 31 14 402 226
1 6 6
358 58 156 438 191 468
1 4 22
16 36 383 19 282 454 50 119 279 458 199 477 79 266 161 215 310 147 336 211 412 98
1 15 7
441 133 409 6 175 490 491
1 17 8
372 93 324 268 191 211 197 140
1 5 18
74 184 196 47 70 247 115 239 445 410 455 187 167 411 478 105 307 286
1 16 25
297 497 432 89 238 47 417 336 95 137 293 359 376 157 439 143 58 39 415 25 481 225 117 278 390
1 12 12
151 442 165 334 346 218 209 109 35 238 354 292
1 1 18
442 30 89 467 8 200 105 367 169 410 71 466 251 383 293 108 468 272
1 3 22
184 435 153 265 77 288 219 451 268 372 18 99 44 321 423 415 145 154 324 383 91 359
1 11 14
351 124 226 37 486 92 281 420 280 88 492 366 360 407
1 8 10
452 293 457 141 360 15 437 48 14 11
1 11 6
183 5 182 292 216 142
1 9 19
54 11 59 347 260 190 30 226 424 88 44 85 456 393 428 467 249 330 276
1 3 10
447 154 203 368 410 489 152 464 230 214
1 14 16
85 288 51 444 89 422 492 487 299 275 239 145 237 247 403 364
1 3 9
30 477 292 282 459 33 199 24 337
1 15 10
43 184 115 13 201 141 128 380 339 474
1 1 22
465 239 259 287 219 390 277 326 249 70 214 311 496 309 61 350 299 122 272 46 315 207
1 15 4
348 89 204 99
1 2 24
405 364 91 62 51 38 370 8 198 378 101 488 395 184 453 349 45 480 137 158 479 106 9 297
1 8 3
236 402 386
1 11 6
439 10 54 239 447 35
1 20 10
378 49 393 54 417 290 203 230 357 42
1 16 3
83 354 275
1 7 2
499 497
1 6 23
178 51 126 356 310 166 430 358 348 133 493 41 116 77 254 264 10 247 469 312 275 219 15
1 6 24
210 390 119 341 189 386 342 208 470 35 101 487 177 438 191 249 313 294 135 109 359 317 333 59
1 15 20
274 466 228 407 270 392 488 478 136 385 235 250 210 178 369 388 329 105 162 410
1 13 25
260 387 213 411 286 427 392 368 267 100 226 329 229 34 192 360 266 3 488 491 245 363 463 61 297
1 10 19
264 254 328 191 249 194 6 240 475 48 289 297 19 215 416 296 257 467 34
1 11 5
269 47 325 198 186
1 17 15
330 357 11 134 13 210 188 160 497 48 177 390 169 435 63
1 17 21
232 368 458 367 280 492 282 140 444 431 416 133 179 194 93 180 470 487 135 197 255
1 8 20
326 106 219 496 251 36 227 377 220 149 115 180 206 408 64 202 52 484 37 434
1 12 3
263 133 240
1 19 10
197 432 251 320 35 380 17 254 279 225
1 16 6
361 197 353 55 91 156
1 18 4
371 366 201 128
1 2 18
262 497 380 260 105 128 97 247 274 221 320 83 23 155 58 73 143 48
1 20 6
201 32 331 245 441 220
1 12 16
101 306 335 38 323 17 120 20 489 174 315 56 351 308 76 487
1 12 12
101 84 355 11 56 99 441 114 179 79 362 98
1 12 25
21 379 417 487 412 70 184 38 492 347 213 74 428 8 459 421 133 430 192 158 374 313 273 185 405
1 3 14
471 180 292 241 148 432 42 396 28 91 340 324 479 58
1 6 12
91 15 311 375 238 110 439 419 72 8 128 154
1 17 16
475 238 68 55 408 49 38 462 222 81 176 271 301 256 214 320
1 10 9
498 264 1 468 208 221 288 442 323
1 15 22
351 122 472 201 433 451 300 253 63 212 1 308 382 367 217 153 188 234 272 447 324 241
1 14 13
54 257 224 103 172 86 273 481 315 226 138 182 45
1 10 9
223 315 487 258 405 490 163 328 43
1 3 5
455 256 394 53 46
1 15 7
319 392 65 416 233 260 422
1 1 4
406 257 94 459
1 7 11
343 194 378 59 413 94 222 434 329 63 364
1 9 15
293 444 332 376 73 8 300 478 188 402 139 426 63 83 129
1 15 4
221 236 334 298
1 15 10
30 474 61 290 356 330 41 300 352 294
1 13 11
366 212 56 330 389 483 404 7 175 269 244
1 11 22
38 234 215 466 326 194 332 29 275 312 372 213 365 496 310 268 74 191 156 290 351 150
1 10 15
99 140 474 210 223 320 150 157 161 421 195 484 9 290 107
1 14 17
464 0 242 70 204 79 128 491 442 294 295 53 239 436 135 11 69
1 11 18
427 91 172 179 39 416 5 432 359 461 65 160 429 184 401 491 405 352
1 1 11
376 21 250 315 12 121 409 51 196 195 327
1 8 3
225 184 489
1 13 11
406 345 424 102 181 275 223 430 236 414 487
1 19 23
362 184 348 62 215 183 431 419 181 78 254 94 308 56 73 170 121 130 288 418 342 235 306
1 7 3
355 158 498
1 1 24
135 178 404 493 417 29 441 179 85 206 306 145 143 380 37 251 279 426 326 362 350 98 177 222
1 20 4
106 343 214 444
1 19 6
111 99 1 236 239 20
1 18 17
488 273 229 175 126 356 134 61 293 48 187 17 182 199 424 14 365
1 7 12
427 255 64 33 452 261 383 165 275 480 283 103
1 2 13
222 228 442 218 36 283 157 35 458 424 138 22 34
1 20 5
340 260 224 476 127
1 12 13
318 99 160 16 145 419 298 337 58 415 168 216 202
1 11 23
353 264 115 275 161 167 256 443 474 368 197 347 356 449 488 230 19 319 156 391 459 106 441
1 11 10
132 65 417 150 434 388 249 95 247 194
1 15 10
27 415 491 169 293 179 408 145 276 64
1 19 18
464 232 186 459 418 401 470 471 46 320 267 174 328 167 25 40 247 264
1 6 14
357 252 273 172 155 340 315 461 159 288 170 381 107 490
1 18 25
160 499 84 227 434 191 397 301 369 330 475 383 77 31 104 233 416 135 273 188 371 324 379 11 17
1 4 3
284 448 213
1 6 6
412 79 124 316 401 398
1 3 3
216 401 55
1 14 12
279 359 345 338 87 217 322 284 494 109 420 93
1 7 8
351 399 329 42 52 307 469 318
1 16 8
237 387 248 481 429 490 313 445
1 7 17
2 308 246 22 388 261 177 435 418 216 287 172 270 23 122 35 139
1 11 15
406 131 401 130 498 98 347 383 418 322 238 286 370 373 314
1 11 16
184 280 322 69 161 219 1 103 264 468 190 117 443 91 266 193
1 6 3
407 245 196
1 9 12
332 92 119 104 141 225 291 372 205 60 316 221
1 3 21
314 102 353 233 477 113 71 218 271 355 68 441 422 490 471 4 390 491 481 450 92
1 5 13
408 428 225 7 9 471 335 155 202 398 180 259 309
1 4 8
293 186 199 8 6 443 412 16
1 3 4
403 304 318 106
1 14 19
171 112 122 81 323 356 213 449 217 21 113 422 90 478 6 464 154 319 240
1 11 6
60 279 6 95 184 180
1 20 6
402 61 202 398 211 175
1 20 4
37 64 290 294
1 20 24
166 178 275 467 191 257 167 302 449 96 45 109 31 162 237 462 194 220 53 381 97 441 125 105
1 18 6
162 418 258 445 463 283
1 16 22
259 270 3 462 455 359 134 240 223 281 319 379 65 356 82 406 175 50 360 29 153 167
1 18 23
175 307 342 385 410 371 327 170 476 466 276 363 38 434 489 314 356 133 106 97 478 225 397
1 3 21
345 232 68 130 498 422 449 24 64 460 352 205 479 177 37 399 361 185 86 259 453
1 1 19
454 345 461 53 254 257 417 256 16 102 348 444 294 434 426 4 477 51 493
1 7 17
344 68 103 332 249 347 117 444 118 155 328 125 428 247 479 225 487
1 17 19
193 236 488 450 362 416 173 190 137 107 118 492 447 351 116 158 163 378 12
1 16 18
278 456 230 108 373 477 467 50 248 391 79 488 64 323 172 375 369 62
1 6 21
199 185 371 342 292 145 25 168 403 240 397 387 65 269 439 413 223 57 253 281 291
1 8 24
178 404 323 20 435 365 387 349 206 171 282 332 420 49 386 406 370 468 100 39 18 351 67 309
1 7 23
67 357 447 485 338 35 201 408 202 271 116 489 172 122 356 0 9 349 340 168 16 175 243
1 6 6
269 455 86 13 171 160
1 17 18
489 451 139 112 194 144 313 36 381 258 56 143 464 58 249 6 484 225
1 10 3
42 281 341
1 11 23
265 25 398 269 397 420 102 394 320 294 246 339 328 164 464 463 445 267 14 307 304 119 87
1 11 3
134 491 249
1 7 2
9 121
1 11 2
391 152
1 1 18
357 265 259 412 215 315 494 300 125 293 294 188 4 12 7 44 393 111
1 17 22
266 286 113 6 358 262 186 168 461 375 334 185 398 491 138 0 344 216 184 309 271 133
1 10 18
34 387 98 175 179 499 466 253 110 204 26 56 370 245 82 174 214 108
