500 2500 775
14 13 30 30 13 28 18 11 16 19 4 28 20 28 28 12 29 2 28 25 5 9 10 12 27 3 25 7 9 19 1 24 27 19 30 7 4 16 7 4 25 14 25 17 7 28 12 11 12 30 2 28 29 2 13 8 10 27 24 28 8 24 23 13 29 4 12 25 23 28 23 22 24 7 11 29 1 19 17 19 18 30 10 9 22 19 25 17 9 12 22 24 25 25 19 22 26 4 16 7 3 26 4 25 25 18 20 26 6 7 21 20 10 10 22 22 28 13 2 29 4 8 29 27 5 22 30 10 21 14 6 9 4 8 2 26 29 3 1 15 10 17 18 6 19 30 4 30 3 21 30 3 1 19 26 1 11 28 7 29 29 7 7 23 26 14 27 29 18 11 21 17 25 6 6 7 14 20 23 20 4 2 29 22 4 13 8 3 22 21 10 9 18 20 13 7 30 18 5 4 17 23 15 3 29 12 6 12 15 24 28 4 11 25 1 5 18 13 16 14 2 17 2 17 19 10 19 29 8 3 24 14 9 19 11 1 5 1 21 8 14 20 21 19 23 27 12 21 26 27 12 21 12 13 25 20 4 13 22 8 30 15 22 27 9 27 20 16 17 8 11 26 8 8 12 13 7 22 24 7 4 28 11 16 20 30 10 25 22 11 9 2 20 8 26 21 26 13 4 6 10 15 5 23 23 6 7 21 19 30 4 20 15 13 17 22 8 3 18 4 9 11 26 7 11 15 23 19 27 13 9 7 11 18 25 2 3 19 23 2 17 14 15 6 21 7 14 1 5 30 10 30 14 3 30 19 23 28 20 6 21 12 27 10 26 22 30 4 4 30 20 26 26 21 30 23 28 11 14 21 1 16 13 14 1 5 25 9 30 22 30 30 21 8 14 1 8 10 11 25 1 19 8 8 18 4 1 10 14 16 6 30 6 2 19 27 11 3 25 30 1 28 2 6 10 1 8 16 27 25 17 9 14 20 28 23 11 27 7 14 6 10 2 3 1 6 30 15 12 7 21 23 29 24 15 8 23 18 16 6 15 1 14 14 30 18 17 21 16 25 23 15 16 5 20 6 17 20 10 25 18 12 22 29 1 27 8 15 2 28 19 16 16 12 26 28 12 13 23 16
1 21 23 10 12 6 4 15 15 23 25 26 23 20 9 5 8 6 19 27 4 5 5 21 20 19 7 17 18 7 6 10 28 4 19 9 9 20 25 28 16 24 28 13 27 21 28 21 5 25 14 13 19 10 18 9 5 8 17 2 24 21 15 17 14 24 19 10 19 6 21 11 15 14 8 1 18 9 21 7 10 4 15 4 24 30 29 13 22 25 25 16 3 11 7 7 11 20 4 5 4 7 12 7 3 8 9 3 12 13 17 15 28 28 27 27 12 16 5 3 28 18 3 17 15 18 10 21 9 1 3 5 3 11 9 25 12 15 29 8 26 21 19 29 17 16 30 9 16 27 2 4 21 25 3 11 9 8 9 26 13 10 17 3 1 23 12 14 29 5 27 28 22 4 26 28 22 4 25 14 18 10 22 19 6 13 6 27 24 11 4 3 4 3 10 25 4 16 21 29 12 19 20 10 21 11 12 3 10 29 7 14 12 20 7 11 10 26 28 3 25 1 12 30 4 27 2 1 11 3 7 7 25 24 22 27 3 16 23 19 4 19 10 10 16 19 28 25 7 25 13 3 20 29 27 20 2 15 25 19 15 13 10 2 18 2 4 12 14 13 1 4 26 27 28 27 29 15 26 14 5 22 3 13 14 6 10 13 18 24 18 17 16 13 23 3 8 7 30 8 16 14 13 5 10 30 6 29 1 12 6 22 11 25 21 14 27 28 11 26 29 8 16 13 20 13 29 5 22 20 12 15 10 15 3 2 21 26 10 23 23 9 28 30 14 16 6 20 16 17 15 4 4 16 4 7 24 3 16 27 20 10 21 22 30 29 23 11 24 15 9 15 30 5 21 25 27 11 21 17 1 6 7 19 10 2 25 23 6 18 13 20 26 30 9 20 27 30 17 24 6 20 21 13 10 2 7 14 18 19 3 6 16 19 8 18 26 18 16 17 16 18 25 7 19 2 12 5 3 22 28 8 23 1 4 28 10 11 24 17 28 13 18 20 2 11 2 22 25 17 6 14 26 13 2 18 6 24 4 9 13 27 22 18 8 9 21 28 11 30 16 29 11 20 21 6 27 21 15 4 1 2 30 24 13 13 6 27 16 20 27 22 2 3 15 28 19 18 26 15
2 1 7
203 147 137 133 495 387 39
1 15 6
212 73 247 494 225 274
3 16 8
249 149 370 327 30 189 148 173
1 17 5
237 362 240 442 244
4 11 6
166 34 479 461 462 472
2 14 5
68 211 189 154 415
6 15 10
394 453 37 152 338 468 54 13 1 10
2 10 7
92 27 30 398 152 20 447
1 18 9
186 251 390 477 496 410 497 102 385
1 19 2
432 93
5 2 10
148 384 493 391 492 406 296 469 229 44
2 4 5
456 471 302 134 245
6 15 9
190 254 90 144 22 212 291 67 146
4 5 10
225 30 361 418 13 77 219 12 171 402
1 3 4
40 419 355 459
1 11 2
230 22
1 19 2
138 173
4 20 9
260 181 84 449 77 403 318 241 213
1 18 3
499 437 185
3 8 7
67 111 458 95 257 380 235
4 5 7
299 432 469 426 369 95 328
2 12 3
235 370 36
2 13 10
460 456 183 425 81 103 481 263 429 371
3 12 8
408 64 427 56 422 444 148 484
6 8 10
43 334 339 81 143 205 7 348 494 263
1 11 4
253 444 204 151
4 14 6
455 353 148 95 296 219
4 8 7
1 278 483 37 219 46 33
2 14 5
391 73 162 308 434
1 2 3
83 280 278
1 13 6
453 382 305 326 464 458
5 17 8
138 167 470 42 391 294 189 228
1 12 9
259 317 49 72 86 489 330 10 469
1 3 4
253 259 393 336
1 10 2
378 91
3 19 5
24 166 265 342 167
6 3 10
137 158 4 344 33 455 146 257 115 349
4 12 10
233 395 137 56 51 288 164 8 368 464
4 2 9
65 498 272 18 358 11 56 352 450
1 7 9
308 160 401 16 454 312 181 152 21
5 3 8
263 330 198 239 290 80 192 209
2 13 4
407 362 2 282
3 3 6
298 490 309 394 196 16
4 11 9
342 41 415 259 400 293 427 162 147
5 3 9
393 29 370 342 232 382 191 104 407
3 14 6
239 320 244 155 167 343
1 6 2
313 295
1 15 2
130 395
1 16 7
57 329 334 336 498 380 223
2 2 7
64 226 284 36 223 49 493
1 12 3
106 224 346
4 12 10
497 175 485 78 237 217 468 93 35 424
2 14 7
395 138 133 96 227 298 105
4 13 6
340 343 251 61 333 63
3 11 6
397 451 307 58 183 86
2 8 3
178 402 459
1 16 2
91 119
2 20 7
479 432 286 73 159 440 208
2 1 10
328 307 444 392 391 113 194 122 311 377
1 1 5
53 470 342 106 86
3 9 9
301 178 275 217 17 272 139 496 425
2 8 9
218 242 311 266 286 191 151 244 95
1 4 8
339 222 200 150 98 390 6 453
2 16 5
433 493 98 157 146
2 7 3
146 335 461
6 8 10
307 347 473 192 5 288 37 351 442 493
1 10 6
24 361 365 366 197 288
4 15 7
34 373 40 107 299 383 191
1 4 2
173 158
3 7 10
124 491 311 475 173 327 435 373 231 205
2 15 7
243 258 438 83 419 332 236
3 16 5
329 298 299 438 432
4 12 8
232 332 282 220 79 17 422 415
1 15 2
266 351
5 8 10
417 268 388 387 341 140 167 103 118 128
4 17 7
411 159 206 286 478 365 426
1 11 4
31 106 17 142
3 2 8
204 481 126 402 471 392 446 130
1 1 4
454 433 328 374
4 15 7
144 452 405 12 0 311 347
2 9 4
198 192 188 190
1 20 5
397 20 383 195 246
1 20 2
436 194
2 2 7
442 473 444 443 307 419 348
3 9 6
92 461 78 368 301 276
4 16 8
125 69 104 173 432 406 297 225
1 1 10
2 0 1 72 222 347 348 131 267 277
2 14 4
438 170 248 300
1 16 6
466 54 350 261 203 109
1 20 3
60 439 151
6 10 10
353 170 223 142 298 219 110 225 141 247
2 14 5
461 77 472 245 415
3 18 5
12 391 197 380 441
3 7 8
479 295 233 256 492 296 147 243
1 3 2
460 192
4 11 10
68 1 46 117 436 435 302 140 195 51
1 17 6
50 58 15 410 461 136
4 15 6
123 98 225 159 76 366
4 6 8
17 327 108 314 44 423 291 407
2 9 6
25 435 497 493 197 419
4 9 7
8 20 83 27 453 268 384
2 17 7
53 170 154 31 438 42 38
1 3 6
154 287 238 164 280 95
2 3 7
98 239 312 375 274 185 379
2 1 3
307 75 414
2 7 6
481 455 321 357 489 400
1 15 3
295 453 478
5 3 9
181 416 16 139 436 453 103 126 397
1 16 2
318 185
1 12 10
119 23 153 15 101 103 267 200 65 423
4 16 8
322 62 383 154 152 435 23 352
1 12 9
386 353 190 116 156 187 442 137 453
1 3 2
406 181
2 2 4
338 458 425 169
4 3 6
66 14 197 278 303 418
4 12 10
383 289 313 133 415 461 51 181 345 16
1 4 3
184 295 475
1 4 2
270 455
1 11 6
261 0 465 157 221 336
6 17 10
297 361 244 178 279 268 171 167 339 399
1 8 7
465 101 443 311 381 251 320
4 16 6
445 199 267 241 208 458
2 8 4
256 249 428 6
2 12 4
74 424 445 461
1 3 3
177 222 97
1 3 2
420 219
3 1 7
375 2 81 270 371 245 372
1 2 3
92 331 212
3 8 8
330 111 35 433 298 232 491 291
1 17 4
470 125 303 360
1 2 3
448 314 128
4 15 7
137 213 454 276 101 433 82
1 20 5
465 382 98 57 178
2 13 5
53 65 481 422 229
4 11 6
234 475 190 32 201 124
4 19 8
333 387 287 295 113 40 155 167
1 8 2
447 22
1 10 2
362 328
3 20 8
493 215 187 212 45 171 16 374
3 17 6
342 193 192 135 444 116
2 10 10
22 203 381 366 335 308 471 417 45 350
2 7 4
247 403 345 352
3 6 10
79 142 485 312 491 400 477 264 141 237
2 2 4
118 244 282 358
4 14 10
11 61 246 233 224 280 396 0 370 486
2 20 6
462 431 52 141 152 274
1 8 2
255 420
4 7 8
399 160 34 213 353 400 134 492
2 18 4
52 400 278 240
2 1 4
269 44 20 66
1 5 3
285 48 345
1 5 3
241 80 161
3 7 5
44 384 313 319 347
1 12 3
264 81 482
2 13 3
99 236 450
1 8 3
409 415 328
3 6 6
101 113 488 120 83 408
2 3 7
229 87 268 12 413 425 126
3 9 6
16 446 341 161 256 24
3 3 9
314 395 333 135 193 377 214 413 209
6 9 9
424 497 412 488 237 457 94 29 390
1 16 2
125 379
2 12 3
419 495 231
4 9 6
172 208 14 477 388 484
2 1 3
439 322 124
1 5 5
164 91 404 193 414
2 5 3
478 9 229
5 11 8
279 327 177 471 91 320 233 306
1 12 2
267 469
3 15 10
462 76 216 498 34 240 376 14 67 302
4 10 10
332 201 176 430 163 14 499 150 104 427
5 20 8
69 238 354 489 314 264 401 1
1 19 2
457 33
6 20 10
480 390 461 173 164 415 465 309 12 335
1 14 3
211 84 332
2 13 8
247 166 294 404 171 88 50 285
4 7 7
371 253 344 76 107 52 279
1 12 2
255 436
2 8 3
427 122 401
2 20 5
11 193 156 319 325
1 17 7
400 95 188 454 360 23 103
5 20 9
206 245 341 405 29 422 79 344 339
4 5 6
89 51 421 329 314 226
5 3 8
224 288 176 390 412 417 208 335
1 14 2
307 185
4 5 8
449 173 133 409 1 110 250 453
4 8 7
94 392 124 113 378 487 244
2 15 10
110 404 10 200 148 460 111 379 91 244
2 16 3
2 164 10
1 14 4
415 275 105 93
3 4 6
395 463 217 269 491 313
1 7 6
329 351 76 349 1 381
1 13 2
113 460
3 18 8
266 197 467 364 473 491 274 220
3 17 5
152 407 235 414 445
5 19 9
46 323 68 460 364 163 306 427 241
2 5 3
294 451 70
2 16 3
384 119 466
2 17 6
279 49 314 231 184 401
1 13 5
255 84 250 0 131
1 12 9
87 446 341 356 26 37 178 324 475
1 18 6
37 216 299 358 240 285
3 19 5
403 317 321 210 455
2 20 4
432 42 402 271
1 15 10
436 177 17 44 347 411 383 302 272 313
2 7 4
352 206 297 34
4 3 7
62 406 90 400 72 481 21
3 2 10
7 299 425 464 121 315 103 236 330 107
2 10 9
465 451 172 287 285 468 253 94 38
2 18 7
343 170 258 456 450 121 191
4 18 9
187 490 11 158 263 46 13 332 412
2 16 3
440 471 285
1 7 3
126 353 85
1 19 8
277 415 295 93 190 101 354 323
1 4 3
224 1 382
1 1 2
24 14
2 12 9
481 207 220 319 53 21 131 206 12
1 15 8
130 8 137 387 368 355 229 451
1 7 5
426 209 66 480 224
4 11 10
369 16 331 459 183 264 31 450 154 15
3 13 7
222 440 247 188 346 447 453
5 14 10
82 434 259 171 68 89 9 307 79 124
1 8 8
141 487 474 250 338 1 177 25
2 6 8
490 231 266 286 435 118 401 302
3 5 9
468 476 424 477 304 434 270 363 194
3 12 8
492 84 310 332 159 166 163 305
1 6 2
412 26
5 10 9
259 431 290 325 31 394 286 467 39
2 20 4
166 362 454 161
1 17 3
196 164 159
1 3 3
335 44 95
3 17 7
33 135 294 299 420 168 456
4 15 8
444 496 401 189 209 365 328 475
2 17 10
127 116 38 249 393 97 442 42 430 139
1 17 6
364 157 375 130 160 185
1 12 2
397 249
1 19 2
404 343
2 13 5
315 101 281 206 150
2 4 5
168 233 372 469 304
2 12 8
207 433 103 271 34 427 17 429
1 18 3
349 191 373
1 14 6
202 495 163 246 362 249
1 20 4
86 300 49 68
1 10 2
421 335
1 18 9
36 472 254 12 94 152 440 233 113
2 3 4
457 291 375 351
1 13 7
422 151 126 324 60 477 163
3 11 7
193 94 163 281 112 5 39
1 8 4
297 482 428 385
2 10 3
237 490 374
4 14 8
162 55 141 133 72 279 391 231
1 13 6
120 416 329 69 375 331
2 5 3
17 60 387
3 18 8
353 213 103 69 288 255 234 153
1 7 2
82 22
3 8 6
404 311 26 150 464 494
1 3 7
469 432 239 77 409 286 302
1 2 9
202 169 29 297 301 242 226 47 347
1 2 10
85 319 210 321 398 472 200 389 44 104
2 20 7
77 484 407 94 434 101 96
3 16 7
473 346 32 286 131 112 452
6 7 9
247 467 203 4 396 262 177 69 287
1 13 7
460 64 178 70 366 2 391
1 17 2
388 334
1 16 9
193 451 9 383 391 342 288 132 275
3 10 10
16 46 243 44 439 85 231 428 209 36
1 12 5
62 109 349 439 106
3 8 6
221 342 379 111 98 456
1 1 3
116 164 84
3 6 6
473 464 488 454 83 142
6 8 9
262 21 197 486 111 135 257 57 159
3 6 7
418 279 344 331 446 291 99
6 15 10
70 354 416 441 467 88 423 100 499 11
1 18 2
105 390
3 19 7
475 364 355 287 57 448 275
3 7 7
64 164 149 486 292 320 262
6 4 10
413 434 230 472 118 102 297 295 23 408
5 1 8
420 246 395 373 297 20 337 165
1 2 2
173 110
5 8 8
105 89 497 243 383 425 372 79
5 3 8
135 373 193 337 325 340 203 407
1 20 9
75 279 223 384 20 224 213 393 446
6 2 9
196 491 314 328 170 372 438 324 103
1 5 2
236 252
1 16 8
489 287 36 351 352 253 361 66
1 2 4
159 352 303 491
2 12 5
225 405 361 492 337
2 7 3
212 441 140
3 20 5
137 375 107 28 47
1 5 2
430 479
1 14 2
141 474
1 11 2
179 18
1 17 4
410 273 193 363
3 20 7
473 408 178 358 460 310 65
2 3 9
396 399 413 318 429 47 97 480 183
1 10 4
321 278 248 110
1 19 6
351 444 408 346 366 86
3 4 7
115 27 293 184 430 284 397
3 17 10
101 393 491 453 170 358 261 188 46 285
1 11 5
377 466 131 82 355
3 10 5
442 232 495 38 391
6 5 10
336 406 160 62 331 77 214 379 378 133
4 5 8
344 449 275 291 22 70 413 476
1 3 9
19 440 53 324 18 237 207 257 225
1 5 4
149 318 438 229
4 14 7
172 315 265 153 333 175 497
1 19 3
166 144 290
2 9 3
401 231 457
2 14 9
271 91 116 318 244 138 291 402 367
1 7 2
0 282
5 12 10
97 135 353 429 193 77 367 174 495 337
3 11 9
7 350 59 147 347 475 338 238 346
4 17 8
63 444 262 322 486 60 241 466
2 2 3
244 176 183
3 15 6
17 483 97 294 438 177
1 9 2
212 381
1 18 10
121 398 265 492 406 480 256 470 438 261
1 1 3
353 187 246
4 12 6
155 159 436 330 438 462
1 8 3
55 194 243
1 9 7
89 64 349 118 217 402 224
2 9 6
351 413 321 136 179 466
1 15 2
439 79
1 11 3
95 272 482
2 17 6
487 380 236 98 332 245
3 2 10
19 9 7 68 356 498 152 160 415 456
1 10 5
311 271 81 116 496
1 10 5
347 454 1 182 287
4 12 8
57 34 6 284 431 375 140 166
2 7 3
396 88 334
5 17 8
59 71 407 182 424 329 459 257
2 20 3
18 276 174
2 10 8
293 155 418 465 408 285 124 40
1 18 3
372 415 298
4 18 9
285 0 144 51 334 400 468 304 22
1 13 2
325 134
3 11 8
62 92 120 448 391 4 118 280
2 12 5
138 386 473 200 476
1 1 5
343 439 131 145 159
2 17 6
23 80 407 124 322 169
1 14 5
136 90 222 344 431
1 9 5
164 174 460 364 241
1 13 9
224 9 212 166 198 358 379 16 484
5 20 10
174 21 404 261 331 414 315 317 460 345
1 18 2
463 110
2 20 6
109 128 364 104 158 338
2 2 6
73 214 33 308 227 229
1 9 2
11 98
2 20 7
363 272 396 244 440 224 320
3 4 8
117 11 423 470 379 299 170 472
1 18 3
326 249 139
2 2 4
232 188 66 140
1 20 2
491 139
2 18 9
99 381 337 319 146 308 390 82 439
2 18 6
415 281 330 274 71 393
1 20 3
144 433 216
2 6 7
308 431 211 415 381 130 17
2 7 3
473 286 407
1 8 4
44 445 330 34
2 12 7
22 440 269 260 412 418 166
3 12 8
438 194 421 400 499 296 389 218
3 19 7
332 158 417 166 475 53 48
1 2 4
9 24 477 452
4 15 8
386 467 78 461 383 405 226 175
2 3 8
103 368 294 373 154 169 489 291
1 7 4
213 450 42 70
1 8 5
134 246 79 340 451
1 19 3
120 378 132
2 13 5
175 170 470 232 114
1 15 4
423 162 392 192
1 15 9
87 358 334 73 433 310 300 329 134
2 5 4
160 225 39 129
1 5 8
401 303 388 215 190 116 317 270
2 19 3
351 244 77
1 3 6
7 252 152 207 487 173
2 4 10
420 428 22 233 107 227 302 406 8 417
2 7 5
168 94 35 287 321
3 4 6
215 97 79 155 345 468
5 4 10
225 337 99 302 307 476 88 276 489 387
1 2 3
276 273 9
2 8 5
498 302 452 266 360
2 14 4
120 469 482 374
2 9 3
236 483 344
4 14 9
184 436 363 118 345 448 104 167 260
2 10 4
374 147 419 166
4 4 6
228 191 131 89 135 312
3 9 7
248 438 28 12 55 424 133
1 20 2
306 236
3 15 5
431 330 80 322 4
1 4 3
0 259 115
2 15 3
451 22 312
1 1 8
462 495 496 169 445 83 484 316
3 6 10
302 448 30 249 73 301 262 51 405 466
2 1 5
58 250 220 376 51
2 13 8
289 373 454 15 44 295 481 291
2 5 4
227 121 278 188
1 17 3
22 121 53
3 8 5
379 320 490 20 256
5 2 10
197 52 218 450 363 72 1 17 285 287
4 11 6
57 258 176 135 205 82
2 11 4
48 408 156 276
4 15 6
428 254 347 56 455 232
2 2 4
433 69 185 156
1 2 7
235 322 162 429 442 218 118
2 4 3
220 416 200
1 5 7
480 435 120 202 357 124 237
3 8 9
455 104 48 453 143 289 389 65 259
2 6 3
2 374 192
4 15 9
325 405 67 486 112 50 384 185 420
2 18 3
193 151 188
1 8 3
421 96 4
1 14 2
229 78
1 4 5
248 405 393 145 418
1 17 2
99 285
1 4 7
344 33 292 340 266 241 466
3 11 10
103 78 178 354 40 413 251 455 362 299
2 7 3
495 477 462
2 4 4
384 457 86 292
1 9 6
148 31 221 412 81 271
1 3 2
96 387
2 14 5
488 371 350 176 30
1 9 9
77 4 347 20 459 6 238 106 265
6 2 9
44 411 292 37 78 46 497 180 231
3 1 6
106 256 102 303 387 239
1 1 2
471 273
1 19 4
140 300 18 315
2 17 9
439 41 479 203 126 204 11 217 272
1 1 10
419 323 362 233 450 86 302 471 33 493
3 5 9
357 51 446 189 168 402 194 108 82
1 12 3
131 34 60
5 14 10
77 15 406 17 316 378 469 41 318 458
2 2 5
330 467 209 419 289
1 19 2
53 328
1 19 3
171 3 438
1 4 10
171 67 448 146 357 234 224 452 4 407
1 17 3
30 368 277
1 18 2
180 393
4 14 7
326 182 385 318 94 401 423
1 8 5
424 194 124 328 67
5 18 10
457 216 362 61 51 498 429 161 308 58
4 3 8
191 137 324 233 60 58 320 418
1 8 7
455 495 255 414 312 355 356
1 17 3
445 182 375
2 18 5
40 74 421 176 145
3 3 7
354 365 86 206 169 446 394
5 6 9
475 413 455 287 69 450 458 56 59
1 7 5
137 33 11 489 98
3 1 10
415 489 62 18 465 289 498 473 274 80
2 10 3
256 348 116
1 14 7
244 277 395 454 418 338 357
1 11 2
174 278
6 14 10
214 434 301 269 208 71 6 382 332 331
4 4 7
206 443 466 234 439 124 120
3 14 5
253 435 232 55 455
3 15 7
435 396 71 365 132 388 125
2 6 4
187 40 106 9
1 11 3
383 215 427
1 18 6
270 75 105 449 487 447
2 14 4
310 136 53 231
2 4 5
69 203 496 6 117
4 6 10
219 157 91 408 174 479 245 312 367 286
3 15 5
45 152 390 134 198
3 6 7
238 65 27 464 244 164 93
1 20 7
232 130 352 301 19 6 444
2 2 3
427 280 243
1 3 3
177 21 477
1 7 4
278 450 343 221
6 9 9
447 164 130 320 309 198 331 311 475
1 18 8
177 476 460 339 103 0 176 233
1 13 4
71 148 50 424
2 5 5
54 169 100 464 420
3 7 5
197 417 416 377 463
4 16 6
258 492 307 107 356 234
1 7 2
111 253
1 6 2
489 333
1 5 5
436 185 254 282 32
3 19 8
404 26 64 220 407 247 259 356
2 12 3
323 130 492
2 14 5
183 428 193 133 34
1 1 3
220 74 384
2 1 6
377 414 301 206 1 459
3 4 5
221 126 370 440 369
1 15 5
371 0 12 15 63
1 19 3
302 81 277
2 7 10
229 272 366 166 449 314 160 461 66 273
1 19 3
403 61 464
1 13 2
85 160
1 1 4
499 1 14 242
2 20 3
270 459 481
1 17 4
106 21 379 344
1 13 6
277 123 196 153 457 314
1 11 3
128 389 5
2 2 5
178 48 453 411 200
1 19 7
379 465 103 264 354 213 46
2 3 8
464 149 146 333 198 347 56 260
1 17 3
174 38 316
1 19 7
1 443 168 395 213 275 447
2 8 3
210 381 233
4 17 8
9 224 328 339 259 344 226 213
4 10 7
260 161 201 497 143 459 282
2 9 4
457 423 204 393
1 9 10
45 371 108 421 56 250 42 372 419 426
2 15 3
335 399 427
2 9 10
288 300 81 122 358 403 36 59 30 187
2 20 8
43 37 18 495 207 2 79 300
2 20 10
406 215 207 82 106 265 333 44 331 55
4 16 7
412 256 319 395 123 349 129
4 5 10
346 294 355 461 320 141 448 308 22 452
1 13 7
112 458 296 114 117 76 138
1 18 2
311 374
1 4 6
302 152 130 498 191 111
4 2 8
56 309 451 94 219 262 290 176
4 17 10
23 215 64 210 350 298 244 41 83 90
1 1 2
39 347
6 3 10
1 465 306 166 433 223 459 138 149 57
1 3 10
42 479 405 443 452 75 154 29 33 91
5 7 8
138 19 0 36 310 40 339 206
1 11 7
270 251 335 201 333 43 238
1 10 2
128 425
3 9 10
361 136 451 387 448 302 221 107 119 213
4 4 6
242 223 114 421 329 1
1 9 4
82 462 124 465
1 1 2
10 173
1 1 10
285 156 102 337 357 250 213 383 445 291
5 20 10
5 52 314 397 391 112 160 385 84 207
3 4 8
108 311 440 120 366 346 61 28
1 11 8
499 298 453 150 221 84 177 140
1 19 2
135 140
1 10 10
364 413 321 305 219 455 263 388 145 8
1 7 8
474 388 468 339 85 138 320 483
6 16 9
22 288 457 5 447 445 173 45 41
2 19 7
40 407 86 461 160 391 446
4 14 7
58 159 220 225 47 255 64
2 4 4
318 487 490 123
1 18 5
73 153 152 494 332
1 15 10
338 201 80 377 437 27 394 307 78 179
3 14 6
291 343 454 81 344 475
1 3 4
324 317 197 276
4 19 10
173 396 480 99 410 215 318 398 378 397
3 1 7
249 188 302 373 182 470 22
4 8 7
496 282 349 31 94 444 423
1 2 2
147 52
1 12 2
108 35
4 10 6
9 470 298 319 413 267
4 20 8
3 309 449 163 247 490 26 201
1 8 5
180 291 76 205 203
3 1 7
365 121 264 125 388 28 152
1 14 10
482 462 158 0 14 453 365 282 34 341
2 2 3
112 369 95
6 4 9
26 313 202 260 403 148 35 448 218
1 5 5
215 470 187 478 433
6 18 10
265 378 458 236 282 386 288 286 442 4
4 1 8
116 100 37 433 384 7 455 33
1 15 2
168 248
3 11 5
250 25 335 23 31
1 12 7
446 145 234 92 237 0 50
2 17 6
474 36 134 450 493 60
1 1 2
299 225
3 17 7
495 420 127 338 143 71 176
1 15 4
54 475 139 321
5 7 10
347 291 375 363 220 175 369 489 364 190
3 6 10
469 144 424 365 387 146 131 2 419 125
1 9 3
117 84 468
5 14 8
80 492 69 372 445 423 209 472
1 11 2
128 194
3 8 10
197 393 30 467 377 353 21 490 271 157
1 16 2
118 298
1 5 2
499 28
3 14 6
7 334 413 64 136 496
6 9 9
180 461 30 289 142 335 149 465 276
2 10 7
391 472 442 446 272 367 268
1 14 5
233 133 469 483 333
2 11 7
186 111 340 464 128 15 59
3 16 5
90 111 57 454 40
3 16 6
387 88 237 390 371 152
1 12 9
194 481 266 50 29 88 340 364 152
1 8 5
348 411 204 451 43
2 1 3
21 250 71
3 14 9
482 169 133 259 475 146 405 22 408
2 3 10
152 9 340 256 426 44 386 154 47 45
4 10 6
431 189 435 33 205 131
1 8 9
65 134 251 60 46 440 279 143 126
1 16 4
444 24 465 308
2 17 4
224 463 92 331
1 13 4
163 391 88 113
2 5 4
461 172 230 475
5 9 8
205 421 404 196 32 157 406 316
6 7 10
191 180 482 167 8 74 61 176 462 250
2 4 3
146 243 293
2 10 5
325 164 14 21 188
2 4 6
43 311 95 159 465 343
3 19 6
347 177 371 71 357 153
2 9 5
352 120 17 406 192
6 7 9
190 325 194 445 301 243 487 50 322
1 19 4
121 180 266 434
1 14 2
201 253
2 13 7
489 43 168 6 18 493 273
3 14 5
29 214 228 293 32
2 13 9
14 473 442 465 70 239 253 327 233
1 8 2
149 191
1 20 3
436 382 461
1 5 5
410 305 228 452 373
5 7 10
213 125 355 338 391 132 43 130 365 379
1 12 3
26 416 103
2 7 9
485 120 20 14 127 378 41 217 8
3 9 8
249 53 120 108 199 147 24 4
1 15 3
215 165 200
2 15 4
436 312 49 272
3 2 6
314 134 484 335 431 289
4 8 7
295 418 356 131 367 243 160
2 20 5
452 245 203 294 475
1 4 2
57 51
2 14 5
321 351 340 267 212
2 17 8
70 86 150 105 445 192 101 261
2 5 4
212 496 391 419
4 3 8
303 358 149 374 287 460 290 462
3 14 5
105 180 334 208 135
2 18 8
390 43 458 81 449 115 475 447
2 16 5
169 197 84 406 209
5 8 10
358 24 18 145 156 498 334 209 52 286
1 10 3
26 375 485
1 6 8
82 366 183 124 388 226 371 484
3 20 5
193 292 232 190 229
4 15 8
230 416 71 422 373 449 190 119
5 17 8
358 378 353 290 435 104 350 380
1 4 2
12 132
4 10 6
465 87 156 104 407 434
2 15 8
479 431 207 262 428 310 90 434
5 17 9
146 188 401 111 96 115 169 414 315
5 11 9
245 100 496 169 88 331 475 81 253
1 15 2
426 25
4 14 8
16 20 213 132 289 155 117 21
3 3 6
386 194 415 428 335 113
5 8 9
56 301 419 163 198 183 191 272 432
4 5 6
129 160 151 92 347 26
1 18 2
473 204
1 10 2
80 275
1 11 2
316 158
1 13 2
334 285
1 6 4
271 10 192 128
1 4 3
243 54 289
1 9 3
215 431 316
3 2 10
204 4 166 25 158 362 322 29 390 77
1 1 4
273 259 400 431
1 9 4
496 395 483 359
1 15 4
21 113 192 34
1 1 5
356 424 189 159 109
5 5 10
252 96 143 27 140 315 328 253 162 497
1 19 6
54 241 192 13 418 415
3 10 7
388 368 137 451 332 466 410
2 9 4
92 168 200 169
3 19 6
3 86 222 10 304 188
3 18 6
75 271 307 277 285 405
4 20 6
152 151 322 47 303 460
1 3 3
466 422 213
3 5 5
422 189 94 42 145
1 6 4
402 344 421 213
4 4 7
107 269 389 30 400 153 248
1 8 9
459 167 327 1 211 41 375 228 108
1 3 2
492 425
4 6 8
87 223 444 324 53 157 211 202
1 16 4
420 461 159 23
3 10 9
43 339 285 434 16 482 11 34 391
2 6 10
159 144 190 261 426 430 398 40 72 279
1 14 7
341 278 5 445 84 31 319
1 20 3
15 233 361
2 17 4
28 300 385 315
3 13 5
432 164 77 392 466
5 3 8
382 471 351 44 458 12 92 495
2 12 8
1 237 61 380 412 332 473 300
4 2 9
396 361 141 152 17 353 344 3 80
2 17 4
118 91 289 426
4 15 7
382 350 455 263 443 494 47
1 14 8
151 217 357 1 167 473 261 4
4 5 10
113 245 140 329 183 103 440 377 108 162
4 14 10
330 58 391 393 329 338 399 64 417 227
1 8 2
435 276
1 12 2
422 100
1 16 2
121 71
1 17 2
296 134
4 13 6
486 95 228 300 465 234
1 16 2
228 153
3 6 8
289 56 1 162 320 14 76 60
4 3 8
484 57 86 325 143 462 289 249
1 19 4
186 12 88 320
1 10 2
398 70
2 2 5
270 181 180 10 479
1 19 4
165 90 172 388
4 19 7
192 148 480 416 325 340 470
1 16 4
5 3 179 173
2 6 6
238 481 122 70 249 361
4 4 9
5 288 490 297 344 28 277 321 413
2 7 6
189 139 63 315 38 92
1 4 2
71 471
2 14 7
373 179 363 453 361 415 21
3 18 5
314 74 196 349 373
3 9 6
449 77 275 94 168 55
1 3 7
390 245 475 133 154 211 195
3 10 5
330 308 227 31 489
1 16 2
3 436
2 6 8
454 102 179 265 263 105 81 495
1 16 6
479 152 230 223 294 101
6 14 9
288 261 94 333 318 249 51 408 186
1 8 9
274 291 79 255 170 174 293 211 404
1 18 5
402 445 206 251 394
2 11 10
423 447 400 133 164 342 24 102 52 5
1 9 2
103 486
3 20 8
91 306 480 404 211 99 416 230
2 18 3
158 355 465
5 2 8
87 58 184 415 8 312 63 474
1 18 5
410 401 460 166 190
2 10 4
289 177 249 29
3 7 10
205 175 429 314 286 56 405 170 211 29
4 18 7
105 213 211 372 320 136 368
1 11 2
295 382
2 4 3
159 137 48
1 18 2
99 116
1 11 3
198 146 315
3 5 8
161 48 467 277 390 160 313 215
1 5 7
453 343 462 499 355 493 375
2 3 3
317 273 135
6 1 9
479 259 325 320 278 390 67 395 74
1 4 5
306 42 413 408 424
1 1 2
285 321
6 4 10
237 400 298 312 408 3 114 249 419 295
1 6 2
247 188
1 12 2
44 217
2 13 7
248 117 196 5 125 442 160
1 8 4
104 139 108 365
2 15 6
164 182 47 282 149 481
1 18 4
449 71 124 334
2 15 4
255 58 489 324
3 12 5
450 210 29 351 207
1 9 4
430 33 253 381
2 1 4
410 335 23 8
3 10 5
255 471 410 310 198
5 15 9
309 380 345 139 67 482 212 342 106
1 10 2
139 267
4 12 8
237 35 220 227 422 489 491 240
4 11 10
458 195 462 394 56 442 240 165 362 175
4 15 10
309 307 39 94 114 46 80 162 29 405
2 17 5
66 271 226 53 183
1 19 8
215 108 414 465 244 68 82 217
1 19 4
173 381 325 411
6 10 10
389 34 490 204 258 468 316 276 221 242
3 16 7
101 400 202 451 98 269 362
5 9 9
234 349 100 41 355 338 145 85 125
1 16 2
418 306
2 17 9
6 161 237 332 342 426 145 280 173
2 9 3
243 495 457
3 17 5
102 135 42 166 351
1 4 3
226 227 376
2 19 3
99 410 85
1 6 5
208 319 17 329 198
2 5 3
470 280 128
2 17 4
137 58 431 461
1 18 2
128 357
3 18 5
226 485 224 131 345
1 4 10
186 244 48 118 392 437 72 0 422 356
1 13 6
279 491 28 341 420 68
3 10 6
485 273 484 419 352 198
2 20 4
208 454 368 329
3 15 5
480 30 123 211 456
2 15 3
96 426 439
6 1 9
80 56 336 165 345 266 341 467 169
2 5 5
90 13 252 9 19
4 6 9
298 162 443 36 447 381 310 108 141
4 10 7
249 333 192 490 316 52 459
1 10 3
219 332 488
3 20 6
355 362 233 423 232 460
2 4 5
136 318 6 242 19
2 19 5
128 26 418 198 269
2 1 8
420 449 203 300 391 95 345 120
2 9 4
218 199 64 98
6 5 10
473 279 246 190 402 493 357 301 41 395
2 16 10
362 165 325 176 242 343 282 171 37 447
2 11 5
370 403 371 329 475
1 14 3
384 440 25
1 9 5
192 86 489 205 121
2 9 6
112 249 264 475 376 37
4 14 7
73 199 495 187 393 251 159
3 19 8
223 53 411 476 56 174 149 301
1 17 4
111 106 8 422
1 19 4
219 323 249 168
1 2 6
331 479 99 384 361 495
1 16 5
455 70 376 460 255
3 8 7
31 214 371 81 126 479 447
5 10 9
133 407 18 145 252 342 424 358 440
4 13 10
429 377 176 349 448 73 368 50 154 483
1 2 2
462 189
1 6 2
32 474
1 12 5
279 90 467 309 129
2 4 10
265 225 184 169 175 98 346 272 257 168
1 6 3
383 197 196
3 11 10
469 163 21 477 284 239 146 230 24 6
1 7 10
341 283 275 325 436 214 368 383 246 282
2 17 4
10 405 4 32
1 17 3
168 427 137
4 19 6
499 398 172 437 173 439
1 5 7
33 65 168 314 89 194 236
6 3 10
281 174 292 154 166 23 407 221 428 331
1 8 4
160 195 497 47
1 6 2
73 491
5 17 9
311 207 324 422 168 438 344 424 333
1 6 2
293 477
1 13 2
42 477
2 18 7
7 143 388 281 316 105 18
2 20 3
102 407 477
4 15 10
348 228 281 62 274 393 394 226 131 218
1 4 6
452 307 239 402 322 311
4 19 9
343 227 255 14 478 470 477 88 285
3 6 8
85 446 435 182 248 330 226 318
3 8 5
475 103 118 14 484
1 12 4
265 106 1 3
1 11 5
282 443 250 256 487
1 6 2
353 268
1 17 3
34 467 85
1 11 5
334 445 367 414 300
3 19 8
291 382 279 99 385 499 466 159
1 15 5
285 488 220 343 396
1 11 2
309 78
1 7 2
281 88
3 6 6
281 392 149 434 177 463
2 15 5
365 293 223 243 373
1 9 6
372 283 255 448 62 486
3 12 6
224 497 201 432 324 231
1 5 5
96 95 182 108 248
1 7 4
315 230 235 256
4 12 10
204 251 493 111 101 434 64 137 109 152
2 17 6
269 424 287 251 102 290
2 11 3
295 468 70
1 20 3
180 295 350
1 1 4
9 373 336 431
3 4 6
97 430 43 129 23 135
5 19 10
487 132 221 4 15 72 253 446 399 224
3 16 10
375 130 303 282 63 218 16 45 343 71
2 10 5
411 102 291 214 367
2 7 7
463 409 254 71 466 180 377
2 10 4
276 144 480 448
4 10 9
292 137 174 306 439 441 332 122 63
1 12 9
497 277 299 467 207 300 308 331 376
1 2 3
172 190 440
3 20 5
296 352 33 360 261
1 10 7
458 276 212 162 20 355 247
2 10 8
395 256 383 222 189 165 330 409
3 5 6
137 42 183 415 166 241
1 5 8
483 15 435 498 298 133 206 25
5 9 8
205 78 392 66 450 137 426 238
1 6 5
253 405 328 224 183
3 3 7
298 224 278 465 73 60 269
3 6 6
497 11 389 467 371 489
2 11 5
103 106 460 307 440
2 15 3
369 459 385
3 13 10
239 487 32 491 257 376 467 190 361 246
4 17 10
458 403 52 450 323 468 241 64 60 211
2 9 5
368 93 58 142 95
1 9 4
455 464 257 259
5 7 10
350 271 9 20 495 191 45 153 57 303
1 14 2
169 380
3 14 8
88 242 497 428 205 47 180 238
5 16 8
85 353 141 354 203 279 492 70
1 2 9
268 426 24 112 381 76 243 274 393
5 13 9
150 85 461 2 138 96 278 325 451
1 5 7
245 296 349 106 250 26 32
2 4 4
180 454 426 450
5 18 8
283 379 489 192 176 480 199 449
4 4 10
69 494 118 289 115 92 198 223 230 306
1 6 2
316 450
1 10 9
55 166 307 399 338 347 415 161 458
1 5 7
208 10 235 95 55 306 374
2 19 4
417 56 161 188
1 3 3
139 389 154
3 11 9
243 274 196 357 446 241 59 271 301
4 2 8
332 285 96 200 150 253 79 24
1 8 4
265 220 41 93
1 2 4
220 473 149 176
3 3 10
45 128 442 24 117 96 110 225 398 206
2 8 4
133 476 375 473
3 4 10
120 3 241 382 291 346 208 390 28 66
2 4 7
89 85 290 283 222 55 95
5 5 9
116 337 327 272 130 388 371 296 421
2 16 5
269 447 31 472 120
1 6 2
244 79
1 10 6
147 364 354 38 155 245
6 2 10
174 399 226 277 203 379 114 301 105 186
1 19 3
301 409 372
4 17 8
416 369 360 239 297 438 320 257
2 7 4
138 473 248 113
3 10 8
193 376 338 182 391 339 434 300
6 16 10
498 304 353 409 13 431 197 139 405 173
3 20 5
57 190 421 153 258
4 17 6
424 443 257 191 480 351
2 14 7
240 354 324 207 253 226 169
1 11 2
235 55
4 19 6
291 306 181 465 76 285
1 1 5
81 479 477 494 143
2 5 5
314 68 141 182 395
2 11 10
474 227 285 347 448 423 447 271 408 196
1 6 5
123 345 60 51 361
4 15 9
317 235 12 122 188 200 279 289 205
1 1 6
412 10 485 163 102 215
2 8 4
280 381 341 336
1 8 2
18 11
1 9 2
485 212
4 12 8
390 464 182 186 38 474 26 18
1 13 5
202 349 294 369 80
3 2 10
232 423 225 402 411 109 89 309 399 446
1 8 5
127 315 413 373 229
4 8 7
50 68 258 236 113 297 347
2 9 4
140 67 102 485
4 11 10
46 8 241 290 442 53 318 26 74 228
1 19 2
473 454
1 6 3
377 388 364
5 20 9
222 176 448 33 98 494 298 381 50
1 12 4
183 161 159 211
1 10 2
142 273
1 7 2
434 395
1 12 5
307 116 455 43 200
1 7 6
82 400 465 24 38 262
1 15 5
114 199 143 209 244
2 12 8
110 205 70 76 203 145 407 115
2 3 4
89 374 72 123
2 15 4
140 88 473 254
1 2 2
288 88
5 20 9
285 483 97 47 159 351 456 490 273
2 2 3
241 17 303
1 14 8
250 292 34 152 46 57 406 114
1 4 2
367 107
2 11 5
61 39 401 268 476
1 15 3
227 478 205
1 20 3
435 93 392
2 1 6
144 336 140 18 118 475
1 12 6
494 12 462 301 17 100
2 7 4
75 144 337 63
2 20 7
131 33 491 120 140 118 44
4 6 8
8 62 38 46 488 436 443 188
2 19 4
498 343 190 307
1 15 5
166 333 384 472 39
1 10 7
13 473 235 275 163 261 20
1 16 5
131 102 13 192 205
1 2 2
446 299
2 3 6
139 312 228 307 295 401
3 9 6
13 494 356 33 307 211
1 14 2
61 258
1 2 2
152 137
2 3 10
465 147 152 322 73 255 499 498 336 89
2 18 6
127 463 112 308 30 298
3 19 5
393 391 226 76 51
1 1 2
492 225
1 10 8
278 381 340 68 120 179 138 226
2 20 3
343 367 243
2 17 10
154 413 477 453 183 380 94 480 399 350
4 18 8
467 48 196 289 147 363 391 136
1 20 4
106 125 127 45
2 10 9
103 147 139 16 485 337 361 263 275
1 2 9
120 347 212 449 299 422 229 168 396
1 10 2
278 460
2 15 9
436 417 86 253 469 301 71 264 211
4 15 7
343 258 487 255 359 402 69
1 19 2
102 210
1 20 10
200 205 477 398 204 317 393 218 364 431
1 10 3
425 243 127
5 19 9
174 375 124 10 200 238 189 382 127
4 1 9
382 339 377 384 142 397 169 374 41
4 17 8
343 414 312 384 433 358 250 197
4 4 7
10 405 12 457 425 151 409
2 8 4
219 55 25 79
2 10 4
332 417 250 257
1 10 3
321 402 417
4 13 10
62 97 306 291 310 377 80 354 129 2
3 11 9
120 440 294 369 215 136 143 380 235
2 9 4
277 476 287 315
1 2 7
452 67 249 241 36 288 436
1 1 10
67 438 349 464 496 491 307 181 86 111
4 12 6
108 265 322 252 427 200
1 3 2
304 183
4 12 10
98 134 264 197 124 232 341 363 375 189
3 11 9
409 401 176 19 142 343 209 392 299
3 3 10
396 173 23 472 362 266 380 490 464 69
3 18 10
238 4 182 385 474 267 488 153 292 499
2 13 6
453 42 461 455 352 47
2 7 3
347 334 245
2 19 10
480 355 115 427 390 305 120 105 69 453
3 9 7
255 441 455 119 465 478 410
2 17 5
96 75 205 242 302
3 20 7
316 206 96 324 182 150 326
1 4 3
123 317 143
1 16 9
67 417 384 255 486 42 284 162 333
4 20 9
388 345 327 193 353 428 294 246 493
1 5 3
399 196 235
3 5 8
267 256 46 95 258 175 483 179
5 7 10
128 325 83 350 51 307 393 242 168 130
2 1 7
96 252 181 346 195 84 297
2 1 4
427 27 372 146
2 14 4
139 148 359 401
1 3 5
154 318 146 260 263
1 10 6
341 206 316 157 326 379
4 20 7
161 333 457 442 214 307 261
1 11 2
51 391
3 1 7
107 307 3 41 168 178 184
6 16 10
141 213 359 272 49 199 151 395 116 59
1 19 2
368 253
3 14 5
406 381 391 424 267
1 2 3
186 150 51
4 18 9
357 72 393 433 174 381 368 402 206
2 13 5
189 105 397 213 29
1 19 3
404 203 354
4 19 7
280 197 20 344 238 170 489
1 18 9
270 225 374 179 13 145 35 272 156
2 4 4
212 219 318 300
4 15 7
435 309 414 37 329 174 431
1 20 8
260 234 489 228 182 94 156 185
4 7 9
262 396 336 2 482 329 454 91 192
2 4 7
242 410 344 62 10 298 466
2 11 10
123 374 172 203 458 167 472 313 174 473
2 1 5
205 153 50 468 207
4 17 8
215 104 269 440 253 80 310 142
5 17 9
280 318 199 440 4 264 221 369 46
3 8 8
184 289 395 436 466 193 228 161
1 7 3
52 387 276
3 6 5
328 100 433 129 337
1 2 5
148 340 333 25 450
5 20 9
305 235 400 48 191 214 333 81 493
2 13 7
321 98 57 230 399 464 373
4 17 10
490 197 116 258 70 84 246 149 155 85
5 15 10
302 135 490 450 333 416 287 392 75 103
1 18 5
456 165 489 234 191
5 13 8
86 180 401 353 385 212 341 298
2 10 3
113 442 11
4 9 7
459 326 81 64 256 253 243
1 9 7
398 203 31 354 137 130 253
3 13 7
473 33 128 190 353 67 4
5 3 9
306 164 2 285 445 404 494 473 461
2 4 5
252 205 229 274 216
1 20 4
455 392 55 373
2 14 3
129 416 197
1 20 8
186 359 351 124 490 336 98 256
2 17 10
55 215 250 130 398 98 478 394 138 178
2 4 3
454 217 234
3 2 5
450 111 414 340 301
3 10 5
388 427 317 95 147
1 15 9
361 32 413 31 128 275 276 292 278
1 9 10
136 162 197 336 144 220 206 234 319 101
2 13 5
32 331 23 84 274
1 18 9
275 238 391 256 349 286 186 403 454
3 14 5
311 49 335 231 248
1 18 2
304 278
6 7 10
458 231 120 365 71 93 293 44 262 477
4 14 6
93 45 115 49 235 377
5 8 10
29 327 332 131 322 65 10 141 217 183
2 3 4
404 181 49 74
4 9 7
359 352 278 270 124 330 67
1 9 3
192 317 391
5 9 9
164 406 210 496 208 233 479 335 64
5 12 10
268 427 364 16 201 12 349 351 183 139
1 12 2
88 444
2 1 10
374 210 5 127 221 177 320 250 44 213
5 1 8
459 129 220 78 486 465 72 380
1 1 5
5 103 250 362 330
2 16 5
313 6 177 399 359
2 12 4
250 407 26 238
3 15 7
440 191 230 375 361 372 262
1 6 2
130 228
1 1 6
480 227 333 19 457 87
1 7 2
6 189
1 15 9
225 282 333 127 325 481 357 444 64
2 7 6
45 184 127 18 47 422
2 10 5
4 62 461 19 293
5 6 8
340 105 117 137 128 396 309 383
1 1 2
418 451
4 11 6
414 312 174 415 404 444
3 13 10
250 39 278 315 275 356 12 299 233 5
1 20 5
308 264 94 192 15
1 1 4
352 493 385 336
4 11 7
491 434 159 432 11 482 79
6 18 9
426 360 462 172 313 240 343 237 183
2 17 9
372 69 28 197 17 393 266 463 465
3 18 9
140 144 59 330 448 265 28 459 166
3 15 9
498 25 157 471 303 377 276 167 297
1 15 2
179 446
6 2 9
323 386 485 492 166 395 298 0 104
1 7 5
320 203 80 233 180
4 13 6
250 143 197 106 219 80
3 16 6
350 319 57 397 159 481
1 16 7
351 487 391 469 33 31 110
6 13 9
378 133 279 137 32 406 426 51 453
2 3 6
289 176 181 26 15 246
5 4 10
396 209 179 278 182 495 281 19 337 150
3 17 7
232 113 25 351 195 140 31
3 12 8
97 272 175 284 402 129 298 167
1 8 6
435 52 97 205 393 144
2 15 6
93 422 456 121 48 84
2 1 5
492 268 2 219 257
3 9 5
155 336 145 100 78
2 15 4
268 485 408 336
2 15 10
184 336 293 3 54 369 400 454 69 44
2 6 5
227 163 36 376 254
6 2 10
5 395 275 490 296 471 278 219 387 134
4 13 9
317 251 270 492 494 258 37 422 357
3 17 5
91 425 329 281 402
2 14 6
197 1 360 290 63 237
3 11 8
19 419 363 346 333 111 379 353
3 10 6
314 150 298 244 456 139
3 19 5
202 184 262 374 172
2 5 3
319 267 347
2 6 7
88 488 366 425 494 345 326
4 10 6
344 477 246 130 235 378
2 13 5
287 265 405 423 137
2 17 3
300 471 316
3 12 6
194 148 283 220 250 185
3 4 7
313 152 331 125 318 379 253
1 15 2
282 161
1 4 5
396 118 226 273 269
4 4 6
69 433 38 45 8 88
2 20 10
358 353 210 465 58 401 160 81 364 207
3 11 7
150 282 98 89 323 440 9
1 7 6
14 287 28 181 345 225
1 4 2
206 133
1 11 3
296 453 72
3 9 7
120 398 272 223 383 460 362
3 20 8
259 254 19 294 55 45 385 443
4 15 10
183 65 201 468 294 59 461 347 416 265
2 8 4
116 289 185 400
1 19 4
376 335 418 31
1 10 3
448 46 344
1 9 6
408 141 377 494 407 91
1 5 3
15 111 127
3 17 5
4 109 486 18 102
6 5 9
425 17 134 38 482 43 287 495 429
5 3 8
220 456 250 121 211 1 383 312
3 2 6
2 100 290 492 229 252
3 1 7
293 436 336 487 150 124 171
4 20 7
336 355 111 136 92 223 253
4 5 10
190 226 301 383 371 481 1 327 374 19
3 12 10
140 244 171 126 365 447 144 83 487 184
1 12 4
197 329 336 214
2 13 3
30 13 420
2 16 5
368 143 369 308 480
3 18 7
30 412 307 200 442 267 218
6 2 10
317 48 143 105 169 152 313 23 299 262
5 7 8
190 376 33 401 106 116 136 373
2 19 6
99 138 367 201 448 178
4 6 6
185 76 102 135 35 443
1 10 9
455 85 334 242 176 339 351 273 142
1 12 7
489 435 71 223 332 27 400
2 3 9
218 299 195 413 292 391 417 415 42
2 8 10
274 434 128 374 207 267 32 127 313 366
3 10 7
369 324 62 31 323 446 388
1 17 4
349 485 159 34
2 11 4
284 228 481 241
2 5 3
17 195 383
1 11 5
115 396 38 364 216
1 1 6
442 27 68 444 243 240
1 11 5
234 189 357 19 10
2 4 4
443 227 393 42
4 7 7
239 401 68 269 39 134 281
3 14 7
422 343 118 45 380 377 160
1 5 4
484 488 429 245
4 14 6
497 384 338 313 326 105
4 15 10
237 428 498 75 430 278 206 19 336 321
4 20 10
142 91 456 57 75 328 104 134 318 159
1 2 2
187 135
2 1 4
330 355 203 190
4 20 6
453 200 327 295 179 455
1 12 3
51 57 264
2 9 3
216 186 190
2 19 7
220 426 42 85 410 343 186
1 12 3
118 266 60
4 2 8
417 429 414 117 32 423 30 320
1 15 4
26 123 470 38
1 17 9
196 475 285 324 277 109 19 48 372
1 4 2
433 180
3 19 5
227 333 233 469 106
1 1 2
466 336
2 15 7
345 338 372 237 332 223 288
1 5 9
0 424 187 15 400 441 53 179 221
1 19 5
157 193 382 123 266
2 17 4
313 73 328 404
4 16 7
442 366 134 70 110 294 111
4 4 6
99 44 121 476 264 377
4 19 9
218 23 330 127 293 25 363 339 5
4 5 9
415 11 165 111 457 273 117 314 305
5 8 8
157 266 2 410 184 108 12 334
1 14 2
424 404
1 9 4
459 340 362 372
1 9 2
425 70
4 3 6
271 179 253 475 458 280
1 16 2
232 433
1 16 9
63 116 124 125 141 458 254 156 411
1 8 2
252 483
1 9 5
380 161 116 315 431
2 17 4
90 324 49 330
2 7 6
370 117 115 374 201 344
5 10 10
238 378 97 139 457 329 283 386 73 455
3 7 5
137 245 100 490 376
4 2 6
400 452 70 430 97 76
2 12 3
367 68 214
3 3 5
41 480 10 292 296
2 14 6
91 408 376 66 342 95
3 17 6
273 194 469 308 410 477
1 6 2
374 432
3 9 7
494 19 438 366 155 234 136
3 10 7
202 101 323 112 26 126 14
4 9 6
372 174 398 358 438 222
2 18 6
180 42 34 44 471 80
2 4 4
255 0 325 112
2 10 6
159 378 260 79 203 367
1 19 3
230 201 137
4 4 9
159 145 288 386 58 326 340 290 395
2 8 4
476 268 14 57
3 5 9
219 497 271 290 490 483 23 157 181
2 20 10
412 13 174 355 217 110 39 42 149 305
4 10 7
298 272 440 97 24 158 141
1 18 4
388 99 290 266
2 16 4
293 277 254 26
2 15 5
316 180 181 23 67
1 17 8
168 208 3 110 154 394 222 495
1 13 9
217 64 426 163 235 430 279 239 350
1 11 2
261 187
1 16 3
61 343 147
2 19 6
419 378 204 237 190 272
1 18 9
55 283 292 153 246 421 33 164 274
1 6 2
177 468
2 19 5
398 480 191 238 470
1 7 6
120 454 150 159 71 231
5 4 10
457 207 400 129 54 407 488 459 368 122
1 12 6
128 173 230 286 72 14
1 18 5
61 120 376 246 106
1 13 2
455 412
1 16 10
361 494 90 140 374 266 55 353 166 22
2 3 5
349 202 86 297 498
1 2 4
399 345 308 209
1 1 2
469 141
2 3 4
76 422 128 297
1 5 2
320 194
3 17 7
360 184 280 26 432 63 444
5 12 8
265 417 196 124 120 227 422 129
5 18 8
78 275 366 230 17 448 420 53
1 11 2
484 60
6 10 10
439 226 376 43 310 218 441 73 334 497
6 20 10
24 475 260 104 149 239 307 116 32 389
4 3 9
351 251 206 460 446 258 114 75 290
1 5 2
342 88
3 19 5
436 241 115 175 449
1 20 3
429 115 313
2 11 8
223 484 79 219 414 318 74 287
1 13 6
473 43 353 118 79 337
6 5 9
16 413 153 178 183 215 148 144 286
3 7 6
118 479 145 324 3 322
4 2 7
420 131 342 35 382 234 444
1 12 7
426 225 227 408 420 261 405
3 18 6
325 471 328 47 360 352
3 10 6
339 363 98 492 5 293
1 4 2
64 111
1 6 2
427 374
1 13 5
182 257 470 333 415
2 1 5
400 21 454 200 7
1 16 9
486 8 31 366 471 443 387 303 338
2 14 9
277 281 365 19 264 125 462 321 185
2 5 4
77 316 72 495
1 17 9
389 50 69 235 162 367 491 498 406
1 19 9
379 385 440 360 136 6 434 118 142
4 17 7
328 199 398 330 264 135 90
3 7 6
139 204 54 499 45 187
3 2 8
455 490 243 45 235 219 20 456
2 7 9
232 160 411 85 217 100 208 477 444
1 7 5
447 339 248 79 91
2 13 7
360 463 224 365 102 363 315
4 2 8
481 55 210 358 36 182 215 84
2 16 8
449 173 125 316 455 355 198 196
2 1 10
305 486 66 244 377 373 296 75 349 422
2 5 8
213 185 202 57 145 481 70 468
1 7 2
365 215
4 15 10
381 74 139 143 264 291 224 69 392 278
2 4 3
374 463 83
4 5 6
286 130 254 231 303 404
2 7 7
129 111 43 431 21 204 59
6 3 10
216 19 132 129 130 319 46 280 107 37
2 17 3
252 166 22
2 18 9
67 488 357 63 423 399 328 302 75
1 10 6
494 242 305 35 160 386
1 11 7
407 330 83 355 441 455 271
2 10 4
495 363 88 387
2 3 3
335 274 301
5 18 10
236 23 104 101 455 250 305 481 396 32
1 1 2
54 471
1 20 4
223 101 462 73
1 11 3
402 92 344
1 9 2
446 18
1 2 2
473 462
6 13 9
323 433 340 313 263 492 128 373 358
6 1 9
35 77 161 98 491 207 58 371 142
1 14 3
499 261 23
5 1 10
349 38 14 475 368 360 74 200 88 145
1 9 2
22 65
2 1 6
250 130 188 452 389 54
1 2 2
419 265
1 17 4
178 434 205 111
1 15 4
45 398 269 454
1 5 3
345 369 468
3 13 8
360 240 38 96 295 158 265 113
1 10 4
94 54 13 342
3 20 9
157 452 166 17 312 135 98 181 146
1 19 10
53 254 419 427 270 405 123 192 252 101
2 8 4
266 174 373 458
1 4 5
302 369 469 184 219
2 6 4
204 258 175 29
2 19 3
116 43 23
3 12 6
39 453 154 170 473 329
1 5 7
434 42 196 105 244 101 169
3 1 5
224 178 59 205 34
2 18 10
305 124 431 298 175 215 1 107 344 141
1 15 7
269 18 290 203 300 231 434
3 16 9
407 193 227 121 131 341 485 217 327
2 11 3
61 189 296
1 14 4
9 64 151 440
6 6 9
494 276 184 212 407 71 491 54 376
1 10 9
59 482 98 119 303 220 263 109 171
1 13 6
401 348 178 90 316 439
5 12 9
163 78 14 204 436 360 392 451 394
4 6 6
367 428 497 319 340 446
3 19 8
163 246 161 420 45 108 93 367
3 18 8
158 460 168 358 144 283 470 328
5 2 10
338 470 315 37 114 436 347 257 331 461
1 15 3
425 416 382
1 9 2
346 200
3 16 8
451 96 274 371 373 434 15 215
1 14 10
18 148 359 19 26 53 63 453 218 427
3 7 6
43 228 195 255 18 234
2 4 7
368 327 326 61 351 286 9
5 16 8
168 478 445 138 271 253 421 181
2 1 9
435 19 471 191 497 28 152 24 488
3 11 6
417 196 154 318 380 215
1 11 4
238 387 179 237
1 4 4
453 353 63 337
3 5 7
209 19 179 14 498 286 141
4 18 8
240 380 446 45 42 155 164 303
3 17 8
179 386 94 322 52 414 494 252
1 10 6
269 55 268 241 5 193
4 10 7
179 368 499 478 338 482 185
1 3 2
160 317
1 10 7
161 193 15 260 283 405 77
1 4 4
117 69 303 92
2 6 4
337 273 467 114
1 16 3
251 497 387
1 10 2
246 342
2 13 3
356 223 34
1 8 4
430 283 377 129
2 1 4
386 388 495 164
6 4 9
360 444 462 38 124 81 413 329 311
2 13 5
467 158 455 164 279
1 3 8
289 285 386 304 167 387 134 189
3 20 8
487 484 439 219 123 296 390 61
2 13 8
101 463 196 161 42 416 356 310
1 14 4
128 358 153 239
3 20 6
194 166 235 397 188 202
3 11 9
476 449 135 333 1 367 426 20 340
4 17 8
4 498 440 80 171 384 493 19
5 18 8
57 203 230 430 187 225 197 69
5 3 9
334 78 95 412 57 122 232 9 193
1 17 2
276 269
1 14 2
450 86
2 5 3
159 188 375
2 12 3
324 68 38
4 20 6
170 167 80 15 68 446
2 10 9
99 199 168 105 401 42 154 385 329
2 6 4
29 85 400 345
3 20 7
353 420 59 185 259 363 187
3 12 7
199 8 217 466 473 416 343
3 12 7
273 398 479 131 117 476 422
2 11 10
73 315 486 479 462 99 8 468 467 189
2 9 6
89 189 292 166 42 68
1 20 4
117 324 32 92
3 17 9
328 118 293 333 84 331 128 264 215
1 6 2
116 404
1 20 2
497 120
2 2 9
256 298 139 453 334 90 415 476 230
5 16 8
457 137 218 17 37 184 335 97
1 7 2
246 135
2 9 8
406 50 184 264 4 44 316 132
4 6 6
484 221 28 305 352 105
1 15 8
294 256 47 260 189 494 145 321
1 2 4
207 345 308 79
2 19 10
266 80 139 123 402 432 440 442 365 436
2 9 3
472 311 431
2 5 7
181 418 370 242 300 287 76
1 10 4
383 483 67 248
6 20 9
198 287 22 204 113 246 102 411 472
3 14 7
124 83 362 173 478 232 156
1 5 4
362 141 15 63
1 16 4
355 205 486 74
3 5 8
173 301 294 489 13 486 86 332
5 9 8
352 244 398 212 395 307 450 485
1 4 4
475 40 453 358
6 6 9
250 177 206 348 235 424 3 148 203
5 14 9
365 105 319 360 191 294 0 480 256
2 5 9
34 306 415 213 324 485 365 38 152
2 2 7
24 144 442 47 488 499 92
1 8 2
206 488
4 20 6
294 346 316 292 24 124
3 10 10
34 354 287 473 382 56 499 131 284 167
4 6 6
51 240 281 299 481 297
3 10 5
223 168 373 300 112
1 16 9
426 430 158 476 67 301 472 258 111
1 12 2
304 151
2 4 7
331 417 140 207 453 266 448
2 5 4
271 352 333 37
2 2 5
46 343 291 154 34
2 20 5
5 186 297 180 92
3 3 7
297 106 295 367 428 127 52
3 12 6
167 55 2 173 136 495
2 19 3
81 465 133
2 20 3
95 208 298
1 14 3
39 238 330
1 13 2
165 184
3 17 9
390 361 371 449 423 48 168 367 338
1 8 2
52 92
3 8 6
189 260 427 483 440 494
1 14 4
186 436 195 118
1 14 5
331 125 219 92 122
2 2 3
226 57 39
3 13 6
242 498 352 411 427 356
1 2 2
82 98
1 4 2
457 495
5 17 8
59 133 195 165 452 129 17 191
1 14 3
145 100 272
2 18 3
243 36 334
1 5 2
211 232
1 13 5
21 144 135 278 467
1 4 2
189 462
4 9 6
316 181 252 486 259 423
2 4 6
57 23 80 138 480 266
4 15 7
20 128 56 90 137 126 387
1 2 5
72 102 307 160 74
2 19 9
274 94 251 67 469 282 161 276 479
2 13 10
421 4 140 328 357 439 132 225 271 165
1 8 2
75 259
6 17 9
240 103 255 429 182 225 472 457 252
1 2 9
462 318 264 192 238 328 75 74 185
2 2 8
337 248 186 184 290 234 366 175
1 1 7
71 417 455 188 15 375 244
2 17 10
486 496 331 188 383 223 478 277 289 419
1 8 4
114 220 389 311
2 13 10
374 404 301 413 290 92 71 499 213 393
6 20 9
49 87 285 216 409 411 499 228 442
3 20 8
359 256 95 460 48 210 230 476
6 6 9
489 485 113 413 346 481 475 169 326
1 3 2
284 444
1 5 4
42 259 180 205
1 11 6
9 428 115 304 423 359
5 9 9
341 94 43 465 213 412 96 314 374
1 11 2
255 36
6 18 10
111 89 79 384 293 108 493 156 376 248
3 17 8
436 17 443 101 387 0 212 323
5 17 10
159 79 14 92 201 481 185 281 347 313
1 9 4
102 39 310 417
3 7 8
104 175 155 379 311 51 369 302
1 5 2
37 71
3 6 5
168 65 179 462 421
2 12 6
167 146 236 323 327 306
3 17 7
50 122 53 425 342 310 459
2 14 5
215 117 452 316 457
5 2 8
241 493 4 363 65 20 200 346
5 4 8
398 28 108 104 240 188 409 61
1 18 2
155 445
1 19 4
131 386 170 289
3 17 6
100 377 172 15 6 314
3 2 5
38 454 39 460 114
2 7 4
86 151 125 283
2 11 3
158 16 205
3 12 5
134 453 130 73 44
1 9 5
237 423 327 84 107
3 12 7
443 23 249 472 343 202 19
4 12 10
141 446 180 172 302 322 23 398 150 431
2 12 8
40 387 364 13 3 433 377 35
3 15 10
355 107 453 46 301 412 431 247 310 408
3 5 7
184 393 230 440 344 172 332
3 19 7
257 376 292 47 498 104 466
1 1 8
368 18 161 364 144 50 382 337
1 20 2
55 109
4 15 9
347 146 450 106 265 219 283 161 157
1 8 4
460 6 234 31
1 13 2
459 307
1 14 4
282 84 499 136
4 5 8
309 37 211 319 293 91 82 224
2 18 4
66 19 494 44
1 7 2
430 366
1 11 7
26 13 239 458 287 45 442
1 8 2
327 392
1 1 2
321 469
2 7 5
125 49 18 29 210
4 7 7
491 352 27 345 109 94 472
2 6 8
305 371 452 23 336 496 6 302
2 7 8
317 190 250 78 365 375 42 146
2 13 6
231 410 297 207 13 308
4 12 8
210 482 273 446 54 494 65 71
2 11 3
76 395 328
1 3 4
367 498 256 173
2 20 4
499 371 10 55
5 9 10
27 450 75 205 312 358 297 464 289 128
2 15 8
343 222 64 497 312 327 380 346
4 5 7
231 263 198 97 36 298 64
1 8 4
97 155 233 371
1 16 3
486 452 304
1 3 2
328 50
1 3 2
34 290
3 6 7
139 371 178 259 471 484 366
1 16 6
269 147 143 344 256 223
5 10 8
219 475 7 82 416 4 23 132
2 3 9
219 495 203 285 466 29 193 136 470
4 17 7
96 204 113 416 169 486 12
3 11 8
191 35 327 435 440 476 0 396
5 13 10
474 485 107 371 299 442 418 17 363 168
1 11 5
166 178 335 211 186
6 6 10
228 225 75 476 410 243 118 276 365 483
3 13 5
88 134 394 485 382
2 6 7
373 369 202 205 426 168 450
3 14 8
172 43 9 180 482 451 213 206
1 15 4
414 16 483 482
1 13 4
104 42 23 387
1 13 9
29 83 207 314 179 178 152 394 406
2 14 6
440 170 56 35 316 16
1 7 6
21 20 274 185 409 395
2 10 6
475 356 187 472 172 323
3 16 9
74 278 242 77 142 435 109 7 310
2 19 4
291 320 141 215
4 1 7
362 380 102 377 255 92 31
3 11 7
8 296 292 383 118 348 57
3 11 5
320 339 354 115 353
2 7 6
472 404 89 241 419 88
3 15 8
131 384 253 231 239 177 255 78
6 13 9
61 285 175 86 365 227 343 299 148
3 20 10
437 147 60 112 202 156 50 491 429 146
6 9 9
434 306 276 281 388 300 65 237 38
2 12 6
175 467 168 380 282 489
2 11 6
468 35 256 470 106 416
4 10 10
170 332 424 380 180 174 384 457 379 466
4 15 8
145 54 292 459 246 14 345 74
1 18 5
291 450 226 388 481
4 6 7
288 424 396 309 96 77 5
6 10 10
89 351 330 488 275 150 452 123 316 158
1 17 5
208 492 311 168 402
3 20 7
61 365 73 156 453 369 493
2 14 6
497 256 164 20 306 468
2 15 7
163 223 398 496 239 286 126
1 10 2
298 84
3 2 5
327 123 339 60 496
1 1 4
0 157 374 17
2 17 3
128 180 193
3 18 6
416 106 141 92 21 173
2 10 5
207 412 205 126 254
1 19 2
335 225
2 4 6
120 469 423 65 426 143
1 8 4
164 280 165 402
2 2 8
352 182 385 310 198 319 400 297
3 20 5
343 151 113 89 81
1 12 2
435 456
2 12 6
230 483 401 423 245 79
5 16 9
2 415 419 244 499 412 417 100 384
2 4 3
380 13 138
1 19 8
334 402 471 351 174 204 349 7
4 16 8
485 334 330 113 193 101 289 343
3 3 5
448 156 177 134 450
1 17 2
407 366
3 6 6
410 169 19 90 273 333
1 4 8
217 28 328 46 327 475 33 218
1 11 8
442 479 424 9 117 340 118 209
4 16 7
324 198 309 379 54 64 292
4 8 9
128 26 16 252 433 29 297 274 142
1 12 8
269 282 198 207 249 398 343 438
1 1 5
388 296 46 239 267
1 11 7
97 281 270 15 387 395 21
2 8 4
274 466 404 73
1 13 2
323 159
1 15 9
157 73 75 215 97 290 275 482 442
4 13 6
48 465 249 113 375 392
1 9 5
130 386 471 458 27
3 2 10
131 39 248 17 57 14 443 324 175 444
2 16 3
148 9 199
4 7 9
316 174 330 497 420 270 347 62 419
2 15 6
395 222 304 43 131 187
2 13 3
274 21 83
1 5 10
13 129 279 136 328 375 499 300 124 214
2 6 7
221 137 283 32 462 486 20
1 4 10
271 407 20 247 448 368 27 204 22 172
1 10 8
269 3 150 202 148 448 272 466
4 9 8
240 428 67 105 9 70 342 62
5 7 10
303 422 313 378 311 29 447 69 351 369
2 15 8
480 188 440 150 456 277 37 58
1 6 2
197 349
1 8 2
268 87
4 12 7
260 387 313 460 18 362 251
1 2 5
23 74 380 257 54
4 17 10
358 12 6 249 366 103 2 416 495 464
3 15 5
161 248 385 342 269
3 12 7
10 6 440 330 382 270 292
1 1 3
31 410 388
1 9 4
403 99 230 224
3 9 7
347 439 88 458 252 5 379
1 17 4
423 483 326 14
3 1 6
139 289 431 272 382 198
2 4 5
103 67 236 351 121
2 4 10
171 249 184 465 451 342 194 152 164 209
1 20 3
38 333 465
2 10 7
496 175 269 79 309 43 249
2 12 4
81 237 75 230
2 4 7
382 476 195 11 76 51 308
1 8 2
236 175
1 11 3
431 430 171
1 8 5
470 36 41 272 320
1 3 2
459 452
2 13 6
145 432 464 379 236 411
4 10 7
60 481 109 453 317 144 405
1 8 3
248 477 287
4 8 10
202 431 127 257 128 210 84 306 129 105
1 15 3
142 362 203
3 5 6
4 123 477 495 453 314
4 11 9
6 318 169 386 357 65 319 55 469
2 17 5
213 131 353 324 426
2 11 8
172 404 412 94 47 103 146 306
2 9 5
142 344 174 1 493
1 16 2
42 95
1 14 8
486 409 252 134 451 391 250 406
2 2 10
104 411 172 245 224 164 137 38 88 128
3 11 5
71 161 493 111 139
1 4 3
482 166 6
4 12 6
337 467 263 49 398 245
4 5 7
230 18 196 39 3 481 36
2 11 5
53 360 301 145 155
1 9 3
402 198 290
1 6 7
87 222 144 345 263 445 475
4 18 7
477 111 495 151 289 72 165
1 4 3
439 6 188
1 7 10
477 385 220 256 65 76 302 443 253 11
1 7 5
158 228 7 160 266
5 20 9
21 474 373 310 183 71 138 334 477
4 1 10
74 352 382 332 407 312 116 400 427 464
2 20 5
141 46 421 112 249
1 7 3
312 219 464
1 17 2
441 332
2 18 4
259 13 114 266
1 12 7
230 206 305 137 66 136 51
3 16 9
138 271 348 395 290 451 358 459 319
3 9 7
396 91 408 76 64 67 350
1 20 2
122 102
1 19 2
70 247
2 1 3
221 430 319
1 12 4
339 338 172 277
2 7 8
452 167 148 116 275 233 300 229
2 9 6
20 202 440 430 177 412
4 2 6
395 383 186 291 378 84
1 3 3
264 336 10
1 9 6
272 198 178 302 330 39
2 10 3
286 15 50
3 10 5
187 367 486 370 382
1 3 2
454 498
4 17 6
193 73 440 21 412 77
1 5 2
395 64
1 4 3
350 126 332
2 15 10
213 245 356 271 404 18 428 127 360 113
2 17 7
277 418 100 333 13 129 468
1 13 4
34 356 135 375
3 18 8
113 22 246 59 438 301 288 328
1 7 6
368 286 292 96 481 355
1 2 6
233 283 77 217 482 177
2 15 8
435 294 394 313 226 303 462 324
5 6 8
351 269 105 353 367 30 372 170
1 4 7
7 438 327 219 339 23 151
1 8 8
224 446 227 287 486 301 130 347
3 11 5
315 289 272 481 456
4 14 6
387 476 251 378 295 47
2 1 3
273 240 477
4 9 8
485 185 53 474 68 495 349 437
1 17 2
20 223
5 11 10
257 337 48 371 413 499 357 22 461 450
1 3 10
293 42 397 314 340 402 488 41 112 440
4 6 8
39 45 202 164 328 106 219 27
2 16 5
229 94 431 41 157
1 13 2
271 297
1 17 5
373 46 203 186 270
3 3 7
61 311 116 28 274 118 27
3 3 5
416 160 141 19 392
2 20 5
76 491 346 183 392
4 8 6
290 272 51 183 422 217
4 6 7
126 228 320 220 386 58 222
1 11 10
419 388 183 491 472 402 359 51 108 121
2 8 4
228 260 457 430
4 16 6
322 382 493 218 221 484
1 7 2
453 16
1 16 3
131 184 85
1 19 5
463 63 221 267 301
2 20 3
18 87 57
1 17 7
346 190 86 313 302 179 228
3 17 6
258 198 464 469 485 105
2 9 9
115 343 481 379 288 170 336 409 135
1 15 6
280 376 355 382 494 234
3 15 7
219 141 473 182 352 376 4
1 13 2
272 194
1 19 7
89 3 408 37 75 16 14
6 17 9
429 51 260 482 53 316 414 432 440
1 17 7
292 471 36 39 83 318 315
4 20 7
404 236 456 210 119 341 164
5 5 9
236 230 467 324 228 186 264 89 468
2 1 8
29 160 108 78 164 363 159 221
2 7 4
312 6 32 413
3 2 5
8 435 147 393 102
1 4 2
442 221
5 20 9
306 109 67 147 250 386 381 131 251
5 16 8
207 241 401 327 496 23 80 55
1 13 8
173 203 421 245 347 99 51 257
5 11 8
294 496 402 365 25 346 124 157
4 11 7
348 130 90 475 105 309 293
3 19 7
345 358 496 471 216 436 220
5 1 9
181 212 199 433 7 396 219 84 23
1 15 10
200 185 254 271 372 293 151 480 414 127
1 14 2
220 290
4 19 6
179 85 77 195 269 208
3 4 9
27 309 41 348 31 329 443 212 414
1 14 9
335 243 292 291 53 217 2 181 482
2 11 4
23 11 468 373
2 11 4
344 270 188 496
6 1 10
497 238 445 60 420 460 274 256 144 260
1 1 10
217 207 202 105 258 376 139 427 180 102
2 19 5
42 205 145 98 463
3 16 6
110 294 425 45 50 228
1 3 4
187 305 145 490
1 7 2
259 460
1 6 2
358 190
6 6 10
304 328 276 123 42 339 184 104 3 201
2 5 9
115 86 370 347 296 360 409 105 57
2 15 9
130 149 158 396 83 206 449 407 211
1 8 6
191 16 81 412 161 280
1 13 9
283 325 11 271 244 108 464 275 254
1 17 3
460 141 347
1 14 5
131 15 422 88 54
2 20 6
270 315 367 240 140 472
1 1 2
209 273
2 9 7
342 450 484 235 47 478 300
2 16 8
367 466 267 215 166 286 456 104
1 1 8
46 175 71 457 68 377 481 140
3 8 5
177 182 203 121 498
1 20 2
327 121
3 12 5
393 472 230 312 443
1 12 9
85 367 19 389 102 425 203 442 59
4 8 6
6 390 156 441 251 63
3 8 7
321 475 380 91 144 174 444
1 14 2
310 476
1 7 4
403 38 5 235
1 13 5
224 389 117 19 195
1 10 5
50 278 56 315 258
1 17 8
148 84 123 65 22 141 411 29
6 11 10
89 29 337 478 473 1 395 458 404 314
1 11 2
137 79
1 5 3
235 443 487
1 14 2
60 36
2 17 8
235 346 377 334 268 297 197 443
3 14 6
375 331 123 88 72 491
2 6 4
497 359 250 469
1 17 3
68 98 115
1 1 2
335 138
2 18 8
196 267 436 446 371 345 313 344
1 15 2
150 89
3 17 5
215 128 365 200 175
2 4 6
473 348 235 180 63 144
3 15 8
286 196 76 495 27 62 131 130
1 14 8
141 426 31 185 460 237 34 281
1 1 8
489 286 493 109 185 301 11 126
2 9 4
130 317 222 298
1 9 2
315 304
3 11 5
415 419 57 263 373
5 16 8
353 59 220 152 4 288 362 216
1 18 2
232 491
4 13 8
344 373 219 86 422 139 338 449
1 7 2
46 380
2 7 3
314 408 189
3 19 6
498 100 460 431 286 132
3 2 5
197 54 461 331 56
5 19 10
285 322 92 19 355 328 375 406 253 213
1 18 8
155 190 475 386 327 142 286 266
3 7 7
311 264 261 483 369 372 272
1 18 2
29 255
2 13 9
476 323 403 106 422 258 404 60 5
3 10 6
270 468 388 455 401 413
2 1 4
198 119 498 24
2 4 4
62 403 68 459
1 17 2
467 482
3 13 5
70 314 90 481 50
3 17 8
387 260 484 367 396 52 335 438
6 2 10
186 2 75 296 446 418 129 63 237 243
4 11 8
340 85 28 389 18 160 432 17
1 6 6
26 324 83 199 147 331
4 9 8
18 59 246 202 31 225 176 377
1 14 6
223 122 32 268 200 181
5 5 10
416 50 224 28 102 284 103 279 35 250
1 13 3
252 475 463
1 10 4
114 270 204 3
3 17 5
361 297 394 97 120
2 18 7
164 128 395 331 398 323 196
3 2 5
154 15 265 334 480
6 2 9
44 265 383 131 232 462 203 378 375
1 16 6
19 426 467 47 343 325
1 19 3
114 74 51
1 4 2
494 310
5 4 9
145 210 209 408 22 162 458 227 219
1 14 2
425 255
1 11 6
371 216 328 138 287 207
1 17 6
257 9 254 473 190 266
4 5 10
371 66 282 447 285 145 245 304 488 58
1 4 3
143 379 441
2 6 8
90 407 271 125 259 108 334 292
2 18 8
246 20 89 364 26 152 170 58
1 2 3
93 417 334
4 1 6
235 360 277 249 229 320
1 8 2
113 173
2 15 5
119 311 413 31 42
4 13 6
453 312 352 400 267 36
2 11 5
426 57 332 19 300
1 2 6
108 444 466 404 187 144
1 14 3
499 345 208
4 15 7
349 411 303 144 447 498 142
2 11 3
158 193 335
2 7 5
80 341 32 499 123
3 10 10
486 451 114 119 448 462 230 261 187 379
1 15 6
54 100 236 83 112 437
3 9 6
197 101 14 62 428 362
4 4 7
58 367 347 339 413 334 5
2 2 3
89 295 385
4 19 8
307 58 343 327 294 244 455 430
1 20 2
488 131
1 10 2
11 116
3 12 10
452 40 51 6 454 194 400 471 495 168
1 13 2
66 285
4 3 6
86 359 343 431 12 181
2 17 5
282 229 327 353 427
2 19 5
117 112 468 96 299
1 17 2
456 104
4 6 10
327 341 484 273 392 298 43 283 334 92
3 19 9
378 362 415 171 260 446 485 419 480
3 12 9
258 18 312 236 334 53 333 466 439
4 14 9
456 56 399 276 495 134 203 390 343
5 19 9
271 421 47 400 46 461 472 298 440
2 3 4
197 132 384 169
5 18 9
141 458 167 405 143 274 196 119 480
4 7 6
395 213 382 352 19 330
6 10 9
51 9 497 79 385 278 467 114 18
2 7 7
352 456 76 184 195 93 335
3 13 10
198 393 410 156 127 283 159 312 299 22
1 17 7
165 257 311 411 225 96 22
6 17 9
444 18 75 81 427 499 33 201 51
2 9 4
182 226 293 15
1 7 10
131 191 46 344 392 478 357 308 290 97
1 9 2
59 98
2 1 3
403 21 309
1 15 8
14 298 413 256 239 434 29 46
1 20 3
215 449 404
5 3 8
207 400 157 316 156 434 401 79
6 6 10
341 206 21 115 467 359 95 300 404 394
2 3 7
486 459 436 472 353 395 281
2 15 6
414 41 156 173 318 423
5 11 8
427 464 213 381 115 44 185 161
1 15 2
314 455
3 9 7
50 377 222 264 29 216 265
3 7 9
261 303 56 146 41 372 0 13 376
1 18 3
466 97 220
1 6 4
349 36 132 106
3 15 5
351 0 425 403 361
1 8 10
340 123 32 435 76 344 319 173 451 497
2 20 4
337 273 56 236
3 3 6
345 220 168 246 110 130
1 10 4
450 58 90 70
1 18 2
354 269
1 18 2
225 403
2 10 4
364 250 194 462
1 11 4
53 225 292 349
5 2 9
411 26 217 367 429 183 63 43 387
1 9 5
246 470 331 414 183
1 5 4
83 190 307 107
5 5 10
71 96 20 403 271 306 368 161 414 166
2 15 4
1 219 341 162
4 7 6
199 437 392 285 346 477
1 6 3
178 294 116
2 6 4
22 132 278 18
4 14 9
184 493 64 477 0 11 130 453 118
3 11 6
73 224 217 28 460 76
2 12 5
172 324 156 8 107
2 3 4
65 225 63 466
1 17 4
269 237 233 492
1 18 2
137 478
1 16 3
38 167 211
1 13 4
113 219 377 174
1 15 3
394 157 251
3 1 10
455 83 349 192 41 63 414 466 307 396
2 6 4
385 22 463 300
5 15 10
95 171 85 209 67 162 331 42 448 432
4 1 7
301 94 159 105 333 144 219
3 9 6
98 256 210 248 229 325
1 9 6
67 183 321 195 186 467
1 2 2
97 238
2 14 5
352 365 364 194 366
2 3 3
139 284 271
3 6 9
456 52 375 450 460 229 199 64 95
4 1 9
257 430 9 465 408 47 258 145 456
1 18 3
440 443 350
2 1 6
267 390 92 452 105 246
4 12 9
433 187 342 338 373 55 394 463 143
2 14 3
303 477 275
4 7 8
381 116 124 477 213 138 95 156
1 14 6
36 255 434 75 300 491
1 9 3
483 419 444
3 1 7
217 298 38 461 105 260 117
3 11 6
461 4 314 377 395 11
4 16 6
160 468 315 117 337 400
1 3 7
220 234 187 392 304 202 307
1 16 5
265 389 477 25 370
3 20 9
45 448 292 425 433 303 151 498 291
5 10 10
493 224 444 94 323 5 36 373 72 143
4 19 10
312 444 228 54 115 45 185 435 66 34
1 14 2
218 284
1 3 5
487 406 425 155 64
1 17 2
384 78
2 7 4
477 156 447 95
2 17 3
219 399 121
2 10 5
404 7 117 449 358
2 4 5
251 239 452 453 70
3 13 8
466 19 200 86 292 487 213 28
2 11 4
200 338 355 45
4 17 7
418 71 152 19 446 146 285
3 13 5
112 408 327 173 459
2 1 8
59 171 399 179 149 30 21 454
2 20 4
129 153 376 267
1 6 5
289 351 437 250 420
3 11 7
119 337 385 115 380 397 225
1 18 3
50 386 275
6 11 10
423 216 12 472 273 291 236 27 119 41
2 19 3
346 192 111
4 11 10
260 408 157 279 491 423 24 248 118 291
3 4 7
367 213 424 262 191 397 53
1 13 2
11 54
6 9 9
396 488 231 43 455 156 336 84 285
1 10 2
86 350
6 19 10
192 169 199 118 128 10 62 482 89 116
2 3 3
219 364 236
5 1 8
175 118 13 380 235 423 203 378
4 7 8
339 272 405 342 37 388 41 291
2 10 5
234 198 318 56 280
3 13 10
251 398 122 6 369 353 286 124 71 303
3 7 6
164 145 207 211 149 475
4 2 7
291 267 147 197 43 330 397
1 10 8
416 497 446 414 472 121 37 265
1 19 5
316 459 477 126 467
1 18 10
20 107 373 47 4 256 308 62 381 27
3 18 5
184 66 147 102 192
1 20 2
182 137
3 14 5
225 499 391 446 486
5 5 9
90 307 166 321 115 365 169 276 496
2 7 5
302 311 377 69 39
4 14 10
325 199 237 4 264 170 33 289 457 127
4 15 6
224 216 36 58 80 9
1 8 2
448 146
2 6 3
133 213 21
2 2 9
394 168 440 4 15 414 372 73 493
2 10 3
209 413 477
1 13 2
476 77
1 1 8
34 496 38 168 214 62 297 279
5 7 8
256 167 459 199 93 277 294 374
1 14 2
229 287
3 8 6
341 38 358 78 150 356
4 14 10
316 324 112 327 364 478 302 177 267 140
3 18 8
54 332 423 52 15 294 89 275
1 2 3
414 447 296
2 3 6
266 149 473 192 394 311
2 20 6
214 370 233 52 121 355
5 10 9
314 464 60 199 463 171 143 28 144
2 10 5
26 392 280 499 203
1 6 3
93 302 214
1 2 4
140 132 12 136
1 18 5
314 164 307 135 321
1 10 9
137 60 191 462 371 453 304 68 79
2 4 8
312 52 446 233 418 242 166 449
1 2 4
5 352 247 290
1 15 4
259 466 270 7
1 11 3
371 471 246
4 19 6
127 161 174 331 75 339
1 3 2
440 164
4 16 8
370 387 43 408 69 76 54 363
2 4 4
323 219 467 284
2 2 10
316 68 119 37 429 170 128 352 396 292
1 9 3
343 202 313
1 11 5
345 279 100 47 124
1 15 7
86 148 240 176 470 466 78
1 12 4
462 81 34 241
1 6 10
156 119 95 63 74 258 409 272 448 107
1 2 3
443 163 71
6 12 9
78 321 39 431 467 224 385 407 306
3 20 6
209 376 226 392 233 472
5 6 9
132 426 294 470 35 120 0 415 370
2 17 3
384 5 162
2 8 3
245 116 252
1 11 4
265 390 481 252
1 2 4
449 418 120 73
2 15 4
10 352 17 219
1 15 2
456 438
3 19 8
284 366 349 408 449 74 296 166
4 13 7
304 443 201 470 447 37 398
1 15 9
74 484 266 279 293 144 499 410 205
5 4 10
152 88 133 311 242 456 59 312 113 402
1 5 3
249 448 29
1 13 8
138 311 32 262 381 397 398 334
2 5 3
346 294 450
1 9 2
377 52
2 12 10
356 192 105 452 402 462 35 80 132 246
3 6 6
194 227 474 212 342 414
3 7 5
229 154 56 388 425
1 13 2
31 303
1 19 8
322 409 422 93 288 384 286 337
1 10 5
272 484 240 450 368
1 15 8
15 258 382 301 144 54 128 229
1 9 2
403 441
2 9 10
384 211 351 446 487 272 62 170 43 314
1 18 2
189 345
2 9 6
149 277 115 386 76 293
3 5 9
350 403 159 258 259 152 411 300 76
1 20 7
287 472 71 459 354 73 475
1 2 2
196 475
3 10 5
409 325 87 237 457
5 6 8
85 237 455 301 260 255 414 62
4 13 6
367 170 139 191 71 283
1 11 2
380 52
5 5 8
96 361 237 69 440 214 432 248
3 9 5
236 347 290 425 287
3 15 7
237 411 54 59 435 186 91
2 6 8
47 142 495 362 35 111 263 472
1 1 10
179 214 4 166 439 268 470 312 138 249
4 3 7
203 176 202 482 336 119 207
2 7 5
7 383 255 310 376
1 6 5
450 448 319 304 241
4 12 10
427 422 22 395 68 11 323 15 450 332
2 8 9
43 151 217 99 224 270 353 11 204
2 9 3
244 177 358
3 20 6
108 479 474 201 393 229
3 10 8
464 170 286 38 448 68 12 211
1 16 2
269 330
1 3 10
82 136 449 225 344 419 178 158 207 4
1 4 2
98 423
2 5 6
20 262 17 491 333 462
4 16 6
467 291 16 389 409 89
3 8 5
71 282 169 300 193
1 10 4
239 77 353 390
1 8 5
11 40 459 341 44
2 15 4
150 351 389 220
4 3 7
6 210 318 282 336 85 69
1 5 2
36 245
2 16 4
484 88 370 431
1 20 6
102 199 178 308 273 385
3 4 8
173 45 353 456 77 301 23 414
1 7 2
48 17
1 16 6
431 359 209 477 23 398
5 11 8
160 228 280 69 204 107 316 467
2 6 8
68 349 24 293 401 312 9 149
1 19 4
189 163 202 403
2 4 8
407 136 82 466 14 85 361 195
1 17 4
335 469 60 115
4 17 8
157 68 36 1 130 71 225 33
2 3 5
143 271 462 343 40
1 17 3
239 247 306
1 19 4
160 492 309 33
2 5 6
94 300 35 166 448 187
3 6 5
64 151 183 28 12
2 14 6
49 335 301 172 133 437
1 20 3
303 161 476
6 18 10
317 338 78 337 68 69 43 109 177 74
3 8 7
45 382 187 105 96 270 412
1 8 2
252 439
4 18 9
444 67 479 349 144 59 284 306 289
2 5 4
219 21 33 156
3 9 5
120 362 449 341 51
2 8 4
321 474 145 181
2 11 8
440 499 364 274 233 143 9 459
2 3 3
450 471 130
1 14 8
176 480 253 403 296 20 389 79
4 7 8
497 23 87 292 286 78 496 266
2 4 7
333 294 392 273 229 400 185
4 16 6
117 72 78 56 250 17
1 14 9
273 324 497 10 210 421 208 456 226
3 9 6
336 191 0 351 282 206
2 17 3
137 240 196
4 2 7
41 441 145 109 201 282 497
1 10 3
348 256 249
2 7 4
425 47 220 484
2 14 4
87 379 267 409
2 13 10
225 57 446 24 18 65 331 416 367 338
6 19 9
492 333 19 281 264 61 199 385 494
2 20 10
242 183 108 130 341 439 239 392 164 419
4 3 7
351 226 366 38 405 26 211
1 1 2
152 160
4 3 6
110 0 491 437 203 83
1 18 2
472 189
1 8 2
193 205
1 3 4
186 455 180 477
2 3 3
426 45 234
1 18 8
476 327 251 225 485 461 372 95
2 12 4
216 171 182 324
4 7 7
376 213 499 42 271 246 122
2 20 6
234 383 488 184 379 333
4 6 7
234 263 186 163 471 227 297
5 17 9
204 337 299 80 484 200 286 128 240
1 17 6
134 217 380 393 355 128
3 7 7
457 488 374 494 136 444 274
3 14 8
25 480 396 286 407 106 225 260
1 20 2
83 420
3 15 7
401 414 276 350 392 417 144
1 11 6
453 228 383 277 267 169
2 20 4
403 346 448 213
1 6 2
311 32
1 12 6
142 361 484 235 226 330
3 5 7
125 139 354 244 250 470 97
1 6 2
135 79
2 14 7
111 425 242 77 364 483 325
3 16 9
199 235 495 387 228 163 300 104 488
1 10 4
376 22 287 384
1 6 5
45 391 286 255 105
4 19 6
346 61 271 154 75 269
2 17 7
112 434 161 105 384 29 103
4 7 7
224 433 345 274 493 317 397
4 15 7
306 432 480 368 262 294 227
4 2 8
447 107 278 310 480 13 407 441
3 16 7
338 39 230 35 365 67 201
5 1 9
323 459 224 118 216 411 428 313 120
1 1 4
209 294 442 74
2 9 5
436 422 489 300 77
2 3 3
203 352 393
3 18 5
61 119 31 166 112
1 11 3
492 463 3
6 12 10
349 455 311 323 73 114 184 225 120 196
2 5 6
199 81 144 111 189 194
1 18 3
7 337 140
1 4 10
191 409 157 12 301 437 42 59 31 262
6 6 10
4 232 280 336 257 25 22 14 470 481
3 16 5
102 163 338 493 88
1 14 3
242 315 165
4 12 6
142 122 454 449 127 277
4 17 8
120 117 12 59 302 119 169 336
3 12 9
81 89 166 183 61 259 352 191 103
1 18 2
219 440
3 18 6
391 94 402 392 285 106
2 18 10
53 333 295 78 497 57 489 23 22 356
2 11 3
226 209 434
1 2 9
280 325 227 490 186 126 362 41 22
3 7 5
384 16 265 13 170
1 7 9
433 258 130 51 429 215 303 152 239
1 13 2
169 133
3 4 7
402 208 144 77 451 314 81
2 15 7
488 38 325 200 14 22 54
6 9 9
60 51 390 248 111 99 254 251 18
1 11 7
133 160 90 364 228 222 314
2 18 3
298 93 274
4 14 8
254 100 240 300 179 213 186 55
2 1 9
238 345 102 54 183 482 42 80 321
3 9 10
120 317 411 388 445 296 272 172 160 402
3 18 6
374 196 211 450 175 357
2 20 6
475 418 353 51 242 284
5 6 8
403 27 488 133 392 264 218 182
1 6 8
8 87 351 209 139 83 301 88
1 3 4
485 463 374 69
4 20 10
447 25 82 132 29 139 108 6 392 265
1 17 2
206 272
2 9 6
114 465 194 212 483 43
2 12 10
426 114 2 262 294 462 436 286 450 147
2 17 3
51 141 96
2 15 8
53 1 276 221 216 289 311 203
2 7 4
34 238 231 65
2 11 9
279 62 252 249 311 347 130 185 19
1 9 3
21 405 319
4 18 10
417 297 152 251 178 260 310 354 299 273
1 2 3
79 361 19
2 14 3
52 238 100
3 14 6
293 298 390 176 253 84
1 18 10
130 389 102 55 193 194 494 380 79 108
1 8 10
199 330 459 342 409 190 492 179 382 364
2 6 7
156 106 236 426 411 239 484
1 20 5
48 442 477 373 15
3 17 10
339 355 57 131 304 207 25 187 142 83
2 13 3
12 162 143
1 14 7
43 297 119 19 275 143 54
3 8 9
361 0 470 273 82 300 347 387 463
2 8 5
284 24 139 54 350
1 18 9
254 130 463 45 1 13 429 95 14
2 7 7
463 385 106 244 435 466 82
3 20 6
434 484 191 428 113 224
1 8 7
426 125 236 200 338 145 83
2 1 5
290 261 216 88 437
6 4 9
469 188 458 398 8 314 162 430 426
5 15 9
210 460 76 91 351 267 224 391 499
1 13 2
123 404
3 16 9
171 454 114 96 112 256 10 435 349
1 14 5
84 221 210 36 490
1 6 4
315 184 265 369
1 12 3
315 456 479
1 9 2
473 181
1 6 4
302 420 357 354
1 4 7
320 153 443 143 326 427 420
2 7 7
476 366 148 239 313 10 58
3 7 5
461 342 145 58 456
1 8 10
473 94 119 180 75 437 157 322 388 66
3 16 5
434 443 437 226 439
1 20 4
213 448 331 64
3 8 7
25 122 386 255 157 28 155
5 16 8
245 408 138 260 224 86 317 232
5 12 8
410 206 389 53 499 20 41 323
2 20 9
64 140 180 405 93 24 210 357 314
1 12 2
52 320
5 11 9
190 269 425 376 88 431 187 439 253
1 4 3
118 357 260
5 13 8
26 13 207 151 362 311 37 347
1 6 6
233 68 302 303 405 410
1 4 3
323 124 158
1 15 6
422 126 176 216 125 238
1 9 4
325 474 473 103
2 12 9
180 499 170 306 384 311 193 326 444
4 4 8
36 22 139 75 142 350 223 165
3 18 9
266 269 217 492 257 323 48 115 241
3 4 7
61 137 390 462 380 261 491
2 12 4
430 247 137 112
6 18 9
249 433 64 29 130 442 96 429 72
1 17 3
314 281 75
2 13 7
238 477 33 168 116 299 425
3 15 10
24 77 250 15 477 79 299 355 213 7
4 14 6
482 246 480 253 416 130
1 15 7
442 82 0 212 239 22 164
1 7 2
222 277
1 3 2
366 301
1 5 4
8 14 169 86
1 15 2
465 386
1 3 6
248 276 304 17 351 127
1 16 10
66 344 398 295 102 430 223 75 364 442
1 3 6
60 468 174 393 71 247
3 17 10
103 274 385 66 460 54 262 228 72 86
1 10 2
358 271
4 17 6
472 8 321 250 304 160
1 14 5
369 444 233 150 297
2 10 3
132 81 451
2 1 5
159 417 299 418 457
1 11 4
125 7 275 92
1 10 2
479 442
4 10 9
279 176 348 495 471 158 365 40 161
4 14 10
156 308 195 271 287 210 73 172 386 383
4 18 10
369 154 195 220 132 27 82 256 55 443
4 16 10
347 480 484 81 410 148 230 35 357 280
2 12 4
47 61 464 246
2 7 5
106 473 378 84 133
5 5 10
200 337 245 477 343 489 107 24 4 39
3 12 10
92 110 348 301 232 148 190 105 353 318
4 12 8
4 448 479 434 29 18 383 116
2 7 7
122 84 46 405 137 434 470
3 3 9
294 188 161 390 342 163 373 178 189
5 4 8
40 392 138 13 227 289 67 321
1 3 4
256 17 322 381
1 2 2
27 468
1 16 8
76 34 5 477 26 405 38 417
2 13 3
19 70 383
1 6 3
488 181 133
1 8 2
299 338
3 6 9
496 361 61 10 204 251 460 45 19
1 4 2
376 389
4 5 8
224 22 327 210 299 206 133 449
1 9 9
231 84 329 435 396 10 264 455 486
6 11 9
242 223 127 211 70 285 33 457 369
2 4 10
107 291 206 285 477 157 298 376 188 47
4 5 7
447 478 80 210 408 418 276
1 7 10
53 457 480 150 219 280 243 292 106 13
1 10 4
357 351 323 332
3 19 6
257 171 347 336 216 443
2 1 10
71 241 300 335 188 203 455 419 400 83
1 8 6
269 451 429 217 149 437
1 19 4
19 418 193 169
5 13 8
304 95 138 228 395 151 459 143
3 4 5
287 291 230 298 235
5 3 10
321 171 237 166 116 248 409 158 186 110
1 3 4
17 408 290 12
5 7 10
43 115 429 298 196 252 391 6 101 414
2 6 6
439 490 101 9 169 56
1 20 5
450 411 183 363 377
2 1 6
258 265 169 303 397 30
1 1 3
228 269 225
1 20 8
153 163 470 399 159 43 215 296
1 14 2
34 216
3 2 7
423 174 381 389 41 139 289
4 18 6
333 179 219 175 378 11
3 7 6
177 207 185 19 384 430
1 10 4
244 323 144 219
4 16 8
235 395 301 443 448 222 256 181
3 14 6
471 310 1 481 206 127
4 20 6
92 71 246 316 497 470
2 19 3
428 121 353
2 14 7
311 38 261 354 398 372 50
3 14 10
210 156 211 182 247 201 198 486 77 39
4 14 10
12 105 20 343 52 205 361 484 11 485
2 4 3
473 166 13
4 1 10
224 225 90 432 89 168 68 339 195 58
2 15 7
102 219 96 327 18 278 20
5 7 10
197 304 357 339 44 252 455 456 446 11
2 8 5
150 94 461 154 17
4 20 7
326 22 362 141 187 166 365
3 5 10
43 392 181 487 114 75 25 409 134 51
2 20 3
404 54 402
2 5 4
264 97 81 241
1 3 7
136 445 316 296 20 373 182
4 2 7
208 233 388 180 345 406 355
1 15 2
271 328
1 5 6
430 433 270 186 136 311
1 19 4
217 169 207 322
4 14 7
271 233 349 120 187 51 422
2 10 4
84 370 444 230
1 3 10
33 335 45 54 140 430 20 309 4 238
3 6 5
423 337 439 22 335
2 7 3
325 12 494
3 2 8
204 11 372 483 373 293 130 237
1 11 2
73 142
2 11 5
247 7 339 281 347
4 4 7
11 136 148 101 91 222 321
4 3 6
310 460 462 426 159 81
2 15 9
381 82 289 309 2 128 346 350 280
2 10 4
240 398 25 58
4 10 7
323 362 221 222 11 427 99
2 13 4
208 440 52 39
1 13 3
81 335 318
1 8 2
369 37
1 3 8
103 93 76 499 14 99 244 369
1 9 4
65 77 474 348
4 16 9
191 379 332 41 360 266 53 12 368
1 11 9
310 210 424 466 202 364 348 382 173
2 19 5
391 454 253 233 324
2 15 7
361 486 356 322 328 374 281
5 17 8
299 256 134 279 488 439 105 380
2 3 3
294 250 46
3 7 9
178 358 219 319 175 117 170 273 113
2 7 5
377 183 405 13 404
1 13 3
367 115 25
1 17 9
37 352 234 296 421 332 405 438 154
2 13 5
273 46 338 490 138
1 10 8
213 189 54 109 167 487 234 242
1 5 2
223 126
2 10 10
348 462 347 91 428 20 218 16 364 46
3 16 5
387 173 183 83 364
3 1 5
176 377 400 219 197
1 8 2
216 399
5 5 10
196 341 248 229 329 15 92 17 375 290
1 10 2
467 458
2 15 5
96 59 136 262 304
2 3 3
498 299 63
1 1 2
473 59
1 2 6
226 148 129 74 426 463
1 17 2
53 473
2 15 5
383 134 366 93 446
2 14 5
12 165 193 267 19
6 1 10
42 33 132 407 457 232 495 131 350 289
2 17 3
463 390 381
2 4 4
328 238 210 352
1 19 4
356 179 184 28
2 19 7
133 135 321 159 393 44 490
5 6 9
146 478 335 459 220 156 241 494 116
1 3 2
211 466
1 12 7
116 348 404 343 161 237 25
2 8 3
194 90 125
1 20 3
340 36 67
2 4 4
423 353 268 251
2 19 4
231 209 214 456
1 17 2
257 329
3 15 8
135 103 478 429 358 71 498 431
3 2 5
123 208 39 464 314
2 14 4
374 254 419 462
1 11 5
47 451 453 483 88
3 2 9
240 225 180 201 287 67 452 158 279
2 12 5
405 311 447 354 273
6 2 10
373 61 374 481 135 375 313 0 436 439
2 13 4
167 196 443 478
3 9 8
386 264 430 213 50 31 435 321
2 2 3
15 133 91
1 16 2
288 169
4 9 9
458 470 51 207 474 313 499 55 186
3 10 5
232 223 440 2 226
1 19 6
312 63 53 124 218 389
4 16 6
167 401 7 297 307 250
3 2 5
153 247 35 221 119
2 12 9
185 351 151 281 43 272 460 205 436
3 5 9
179 389 378 48 319 31 486 484 178
2 4 4
483 399 154 480
3 3 5
225 458 202 65 101
1 12 3
390 9 382
2 5 4
309 140 66 365
6 8 9
407 237 448 202 178 394 52 118 120
3 4 6
148 120 336 317 80 412
2 16 5
226 16 127 215 406
5 15 10
93 397 231 194 137 8 149 366 203 117
2 7 3
305 405 70
1 5 2
490 112
5 20 10
416 34 168 119 480 405 151 218 439 170
3 17 5
377 56 105 102 213
1 8 10
294 84 127 115 63 341 204 159 87 364
2 9 9
68 291 352 208 42 254 314 353 472
2 4 5
157 248 104 116 372
4 4 9
173 267 147 100 408 288 24 187 52
4 4 7
24 11 78 19 111 1 237
1 13 4
400 395 208 164
6 18 10
83 63 160 293 362 107 481 285 81 229
2 2 7
78 419 223 461 165 348 23
1 1 3
130 177 228
1 9 2
395 344
5 4 8
143 165 118 86 169 172 390 210
4 2 6
252 434 133 19 465 406
2 5 4
341 191 297 493
2 11 3
318 220 90
6 3 9
364 210 186 118 266 187 288 320 265
1 4 4
169 112 191 272
2 6 5
80 17 258 314 390
1 20 9
456 66 123 426 193 74 382 119 195
6 14 9
51 196 300 154 416 74 491 429 377
2 9 10
472 81 218 273 35 297 113 144 406 103
6 13 10
272 498 473 410 295 45 342 496 168 426
1 10 4
246 31 14 385
3 17 9
384 429 62 499 326 201 479 308 258
3 8 6
382 220 453 439 496 320
3 13 10
468 193 350 110 89 490 203 289 285 115
5 3 9
387 377 223 27 111 495 86 124 62
6 2 10
499 269 338 337 257 90 160 470 480 222
2 11 3
419 349 296
4 16 8
233 30 261 26 95 297 242 83
2 13 4
262 70 343 52
1 8 2
235 416
1 5 5
223 282 99 181 361
3 10 5
417 397 396 459 107
1 14 2
498 212
2 1 4
316 313 359 388
4 5 9
178 328 12 437 29 215 112 218 301
4 5 10
473 132 449 61 334 388 405 176 329 238
2 19 10
25 211 433 252 123 80 23 26 188 192
3 6 5
128 466 250 167 90
1 20 5
24 459 46 480 3
1 9 7
56 470 89 412 246 305 16
4 12 7
407 216 368 311 341 400 441
2 4 8
160 240 65 272 215 475 259 230
2 5 4
160 0 41 488
1 6 4
482 335 222 349
3 15 5
169 384 467 1 204
3 7 9
351 447 209 340 125 156 172 13 233
4 4 6
0 70 286 389 132 266
3 14 9
71 153 293 317 402 184 35 487 297
4 3 8
182 357 25 34 17 76 388 467
3 12 7
240 239 442 187 139 276 253
1 10 3
18 12 4
4 8 8
271 87 443 3 46 442 394 8
2 3 3
335 401 306
6 8 9
420 7 464 57 418 472 310 46 488
4 13 6
60 207 183 257 127 422
2 17 8
462 134 310 3 163 408 398 357
1 18 10
465 159 268 79 470 367 288 62 156 206
1 1 2
274 251
2 6 4
301 444 193 437
3 5 9
398 53 1 192 437 487 288 449 51
1 12 4
299 207 330 493
1 3 3
313 365 260
5 7 9
196 306 481 43 284 66 350 211 443
1 3 4
236 105 276 39
3 20 6
418 369 432 135 184 438
3 14 6
192 291 228 333 167 224
1 8 4
469 10 184 475
2 6 6
122 170 405 291 303 456
5 20 8
366 213 451 190 499 288 150 423
1 5 2
56 460
1 8 2
407 166
6 14 10
178 230 264 182 199 270 44 291 143 413
2 17 5
196 384 155 41 401
5 10 9
2 78 461 65 138 186 76 91 496
2 7 9
471 423 33 476 415 16 303 173 271
1 12 4
76 336 1 299
1 11 2
207 105
2 3 10
216 425 222 414 460 5 347 161 107 408
3 8 10
95 263 365 409 121 245 6 45 223 218
1 2 2
163 20
1 1 3
56 243 12
1 1 5
67 411 448 307 405
2 2 10
156 438 394 24 122 440 99 213 322 443
1 7 8
12 425 189 231 62 54 435 167
1 7 2
209 53
1 7 2
397 334
1 12 5
282 387 373 222 82
4 4 8
433 282 119 315 405 318 144 91
1 12 2
348 56
3 16 5
151 46 468 93 330
1 15 4
373 430 44 69
1 16 2
317 213
5 20 10
107 176 29 111 395 396 270 230 275 219
2 9 3
407 39 282
3 8 9
147 388 73 225 163 406 436 61 188
2 6 4
202 58 408 139
2 18 6
425 17 334 329 2 19
1 16 7
172 282 273 226 227 493 469
3 5 5
203 117 343 63 465
1 14 3
237 360 498
2 7 8
95 192 415 316 290 278 11 381
